2006    1    37.81     3.10
2006    2    56.18    -0.88
2006    3    19.10    10.88
2006    4   109.64     9.75
2006    5    67.84    18.29
2006    6    99.93    22.46
2006    7    26.60    27.75
2006    8    24.50    26.92
2006    9   107.81    20.97
2006   10    28.85    15.20
2006   11    33.14     5.97
2006   12    43.40     4.71
2007    1    30.19     2.75
2007    2    36.08     5.97
2007    3    84.38     4.88
2007    4    54.17    12.92
2007    5    91.04    21.51
2007    6    26.30    27.71
2007    7    11.06    32.63
2007    8    30.06    29.89
2007    9    44.71    18.10
2007   10    11.43    15.62
2007   11    24.74     8.91
2007   12    25.66     8.17
2008    1    28.75     7.54
2008    2    21.37     4.95
2008    3    21.71     8.34
2008    4    46.09    16.04
2008    5    70.95    22.00
2008    6    65.23    25.71
2008    7    24.43    30.24
2008    8    59.14    27.01
2008    9    32.08    22.92
2008   10    93.11    15.49
2008   11    25.80     7.89
2008   12    23.54     5.09
2009    1    42.11     4.31
2009    2    14.44     7.12
2009    3    22.27     8.81
2009    4    68.42    15.05
2009    5   123.45    19.42
2009    6   108.99    26.45
2009    7    39.01    30.90
2009    8    41.16    29.87
2009    9    37.78    23.24
2009   10    64.13    12.42
2009   11    24.39     9.40
2009   12    34.35     1.65
2010    1    11.53     4.23
2010    2    19.45     6.75
2010    3    48.81     8.46
2010    4    31.15    11.78
2010    5    68.52    20.21
2010    6    44.93    25.24
2010    7     8.11    31.35
2010    8    45.75    29.22
2010    9    31.91    24.69
2010   10    43.08    14.91
2010   11    59.05     8.72
2010   12    19.59     6.73
2011    1    68.94     4.15
2011    2    31.89     6.50
2011    3    45.05     9.69
2011    4   101.01    11.23
2011    5    73.21    20.64
2011    6    50.88    26.67
2011    7    51.69    28.82
2011    8    33.89    28.02
2011    9    35.22    21.33
2011   10    86.71    12.78
2011   11    37.81     6.67
2011   12     6.63     6.14
2012    1    34.68     2.31
2012    2    49.81     4.60
2012    3    37.19     8.20
2012    4    41.43    12.97
2012    5    97.07    19.36
2012    6    52.97    23.77
2012    7    14.96    30.95
2012    8    36.98    28.16
2012    9    35.30    21.60
2012   10    29.58    14.35
2012   11    30.19     6.69
2012   12    27.29     5.74
2013    1    24.83     5.46
2013    2    37.28     6.44
2013    3    59.61     7.61
2013    4    74.64    13.66
2013    5    94.93    19.63
2013    6    81.11    26.30
2013    7    29.24    30.85
2013    8    23.49    28.63
2013    9    55.54    22.35
2013   10    31.03    15.37
2013   11    38.29     8.12
2013   12    23.33     4.50
2014    1    18.44     4.72
2014    2    60.33     3.61
2014    3    37.78     7.97
2014    4    58.86    17.27
2014    5    57.97    22.16
2014    6    72.12    27.19
2014    7    56.20    27.40
2014    8    51.57    28.02
2014    9    60.40    21.10
2014   10    30.38    17.24
2014   11    33.93     8.89
2014   12    44.73     4.01
2015    1    24.05     3.77
2015    2    22.63     6.28
2015    3    66.09     9.18
2015    4    49.17    15.13
2015    5    42.60    23.09
2015    6   112.44    25.14
2015    7    21.68    31.18
2015    8    27.11    30.25
2015    9    85.78    21.03
2015   10    61.54    16.91
2015   11    16.70     9.19
2015   12    50.34     5.98
2016    1    11.98     5.11
2016    2    21.06     6.13
2016    3    74.53     8.34
2016    4    90.30    13.13
2016    5   107.03    18.23
2016    6    64.85    23.70
2016    7    13.48    28.45
2016    8    11.06    32.21
2016    9    53.34    22.10
2016   10    22.46    17.29
2016   11    10.43    11.38
2016   12    67.39     5.29
2017    1    23.01     6.06
2017    2    23.50     6.63
2017    3    68.04     9.34
2017    4    43.08    14.79
2017    5    66.93    20.12
2017    6    43.87    25.47
2017    7    41.20    28.63
2017    8    59.49    27.34
2017    9   209.01    20.31
2017   10    51.11    13.59
2017   11    10.12     8.16
2017   12    50.52     5.73
2018    1    32.50     5.42
2018    2    39.24     4.79
2018    3    51.89    10.15
2018    4    63.77    12.99
2018    5    70.47    18.42
2018    6    79.04    26.98
2018    7    10.80    31.52
2018    8    32.86    29.66
2018    9    39.49    24.69
2018   10    34.20    16.39
2018   11    97.88    11.61
2018   12   102.20     4.27
2019    1    82.15     0.89
2019    2    43.47     2.06
2019    3   111.12     4.60
2019    4    36.12    12.88
2019    5    99.15    17.06
2019    6    47.33    26.69
2019    7    25.65    28.90
2019    8    18.71    28.59
2019    9    46.36    23.39
2019   10    27.40    15.55
2019   11    31.23     9.94
2019   12    17.35     6.55
2020    1    48.71     6.70
2020    2    36.60     6.39
2020    3    56.63     5.00
2020    4    47.26    16.92
2020    5    43.15    20.18
2020    6    23.53    26.36
2020    7    13.28    29.67
2020    8    23.58    27.35
2020    9    33.56    20.84
2020   10    20.76    16.37
2020   11     6.02    10.97
2020   12    69.58     7.67
2021    1    20.57     5.41
2021    2    26.04     9.29
2021    3    64.80    12.43
2021    4    45.37    16.06
2021    5   130.34    16.69
2021    6    73.12    26.20
2021    7    21.00    31.27
2021    8    52.63    30.38
2021    9    80.23    22.54
2021   10    53.47    16.60
2021   11    44.02    10.22
2021   12    39.86     9.09
2022    1    25.50     6.13
2022    2    76.93     0.71
2022    3    40.08     0.87
2022    4    56.53    14.50
2022    5    27.03    19.28
2022    6    67.63    24.49
2022    7    29.34    27.71
2022    8    15.70    31.74
2022    9    34.14    23.18
2022   10    38.67    12.98
2022   11    74.44     7.71
2022   12    29.23     7.28
2023    1    47.06     3.15
2023    2    42.94    -1.00
2023    3    52.97     6.14
2023    4    33.82    13.80
2023    5    86.07    17.86
2023    6    40.19    26.33
2023    7    43.59    27.46
2023    8    20.86    27.06
2023    9    36.23    21.81
2023   10    31.13    15.13
2023   11    16.83    11.35
2023   12    44.53     5.78
2024    1    39.03     1.70
2024    2    18.50     9.00
2024    3    87.26     5.64
2024    4    71.44    15.01
2024    5   113.19    17.89
2024    6    63.15    25.09
2024    7     7.86    29.24
2024    8    75.81    25.99
2024    9    48.31    19.94
2024   10    28.29    17.77
2024   11    29.23     8.73
2024   12    37.31     6.36
2025    1    15.29     6.11
2025    2    28.49     7.75
2025    3    63.34    10.62
2025    4    43.34    14.76
2025    5    31.87    20.02
2025    6    55.10    25.61
2025    7    23.66    31.36
2025    8    18.88    28.85
2025    9    89.65    21.56
2025   10    37.09    13.94
2025   11    14.38     9.19
2025   12    53.90     5.22
2026    1    66.60     4.40
2026    2    30.58    -0.19
2026    3    29.86    12.16
2026    4    54.79    10.49
2026    5    76.70    16.01
2026    6    70.21    23.16
2026    7    12.63    30.77
2026    8    40.15    29.27
2026    9    15.28    23.83
2026   10    19.85    18.41
2026   11    36.61     8.49
2026   12    28.28     7.31
2027    1    35.17     7.36
2027    2    21.66     7.46
2027    3    44.65    12.53
2027    4    46.99    17.85
2027    5    90.02    21.44
2027    6    58.82    24.51
2027    7    29.12    30.68
2027    8    19.51    29.36
2027    9    47.36    24.03
2027   10    44.65    19.55
2027   11    43.79    11.54
2027   12    23.91     4.09
2028    1    15.34     5.48
2028    2    48.73     6.11
2028    3    25.01     8.41
2028    4    66.66    10.82
2028    5   103.20    20.18
2028    6    88.30    24.03
2028    7    19.15    30.87
2028    8    13.36    29.97
2028    9    42.71    22.90
2028   10    16.56    19.64
2028   11    28.47    13.29
2028   12    42.90     3.23
2029    1    57.43     4.03
2029    2    28.35     4.04
2029    3    52.56     4.89
2029    4    61.57    13.41
2029    5    67.26    19.64
2029    6    66.96    26.01
2029    7     8.46    30.39
2029    8     7.72    31.36
2029    9   108.27    22.04
2029   10    18.70    15.45
2029   11     7.79    12.81
2029   12    35.97     2.69
2030    1    41.94     0.80
2030    2    30.93     0.97
2030    3    42.23     8.92
2030    4    88.53    15.18
2030    5   111.20    21.26
2030    6    75.48    24.21
2030    7     9.38    30.75
2030    8     3.54    30.17
2030    9    77.44    23.50
2030   10    84.81    16.46
2030   11    66.02     7.43
2030   12    47.85     4.89
2031    1    14.97     3.64
2031    2    39.58     3.08
2031    3    40.71     3.36
2031    4    28.45    16.88
2031    5    98.37    20.57
2031    6   112.59    22.93
2031    7    97.59    26.90
2031    8    52.69    26.97
2031    9   177.47    19.74
2031   10    30.18    13.35
2031   11    33.41     7.03
2031   12    68.35     5.59
2032    1    21.33     6.89
2032    2    38.21     6.68
2032    3    66.77    10.85
2032    4   121.52    14.35
2032    5    96.36    19.45
2032    6    54.99    25.08
2032    7    53.12    30.74
2032    8    81.67    27.81
2032    9    36.76    23.10
2032   10    81.79    16.17
2032   11    36.27    10.17
2032   12    86.07     5.43
2033    1    50.05     4.54
2033    2    32.06     4.82
2033    3    16.81    11.77
2033    4    31.28    10.58
2033    5   170.52    19.06
2033    6    64.34    26.43
2033    7    31.66    28.98
2033    8    26.49    31.56
2033    9    50.29    25.48
2033   10    90.28    13.97
2033   11    25.66    10.72
2033   12    50.34     5.01
2034    1    27.68     4.41
2034    2    35.47     4.19
2034    3    61.01     9.84
2034    4    80.55    11.58
2034    5    84.58    19.84
2034    6   104.60    24.08
2034    7    26.77    30.08
2034    8    69.81    30.59
2034    9    36.04    21.63
2034   10    30.05    16.66
2034   11    52.97     8.68
2034   12    54.77     6.41
2035    1    34.23     2.92
2035    2    94.87     1.07
2035    3    85.11     8.43
2035    4   117.18    12.05
2035    5   101.41    19.34
2035    6    78.34    24.15
2035    7    12.55    28.32
2035    8    19.90    30.29
2035    9    26.30    21.77
2035   10    13.27    14.78
2035   11    70.88     7.30
2035   12    33.09     5.69
2036    1    31.02     3.75
2036    2    19.45     5.57
2036    3    54.65     1.97
2036    4    64.67    11.61
2036    5    89.79    17.93
2036    6   114.11    23.25
2036    7    29.43    30.41
2036    8    50.90    26.53
2036    9    52.51    20.91
2036   10    29.84    15.60
2036   11     7.53    13.31
2036   12    16.18     7.03
2037    1     5.38     7.68
2037    2    15.82     9.27
2037    3    21.82    11.90
2037    4    32.30    17.78
2037    5   135.88    18.86
2037    6    70.09    25.64
2037    7    15.09    30.14
2037    8    18.13    30.03
2037    9    38.17    22.36
2037   10    51.77    17.53
2037   11   108.50     6.83
2037   12    47.82     6.61
2038    1    31.62     4.13
2038    2    40.53     6.89
2038    3    35.68     8.55
2038    4    38.94    13.15
2038    5    65.75    17.84
2038    6    71.83    24.16
2038    7    19.01    28.55
2038    8    14.57    30.78
2038    9    50.90    25.70
2038   10    84.34    14.58
2038   11    24.67     8.17
2038   12    58.97     5.26
2039    1    21.45     4.62
2039    2    52.51     4.99
2039    3    31.31    10.36
2039    4    31.16    16.93
2039    5    92.04    18.48
2039    6    91.29    25.86
2039    7    10.23    33.65
2039    8    91.38    28.36
2039    9    51.09    21.12
2039   10    93.13    14.05
2039   11    28.12     9.52
2039   12    15.21     9.27
2040    1    40.61     5.84
2040    2    20.34     6.53
2040    3    47.46     9.72
2040    4    97.03    16.89
2040    5   105.74    20.23
2040    6    56.37    24.32
2040    7    13.70    33.24
2040    8    26.31    28.29
2040    9   113.75    19.49
2040   10    36.65    12.94
2040   11    18.83    11.52
2040   12    39.40     8.65
2041    1    25.46     6.21
2041    2    19.14     7.40
2041    3    19.51     8.57
2041    4    40.10    15.41
2041    5    97.34    20.08
2041    6    97.77    27.09
2041    7     8.75    30.75
2041    8     5.70    29.96
2041    9    31.38    22.16
2041   10    99.59    14.47
2041   11    18.22    11.91
2041   12    26.20     5.63
2042    1    28.56     4.00
2042    2    34.96     5.64
2042    3    18.36    10.05
2042    4    20.92    16.46
2042    5    87.11    17.57
2042    6    70.58    25.35
2042    7    11.22    30.53
2042    8    21.80    29.87
2042    9    54.95    21.54
2042   10    16.58    20.64
2042   11    24.75    13.13
2042   12    99.95     7.49
2043    1    13.97     5.95
2043    2     8.92    10.56
2043    3    42.31    10.50
2043    4    50.56    15.65
2043    5    68.99    21.48
2043    6    41.27    28.46
2043    7    43.61    33.69
2043    8     1.74    31.50
2043    9   122.60    21.57
2043   10    16.08    15.31
2043   11     8.92    11.47
2043   12    45.98     3.90
2044    1    35.77     5.24
2044    2    19.31     7.63
2044    3    49.88    11.25
2044    4   138.59    10.53
2044    5    58.00    17.06
2044    6    24.19    27.54
2044    7    32.98    31.35
2044    8    18.97    29.11
2044    9    35.88    23.68
2044   10    76.85    15.50
2044   11    28.79     8.15
2044   12    28.27     7.46
2045    1    19.91     2.76
2045    2    36.63     6.06
2045    3    30.14     9.59
2045    4    67.41    14.30
2045    5   141.11    19.04
2045    6    73.05    23.81
2045    7     1.41    34.02
2045    8    42.77    27.46
2045    9    18.32    25.03
2045   10    13.35    17.02
2045   11     2.13    13.27
2045   12   112.22     5.93
2046    1    38.01     5.36
2046    2    24.28     6.80
2046    3    18.11    15.06
2046    4    50.26    17.66
2046    5   137.21    18.95
2046    6    55.12    28.15
2046    7   116.52    28.43
2046    8    15.34    31.07
2046    9    54.50    23.50
2046   10    67.01    18.79
2046   11    24.80     9.55
2046   12    29.90     8.43
2047    1    44.24     4.15
2047    2    27.64     7.40
2047    3    44.14    10.14
2047    4    90.59    12.74
2047    5   142.84    19.93
2047    6   111.02    26.00
2047    7    22.25    30.32
2047    8    13.47    30.76
2047    9     7.42    26.00
2047   10    23.82    19.42
2047   11    17.92    10.40
2047   12    34.83     6.23
2048    1    29.55     5.41
2048    2    28.84     8.03
2048    3    48.58     7.33
2048    4    82.68    14.53
2048    5    31.59    19.50
2048    6    54.33    28.17
2048    7    11.33    33.55
2048    8    29.41    29.72
2048    9    21.46    24.37
2048   10    12.51    18.86
2048   11    33.78    12.65
2048   12    34.96     9.26
2049    1    34.78     5.53
2049    2    51.93    -1.62
2049    3    17.80     8.77
2049    4    35.55    17.27
2049    5   101.25    21.20
2049    6    89.83    26.62
2049    7    27.72    32.23
2049    8    20.55    29.12
2049    9   102.00    24.29
2049   10    95.73    19.38
2049   11    22.45    14.79
2049   12    52.07     8.55
2050    1    26.10     3.75
2050    2    20.39     6.91
2050    3    33.61    13.70
2050    4    29.71    15.28
2050    5    76.65    21.83
2050    6   102.96    28.10
2050    7    27.32    32.57
2050    8    34.47    27.41
2050    9    34.47    21.73
2050   10    71.77    15.10
2050   11    20.61    11.12
2050   12    27.71     7.06
2051    1    10.09     7.53
2051    2    48.03     5.29
2051    3    25.26    14.25
2051    4    56.84    17.82
2051    5    81.02    20.81
2051    6    20.39    29.54
2051    7    27.24    33.10
2051    8    21.24    29.75
2051    9   109.01    22.22
2051   10    15.50    19.94
2051   11    37.89    12.66
2051   12    41.80     9.05
2052    1    25.07     6.90
2052    2    29.49     6.34
2052    3    51.93    10.03
2052    4    44.63    14.69
2052    5    73.85    22.83
2052    6    65.67    29.42
2052    7     8.58    32.63
2052    8    64.33    29.61
2052    9    59.93    22.04
2052   10    71.09    18.22
2052   11    25.65    10.18
2052   12    23.13     7.57
2053    1    38.80     8.70
2053    2    40.04     5.92
2053    3    57.15     6.70
2053    4    77.84    14.95
2053    5    79.43    22.15
2053    6    82.77    26.65
2053    7    17.12    31.06
2053    8    17.30    30.48
2053    9   130.76    21.86
2053   10    62.01    12.71
2053   11    13.43    10.31
2053   12     8.94     7.97
2054    1    14.25     8.55
2054    2    26.55     9.62
2054    3    19.27    10.23
2054    4    93.62    16.88
2054    5    66.50    24.11
2054    6    87.22    28.18
2054    7    22.10    31.54
2054    8    23.05    30.53
2054    9   149.14    22.30
2054   10    85.80    14.12
2054   11    10.00    10.19
2054   12    24.52     7.28
2055    1    23.18     6.04
2055    2    18.14     8.98
2055    3    62.42    12.30
2055    4    62.50    14.19
2055    5    74.67    22.64
2055    6    54.58    28.58
2055    7     1.90    34.11
2055    8     8.89    32.85
2055    9    22.16    21.31
2055   10    27.22    15.68
2055   11    33.89    11.37
2055   12    64.99     7.96
2056    1    16.60     6.37
2056    2    27.09     3.25
2056    3    68.08     6.66
2056    4    43.64    18.16
2056    5   116.38    22.34
2056    6    15.91    29.37
2056    7    11.22    32.52
2056    8    14.76    30.81
2056    9   114.92    20.39
2056   10    73.88    16.11
2056   11    47.41    13.20
2056   12    79.02     7.99
2057    1    15.15     6.42
2057    2    26.45    10.92
2057    3    96.01    11.74
2057    4    22.27    18.48
2057    5    94.50    22.16
2057    6    56.98    23.76
2057    7    24.34    30.89
2057    8    26.28    31.52
2057    9    23.40    26.82
2057   10    41.89    20.81
2057   11    42.55    10.66
2057   12    46.06     7.36
2058    1   117.09     6.14
2058    2    13.51     9.01
2058    3    56.99    12.66
2058    4    69.21    17.33
2058    5    78.21    21.11
2058    6    51.77    28.60
2058    7    32.60    32.71
2058    8    62.31    29.64
2058    9   168.56    22.51
2058   10    46.55    19.57
2058   11     8.23    15.06
2058   12    21.06     8.35
2059    1    71.68     5.48
2059    2    38.51     4.91
2059    3    22.81     9.42
2059    4    38.72    16.09
2059    5    54.15    20.69
2059    6    46.13    28.08
2059    7     7.28    35.67
2059    8    49.01    30.21
2059    9    69.03    23.63
2059   10    19.61    16.25
2059   11    52.96    12.20
2059   12    35.67     8.46
2060    1    50.31     1.45
2060    2    43.48     4.23
2060    3    62.02     8.04
2060    4    22.47    15.50
2060    5    97.27    21.87
2060    6    58.55    29.98
2060    7     5.89    33.95
2060    8    36.37    31.83
2060    9    17.89    28.98
2060   10    14.78    16.54
2060   11     7.59    13.23
2060   12    27.37     8.37
2061    1    13.60    10.47
2061    2    23.16     5.05
2061    3   102.25     9.67
2061    4    54.70    16.11
2061    5    93.09    21.07
2061    6    70.13    29.60
2061    7    13.82    33.05
2061    8    54.94    29.77
2061    9   126.12    22.80
2061   10    56.76    18.51
2061   11    34.92    11.15
2061   12    91.41     8.35
2062    1    31.37     4.47
2062    2    24.86     7.94
2062    3    43.74    13.19
2062    4    82.83    14.15
2062    5    73.26    19.09
2062    6    78.05    24.53
2062    7    14.71    32.18
2062    8    34.19    32.37
2062    9    26.74    24.69
2062   10    52.41    17.19
2062   11    25.29    13.82
2062   12     9.00     9.59
2063    1    22.40     7.12
2063    2    15.28    10.24
2063    3    53.06    11.59
2063    4    74.35    12.66
2063    5    29.76    19.50
2063    6    66.52    27.56
2063    7    13.53    30.20
2063    8     5.49    33.33
2063    9    88.70    23.15
2063   10    18.40    17.22
2063   11     5.92    10.97
2063   12    35.80    10.26
2064    1     2.33     7.90
2064    2    12.94     9.61
2064    3    14.43    15.35
2064    4    65.08    19.19
2064    5   104.74    25.23
2064    6    21.20    30.08
2064    7     7.82    33.59
2064    8    22.55    31.55
2064    9    76.22    22.68
2064   10    19.03    18.00
2064   11    34.11    12.15
2064   12    14.81    10.34
2065    1    74.08     8.21
2065    2    26.04     8.03
2065    3    33.23    13.09
2065    4    55.97    15.27
2065    5    75.74    21.06
2065    6   108.54    28.43
2065    7    14.22    33.23
2065    8    27.68    30.23
2065    9    30.56    23.94
2065   10    29.57    14.98
2065   11    47.58    13.04
2065   12    40.47     7.06
2066    1    42.01     6.42
2066    2    39.59     6.47
2066    3    79.90    10.09
2066    4    36.66    12.95
2066    5    56.30    24.49
2066    6    78.88    25.27
2066    7    51.66    29.86
2066    8    46.00    31.71
2066    9    46.11    23.48
2066   10    60.92    16.03
2066   11     9.31    11.08
2066   12    26.80     5.19
2067    1    76.47     4.74
2067    2    25.87     1.69
2067    3    56.23    14.16
2067    4    69.94    16.69
2067    5    31.97    24.20
2067    6    75.23    29.46
2067    7    29.19    32.06
2067    8    37.73    31.06
2067    9    80.86    24.28
2067   10   112.93    17.85
2067   11    47.34     7.25
2067   12    29.34     6.97
2068    1    45.29     7.86
2068    2    29.63     6.80
2068    3    68.90     7.79
2068    4    29.95    11.93
2068    5    43.36    24.22
2068    6    10.49    29.75
2068    7    10.62    35.33
2068    8    29.32    32.07
2068    9    91.97    23.73
2068   10    50.75    16.80
2068   11    52.62    10.32
2068   12    29.76     8.80
2069    1    61.89     5.40
2069    2    46.20     8.42
2069    3    34.37    10.55
2069    4    64.85    12.92
2069    5    46.27    23.43
2069    6    27.77    28.90
2069    7     6.63    33.84
2069    8    21.67    32.51
2069    9    84.60    23.77
2069   10    32.42    16.82
2069   11    42.74    11.50
2069   12    69.24     6.79
2070    1    17.62     4.31
2070    2    40.47     6.45
2070    3    21.23    11.08
2070    4    29.91    18.44
2070    5   117.14    20.96
2070    6    77.03    28.57
2070    7    15.91    32.70
2070    8    47.20    29.10
2070    9    81.22    25.78
2070   10   204.52    14.61
2070   11    48.38     8.19
2070   12    49.20     7.89
2071    1     9.90     8.12
2071    2    25.15     5.53
2071    3    29.60    11.93
2071    4    34.77    14.43
2071    5    79.55    21.87
2071    6   161.94    25.95
2071    7    43.26    29.43
2071    8    14.72    32.48
2071    9    65.37    25.66
2071   10    32.32    17.53
2071   11    49.52    11.16
2071   12    95.03     6.12
2072    1    58.51     6.35
2072    2    22.38     7.93
2072    3    58.21     9.57
2072    4    49.95    15.55
2072    5   107.68    16.39
2072    6    50.06    26.66
2072    7     6.89    34.41
2072    8    10.28    34.00
2072    9    37.43    27.08
2072   10    34.44    14.70
2072   11   133.11     9.07
2072   12    24.50    10.30
2073    1    38.92     6.58
2073    2    19.71     9.02
2073    3    21.87    10.40
2073    4    99.92    16.34
2073    5   116.66    17.61
2073    6    68.98    28.40
2073    7    10.00    32.09
2073    8    45.99    30.09
2073    9     9.46    25.61
2073   10    24.71    17.15
2073   11    60.51    10.24
2073   12    45.78     6.19
2074    1    43.68     3.46
2074    2    20.03     8.20
2074    3    22.29    11.97
2074    4    37.65    14.80
2074    5   130.55    19.51
2074    6    44.20    28.86
2074    7     9.73    35.68
2074    8    14.83    33.27
2074    9    25.33    26.48
2074   10    36.92    20.04
2074   11     8.44    12.33
2074   12    36.52     9.37
2075    1    41.81    10.02
2075    2    29.33    10.81
2075    3    32.81     9.86
2075    4    78.57    14.99
2075    5    72.92    22.78
2075    6   105.59    27.82
2075    7    26.74    32.00
2075    8    51.58    31.46
2075    9    61.10    23.41
2075   10     9.00    20.79
2075   11    17.01    12.61
2075   12    33.40     8.56
2076    1    30.50    10.01
2076    2    25.03     8.74
2076    3    67.46     8.19
2076    4   115.83    15.29
2076    5   112.79    21.55
2076    6    74.52    26.92
2076    7     5.51    34.74
2076    8    75.05    32.66
2076    9    57.37    22.49
2076   10    28.49    19.50
2076   11    14.47    13.29
2076   12    64.96     7.02
2077    1    21.36     6.22
2077    2    29.62     5.50
2077    3    44.38    10.47
2077    4   113.21    13.24
2077    5   208.69    19.48
2077    6   111.64    24.96
2077    7     9.24    32.04
2077    8     7.34    33.99
2077    9    74.51    24.87
2077   10    60.03    16.83
2077   11    19.37    12.50
2077   12    22.48     9.49
2078    1    29.81     5.35
2078    2    66.34     3.76
2078    3    81.99     7.97
2078    4    49.72    14.98
2078    5    61.40    20.63
2078    6    67.52    28.99
2078    7    58.20    31.72
2078    8    24.40    31.89
2078    9    99.18    25.60
2078   10    51.18    15.25
2078   11    37.24     8.13
2078   12    35.52     8.20
2079    1    20.68     8.30
2079    2    53.66     5.32
2079    3    53.78     8.45
2079    4    85.89    16.87
2079    5    56.51    20.43
2079    6    47.52    30.57
2079    7     8.82    34.32
2079    8     5.57    34.61
2079    9    64.08    27.35
2079   10    32.23    21.85
2079   11    34.42    11.75
2079   12    25.74    11.27
2080    1    31.29     6.31
2080    2    27.61    10.40
2080    3    37.53    12.85
2080    4    29.14    17.24
2080    5    87.68    23.60
2080    6    79.70    29.39
2080    7    11.18    33.51
2080    8    18.05    32.97
2080    9    94.01    24.16
2080   10    66.84    18.26
2080   11    17.78    12.36
2080   12    24.72     8.03
2081    1    33.26     5.83
2081    2    12.24     9.79
2081    3    65.46    11.17
2081    4    64.69    15.26
2081    5    95.80    17.27
2081    6    67.90    26.09
2081    7     7.57    33.06
2081    8    15.95    36.01
2081    9   130.46    24.42
2081   10    33.95    15.61
2081   11    49.27    13.65
2081   12    24.45     8.30
2082    1    56.68     6.98
2082    2    17.97     6.60
2082    3    11.04    12.65
2082    4    75.15    18.38
2082    5    74.54    19.85
2082    6    75.14    28.75
2082    7    22.28    33.12
2082    8    38.35    30.13
2082    9    43.33    25.15
2082   10    86.18    19.14
2082   11   183.38    12.34
2082   12    53.71     8.35
2083    1    82.77     4.38
2083    2    35.75     7.87
2083    3    29.22    11.14
2083    4    36.29    21.15
2083    5    78.51    23.47
2083    6    56.56    32.16
2083    7    16.45    34.70
2083    8    41.33    32.04
2083    9   113.00    23.43
2083   10   142.93    16.26
2083   11    55.41    12.07
2083   12    37.20     6.77
2084    1    25.75    10.21
2084    2    47.38     6.13
2084    3    79.20     7.47
2084    4    27.58    15.37
2084    5    82.95    21.33
2084    6    29.60    29.72
2084    7    21.41    33.26
2084    8    46.39    33.35
2084    9    61.01    23.41
2084   10   192.60    17.57
2084   11    57.27    12.64
2084   12    45.94     6.31
2085    1    34.55     8.60
2085    2    13.30    10.83
2085    3    19.52    16.36
2085    4    38.99    17.33
2085    5    97.42    25.21
2085    6   117.03    25.07
2085    7    33.78    33.62
2085    8     9.84    34.21
2085    9    29.91    23.21
2085   10    46.93    20.08
2085   11    28.71    13.77
2085   12    27.72     9.62
2086    1    12.66     9.56
2086    2    11.52     3.92
2086    3    18.22     8.89
2086    4    64.86    17.22
2086    5    91.66    20.40
2086    6    41.37    29.61
2086    7     7.28    34.41
2086    8    10.81    33.72
2086    9    46.95    24.43
2086   10    16.64    20.13
2086   11    21.37    16.39
2086   12    51.72    10.54
2087    1    15.63     8.55
2087    2    58.18     6.84
2087    3    32.28    11.91
2087    4    62.15    17.61
2087    5    34.69    22.47
2087    6    78.79    31.77
2087    7    14.46    34.77
2087    8    29.01    31.88
2087    9   141.71    22.84
2087   10    75.86    14.66
2087   11    27.41    12.71
2087   12    17.71    11.30
2088    1     9.02     9.51
2088    2    38.31     6.72
2088    3    23.43    12.04
2088    4    62.74    16.18
2088    5   122.36    22.59
2088    6    77.86    29.14
2088    7    54.88    33.06
2088    8    67.70    31.31
2088    9    72.91    24.26
2088   10    77.70    17.58
2088   11     5.95    12.08
2088   12    24.17     7.31
2089    1    26.62     7.81
2089    2     6.25    12.52
2089    3    57.85    11.03
2089    4    30.84    20.04
2089    5   120.47    22.11
2089    6    70.20    29.02
2089    7    34.48    33.01
2089    8    18.66    31.85
2089    9    41.10    26.68
2089   10    22.80    17.94
2089   11    42.38    12.22
2089   12    33.38    11.34
2090    1    36.46     8.95
2090    2    73.64     9.92
2090    3    46.29    12.52
2090    4    58.00    19.96
2090    5   114.36    20.86
2090    6    46.81    29.60
2090    7    17.61    36.53
2090    8    75.03    31.53
2090    9    43.46    26.80
2090   10    76.07    18.64
2090   11    78.97     9.58
2090   12    74.80     6.48
2091    1    60.87     7.18
2091    2    33.26     9.39
2091    3    45.88    12.59
2091    4   191.33    14.67
2091    5    99.45    18.51
2091    6    26.79    30.68
2091    7    44.72    33.74
2091    8    29.77    30.70
2091    9    42.36    26.52
2091   10    27.85    20.32
2091   11    69.37    13.12
2091   12     6.57    10.40
2092    1    38.56     8.82
2092    2    18.84     7.10
2092    3    60.04    11.25
2092    4   100.17    14.83
2092    5   109.84    21.81
2092    6    41.23    29.96
2092    7    21.06    34.22
2092    8    21.40    32.06
2092    9   154.25    24.51
2092   10    47.24    17.46
2092   11    33.36    10.06
2092   12   163.67     5.58
2093    1    19.79     6.63
2093    2    29.39     7.95
2093    3    62.65    10.87
2093    4    37.33    17.70
2093    5    54.26    21.94
2093    6    17.23    31.02
2093    7     3.57    34.73
2093    8    43.07    31.42
2093    9    43.98    24.92
2093   10    22.63    18.25
2093   11    61.45    15.52
2093   12    42.76     9.41
2094    1    18.54    10.64
2094    2    25.79    10.51
2094    3    28.29    10.98
2094    4    50.54    15.07
2094    5    59.54    23.57
2094    6    52.07    29.67
2094    7    10.92    36.52
2094    8    34.66    34.18
2094    9    98.92    24.71
2094   10    24.50    18.44
2094   11    17.09    16.88
2094   12    32.46     9.72
2095    1    41.42     5.64
2095    2     9.60    10.63
2095    3    19.61    16.33
2095    4    18.21    19.80
2095    5    26.47    29.69
2095    6    13.69    32.85
2095    7    18.16    36.41
2095    8    25.92    32.58
2095    9    98.50    26.84
2095   10    40.56    18.85
2095   11    36.97    15.17
2095   12    19.45     8.88
2096    1    55.43     9.52
2096    2    35.99     9.94
2096    3    45.47    14.44
2096    4    46.62    20.75
2096    5   105.85    22.83
2096    6    51.99    30.26
2096    7    18.83    35.19
2096    8    18.50    33.63
2096    9    49.26    26.33
2096   10    33.40    17.33
2096   11    19.28    12.47
2096   12    39.94     8.88
2097    1    51.15     6.40
2097    2    22.69    11.25
2097    3    62.90    12.82
2097    4    34.86    16.26
2097    5    85.63    21.91
2097    6    27.79    30.97
2097    7    14.19    35.85
2097    8     6.26    37.21
2097    9    29.81    27.51
2097   10    46.09    21.64
2097   11    31.92    13.86
2097   12    31.18     8.16
2098    1    76.59     2.60
2098    2    20.75    11.23
2098    3    50.10    10.31
2098    4    73.01    18.24
2098    5    57.81    23.54
2098    6    89.95    29.48
2098    7    16.65    33.81
2098    8    23.21    33.28
2098    9    47.92    25.16
2098   10    15.01    22.69
2098   11    17.48    14.29
2098   12    23.68     5.59
2099    1    44.14     8.76
2099    2    14.05    10.03
2099    3    41.08    12.57
2099    4    54.82    15.90
2099    5   102.59    24.49
2099    6   143.67    28.02
2099    7    39.93    33.26
2099    8    29.27    32.60
2099    9    32.18    26.22
2099   10    92.67    19.26
2099   11    50.14    10.03
2099   12    50.63     5.87
2100    1    26.99    10.76
2100    2    59.89     9.52
2100    3    49.32    11.72
2100    4    90.29    17.90
2100    5    58.72    22.34
2100    6    58.18    29.35
2100    7     6.98    34.29
2100    8    11.65    36.10
2100    9    47.19    25.49
2100   10    55.93    20.77
2100   11    59.34    13.17
2100   12    33.03     7.29
