2006    1    35.49     2.05
2006    2    30.84     3.39
2006    3    73.16     1.81
2006    4    79.11     8.28
2006    5   108.52    13.54
2006    6    73.44    20.39
2006    7    44.81    20.13
2006    8    42.27    22.26
2006    9    59.43    12.45
2006   10    22.33     7.37
2006   11    21.73     4.31
2006   12    72.13     2.81
2007    1    85.82     0.44
2007    2    84.27     0.68
2007    3    73.63     0.69
2007    4    93.61     5.96
2007    5   101.87    11.35
2007    6   101.39    15.04
2007    7    46.86    21.95
2007    8    39.69    23.55
2007    9    66.29    16.43
2007   10    76.64     8.92
2007   11    32.98     5.11
2007   12    59.93     1.66
2008    1    79.55    -0.50
2008    2   124.97    -4.16
2008    3    42.80     2.19
2008    4    70.95     7.11
2008    5    93.36    14.08
2008    6    57.45    19.00
2008    7    36.23    23.14
2008    8    65.44    19.84
2008    9    36.22    15.57
2008   10    39.82    10.67
2008   11    91.75     3.48
2008   12    53.59     1.91
2009    1    38.24    -0.83
2009    2    21.64     2.44
2009    3    50.39     5.71
2009    4    55.76     8.59
2009    5    79.53    13.82
2009    6   106.03    17.79
2009    7    92.21    19.97
2009    8    40.15    21.08
2009    9    56.20    12.54
2009   10    14.76    11.46
2009   11    62.63     4.04
2009   12    31.99     1.53
2010    1    56.70     0.03
2010    2    68.32    -2.61
2010    3    77.50     1.96
2010    4    79.69     6.58
2010    5   104.20    13.70
2010    6   152.33    17.69
2010    7    43.95    19.62
2010    8    85.99    19.00
2010    9   101.55    15.24
2010   10    52.35     8.99
2010   11    37.18     5.71
2010   12    60.96     2.22
2011    1    59.17    -0.86
2011    2    43.82     1.13
2011    3    66.81     3.25
2011    4    62.22     9.86
2011    5    77.41    10.75
2011    6    37.10    17.47
2011    7    66.10    22.46
2011    8    81.21    19.39
2011    9   209.88    14.04
2011   10    33.62     9.81
2011   11   115.08     5.25
2011   12    61.51    -0.39
2012    1    51.10     0.33
2012    2    43.19     1.35
2012    3   129.52     2.44
2012    4    58.35     8.20
2012    5    57.37    13.95
2012    6    33.43    19.53
2012    7    17.26    22.64
2012    8    62.04    23.06
2012    9    85.25    13.27
2012   10    62.08    10.50
2012   11    26.98     4.92
2012   12    62.43    -0.11
2013    1    54.68    -1.65
2013    2    41.36     0.59
2013    3   128.51     4.50
2013    4    91.63     9.07
2013    5    91.00    11.79
2013    6    48.89    18.37
2013    7     2.59    26.28
2013    8    43.46    23.83
2013    9   117.02    15.57
2013   10    57.21    10.90
2013   11    32.22     5.74
2013   12    35.12     0.15
2014    1    34.03     3.63
2014    2    28.65     2.06
2014    3   101.67     1.87
2014    4    96.71     7.34
2014    5    88.44    14.24
2014    6   124.46    17.15
2014    7    39.54    21.30
2014    8    41.33    19.24
2014    9    75.50    17.02
2014   10    81.24    12.07
2014   11    26.21     6.76
2014   12    62.27     1.38
2015    1    64.52     0.80
2015    2    68.42    -5.43
2015    3    81.36     3.49
2015    4   129.01     8.55
2015    5    70.83    15.59
2015    6    63.36    21.07
2015    7    19.54    23.04
2015    8    64.06    21.56
2015    9   100.39    15.57
2015   10    77.56     8.15
2015   11    58.23     4.42
2015   12    67.26    -1.54
2016    1    34.61    -0.50
2016    2    59.48     1.95
2016    3    95.11     3.69
2016    4    96.73     8.80
2016    5    74.28    15.98
2016    6    83.55    17.87
2016    7    57.59    21.17
2016    8    80.57    19.25
2016    9    47.50    13.97
2016   10   117.96    10.28
2016   11    82.12     4.56
2016   12    23.92     0.33
2017    1    39.69    -1.33
2017    2    33.09     1.43
2017    3    62.20     0.64
2017    4    76.57     8.51
2017    5   131.23    13.24
2017    6    65.30    18.32
2017    7    71.99    21.60
2017    8    91.52    20.33
2017    9    27.94    16.20
2017   10    80.63     9.50
2017   11    35.55     5.93
2017   12    33.03     2.10
2018    1    48.79    -1.74
2018    2    43.93     3.05
2018    3   106.24     0.37
2018    4    75.68     6.97
2018    5   254.07    13.16
2018    6    40.63    18.74
2018    7    36.31    23.07
2018    8    18.27    22.70
2018    9    95.25    16.15
2018   10    55.60    11.07
2018   11    72.82     4.40
2018   12    57.39     0.57
2019    1    36.62     0.14
2019    2    26.09     1.82
2019    3    57.99     0.79
2019    4    68.82     8.66
2019    5    81.95    13.40
2019    6    99.29    16.99
2019    7    14.88    23.44
2019    8    29.96    23.29
2019    9    33.39    16.05
2019   10    78.69     9.20
2019   11    18.21     6.80
2019   12    68.41    -0.15
2020    1    38.41    -2.34
2020    2    47.63    -1.38
2020    3    82.94     3.88
2020    4    65.11     9.36
2020    5    79.36    12.27
2020    6    43.68    20.62
2020    7     6.43    24.80
2020    8   105.19    20.02
2020    9   123.06    14.24
2020   10    37.43     8.22
2020   11    96.17     3.15
2020   12    65.52     1.68
2021    1    31.50     0.81
2021    2    36.31     2.01
2021    3    69.12     5.38
2021    4    52.05     9.37
2021    5    93.86    13.70
2021    6    53.33    18.61
2021    7    77.21    20.37
2021    8    32.09    20.74
2021    9    84.02    15.41
2021   10    41.84     8.96
2021   11    55.90     5.73
2021   12    36.36     2.58
2022    1    85.57    -0.71
2022    2    40.95     0.88
2022    3    94.73     0.31
2022    4    89.39     5.84
2022    5   120.27    15.55
2022    6    99.68    18.59
2022    7    15.67    24.93
2022    8    38.57    22.44
2022    9    38.28    14.92
2022   10   131.30    11.40
2022   11    39.73     4.91
2022   12   111.28    -0.37
2023    1    85.91    -3.40
2023    2    83.90    -0.79
2023    3    89.51    -0.18
2023    4    40.91     9.18
2023    5   142.82    12.45
2023    6    69.57    16.94
2023    7    50.97    21.19
2023    8    28.51    20.93
2023    9   116.18    15.67
2023   10    34.91     9.14
2023   11    30.87     4.71
2023   12    55.32     2.39
2024    1    46.77    -0.52
2024    2    42.83     1.36
2024    3    75.89     2.19
2024    4    78.37    10.10
2024    5   125.15    12.28
2024    6    80.18    20.10
2024    7    10.13    23.61
2024    8    38.38    22.31
2024    9    63.49    14.32
2024   10   120.13    10.34
2024   11   106.13     4.53
2024   12    33.28     1.49
2025    1    34.82    -2.07
2025    2    25.08     4.40
2025    3   114.51     5.80
2025    4   120.35     8.94
2025    5   141.80    13.02
2025    6   116.97    16.80
2025    7    25.63    23.83
2025    8    91.55    21.30
2025    9    75.09    16.14
2025   10    42.70    10.56
2025   11    29.29     5.96
2025   12    25.13     1.44
2026    1    33.91     1.35
2026    2    46.60     3.03
2026    3   152.00    -2.30
2026    4   126.91     9.03
2026    5    84.73    12.30
2026    6    72.07    19.45
2026    7    28.01    21.10
2026    8   108.94    20.19
2026    9    30.14    15.99
2026   10   103.04     9.48
2026   11    31.54     7.69
2026   12    42.22     3.43
2027    1    80.34    -2.03
2027    2    47.97    -1.55
2027    3    38.28     3.90
2027    4    58.65    10.67
2027    5    32.93    14.95
2027    6    83.49    18.61
2027    7    21.32    21.96
2027    8    13.05    23.78
2027    9   103.39    17.40
2027   10    86.15    11.27
2027   11    74.83     5.74
2027   12    61.66     0.19
2028    1    57.89    -0.01
2028    2    42.17    -3.90
2028    3    86.76    -0.25
2028    4    98.41     7.09
2028    5   113.38    16.65
2028    6    23.79    20.63
2028    7     8.34    25.69
2028    8    77.40    20.91
2028    9   148.46    17.10
2028   10   107.58     9.56
2028   11    37.01     4.43
2028   12    15.81     4.72
2029    1    85.39     1.18
2029    2    48.21     2.51
2029    3   101.33     2.09
2029    4    61.41     9.59
2029    5    98.01    13.56
2029    6    32.35    22.26
2029    7    30.33    23.18
2029    8    16.42    23.94
2029    9    33.90    18.03
2029   10    85.54     9.68
2029   11    59.91     6.83
2029   12    34.44     0.47
2030    1    68.84    -3.01
2030    2    18.81     3.20
2030    3    67.38     1.54
2030    4    92.84     8.72
2030    5    68.38    17.27
2030    6   112.57    18.86
2030    7    14.83    23.07
2030    8     9.96    25.92
2030    9    62.89    14.08
2030   10   127.82     8.62
2030   11    80.91     2.34
2030   12    44.58    -1.03
2031    1    41.79    -0.90
2031    2    24.62     3.69
2031    3    61.94     4.07
2031    4   119.36     9.71
2031    5   114.22    14.42
2031    6   122.31    18.95
2031    7    91.80    21.10
2031    8    21.96    19.84
2031    9    76.05    16.91
2031   10    64.81     9.17
2031   11    57.93     6.54
2031   12    45.60    -0.91
2032    1    52.26    -0.12
2032    2    47.75    -3.95
2032    3    93.51    -0.64
2032    4    70.96     6.48
2032    5    80.74    13.44
2032    6   105.36    17.41
2032    7    47.34    23.24
2032    8    28.42    19.48
2032    9    24.23    18.45
2032   10    68.22    12.30
2032   11    57.87     6.16
2032   12    23.65    -1.13
2033    1    31.08    -0.69
2033    2    80.54     0.71
2033    3    69.55    -1.07
2033    4    72.48     8.31
2033    5    49.36    14.00
2033    6    27.61    19.57
2033    7    22.82    22.63
2033    8    56.97    22.23
2033    9   124.88    14.76
2033   10    47.30    11.40
2033   11    26.98     7.28
2033   12    29.40    -1.28
2034    1    36.66     0.66
2034    2    77.45     1.43
2034    3    57.64     3.80
2034    4   103.36    11.72
2034    5   151.95    12.02
2034    6    98.26    17.70
2034    7     3.53    24.44
2034    8    19.87    22.45
2034    9    12.41    16.90
2034   10    61.45    10.79
2034   11    53.76     5.39
2034   12    29.99     2.38
2035    1    30.82     2.15
2035    2    19.64     4.68
2035    3    65.13     5.38
2035    4   122.10     7.49
2035    5   164.87    12.72
2035    6    21.43    20.61
2035    7    15.95    24.58
2035    8    58.12    22.68
2035    9    93.16    15.34
2035   10   147.93     9.94
2035   11    48.32     6.21
2035   12    52.35     2.42
2036    1    30.10     0.97
2036    2    67.34     1.69
2036    3    66.93     2.01
2036    4    83.79    11.05
2036    5   111.93    12.88
2036    6    52.69    18.85
2036    7    16.89    24.06
2036    8    43.64    22.80
2036    9    56.84    17.19
2036   10    84.64    10.02
2036   11    55.71     5.65
2036   12    36.92    -2.43
2037    1    24.45     1.94
2037    2    74.04    -0.94
2037    3    57.61     2.27
2037    4    76.05     9.11
2037    5   120.76    17.19
2037    6   102.98    18.93
2037    7    28.10    23.32
2037    8   110.35    19.11
2037    9    50.44    14.03
2037   10    92.67    10.95
2037   11    36.93     4.55
2037   12    80.06    -1.41
2038    1    29.41     0.28
2038    2    35.90     2.21
2038    3    83.38     4.44
2038    4   103.95     7.73
2038    5    99.75    15.01
2038    6    57.21    19.03
2038    7    21.26    21.48
2038    8    31.68    20.60
2038    9    55.15    15.27
2038   10    59.50    11.35
2038   11   128.17     4.45
2038   12    50.43     0.18
2039    1    54.74     0.04
2039    2    39.00     3.64
2039    3   101.06     3.77
2039    4   103.62     3.93
2039    5   174.16    14.27
2039    6    45.07    17.14
2039    7    29.29    24.27
2039    8    16.99    22.44
2039    9    46.21    15.19
2039   10    58.00    11.73
2039   11    67.15     6.04
2039   12    91.91     2.96
2040    1   106.33    -0.19
2040    2    25.65    -0.83
2040    3    54.90     3.87
2040    4    52.32    11.06
2040    5   131.26    16.55
2040    6   116.22    17.19
2040    7    35.86    23.66
2040    8    21.15    22.04
2040    9   108.24    17.60
2040   10    41.96     9.21
2040   11    89.34     5.55
2040   12    92.48     3.06
2041    1    61.69    -0.70
2041    2    31.65     1.42
2041    3    99.36     3.49
2041    4    86.26     9.49
2041    5   161.00    15.01
2041    6   137.35    18.30
2041    7    36.81    24.50
2041    8    57.47    20.77
2041    9    64.20    16.18
2041   10    44.21    11.95
2041   11    75.70     6.05
2041   12    40.25     1.09
2042    1    47.79     1.63
2042    2    56.61    -3.13
2042    3    99.47     0.98
2042    4    47.68     8.15
2042    5   136.28    15.32
2042    6    76.65    17.48
2042    7    40.47    21.69
2042    8   144.77    21.37
2042    9    33.29    17.66
2042   10    54.59    10.50
2042   11    38.74     4.11
2042   12    22.97     2.30
2043    1   109.33    -2.91
2043    2    42.81     0.35
2043    3    71.08     5.77
2043    4   171.67     7.07
2043    5   143.35    15.67
2043    6    98.90    19.39
2043    7    24.99    24.21
2043    8    41.57    21.41
2043    9    82.58    17.29
2043   10   120.28    11.01
2043   11   129.36     6.73
2043   12    28.69     1.12
2044    1   100.95    -2.05
2044    2    80.61     0.65
2044    3    49.13     6.11
2044    4   107.99     8.54
2044    5    64.73    14.36
2044    6    67.34    21.23
2044    7    24.72    22.75
2044    8    16.82    23.95
2044    9    60.23    16.46
2044   10   130.67    11.38
2044   11    84.28     4.69
2044   12    77.04     2.37
2045    1    46.89    -0.04
2045    2    50.51     1.10
2045    3    49.08     3.13
2045    4    63.93     8.08
2045    5   148.25    14.05
2045    6    70.79    17.39
2045    7    24.21    23.04
2045    8    35.72    23.87
2045    9    74.58    16.94
2045   10    47.38    13.36
2045   11    15.79     6.08
2045   12    31.43     2.17
2046    1    32.09     1.52
2046    2    36.87     2.09
2046    3    50.10     6.01
2046    4    84.67     8.57
2046    5   119.60    13.83
2046    6    28.21    17.08
2046    7    30.58    24.02
2046    8    63.08    23.62
2046    9    52.46    16.55
2046   10    69.00     7.40
2046   11    50.88     5.77
2046   12    59.38    -0.01
2047    1    34.39     1.98
2047    2    32.20     2.44
2047    3    59.68     3.04
2047    4   205.82     4.99
2047    5   126.40    13.38
2047    6    37.15    19.94
2047    7    24.40    23.13
2047    8    28.93    22.27
2047    9    31.20    16.49
2047   10    71.73    13.07
2047   11    45.07     5.59
2047   12    61.94     3.99
2048    1    34.32     4.34
2048    2    65.39     4.25
2048    3   119.13     0.59
2048    4    46.43     8.99
2048    5   152.32    12.17
2048    6    60.71    22.20
2048    7    63.25    21.64
2048    8    41.93    22.25
2048    9    83.38    17.96
2048   10    39.05    12.46
2048   11    52.51     3.43
2048   12    50.81     2.88
2049    1    40.90    -1.42
2049    2    55.83     2.45
2049    3   100.04     2.83
2049    4    61.57    11.50
2049    5    86.70    15.83
2049    6    98.58    18.42
2049    7    26.93    21.49
2049    8    24.93    22.14
2049    9    56.35    17.77
2049   10    49.06     9.69
2049   11    80.32     2.78
2049   12    21.33     2.48
2050    1    70.98    -1.94
2050    2    35.20     0.35
2050    3    59.11     4.69
2050    4    93.26     6.38
2050    5   156.22    11.75
2050    6   107.32    18.02
2050    7    37.70    20.99
2050    8    20.29    24.75
2050    9    48.52    15.03
2050   10    62.14    10.86
2050   11    66.88     6.32
2050   12    64.23     2.29
2051    1    53.79    -0.72
2051    2    46.95    -2.09
2051    3    52.36     7.81
2051    4    92.41     9.12
2051    5    73.06    16.09
2051    6    70.91    20.56
2051    7    62.97    23.57
2051    8    41.07    22.50
2051    9    60.01    16.51
2051   10    35.15    13.45
2051   11    63.42     6.49
2051   12    57.43     0.24
2052    1    58.94    -2.32
2052    2    26.55     0.66
2052    3    49.83     2.58
2052    4    98.87     7.70
2052    5    80.27    13.39
2052    6    38.01    20.06
2052    7    52.33    22.14
2052    8    76.14    21.14
2052    9    57.20    16.53
2052   10    47.86    10.79
2052   11    21.35     6.57
2052   12    63.65     1.04
2053    1    36.06     2.69
2053    2    77.50    -1.53
2053    3    74.74     0.79
2053    4    71.86     5.89
2053    5   147.64    12.02
2053    6    66.39    19.90
2053    7    22.88    24.55
2053    8    13.16    25.81
2053    9    56.66    17.14
2053   10    34.42     9.86
2053   11    92.02     5.58
2053   12    91.72     0.62
2054    1    50.13     3.56
2054    2    52.22    -2.77
2054    3    52.05     6.02
2054    4    81.15     9.75
2054    5   151.54    16.21
2054    6    50.71    20.48
2054    7    45.62    22.44
2054    8    22.73    22.23
2054    9    54.25    16.28
2054   10    77.93    10.10
2054   11    52.74     3.72
2054   12    47.20     0.38
2055    1    43.76     0.59
2055    2    44.01     1.62
2055    3    42.99     6.75
2055    4    56.96     7.58
2055    5   130.03    11.93
2055    6    67.16    18.10
2055    7    32.41    23.00
2055    8    29.88    23.53
2055    9    63.52    15.43
2055   10    79.08    11.14
2055   11    39.89     5.07
2055   12   114.59     2.23
2056    1    80.56    -0.07
2056    2    43.99     1.97
2056    3    35.92     4.42
2056    4    67.56     9.62
2056    5   115.30    14.45
2056    6    59.85    19.09
2056    7    12.88    25.29
2056    8    30.27    22.57
2056    9   104.23    15.71
2056   10    76.89     9.24
2056   11    44.85     4.10
2056   12    43.51    -2.23
2057    1    30.50    -3.13
2057    2    44.03     2.25
2057    3    49.75     5.03
2057    4    83.16     8.94
2057    5   104.26    14.73
2057    6    33.98    20.69
2057    7    26.41    25.04
2057    8    69.06    23.06
2057    9    98.48    16.62
2057   10    63.45     6.90
2057   11   121.02    -0.99
2057   12    85.65     2.01
2058    1    92.63    -1.08
2058    2    27.95     4.50
2058    3    51.70     3.02
2058    4    84.49     7.87
2058    5   158.59    12.60
2058    6    38.02    17.26
2058    7    66.35    22.79
2058    8    43.36    20.79
2058    9   139.16    16.01
2058   10    99.46     9.30
2058   11   142.40     1.56
2058   12    21.30     2.41
2059    1    13.83     2.65
2059    2    42.32     1.39
2059    3    66.03     7.10
2059    4    60.61     9.28
2059    5   120.09    14.33
2059    6    86.84    19.80
2059    7    66.66    22.75
2059    8    32.06    20.66
2059    9    82.21    14.09
2059   10    21.50    11.70
2059   11    63.52     2.98
2059   12    41.18     1.76
2060    1    62.50    -2.70
2060    2    66.26    -1.08
2060    3    55.60     6.47
2060    4    54.13    10.84
2060    5   147.52    11.83
2060    6    58.00    19.54
2060    7    37.92    24.30
2060    8   168.88    22.70
2060    9    53.76    16.18
2060   10    29.17    11.79
2060   11    32.08     7.17
2060   12   130.65     2.95
2061    1    55.28    -0.56
2061    2    41.89     3.87
2061    3    54.20     5.37
2061    4    53.97     6.51
2061    5    46.46    16.80
2061    6    94.68    21.73
2061    7    14.61    25.50
2061    8    34.59    24.22
2061    9    50.56    14.03
2061   10    60.02    11.35
2061   11    37.41     6.36
2061   12    83.70     0.10
2062    1    18.86     3.52
2062    2    67.69    -0.51
2062    3    54.70     6.95
2062    4    66.19     9.01
2062    5   141.28    12.42
2062    6    45.78    19.53
2062    7    22.82    23.45
2062    8    23.09    26.36
2062    9    28.56    17.62
2062   10    54.66    10.66
2062   11   118.37     5.47
2062   12    32.86     1.55
2063    1    72.41     0.14
2063    2    15.72     2.81
2063    3    79.19     4.69
2063    4   124.03     7.66
2063    5    66.19    13.96
2063    6    73.22    18.63
2063    7    17.92    24.46
2063    8    35.03    24.65
2063    9    86.48    18.03
2063   10    51.48     8.65
2063   11    60.89     5.69
2063   12   184.77     0.91
2064    1    35.79     0.53
2064    2    67.49     2.71
2064    3    60.27     4.88
2064    4    38.00    11.49
2064    5   126.23    14.86
2064    6   131.94    17.15
2064    7    68.63    21.01
2064    8   126.38    21.28
2064    9    69.05    14.16
2064   10    33.65    11.61
2064   11    59.40     6.21
2064   12    44.98     0.67
2065    1    50.28     1.70
2065    2    61.39    -1.18
2065    3    72.79     3.92
2065    4    49.99    12.33
2065    5   161.25    13.01
2065    6    39.26    19.79
2065    7    41.55    23.47
2065    8    70.21    21.13
2065    9   156.75    13.62
2065   10    21.78     9.09
2065   11    23.67     4.53
2065   12   135.61    -2.13
2066    1    40.24     1.76
2066    2    77.60     0.37
2066    3    25.06     4.02
2066    4    64.92     8.02
2066    5    68.39    13.20
2066    6   138.19    19.86
2066    7     7.26    21.99
2066    8    87.76    22.70
2066    9   148.67    15.49
2066   10   113.44     9.92
2066   11    25.86     7.76
2066   12    97.98     0.73
2067    1    36.83     1.71
2067    2    46.66     2.03
2067    3    88.11     2.83
2067    4    73.59     9.58
2067    5   162.18    13.12
2067    6   191.96    16.61
2067    7    16.98    22.68
2067    8    15.78    23.86
2067    9    45.65    16.37
2067   10    40.25    12.31
2067   11    69.15     2.63
2067   12    41.72    -1.43
2068    1    14.50     0.96
2068    2    31.91     2.63
2068    3   114.37     2.54
2068    4   106.12     9.93
2068    5   149.80    12.57
2068    6    81.90    19.50
2068    7    78.18    21.46
2068    8    56.21    20.80
2068    9    50.51    15.95
2068   10    35.77    10.83
2068   11    54.48     4.62
2068   12    33.32     2.37
2069    1    53.92     2.20
2069    2    65.39     0.88
2069    3   100.45     2.36
2069    4   103.56     7.97
2069    5    55.40    17.00
2069    6    38.88    19.77
2069    7    23.34    24.63
2069    8    43.72    22.35
2069    9    85.89    14.60
2069   10    80.81     8.72
2069   11    61.17    -2.16
2069   12    53.22     2.89
2070    1    24.81     0.52
2070    2    59.27    -1.15
2070    3    49.72     6.73
2070    4    70.63    12.42
2070    5    77.97    15.32
2070    6   112.81    19.00
2070    7    24.87    24.12
2070    8    43.07    19.84
2070    9   127.72    15.51
2070   10    51.15     8.41
2070   11    25.67     3.65
2070   12    71.48     1.62
2071    1    69.06    -2.35
2071    2    45.18     0.93
2071    3    84.18     6.71
2071    4    90.46     8.59
2071    5   128.57    14.68
2071    6    61.69    20.01
2071    7    36.90    23.16
2071    8    63.72    19.17
2071    9   103.74    15.27
2071   10    65.12    10.25
2071   11    18.63     5.00
2071   12    51.10     2.52
2072    1    56.46     2.46
2072    2    28.89     2.40
2072    3    75.63     2.27
2072    4    86.95    10.38
2072    5    86.51    16.20
2072    6    27.93    22.92
2072    7    49.65    23.62
2072    8    37.21    23.13
2072    9   127.98    17.42
2072   10   134.35     8.78
2072   11    59.70     5.25
2072   12    70.76     1.51
2073    1    51.51    -0.12
2073    2    38.59     3.11
2073    3    94.28     2.55
2073    4    79.13    10.10
2073    5    84.90    16.02
2073    6    27.45    21.67
2073    7    44.75    23.90
2073    8    51.35    21.97
2073    9    46.14    15.52
2073   10    49.27    12.85
2073   11    62.74     4.59
2073   12    53.34     0.30
2074    1    47.95     2.54
2074    2    72.47     0.85
2074    3    83.17     5.77
2074    4   100.15     5.37
2074    5   144.45    14.64
2074    6   126.32    19.10
2074    7    21.26    20.77
2074    8    22.86    23.39
2074    9    60.51    18.19
2074   10    38.68    10.71
2074   11    37.29     6.23
2074   12    57.98     2.56
2075    1    52.11     1.66
2075    2    92.65    -0.18
2075    3    63.86     8.21
2075    4    63.32    10.68
2075    5    59.95    15.87
2075    6    84.57    21.20
2075    7    22.16    25.08
2075    8    17.21    24.67
2075    9    60.71    13.35
2075   10    35.29    12.19
2075   11    41.65     3.54
2075   12    44.47     3.33
2076    1    30.05     0.26
2076    2    55.03     0.77
2076    3    57.94     4.55
2076    4    88.23     9.15
2076    5    98.74    16.76
2076    6    65.47    21.08
2076    7    12.80    24.36
2076    8    32.22    21.66
2076    9    72.35    16.20
2076   10    21.28     9.73
2076   11    34.91     3.58
2076   12    57.22    -0.76
2077    1    44.51     0.63
2077    2    74.43     1.42
2077    3    78.84     4.60
2077    4    52.01     9.74
2077    5   118.80    14.42
2077    6    74.90    19.16
2077    7    21.70    22.26
2077    8    33.26    22.37
2077    9    89.96    16.10
2077   10    66.63    10.27
2077   11    38.59     6.55
2077   12    89.52    -2.68
2078    1    56.99    -2.07
2078    2    42.25     1.34
2078    3    62.28     5.52
2078    4   124.63    11.41
2078    5   104.93    15.50
2078    6   115.82    17.82
2078    7    16.68    26.18
2078    8    37.56    21.72
2078    9    76.10    16.78
2078   10    50.54     9.34
2078   11    32.38     5.91
2078   12    62.28     2.24
2079    1    62.08     0.38
2079    2    27.04     1.43
2079    3    55.01     5.23
2079    4   113.39     8.76
2079    5   164.72    14.38
2079    6    31.94    20.68
2079    7    23.75    24.59
2079    8    84.92    22.06
2079    9    78.45    15.07
2079   10   122.03     7.50
2079   11    24.85     6.04
2079   12   109.89     0.77
2080    1    50.16    -1.06
2080    2    32.17     3.17
2080    3    76.59     3.83
2080    4    55.82    10.31
2080    5   130.07    15.31
2080    6    77.27    18.07
2080    7    11.40    25.12
2080    8    53.64    23.14
2080    9    41.63    18.47
2080   10    63.43     9.65
2080   11   101.64     7.48
2080   12    32.69     2.83
2081    1    64.24     0.59
2081    2    40.62    -0.14
2081    3    59.79     4.12
2081    4   109.26     9.94
2081    5    80.32    13.91
2081    6   112.67    19.50
2081    7    49.65    23.10
2081    8    19.88    21.47
2081    9    17.87    16.99
2081   10    93.43    10.45
2081   11    94.28     6.77
2081   12    41.56     1.18
2082    1    63.88     0.21
2082    2    26.04     1.90
2082    3   103.35     3.92
2082    4    42.93     8.21
2082    5   102.01    11.67
2082    6    54.49    18.44
2082    7    42.90    23.06
2082    8    93.56    20.54
2082    9    99.92    14.42
2082   10    40.86    10.49
2082   11    40.84     6.59
2082   12    51.65     2.55
2083    1    45.35     3.44
2083    2    76.99     1.55
2083    3    97.48    -1.17
2083    4    75.70    10.26
2083    5    85.50    14.12
2083    6    70.03    19.85
2083    7     7.88    27.60
2083    8    28.29    22.87
2083    9   125.28    17.05
2083   10    24.51     7.88
2083   11    40.14     3.28
2083   12    69.92     2.33
2084    1    33.19     2.92
2084    2    46.08     2.92
2084    3    47.73     5.90
2084    4   128.97     7.11
2084    5    75.45    16.89
2084    6    79.16    19.92
2084    7    36.81    22.63
2084    8    65.84    21.10
2084    9    26.71    18.90
2084   10   177.82    10.74
2084   11   112.14     4.01
2084   12    34.74     3.44
2085    1    43.69     3.45
2085    2    80.05    -0.64
2085    3    81.76     1.56
2085    4    92.14     9.19
2085    5    94.36    16.24
2085    6    86.41    20.68
2085    7    41.63    23.70
2085    8    43.75    23.61
2085    9    24.67    18.09
2085   10    40.65    10.04
2085   11   102.76     4.90
2085   12    63.39     0.73
2086    1    34.92     1.33
2086    2    14.55     4.13
2086    3    48.74     8.57
2086    4    85.10     7.37
2086    5    99.21    15.41
2086    6   148.18    18.27
2086    7    17.11    23.92
2086    8    38.02    24.60
2086    9    47.23    16.60
2086   10    95.11     8.98
2086   11    25.36     6.31
2086   12    72.49     0.61
2087    1    23.81     1.36
2087    2    39.51     1.59
2087    3    65.06     4.55
2087    4   180.92     9.26
2087    5   154.32    14.80
2087    6    67.52    19.03
2087    7    15.62    24.13
2087    8    64.92    24.74
2087    9    44.46    18.36
2087   10    52.12    12.00
2087   11    22.86     4.16
2087   12   145.08     5.11
2088    1    35.68     1.38
2088    2    52.08     0.39
2088    3   102.40     4.20
2088    4   141.94     5.26
2088    5   152.12    11.79
2088    6   174.78    18.30
2088    7    56.17    20.56
2088    8    34.26    22.01
2088    9    84.35    14.26
2088   10    76.06    11.89
2088   11   137.83     5.03
2088   12    97.47    -3.32
2089    1    66.75    -0.43
2089    2    18.11     0.94
2089    3    50.57     2.23
2089    4    48.68    10.53
2089    5   162.35    14.16
2089    6    78.92    19.15
2089    7    32.86    22.43
2089    8    50.41    23.22
2089    9    73.94    14.99
2089   10    86.96    12.71
2089   11    45.24     6.68
2089   12    62.36     2.77
2090    1    18.83     1.77
2090    2    35.04     3.23
2090    3    57.62     5.62
2090    4    96.06     9.57
2090    5    65.46    17.37
2090    6    89.93    19.35
2090    7    30.24    23.58
2090    8    49.94    23.05
2090    9    45.32    16.95
2090   10   100.81     9.54
2090   11    25.98     5.70
2090   12   110.91    -1.04
2091    1    49.85    -0.80
2091    2    27.20     0.89
2091    3    74.60     6.88
2091    4    37.41    10.89
2091    5    56.88    15.84
2091    6    60.09    20.87
2091    7     6.95    26.25
2091    8    32.73    22.87
2091    9    40.09    17.59
2091   10   125.88     9.61
2091   11   114.40     3.87
2091   12    88.34     0.41
2092    1    34.50     2.35
2092    2    77.81    -1.07
2092    3    23.55     6.07
2092    4   113.99     7.96
2092    5    98.63    15.53
2092    6    73.77    20.80
2092    7    43.20    23.05
2092    8    20.80    24.50
2092    9    74.81    17.39
2092   10    44.20    11.64
2092   11    20.21     5.01
2092   12    64.67     2.25
2093    1    57.33     3.71
2093    2    42.55    -0.10
2093    3    93.80     1.66
2093    4    59.92    10.08
2093    5   123.58    16.17
2093    6    47.76    21.74
2093    7    28.77    24.52
2093    8    74.41    24.76
2093    9    66.42    15.56
2093   10   105.10    12.00
2093   11    42.71     8.01
2093   12    43.08     5.00
2094    1    25.14     1.65
2094    2    18.78     1.38
2094    3   109.09     3.81
2094    4   103.28     6.72
2094    5    90.70    15.97
2094    6    81.20    18.41
2094    7    32.84    24.87
2094    8    41.15    24.99
2094    9    64.90    16.96
2094   10    50.43    12.50
2094   11   114.80     7.53
2094   12    61.46     2.18
2095    1    34.34     0.08
2095    2    82.48     2.11
2095    3    68.58     3.66
2095    4    93.62     8.27
2095    5    80.48    13.66
2095    6    85.30    20.22
2095    7    18.06    22.54
2095    8    19.39    24.00
2095    9    56.20    18.79
2095   10    92.23    12.30
2095   11    52.12     7.19
2095   12    58.26     4.30
2096    1    39.44     2.33
2096    2    64.26     2.99
2096    3    43.49     5.34
2096    4    67.56    11.12
2096    5   100.21    16.77
2096    6   121.79    19.32
2096    7    40.14    20.89
2096    8    68.30    21.57
2096    9    84.29    15.49
2096   10    69.55    10.37
2096   11    27.03     6.50
2096   12    39.27     2.40
2097    1    80.89     0.21
2097    2    55.54     0.12
2097    3    46.43     4.48
2097    4   205.84     5.96
2097    5    79.37    13.07
2097    6    35.50    21.14
2097    7    58.84    22.58
2097    8    36.23    21.91
2097    9   111.77    14.57
2097   10    99.60     9.98
2097   11    55.66     5.29
2097   12    48.53    -1.14
2098    1    58.67    -3.30
2098    2    71.92    -7.99
2098    3    79.03     5.78
2098    4   104.55    10.70
2098    5   133.53    14.40
2098    6   194.21    19.28
2098    7    36.51    21.10
2098    8    33.76    23.92
2098    9    79.69    17.92
2098   10    54.42    11.37
2098   11    47.13     5.14
2098   12    65.40     2.25
2099    1    31.27     0.35
2099    2    46.17     1.85
2099    3    41.58     7.68
2099    4    65.43    11.08
2099    5    89.89    13.84
2099    6    54.39    19.65
2099    7    79.53    21.17
2099    8    84.71    21.38
2099    9    76.93    15.88
2099   10    22.62     9.89
2099   11    80.45     3.73
2099   12    32.02     4.31
2100    1    57.07     1.61
2100    2    32.43     3.93
2100    3    91.49     3.77
2100    4    76.34     8.66
2100    5   232.72    16.14
2100    6   114.98    19.48
2100    7    53.12    20.99
2100    8    42.84    23.14
2100    9    33.54    18.67
2100   10    52.24    11.89
2100   11    47.04     4.97
2100   12    50.33     1.65
2101    1    62.15    -0.33
2101    2    46.87    -0.60
2101    3    60.29     5.58
2101    4    88.07     7.88
2101    5   166.85    13.86
2101    6    62.93    17.95
2101    7    23.35    24.72
2101    8    56.82    23.06
2101    9    36.91    16.93
2101   10    50.66    10.03
2101   11    72.70     3.75
2101   12    71.94    -0.65
2102    1    70.42     2.33
2102    2    50.88     4.10
2102    3    26.73     5.54
2102    4    91.06     7.05
2102    5   102.10    12.23
2102    6   102.79    18.04
2102    7    39.84    22.96
2102    8    26.58    22.85
2102    9    67.76    17.39
2102   10    31.51     8.94
2102   11   105.09     2.95
2102   12    32.26     2.74
2103    1    76.19    -5.24
2103    2    66.12     2.24
2103    3    58.95     4.19
2103    4   116.14     6.61
2103    5   143.94    14.28
2103    6    99.85    18.02
2103    7    22.85    22.88
2103    8    36.55    21.23
2103    9    68.43    16.29
2103   10   113.00    11.34
2103   11   131.75     4.26
2103   12    67.90    -0.92
2104    1    64.57     0.68
2104    2    41.52    -2.61
2104    3   103.16     5.82
2104    4    54.24     6.93
2104    5   121.37    15.37
2104    6   103.55    19.80
2104    7    32.80    23.20
2104    8    77.71    20.53
2104    9    86.03    16.81
2104   10    51.54    10.52
2104   11    44.43     7.78
2104   12    50.52     4.27
2105    1    99.58     0.62
2105    2    15.57     3.54
2105    3    40.75     9.05
2105    4    67.85    11.25
2105    5   137.27    15.33
2105    6   116.41    19.57
2105    7    47.69    20.27
2105    8    71.98    20.88
2105    9    36.85    18.70
2105   10    80.37    13.05
2105   11    45.54     5.60
2105   12    74.68     2.12
2106    1    32.02     2.33
2106    2    19.26     6.62
2106    3    80.89     4.78
2106    4    78.81    14.00
2106    5   102.98    16.99
2106    6    71.31    21.48
2106    7    17.98    25.74
2106    8    25.14    23.99
2106    9    83.38    16.94
2106   10   109.48    10.52
2106   11    83.97     7.75
2106   12    67.56     1.74
2107    1    53.71     2.88
2107    2    94.66     2.99
2107    3    87.36     5.41
2107    4   102.56     9.62
2107    5    92.96    14.38
2107    6    84.94    20.25
2107    7    33.94    23.39
2107    8    65.50    20.77
2107    9   111.69    16.08
2107   10    56.02    12.73
2107   11    31.73     7.61
2107   12    48.57     1.74
2108    1    74.77    -1.40
2108    2    52.74    -1.66
2108    3   120.58     3.12
2108    4   158.10     9.02
2108    5    85.18    15.00
2108    6    96.92    19.26
2108    7    42.47    22.42
2108    8    37.92    24.79
2108    9    85.45    16.58
2108   10    52.05    12.07
2108   11    96.17     6.65
2108   12    56.05     1.44
2109    1    16.37     1.60
2109    2    64.79    -2.65
2109    3   124.47     2.55
2109    4    47.08    10.21
2109    5   102.87    16.51
2109    6    44.49    19.53
2109    7    46.85    22.91
2109    8    65.90    21.93
2109    9    81.03    15.76
2109   10    73.42    10.64
2109   11    72.00     6.46
2109   12    63.99     3.51
2110    1    60.51     0.11
2110    2    24.70     3.56
2110    3    70.64     6.89
2110    4    69.23     8.49
2110    5   158.12    12.40
2110    6   180.08    19.46
2110    7    18.42    19.96
2110    8    22.54    24.10
2110    9    76.29    16.45
2110   10    73.48    12.97
2110   11    36.30     8.12
2110   12    51.04     0.31
2111    1    62.61     2.01
2111    2    67.17     2.93
2111    3    42.21     6.97
2111    4    71.93     8.28
2111    5   175.27    13.53
2111    6   110.99    20.59
2111    7    61.05    22.85
2111    8    70.92    23.31
2111    9    95.22    17.60
2111   10    77.35    13.27
2111   11    64.03     6.71
2111   12    48.73     2.86
2112    1    84.67     0.24
2112    2    48.72     1.25
2112    3    67.85     8.53
2112    4    64.25    10.96
2112    5    88.89    13.58
2112    6    72.74    18.89
2112    7     5.08    24.73
2112    8    24.84    24.80
2112    9    41.66    20.37
2112   10    68.40    11.78
2112   11    24.92     4.94
2112   12    50.23     0.41
2113    1    43.84     1.55
2113    2    44.18     1.98
2113    3   118.94     3.80
2113    4    80.73     6.74
2113    5   151.01    11.83
2113    6    58.04    19.79
2113    7    15.12    25.70
2113    8    27.11    22.67
2113    9    44.26    18.09
2113   10    58.98    13.05
2113   11    85.76     6.65
2113   12    75.22     2.97
2114    1    97.98    -1.26
2114    2    63.89     1.98
2114    3    60.46     6.47
2114    4   130.94     7.01
2114    5   124.30    16.34
2114    6   119.23    19.77
2114    7    57.44    23.45
2114    8     9.66    25.97
2114    9    43.90    20.15
2114   10   112.37     9.02
2114   11    98.31     4.97
2114   12    24.45     3.17
2115    1    22.33     1.24
2115    2    50.58     2.60
2115    3    19.81    10.14
2115    4   125.52     9.26
2115    5   122.02    13.11
2115    6   107.31    18.85
2115    7    61.76    21.92
2115    8    33.73    23.81
2115    9    60.07    17.75
2115   10   109.10     9.39
2115   11    36.73     4.12
2115   12    31.52     1.92
2116    1    31.03     3.92
2116    2    76.55     0.89
2116    3    65.74     4.64
2116    4    92.37    11.01
2116    5    79.93    13.29
2116    6   129.22    19.46
2116    7    48.18    23.07
2116    8    36.33    23.36
2116    9    92.15    16.14
2116   10    34.97    15.08
2116   11    83.70     5.85
2116   12    43.80     4.77
2117    1    88.97     1.07
2117    2    46.26     1.92
2117    3    96.48     4.91
2117    4    55.96    12.94
2117    5    92.46    16.87
2117    6    97.06    18.92
2117    7    50.75    21.11
2117    8    68.12    22.01
2117    9   115.92    16.44
2117   10    52.58     9.96
2117   11    69.66     6.89
2117   12    31.78     3.52
2118    1    26.75     1.94
2118    2    37.03     3.29
2118    3    89.73     6.05
2118    4   150.33    10.16
2118    5    53.72    16.86
2118    6    12.44    22.97
2118    7    10.96    27.08
2118    8    36.89    24.83
2118    9    59.14    20.38
2118   10   109.23    10.55
2118   11    42.01     5.94
2118   12    39.56     2.86
2119    1    47.52    -1.77
2119    2    13.11     1.47
2119    3    55.81     6.24
2119    4    59.88     9.55
2119    5    94.11    17.93
2119    6    98.85    18.62
2119    7    63.28    20.98
2119    8    12.84    24.74
2119    9    54.08    20.40
2119   10    54.66    13.44
2119   11    55.40     4.10
2119   12    67.03     2.54
2120    1    20.99     3.76
2120    2    49.35     3.11
2120    3   112.91     0.09
2120    4    55.57    11.85
2120    5   152.26    14.37
2120    6   109.57    19.37
2120    7    58.71    23.61
2120    8    57.25    22.85
2120    9    39.31    16.24
2120   10    49.08    15.12
2120   11    30.22     7.51
2120   12    64.62     4.26
2121    1    53.10     0.02
2121    2    78.95     3.26
2121    3    51.58     7.94
2121    4    81.42    10.00
2121    5   126.61    15.44
2121    6   177.63    18.55
2121    7    15.73    23.85
2121    8     8.85    24.22
2121    9    91.92    14.64
2121   10   102.21    11.71
2121   11    47.89     7.65
2121   12    52.21     2.38
2122    1    66.92     0.47
2122    2    38.43     1.02
2122    3    97.11     4.99
2122    4   128.61     6.48
2122    5   136.12    14.72
2122    6   153.92    18.45
2122    7    16.69    24.71
2122    8    48.78    21.27
2122    9    83.12    16.12
2122   10    93.74     8.56
2122   11   143.44     5.01
2122   12    41.87    -1.21
2123    1    42.73     3.02
2123    2   110.94    -0.83
2123    3   124.65     0.95
2123    4    42.03    11.14
2123    5    94.07    14.57
2123    6    41.19    20.05
2123    7    24.94    24.90
2123    8    24.03    25.28
2123    9    24.64    19.32
2123   10    92.63    12.71
2123   11    12.00     6.63
2123   12    37.55     3.75
2124    1    47.57     0.31
2124    2    61.26     1.11
2124    3    45.15     7.58
2124    4   156.04     7.28
2124    5   125.31    15.47
2124    6     8.20    23.36
2124    7    31.36    23.52
2124    8    28.69    25.97
2124    9    58.25    16.31
2124   10    30.38    11.09
2124   11    45.13     6.35
2124   12    29.21     2.44
2125    1    62.96    -0.18
2125    2    52.39     2.74
2125    3    87.71     3.72
2125    4   153.64     7.43
2125    5   100.18    16.23
2125    6   135.77    20.01
2125    7    81.52    21.70
2125    8    28.58    24.25
2125    9    78.62    17.38
2125   10   117.84    10.87
2125   11    40.41     7.06
2125   12    56.19     3.63
2126    1    70.75     3.47
2126    2    68.09     1.00
2126    3    54.80     9.00
2126    4   103.15     8.31
2126    5   133.31    15.16
2126    6   114.98    18.73
2126    7    60.58    21.15
2126    8    62.63    22.67
2126    9    86.70    17.17
2126   10   169.44     9.47
2126   11    33.69     5.65
2126   12    65.97     0.52
2127    1    40.54     0.85
2127    2    59.24    -1.29
2127    3    39.12     4.96
2127    4    54.42    12.69
2127    5   108.78    19.29
2127    6    76.41    18.93
2127    7    20.49    23.42
2127    8    47.62    23.63
2127    9    75.58    16.00
2127   10   149.14     9.31
2127   11    62.60     7.09
2127   12    39.78     4.15
2128    1    50.51     0.34
2128    2    64.87     2.59
2128    3   147.62     0.22
2128    4    75.06     8.77
2128    5   119.84    15.46
2128    6    98.22    19.42
2128    7    19.46    24.90
2128    8    37.97    24.25
2128    9    53.96    18.69
2128   10    47.48     9.24
2128   11    17.79     6.23
2128   12    11.61     2.96
2129    1    49.17     3.41
2129    2    58.34    -0.57
2129    3    71.87     4.14
2129    4    75.23     9.16
2129    5   105.11    13.92
2129    6    63.45    20.43
2129    7    39.76    24.50
2129    8    25.52    26.73
2129    9   125.34    16.74
2129   10    54.50    11.26
2129   11    84.76     6.64
2129   12    47.68     3.84
2130    1    38.63     1.41
2130    2   108.64     2.75
2130    3    71.35     6.85
2130    4   130.30     8.59
2130    5   201.47    15.30
2130    6    45.18    21.02
2130    7    19.33    24.23
2130    8    31.37    23.20
2130    9    81.43    16.53
2130   10    45.35    10.78
2130   11    67.20     5.32
2130   12    36.26     1.94
2131    1    54.72     2.42
2131    2    52.04     1.62
2131    3    63.68     6.29
2131    4   110.72     9.19
2131    5   121.67    13.06
2131    6   120.55    19.73
2131    7    71.25    22.15
2131    8   101.51    21.29
2131    9    77.46    14.58
2131   10    69.74     9.37
2131   11    60.12     5.53
2131   12    43.79     0.24
2132    1    47.74     0.20
2132    2    51.30     2.15
2132    3   106.83     0.29
2132    4   109.13     3.64
2132    5   111.95    13.72
2132    6    97.83    18.99
2132    7    41.66    22.05
2132    8    76.65    20.54
2132    9    50.86    15.96
2132   10    44.58     9.85
2132   11    56.23     7.93
2132   12    59.77     2.45
2133    1    52.21     3.08
2133    2    75.24     2.22
2133    3    52.61     3.08
2133    4    70.46     9.59
2133    5   129.35    11.84
2133    6    67.51    19.65
2133    7    43.51    22.85
2133    8    51.44    22.03
2133    9    77.22    16.75
2133   10    40.21    14.16
2133   11    50.24     6.68
2133   12    61.48     2.08
2134    1    77.26     1.05
2134    2    27.16     2.14
2134    3    86.35     5.14
2134    4   194.35     6.98
2134    5   151.02    15.34
2134    6    64.05    21.33
2134    7    23.39    24.12
2134    8    30.37    26.36
2134    9    44.05    20.09
2134   10    34.02    12.61
2134   11    81.17     7.30
2134   12    85.33     3.34
2135    1    48.05     3.08
2135    2    45.33     1.28
2135    3    58.65     5.67
2135    4    72.89    12.26
2135    5   103.20    17.55
2135    6   138.44    18.58
2135    7    26.73    25.39
2135    8    51.17    21.95
2135    9    79.05    17.90
2135   10    62.32    11.26
2135   11    12.86     4.65
2135   12    76.89     3.01
2136    1    53.36     1.54
2136    2    57.24     1.55
2136    3    74.50     4.26
2136    4   169.52     6.50
2136    5   112.55    12.79
2136    6   153.26    19.96
2136    7    43.13    22.49
2136    8    92.01    21.14
2136    9    99.02    14.09
2136   10    75.92     9.55
2136   11    86.14     4.87
2136   12    36.05     3.23
2137    1    84.67     0.47
2137    2    40.74     1.60
2137    3    59.55     6.57
2137    4   103.90     9.85
2137    5    86.20    15.77
2137    6   124.43    17.84
2137    7    15.16    23.74
2137    8    36.70    23.26
2137    9    37.42    18.51
2137   10   222.93    10.41
2137   11    59.03     5.53
2137   12    41.76     0.95
2138    1    97.57     0.39
2138    2    92.57     0.37
2138    3    80.33     3.98
2138    4   109.87     7.14
2138    5   134.31    14.90
2138    6   129.84    18.79
2138    7   135.95    22.54
2138    8    81.10    20.41
2138    9    80.76    16.36
2138   10    50.81    13.52
2138   11    66.99     6.60
2138   12    39.72     1.12
2139    1    63.20    -2.61
2139    2    49.42     3.56
2139    3   122.49     3.20
2139    4    98.56     5.22
2139    5   172.53    12.44
2139    6    84.25    19.33
2139    7    25.75    23.26
2139    8    51.92    22.17
2139    9    65.70    16.37
2139   10    51.19    12.99
2139   11    78.36     5.62
2139   12   113.86     2.61
2140    1    41.59     1.57
2140    2    60.47     2.82
2140    3    94.42     1.00
2140    4   111.72     9.20
2140    5   138.73    15.08
2140    6    34.28    19.33
2140    7    32.74    22.96
2140    8    61.48    22.16
2140    9    39.12    18.20
2140   10    91.41    11.98
2140   11    82.47     3.98
2140   12    30.74     3.06
2141    1    55.34     1.19
2141    2    42.02     2.69
2141    3   105.00     3.96
2141    4    68.64    11.28
2141    5   117.90    14.57
2141    6   139.31    18.38
2141    7    31.82    24.19
2141    8    40.59    23.97
2141    9    71.85    17.93
2141   10    73.99    10.98
2141   11    22.02     9.87
2141   12    79.85     1.77
2142    1    45.10     3.17
2142    2    36.62     3.54
2142    3   100.25     2.30
2142    4    97.55     9.17
2142    5   113.41    15.05
2142    6    36.74    22.25
2142    7    10.03    25.12
2142    8    33.97    26.54
2142    9    89.06    16.48
2142   10   136.42     9.50
2142   11    91.80     7.74
2142   12    81.19     1.41
2143    1    98.83    -1.38
2143    2    50.60     3.01
2143    3    63.38     5.58
2143    4    69.92    11.65
2143    5    78.86    16.12
2143    6    52.00    19.15
2143    7    35.50    24.26
2143    8    82.42    22.09
2143    9    60.45    17.74
2143   10   115.42    12.94
2143   11    82.20     6.35
2143   12    52.35     0.82
2144    1    36.55     1.81
2144    2    52.00    -0.20
2144    3    77.71     2.67
2144    4    77.53     5.86
2144    5   103.45    14.83
2144    6    52.76    20.45
2144    7     9.05    26.12
2144    8    49.08    23.02
2144    9   187.28    16.79
2144   10    38.59    13.38
2144   11    33.42     4.76
2144   12    61.06     0.22
2145    1    30.99     1.48
2145    2    24.94     3.74
2145    3    76.08     6.55
2145    4   130.01    10.00
2145    5   158.77    15.69
2145    6    85.01    17.80
2145    7    28.75    23.71
2145    8    72.49    22.07
2145    9    98.15    17.63
2145   10   107.80    10.51
2145   11    21.57     6.51
2145   12    28.62     5.62
2146    1    81.60    -1.78
2146    2    18.39     1.77
2146    3    67.37     5.60
2146    4    72.12    10.57
2146    5   137.44    15.44
2146    6    68.31    21.58
2146    7    16.02    26.44
2146    8    14.79    26.19
2146    9    73.58    18.64
2146   10    29.01    13.04
2146   11    41.72     6.59
2146   12    44.70     0.08
2147    1    40.84    -0.46
2147    2    61.02    -0.56
2147    3    23.64     6.30
2147    4    78.95    11.59
2147    5    50.74    15.71
2147    6    88.02    21.03
2147    7    22.17    25.34
2147    8    48.19    23.82
2147    9   129.69    17.83
2147   10   142.48    13.24
2147   11   111.77     4.78
2147   12    64.26     0.75
2148    1    72.89     0.55
2148    2    95.98    -0.56
2148    3    49.63     4.48
2148    4    74.27    10.06
2148    5   116.03    15.10
2148    6    41.67    23.15
2148    7    12.20    25.56
2148    8    55.91    21.10
2148    9    61.49    17.64
2148   10    46.57    13.28
2148   11    88.98     6.65
2148   12    35.05     2.14
2149    1    41.43     1.70
2149    2    77.53     0.20
2149    3    87.57     3.16
2149    4    63.73     9.33
2149    5   106.64    14.70
2149    6    77.45    20.62
2149    7    21.23    26.54
2149    8    97.17    22.97
2149    9    32.79    17.76
2149   10    21.07    13.78
2149   11    65.12     7.27
2149   12    54.13     4.32
2150    1    62.65     1.13
2150    2    23.45     2.85
2150    3    44.94     8.47
2150    4    58.97     9.34
2150    5   120.31    14.85
2150    6    62.79    21.08
2150    7    42.22    24.55
2150    8    29.34    24.76
2150    9    66.84    17.56
2150   10    51.52     9.45
2150   11    46.32     7.25
2150   12    55.85     1.87
2151    1    31.48     0.79
2151    2    53.18     3.61
2151    3    33.78     6.15
2151    4    46.66     8.76
2151    5    89.32    14.07
2151    6    28.96    19.14
2151    7     6.11    27.91
2151    8    19.84    24.76
2151    9    51.18    18.89
2151   10    34.69     9.56
2151   11    49.70     4.48
2151   12    30.15     1.42
2152    1    91.33    -7.67
2152    2    26.85     1.28
2152    3    34.15     7.64
2152    4    97.42    10.81
2152    5   129.04    14.74
2152    6    37.41    20.14
2152    7    48.62    24.03
2152    8    24.19    23.63
2152    9    22.03    18.31
2152   10    69.46    12.96
2152   11    37.21     7.24
2152   12    27.60     3.78
2153    1    56.01     1.18
2153    2    64.22     2.80
2153    3    64.52     6.67
2153    4    95.87     8.11
2153    5    87.45    15.55
2153    6   114.34    18.80
2153    7    32.93    24.41
2153    8    81.41    23.91
2153    9    78.73    15.97
2153   10    88.49    11.03
2153   11    24.37     7.55
2153   12    55.36     1.25
2154    1    70.44    -2.55
2154    2    34.41     0.63
2154    3    80.48     4.14
2154    4   111.26     9.75
2154    5   114.97    14.63
2154    6    85.21    21.37
2154    7    49.33    23.64
2154    8    15.48    27.49
2154    9    72.30    17.34
2154   10    63.09     9.79
2154   11    54.21     7.79
2154   12    45.49     2.96
2155    1    49.16     2.26
2155    2    27.55     5.13
2155    3   102.67     4.01
2155    4    64.30    11.44
2155    5   109.48    16.29
2155    6    66.23    20.60
2155    7    63.63    22.14
2155    8    42.58    23.75
2155    9    71.69    17.61
2155   10    78.31    11.86
2155   11   117.12     7.96
2155   12    39.79     1.34
2156    1    42.41     1.22
2156    2    38.26    -0.50
2156    3    87.00     5.43
2156    4   100.04    10.38
2156    5   109.77    14.02
2156    6    27.67    18.48
2156    7    36.60    26.60
2156    8    43.11    23.48
2156    9    87.76    18.22
2156   10    42.46    11.28
2156   11   105.46     6.02
2156   12    45.71     2.11
2157    1    65.99     1.33
2157    2    91.84     2.89
2157    3    72.11     2.94
2157    4   107.41     7.27
2157    5    68.31    15.32
2157    6    31.75    19.22
2157    7    22.26    26.14
2157    8    67.29    23.33
2157    9    35.17    19.98
2157   10   126.15    11.61
2157   11    89.15     5.28
2157   12    78.70     0.00
2158    1    52.65     2.43
2158    2    84.72     1.33
2158    3   105.16     2.33
2158    4   162.29     5.19
2158    5    87.05    14.70
2158    6   113.81    19.85
2158    7    31.39    23.97
2158    8    30.71    24.55
2158    9    64.15    16.03
2158   10   138.26    12.40
2158   11    28.11     6.49
2158   12    53.03     2.33
2159    1    75.72    -0.22
2159    2    38.80     3.01
2159    3    82.73     4.05
2159    4    63.15    11.03
2159    5    99.26    13.23
2159    6    61.28    18.18
2159    7    45.50    24.57
2159    8    67.74    21.44
2159    9    94.37    16.34
2159   10    54.16    10.54
2159   11    43.95     5.77
2159   12    87.18     0.45
2160    1    47.43     1.41
2160    2    34.94     0.65
2160    3    61.31     5.38
2160    4   100.40     9.61
2160    5   163.91    13.45
2160    6    51.57    18.63
2160    7    42.91    23.92
2160    8    58.45    21.94
2160    9    69.00    15.52
2160   10   112.63     9.09
2160   11    34.95     4.91
2160   12    52.88     2.24
2161    1    60.98    -1.38
2161    2    33.72     3.06
2161    3    48.06     7.13
2161    4    89.38    10.14
2161    5    77.02    15.26
2161    6    45.01    21.71
2161    7    66.97    23.44
2161    8    72.10    19.63
2161    9    29.25    17.47
2161   10    46.05    11.36
2161   11    51.01     7.81
2161   12    46.28     3.75
2162    1    39.45    -1.52
2162    2    91.70     1.16
2162    3   105.75     1.89
2162    4    70.45     8.72
2162    5    88.19    16.30
2162    6    57.13    19.30
2162    7   122.79    23.82
2162    8    26.23    22.39
2162    9    48.37    17.71
2162   10   106.35    12.91
2162   11    48.24     6.48
2162   12    91.62     3.76
2163    1    53.95     2.24
2163    2    55.67     0.40
2163    3    49.20     7.88
2163    4   109.49     9.28
2163    5   128.23    15.56
2163    6   121.79    20.40
2163    7    34.38    23.80
2163    8    44.73    22.13
2163    9    25.23    19.65
2163   10    88.22    12.34
2163   11    58.86     5.19
2163   12    52.19     4.21
2164    1    34.44     0.76
2164    2    61.30     2.42
2164    3    68.21     6.84
2164    4    43.28    10.70
2164    5    72.35    16.44
2164    6   112.42    20.00
2164    7    57.70    21.74
2164    8    20.04    26.46
2164    9   156.94    14.48
2164   10    90.39     8.92
2164   11    56.45     5.79
2164   12    68.00     2.15
2165    1    64.84    -0.81
2165    2    67.41     1.79
2165    3    54.69     2.47
2165    4   102.66     6.60
2165    5   117.69    15.52
2165    6    74.48    21.44
2165    7     7.35    26.92
2165    8    23.48    23.32
2165    9    44.47    19.30
2165   10   171.64    10.72
2165   11   104.33     3.52
2165   12    48.48     2.06
2166    1    38.70     2.38
2166    2    23.41     5.90
2166    3    42.74     6.20
2166    4    79.77    11.45
2166    5    86.71    16.33
2166    6    69.33    20.06
2166    7    37.70    23.38
2166    8   100.32    20.13
2166    9    85.79    16.18
2166   10   112.48    13.01
2166   11    65.75     6.73
2166   12    25.97     3.54
2167    1    62.16     2.39
2167    2    40.08     2.72
2167    3    66.71     5.29
2167    4    88.86     8.93
2167    5   133.82    16.31
2167    6    54.75    19.84
2167    7    44.37    22.99
2167    8    79.28    22.03
2167    9    50.40    17.62
2167   10    46.80    10.64
2167   11   184.58     3.82
2167   12    26.68     1.42
2168    1    25.06     2.16
2168    2    83.38     2.19
2168    3    40.93     7.11
2168    4    84.42    15.21
2168    5   133.22    15.12
2168    6    31.45    20.96
2168    7    33.24    25.14
2168    8   118.70    22.02
2168    9   116.91    16.37
2168   10   110.78     9.10
2168   11    48.46     6.61
2168   12    57.35     0.34
2169    1    66.68    -0.54
2169    2    55.11     1.45
2169    3    57.54     8.04
2169    4    76.04    11.73
2169    5   111.63    14.80
2169    6   143.28    19.01
2169    7    42.61    24.81
2169    8    59.51    20.49
2169    9    23.41    17.40
2169   10    49.90    14.27
2169   11   128.45     5.23
2169   12    38.42     0.84
2170    1    51.91    -0.69
2170    2    28.65     2.39
2170    3   116.34     4.15
2170    4   113.72    10.59
2170    5   112.83    15.55
2170    6    95.57    18.23
2170    7    86.64    22.65
2170    8    63.24    20.92
2170    9    41.55    17.62
2170   10    88.73     9.49
2170   11    29.06     4.11
2170   12    29.45     1.83
2171    1    72.85    -2.10
2171    2    53.37     2.54
2171    3    67.34     3.42
2171    4    61.20     9.70
2171    5    92.20    15.43
2171    6    40.41    19.35
2171    7    45.62    22.51
2171    8    51.06    22.76
2171    9   102.03    14.63
2171   10    38.58    10.48
2171   11    46.15     4.72
2171   12    60.22     2.53
2172    1    36.02     2.98
2172    2    29.80     5.02
2172    3    71.15     5.07
2172    4    58.09     6.78
2172    5    79.77    12.62
2172    6    50.56    21.27
2172    7    92.35    22.33
2172    8    52.12    21.35
2172    9    52.67    17.25
2172   10   142.02     7.68
2172   11    55.42     5.98
2172   12    78.59    -0.23
2173    1    33.45    -4.31
2173    2    47.52     1.25
2173    3    43.36     6.11
2173    4    50.19    10.20
2173    5   118.62    17.26
2173    6    79.85    20.69
2173    7    43.57    23.22
2173    8    40.39    24.84
2173    9    51.39    18.37
2173   10   101.98    10.71
2173   11   167.82     5.94
2173   12    51.03     1.73
2174    1    31.94     2.99
2174    2    44.95     4.01
2174    3    97.27     6.77
2174    4    56.36     7.92
2174    5    69.42    14.35
2174    6    37.46    23.77
2174    7    63.91    25.15
2174    8    54.30    23.52
2174    9    91.20    16.27
2174   10    63.72    11.34
2174   11    16.53     7.13
2174   12    41.91     0.71
2175    1    45.50     1.07
2175    2    63.50     4.27
2175    3    90.85     4.12
2175    4    67.86    12.63
2175    5   131.49    14.64
2175    6    93.38    20.56
2175    7    16.68    25.86
2175    8    40.34    23.20
2175    9    41.12    19.18
2175   10   111.35    12.18
2175   11    39.98     6.65
2175   12    96.05     0.92
2176    1    26.32     3.96
2176    2    52.96     0.79
2176    3    95.11     5.37
2176    4    75.55     8.02
2176    5   162.95    13.82
2176    6    47.96    20.79
2176    7    34.99    25.73
2176    8    15.72    26.83
2176    9   102.11    16.89
2176   10    39.68    12.94
2176   11    52.25     6.57
2176   12   106.75     4.18
2177    1    28.37     0.58
2177    2    89.41     1.39
2177    3    23.90     6.81
2177    4    50.29    12.86
2177    5   134.34    15.36
2177    6   193.82    18.02
2177    7    26.25    23.12
2177    8    37.76    24.25
2177    9   127.43    15.06
2177   10    67.80     9.75
2177   11    29.30     7.24
2177   12    75.38     4.56
2178    1    54.59     1.58
2178    2    16.61     5.21
2178    3    39.79     8.31
2178    4   134.13     7.41
2178    5   139.28    15.00
2178    6    64.28    20.10
2178    7    42.60    23.71
2178    8    40.31    24.25
2178    9   135.57    17.08
2178   10    67.87    11.08
2178   11    15.23     6.57
2178   12    41.00     2.42
2179    1    50.19     1.06
2179    2    99.99    -2.33
2179    3    99.39     4.50
2179    4   129.27     9.21
2179    5   146.50    16.00
2179    6   131.49    19.27
2179    7    32.19    22.98
2179    8    36.28    24.63
2179    9    52.75    18.45
2179   10   100.03    11.94
2179   11   120.79     5.98
2179   12    29.35     3.64
2180    1    30.59     3.14
2180    2    78.34     1.81
2180    3    91.31     3.90
2180    4    82.06    11.34
2180    5   198.47    15.21
2180    6    80.88    19.57
2180    7    41.71    23.02
2180    8   125.33    22.46
2180    9    23.33    18.68
2180   10    75.27    10.56
2180   11    58.26     7.64
2180   12    89.52     2.76
2181    1    38.90     1.52
2181    2    47.41     4.41
2181    3    76.06     6.51
2181    4   153.93     9.03
2181    5   102.31    13.70
2181    6    53.28    20.25
2181    7    28.16    23.34
2181    8   126.41    23.78
2181    9    72.55    17.36
2181   10    26.42    11.81
2181   11    32.40     7.94
2181   12    69.94     2.31
2182    1    35.91     1.64
2182    2    19.90     3.62
2182    3    58.47     5.62
2182    4    83.83    11.53
2182    5    78.86    17.81
2182    6    43.48    21.72
2182    7    52.93    23.68
2182    8    60.65    24.92
2182    9    44.02    17.01
2182   10    36.39    14.09
2182   11   170.44     5.58
2182   12    62.77     2.42
2183    1    59.96     1.63
2183    2    12.37     6.17
2183    3    75.67     6.81
2183    4   136.82     9.55
2183    5   168.55    14.78
2183    6   139.61    18.70
2183    7    10.67    25.23
2183    8    87.57    22.36
2183    9   100.71    17.04
2183   10    75.51    10.19
2183   11    37.66     7.21
2183   12    87.02     1.41
2184    1    26.67     2.27
2184    2    47.15     3.41
2184    3    54.48     6.12
2184    4    41.57    10.78
2184    5   150.88    12.51
2184    6   109.74    18.32
2184    7    32.91    23.28
2184    8    75.40    20.48
2184    9    65.09    18.21
2184   10    50.87    11.41
2184   11    36.84     8.73
2184   12    64.07     2.75
2185    1    46.71     2.04
2185    2    62.45     0.39
2185    3   122.62     2.43
2185    4   108.90    10.70
2185    5   190.87    17.19
2185    6    74.24    22.47
2185    7    20.98    22.94
2185    8    14.04    25.22
2185    9   113.35    15.80
2185   10    57.09    12.39
2185   11    43.29     7.43
2185   12    22.34     2.41
2186    1    71.21    -0.71
2186    2    46.66     1.02
2186    3    46.48     1.82
2186    4    96.16    10.89
2186    5   111.04    17.08
2186    6    79.96    19.08
2186    7    38.28    23.62
2186    8    41.79    23.89
2186    9    37.36    17.09
2186   10   104.77     9.78
2186   11    43.30     3.58
2186   12    31.39     2.54
2187    1    42.99     1.76
2187    2    62.47    -0.99
2187    3    51.31     5.38
2187    4    59.73     8.83
2187    5   145.79    15.79
2187    6   100.68    18.94
2187    7    44.66    21.78
2187    8    58.11    24.34
2187    9   106.52    16.61
2187   10    40.48    12.50
2187   11    87.54     5.96
2187   12    61.02     2.28
2188    1    36.45     1.26
2188    2    68.22     3.26
2188    3   111.93     5.54
2188    4    80.76    10.01
2188    5    71.57    15.48
2188    6    45.73    17.94
2188    7    14.53    25.61
2188    8    66.84    22.29
2188    9   167.17    16.10
2188   10    46.80    11.26
2188   11    37.17     6.28
2188   12    67.51     1.63
2189    1    66.86     0.39
2189    2    88.60     3.09
2189    3   139.49     2.52
2189    4    93.02     9.10
2189    5    82.53    13.81
2189    6    45.70    19.43
2189    7     7.98    24.98
2189    8    13.82    26.15
2189    9   106.62    16.87
2189   10    45.95    10.60
2189   11    15.27     5.69
2189   12    18.30     2.86
2190    1    64.33     1.64
2190    2    55.62    -0.21
2190    3    78.27     2.48
2190    4    78.54    12.61
2190    5    79.74    15.35
2190    6    59.62    22.83
2190    7    19.76    24.96
2190    8    44.88    22.75
2190    9   122.64    14.66
2190   10    77.78    11.53
2190   11    50.33     5.23
2190   12    34.52     1.72
2191    1    57.93     0.15
2191    2    26.33     5.41
2191    3   101.33     2.64
2191    4   114.43     8.95
2191    5   143.01    16.58
2191    6   130.53    19.87
2191    7    20.32    24.83
2191    8    67.07    21.55
2191    9   136.04    17.25
2191   10    77.45    11.18
2191   11    46.08     7.81
2191   12    77.15     1.95
2192    1    58.29     0.53
2192    2    29.60     3.42
2192    3    76.54     4.82
2192    4    75.23    10.57
2192    5   101.77    14.59
2192    6   124.62    19.12
2192    7    26.01    22.23
2192    8    17.74    24.58
2192    9    60.60    17.30
2192   10   104.92    10.46
2192   11    29.77     6.52
2192   12    62.26     1.01
2193    1    43.40     1.21
2193    2    65.05     2.24
2193    3    76.83     4.52
2193    4   107.50     9.74
2193    5   114.12    14.73
2193    6    79.64    18.75
2193    7    31.32    23.17
2193    8    35.70    25.60
2193    9   118.54    19.61
2193   10    74.57    10.43
2193   11    22.65     5.95
2193   12    22.75     2.14
2194    1    69.07     0.73
2194    2    68.65     0.09
2194    3    77.31     4.20
2194    4    50.76     8.70
2194    5    42.80    19.16
2194    6    52.40    20.50
2194    7    10.03    26.51
2194    8    39.77    24.72
2194    9    84.47    20.39
2194   10    76.82    12.84
2194   11    23.85     6.99
2194   12    55.06     1.94
2195    1    35.74     2.29
2195    2    69.12     0.95
2195    3    42.64     8.16
2195    4   126.96    10.48
2195    5   105.47    16.13
2195    6    99.53    20.32
2195    7    24.52    22.63
2195    8    14.43    26.68
2195    9    89.63    15.95
2195   10    97.66     9.25
2195   11   113.79     3.55
2195   12    74.79    -4.46
2196    1    82.66    -2.93
2196    2    48.74    -4.52
2196    3    37.18     3.72
2196    4    81.11     9.41
2196    5   153.53    14.10
2196    6    91.21    18.58
2196    7    15.29    24.90
2196    8    39.75    24.40
2196    9    42.59    18.29
2196   10    60.42    11.94
2196   11    50.32     8.29
2196   12    34.83     3.88
2197    1   111.99    -0.77
2197    2    49.17     3.15
2197    3    58.55     8.39
2197    4   139.67    10.19
2197    5   150.12    15.86
2197    6    53.84    18.53
2197    7    44.61    25.31
2197    8   156.04    21.22
2197    9    14.90    18.76
2197   10   130.57    12.18
2197   11    64.40     8.00
2197   12   144.25     1.33
2198    1    71.13    -1.82
2198    2    12.72     5.34
2198    3    44.57     5.88
2198    4    95.56     8.14
2198    5   131.24    16.62
2198    6   119.90    18.24
2198    7    35.01    23.12
2198    8    29.59    21.02
2198    9    40.95    17.35
2198   10   164.15    10.90
2198   11    44.72     6.42
2198   12    62.26     2.74
2199    1    68.65     1.16
2199    2    20.08     6.77
2199    3    56.46     4.60
2199    4   111.60     8.90
2199    5   135.23    14.44
2199    6    61.03    19.51
2199    7     2.73    26.37
2199    8    37.35    25.25
2199    9   105.62    17.36
2199   10    36.76    13.39
2199   11    73.49     8.79
2199   12    88.94     2.79
2200    1   129.48    -0.82
2200    2    41.79     4.11
2200    3    76.53     5.25
2200    4    99.38     8.65
2200    5   124.96    15.74
2200    6   111.67    18.32
2200    7    60.44    24.13
2200    8    16.77    26.85
2200    9    59.77    19.41
2200   10    51.74    11.37
2200   11    50.69     7.40
2200   12    93.23     2.38
2201    1    36.21    -0.67
2201    2    45.33     3.13
2201    3    79.75     8.58
2201    4   104.75     9.12
2201    5   161.75    16.83
2201    6    76.28    21.08
2201    7    55.36    22.03
2201    8    25.92    23.34
2201    9    95.60    17.26
2201   10    48.65    10.29
2201   11    35.66     8.66
2201   12    67.46     1.86
2202    1   119.23    -0.70
2202    2    46.83    -0.49
2202    3    85.03     5.23
2202    4   116.57     7.43
2202    5   109.26    14.08
2202    6   128.16    18.96
2202    7    13.28    23.45
2202    8    35.42    24.22
2202    9    56.72    16.77
2202   10    70.79    11.31
2202   11    75.76     6.47
2202   12    48.33     1.86
2203    1    31.25     0.65
2203    2    78.57     1.05
2203    3    32.47     5.72
2203    4   144.73     8.54
2203    5   226.17    12.82
2203    6    86.98    19.81
2203    7    41.94    23.84
2203    8    40.20    23.03
2203    9   139.50    14.32
2203   10    45.02     9.75
2203   11    65.31     8.42
2203   12    46.92     1.02
2204    1    17.86     1.93
2204    2    28.17     3.20
2204    3    71.60     5.28
2204    4   102.50     6.45
2204    5   104.72    15.35
2204    6   157.89    18.27
2204    7    57.23    23.09
2204    8    22.16    26.36
2204    9    45.29    17.53
2204   10    65.55    10.53
2204   11    58.47     6.70
2204   12    30.55     3.36
2205    1    91.31    -0.24
2205    2    36.22     1.02
2205    3    70.22     7.59
2205    4   100.06    11.13
2205    5   132.74    16.54
2205    6    49.65    22.04
2205    7    32.47    26.73
2205    8    18.92    24.11
2205    9    33.77    19.78
2205   10    93.51    13.33
2205   11    29.23     9.71
2205   12   150.16     2.99
2206    1    49.87     3.55
2206    2    89.09     1.85
2206    3    81.31     4.50
2206    4    75.93     9.08
2206    5    87.90    16.22
2206    6    98.87    18.41
2206    7    76.35    22.64
2206    8    27.05    24.11
2206    9    42.23    17.94
2206   10    69.53    12.67
2206   11    94.44     7.68
2206   12    66.37     1.16
2207    1    41.69     0.94
2207    2    49.46     1.68
2207    3   142.14     4.42
2207    4   142.86     7.98
2207    5   141.95    15.44
2207    6    90.87    18.91
2207    7    56.91    21.88
2207    8    50.04    22.57
2207    9    69.30    16.02
2207   10    63.22    11.24
2207   11   127.64     4.02
2207   12    26.12     1.18
2208    1    42.41     3.06
2208    2    54.96     4.69
2208    3    98.37     1.60
2208    4    67.63     7.81
2208    5   137.51    15.29
2208    6    62.76    21.32
2208    7    25.64    23.83
2208    8    59.50    21.59
2208    9    74.17    15.07
2208   10    73.73    10.62
2208   11    53.93     7.57
2208   12    55.38     3.48
2209    1    37.07     2.82
2209    2    78.44     1.88
2209    3   136.12     2.38
2209    4    85.31     6.40
2209    5   113.76    13.90
2209    6    18.11    20.53
2209    7    20.50    22.99
2209    8    14.10    25.43
2209    9   138.18    15.68
2209   10   176.86    11.08
2209   11    47.60     4.90
2209   12    83.75     1.43
2210    1    35.97     1.04
2210    2    70.51    -3.80
2210    3    52.42     6.10
2210    4    99.77     8.81
2210    5   183.49    14.47
2210    6    25.75    20.67
2210    7    19.02    24.69
2210    8    31.21    24.07
2210    9    70.66    15.34
2210   10    92.49     9.04
2210   11    77.94     5.33
2210   12    31.90     3.24
2211    1   110.33    -2.36
2211    2    40.36     0.64
2211    3    49.34     3.43
2211    4   202.08     8.48
2211    5   159.46    15.05
2211    6    64.96    19.25
2211    7    24.43    24.16
2211    8    90.55    20.50
2211    9    46.12    16.25
2211   10   124.85    11.91
2211   11    84.05     6.45
2211   12    44.80     4.88
2212    1    79.34    -0.40
2212    2    67.92     2.67
2212    3   142.08     1.07
2212    4    54.17    14.31
2212    5   111.98    13.28
2212    6    91.17    18.49
2212    7    27.17    25.46
2212    8    53.11    23.38
2212    9   104.83    16.11
2212   10    80.51    10.49
2212   11    66.25     4.59
2212   12    45.78     1.80
2213    1    62.81     2.30
2213    2    47.77     3.37
2213    3    94.25     1.74
2213    4    52.45     9.79
2213    5   124.66    15.02
2213    6    38.34    18.68
2213    7    29.90    23.32
2213    8    37.93    25.17
2213    9    43.83    15.00
2213   10    40.46    12.42
2213   11    46.76     7.12
2213   12    45.77     2.53
2214    1    82.52    -3.40
2214    2    36.15     2.99
2214    3    91.21     4.56
2214    4   110.52     8.26
2214    5   116.11    14.91
2214    6   114.03    19.43
2214    7     4.15    25.47
2214    8    25.98    24.47
2214    9    22.37    20.53
2214   10    59.45     9.09
2214   11    65.73     6.80
2214   12    50.28     4.56
2215    1    52.35     0.64
2215    2    86.50     2.68
2215    3    61.11     4.05
2215    4   135.59     8.14
2215    5   140.09    16.42
2215    6    89.73    19.37
2215    7    67.62    23.78
2215    8    36.48    23.40
2215    9    78.42    19.28
2215   10    64.40    13.65
2215   11    58.62     8.47
2215   12    47.58     1.69
2216    1    20.10     1.84
2216    2    36.01     4.78
2216    3    48.11     7.70
2216    4    88.40     7.42
2216    5   146.81    14.14
2216    6   111.95    18.60
2216    7    23.84    25.27
2216    8   104.48    23.25
2216    9    70.92    18.43
2216   10   190.64    12.84
2216   11    61.42     6.86
2216   12   102.77     1.93
2217    1    26.24     2.37
2217    2    43.72     3.26
2217    3    38.73     4.26
2217    4   150.46     6.79
2217    5   122.10    12.12
2217    6    90.35    18.12
2217    7    22.13    23.52
2217    8    35.14    24.03
2217    9   103.39    18.43
2217   10    58.50    11.68
2217   11   103.70     4.57
2217   12    40.77     3.42
2218    1    61.57     2.43
2218    2    56.23     0.12
2218    3    90.23     5.37
2218    4   103.21     7.58
2218    5   153.57    13.63
2218    6    73.40    17.67
2218    7    21.00    24.10
2218    8    36.34    25.10
2218    9    63.48    17.62
2218   10    47.37    13.39
2218   11    57.80     5.72
2218   12    29.18     3.78
2219    1    41.37    -0.75
2219    2    77.96     1.52
2219    3    56.06     9.87
2219    4   111.10    10.30
2219    5    98.12    12.98
2219    6   116.61    19.28
2219    7    22.40    22.93
2219    8    60.57    24.44
2219    9   120.17    14.37
2219   10    34.54     9.55
2219   11    60.13     2.69
2219   12    49.88     1.90
2220    1    29.04     1.91
2220    2    74.28     3.78
2220    3    86.10     4.36
2220    4    38.14    12.45
2220    5   118.16    16.08
2220    6    61.85    19.29
2220    7    36.48    24.45
2220    8    33.62    25.71
2220    9    93.39    18.50
2220   10    61.78    11.78
2220   11    24.79     5.05
2220   12    74.19     0.81
2221    1    50.65    -0.55
2221    2    79.14     1.27
2221    3    66.58     2.46
2221    4    77.11     9.88
2221    5   118.88    14.28
2221    6    66.75    20.05
2221    7    39.17    23.46
2221    8    37.52    24.51
2221    9    86.47    16.22
2221   10    64.31    10.89
2221   11    50.29     7.53
2221   12    49.65     2.94
2222    1    28.61     2.10
2222    2    23.73     3.49
2222    3   115.60     5.52
2222    4   152.52     8.55
2222    5    84.42    14.97
2222    6   116.68    19.51
2222    7    39.58    22.35
2222    8    59.52    23.13
2222    9    51.39    19.89
2222   10    63.01    12.47
2222   11    31.15     8.40
2222   12    84.38    -2.62
2223    1    40.55     1.72
2223    2    32.20     3.83
2223    3    21.42     5.50
2223    4    96.04     8.49
2223    5   118.54    15.44
2223    6    71.59    20.85
2223    7    21.80    23.76
2223    8    26.25    23.11
2223    9    87.40    18.02
2223   10    72.53    12.83
2223   11    51.34     5.98
2223   12    27.50     3.80
2224    1    35.30     1.50
2224    2    29.91     2.25
2224    3    50.49     7.02
2224    4    97.19    10.13
2224    5   155.77    15.23
2224    6   121.24    17.97
2224    7    43.28    23.39
2224    8    86.06    20.64
2224    9    32.80    17.07
2224   10    15.46    11.92
2224   11    32.12     8.00
2224   12    86.47     1.40
2225    1    83.11     0.19
2225    2    61.40     0.34
2225    3    22.85     7.51
2225    4   150.99     9.00
2225    5    98.88    15.19
2225    6    40.28    21.27
2225    7    12.93    24.61
2225    8    72.65    24.58
2225    9   134.64    17.47
2225   10    72.50    11.75
2225   11    25.84     6.22
2225   12    46.34     3.34
2226    1    37.64     0.90
2226    2    41.91     1.08
2226    3    46.37     6.69
2226    4    49.05    14.13
2226    5   123.23    17.23
2226    6    96.45    19.91
2226    7    26.03    24.61
2226    8    41.39    23.59
2226    9    63.16    17.85
2226   10   106.15     9.22
2226   11   108.35     3.83
2226   12    37.22     2.84
2227    1    64.21     1.62
2227    2    69.65     2.49
2227    3    56.01     6.50
2227    4   137.04     8.59
2227    5   112.07    15.33
2227    6    30.75    23.24
2227    7    13.05    26.92
2227    8    31.46    26.41
2227    9    42.55    20.20
2227   10    99.78    11.31
2227   11   111.31     5.83
2227   12    54.07     4.05
2228    1    80.46     2.20
2228    2    95.32     0.95
2228    3    67.90     4.84
2228    4   167.38     8.98
2228    5   114.66    15.00
2228    6    58.21    20.60
2228    7    36.90    24.17
2228    8    45.67    24.49
2228    9    82.17    17.86
2228   10    65.54     9.74
2228   11    10.50     5.92
2228   12    22.45     2.48
2229    1    36.01     3.27
2229    2    70.20     2.15
2229    3    61.32     4.77
2229    4    57.47    10.48
2229    5   132.92    14.72
2229    6    41.06    21.98
2229    7    13.67    25.55
2229    8    75.61    22.37
2229    9   202.21    17.42
2229   10    31.62    13.12
2229   11    89.70     6.69
2229   12    48.96     2.52
2230    1    35.27     0.22
2230    2    82.79     1.92
2230    3    71.31     5.26
2230    4    82.97     9.20
2230    5    75.85    15.73
2230    6    48.92    21.67
2230    7    28.63    24.73
2230    8    43.80    22.04
2230    9    47.70    16.28
2230   10    55.69    11.68
2230   11   194.09     5.89
2230   12    29.43     2.55
2231    1    55.60     3.46
2231    2    75.56     1.43
2231    3    77.13     4.31
2231    4   117.08     8.15
2231    5   125.28    13.73
2231    6   125.08    19.97
2231    7    16.00    23.96
2231    8    48.84    20.87
2231    9    82.11    19.07
2231   10    55.55    10.47
2231   11    73.15     4.11
2231   12    56.25     2.37
2232    1   111.19    -0.35
2232    2    30.41     2.73
2232    3    53.25     7.10
2232    4   127.06     9.23
2232    5   113.22    14.22
2232    6    69.62    21.53
2232    7    46.13    23.37
2232    8    51.58    25.14
2232    9    93.06    19.09
2232   10    53.85    10.36
2232   11    86.66     6.96
2232   12    48.47     4.02
2233    1    17.79     3.33
2233    2    75.14     1.49
2233    3    78.48     5.94
2233    4   153.51     9.39
2233    5    43.68    16.58
2233    6   101.78    19.74
2233    7    39.48    23.26
2233    8    56.25    22.36
2233    9    78.31    16.57
2233   10    82.93    13.03
2233   11    22.77     7.18
2233   12    40.06     0.81
2234    1    78.71    -0.88
2234    2    45.32     3.63
2234    3    63.02     6.83
2234    4   111.58    10.75
2234    5   153.26    14.35
2234    6   113.46    19.98
2234    7    37.62    24.35
2234    8    47.97    22.53
2234    9    86.34    16.73
2234   10   104.38     9.52
2234   11    39.73     7.87
2234   12    76.83     3.84
2235    1   138.41     0.84
2235    2    57.93     2.43
2235    3   116.11     3.61
2235    4    86.45     7.04
2235    5   153.50    15.81
2235    6    67.24    18.82
2235    7    29.19    24.06
2235    8    44.96    22.97
2235    9    63.67    15.74
2235   10   107.32    11.40
2235   11    60.02     6.09
2235   12    23.36     3.63
2236    1    49.60     2.62
2236    2    26.74     3.64
2236    3   101.30     5.55
2236    4    52.72    10.47
2236    5   106.81    15.79
2236    6   184.58    20.30
2236    7    31.72    23.22
2236    8    28.58    22.58
2236    9    31.62    18.31
2236   10    29.62    12.27
2236   11    48.96     8.21
2236   12    72.29     2.77
2237    1    67.76    -0.69
2237    2    57.45    -0.74
2237    3   153.15     3.66
2237    4    91.23     9.29
2237    5   123.45    14.37
2237    6   108.22    21.82
2237    7    30.60    24.29
2237    8    51.75    23.02
2237    9    80.40    19.56
2237   10    60.26    12.30
2237   11    48.38     7.72
2237   12    35.27     2.87
2238    1    33.17     2.39
2238    2    51.20     3.02
2238    3    75.08     5.51
2238    4    35.34    11.20
2238    5   156.71    14.29
2238    6    78.28    19.18
2238    7    16.60    28.02
2238    8    27.15    26.75
2238    9    68.74    17.04
2238   10    57.47    10.09
2238   11    77.74     2.67
2238   12    55.18     1.59
2239    1    38.30     2.55
2239    2    93.49     1.10
2239    3    52.17     4.96
2239    4   107.76    11.04
2239    5   126.34    14.56
2239    6   136.72    18.74
2239    7    36.35    22.63
2239    8    49.60    24.33
2239    9    25.95    19.72
2239   10    54.68    11.88
2239   11    64.99     5.87
2239   12    32.23     1.42
2240    1    25.36     1.58
2240    2    39.20     2.28
2240    3    86.27     5.24
2240    4    85.61    10.70
2240    5   143.64    15.85
2240    6   123.16    18.68
2240    7    20.81    25.46
2240    8    64.68    21.38
2240    9    76.46    15.45
2240   10   117.05    10.87
2240   11    46.87     7.25
2240   12    51.16     0.31
2241    1    82.34     1.06
2241    2    44.95     1.35
2241    3   100.29     4.00
2241    4    53.64     7.92
2241    5   118.17    13.51
2241    6   173.62    18.85
2241    7    41.29    23.23
2241    8    34.24    24.41
2241    9    68.90    17.78
2241   10   125.40    12.60
2241   11    56.02     6.16
2241   12    28.27     3.68
2242    1    30.44     2.18
2242    2    76.20     0.61
2242    3    86.21     3.38
2242    4    66.78    10.98
2242    5    70.06    16.92
2242    6    32.72    23.36
2242    7    21.26    26.32
2242    8    27.06    25.74
2242    9    98.96    17.74
2242   10    30.16    12.38
2242   11   129.48     7.02
2242   12    24.12     5.04
2243    1    76.94     1.95
2243    2    32.98     3.36
2243    3    73.89     4.02
2243    4    52.43    13.33
2243    5   111.50    16.24
2243    6   124.60    18.97
2243    7    41.98    23.44
2243    8    48.35    23.17
2243    9    75.43    15.14
2243   10    31.19    12.82
2243   11    33.07     7.81
2243   12    66.23     0.73
2244    1    82.35     0.14
2244    2    32.37     2.56
2244    3    78.19     2.68
2244    4    78.89     8.18
2244    5   171.65    15.03
2244    6    79.57    18.65
2244    7    55.61    23.43
2244    8    70.66    22.34
2244    9    91.86    17.07
2244   10    77.88    12.78
2244   11    28.04     5.44
2244   12    88.11     1.29
2245    1    80.38     1.06
2245    2    35.23     0.85
2245    3    55.68     6.91
2245    4   105.66    10.23
2245    5   136.33    14.93
2245    6    99.41    19.10
2245    7    26.36    23.64
2245    8    24.72    25.41
2245    9   197.86    15.66
2245   10    64.56     9.39
2245   11    66.71     5.21
2245   12    25.75     3.64
2246    1    41.26     0.34
2246    2    24.83     3.60
2246    3   105.82     2.53
2246    4    81.12    10.59
2246    5   143.90    16.71
2246    6   128.97    20.50
2246    7    15.96    24.26
2246    8    34.04    26.35
2246    9    91.55    17.87
2246   10    94.02    10.83
2246   11    44.14     7.00
2246   12   136.46     1.45
2247    1    40.50    -0.27
2247    2    72.80    -0.39
2247    3    71.02     5.76
2247    4    79.09     8.62
2247    5   101.72    15.70
2247    6   115.34    19.02
2247    7    29.37    23.49
2247    8    30.67    24.52
2247    9   127.06    17.53
2247   10    42.00    10.24
2247   11    64.01     9.51
2247   12    79.67     1.14
2248    1    66.29    -5.53
2248    2    41.09     2.56
2248    3    71.82     5.59
2248    4    78.69    11.61
2248    5   140.25    14.66
2248    6    49.84    20.87
2248    7     8.87    25.20
2248    8    91.71    21.60
2248    9    36.29    17.46
2248   10   105.93    12.68
2248   11   163.11     4.87
2248   12    57.79     3.51
2249    1    29.17     1.81
2249    2    32.89     0.42
2249    3    45.64     3.84
2249    4    86.41    13.45
2249    5   206.35    16.64
2249    6   105.33    17.77
2249    7    19.43    23.19
2249    8    59.73    22.09
2249    9    32.40    18.78
2249   10    40.92    14.39
2249   11    86.04     4.11
2249   12    75.58     0.89
2250    1    38.20     2.09
2250    2    53.09    -0.86
2250    3    54.64     2.86
2250    4    63.70    10.87
2250    5   153.28    16.45
2250    6   106.08    19.78
2250    7    34.50    24.14
2250    8    62.86    23.62
2250    9    70.99    18.19
2250   10   113.58     9.61
2250   11    98.71     5.14
2250   12    69.98    -2.64
2251    1    38.00     1.67
2251    2    24.71     2.92
2251    3    52.63     5.00
2251    4    80.26     7.61
2251    5   122.37    16.27
2251    6    69.39    20.78
2251    7    37.73    24.64
2251    8    61.78    25.83
2251    9    85.90    18.03
2251   10    78.66     9.04
2251   11    33.93     6.42
2251   12    42.74     3.69
2252    1    26.24    -0.57
2252    2    79.46     3.21
2252    3    58.81     4.46
2252    4    73.92     7.75
2252    5    84.66    18.04
2252    6    61.28    21.04
2252    7    49.16    22.96
2252    8    52.13    22.52
2252    9    52.26    17.27
2252   10    56.06    14.85
2252   11    90.64     7.05
2252   12    56.66     1.96
2253    1    57.76    -1.10
2253    2    50.91     2.60
2253    3    70.09     0.31
2253    4   130.99     7.75
2253    5    65.40    15.12
2253    6    46.63    18.47
2253    7    48.47    23.63
2253    8    57.57    22.98
2253    9    79.61    16.63
2253   10    46.57    10.17
2253   11    98.23     6.56
2253   12    37.04     2.25
2254    1    19.43     2.02
2254    2    49.83     0.94
2254    3    50.36     7.39
2254    4    77.82    10.77
2254    5    85.61    15.48
2254    6    32.39    19.50
2254    7    25.82    26.70
2254    8    65.77    21.97
2254    9    71.13    16.13
2254   10    56.00     9.32
2254   11    29.68     6.33
2254   12    69.35     0.64
2255    1    54.22     0.91
2255    2    41.32     2.45
2255    3    48.78     5.58
2255    4    71.25    11.74
2255    5   102.27    17.26
2255    6    49.47    22.58
2255    7    32.87    24.54
2255    8    81.24    19.91
2255    9    50.75    17.37
2255   10    63.92    11.63
2255   11    25.22     8.30
2255   12    76.47     2.79
2256    1    48.64     2.29
2256    2    31.74     1.33
2256    3    36.39     2.35
2256    4    62.54     9.49
2256    5   117.66    13.72
2256    6   117.19    20.32
2256    7    86.67    24.48
2256    8    32.20    24.99
2256    9    23.94    19.56
2256   10    75.90    12.59
2256   11    15.75     7.68
2256   12    88.97     4.78
2257    1    48.22     2.57
2257    2    39.07     3.15
2257    3   108.70     2.21
2257    4   202.83    11.12
2257    5   142.54    12.57
2257    6   113.82    19.72
2257    7    28.17    22.90
2257    8    24.66    23.66
2257    9   122.19    17.41
2257   10    25.47    11.43
2257   11   116.44     5.97
2257   12    69.04     2.57
2258    1    45.06     1.09
2258    2    39.02     3.64
2258    3   104.42     3.61
2258    4    82.11     7.64
2258    5   100.86    14.64
2258    6    40.50    21.47
2258    7    36.86    25.22
2258    8    39.76    22.39
2258    9    76.09    15.75
2258   10    51.99    13.46
2258   11    39.67     5.16
2258   12    58.17     1.31
2259    1    50.46    -0.77
2259    2    73.33     2.19
2259    3    48.89     4.55
2259    4    77.49     8.96
2259    5   109.74    16.21
2259    6    89.44    20.13
2259    7     2.67    27.55
2259    8    27.93    26.10
2259    9   111.38    18.66
2259   10    41.54    10.01
2259   11    70.57     6.17
2259   12    62.21     2.29
2260    1    79.58    -1.25
2260    2    25.36     1.24
2260    3    81.25     4.78
2260    4   104.19    11.19
2260    5   153.66    15.58
2260    6   117.63    18.81
2260    7    31.79    22.58
2260    8    22.41    23.84
2260    9    61.07    20.31
2260   10   100.73    12.03
2260   11   147.62     3.88
2260   12    19.33     4.57
2261    1    39.15     1.81
2261    2    62.90     3.75
2261    3    99.33     8.03
2261    4    54.65    11.89
2261    5    81.57    15.27
2261    6    70.44    19.00
2261    7    30.13    24.01
2261    8    15.28    24.54
2261    9    44.24    17.49
2261   10    87.88    10.74
2261   11    34.71     6.41
2261   12    68.80     1.64
2262    1    30.18    -1.38
2262    2    44.75     3.74
2262    3    75.44     6.41
2262    4    56.46     9.39
2262    5    75.63    14.59
2262    6    37.59    20.47
2262    7    62.63    24.22
2262    8    24.78    24.08
2262    9    60.10    18.72
2262   10   117.87    11.94
2262   11   155.96     3.44
2262   12   123.08     1.03
2263    1    67.64    -2.82
2263    2    82.51     0.28
2263    3    58.02     5.01
2263    4    95.40     8.20
2263    5   105.17    14.95
2263    6    88.24    20.68
2263    7    45.41    22.50
2263    8    28.78    23.53
2263    9    44.75    16.19
2263   10    53.74    12.61
2263   11    51.65     3.64
2263   12    56.80     3.15
2264    1    43.32     0.48
2264    2    58.10     0.60
2264    3    30.82     3.78
2264    4   103.82    10.28
2264    5   108.23    15.67
2264    6    58.30    18.54
2264    7    43.41    23.37
2264    8    15.64    24.80
2264    9    44.03    16.11
2264   10    27.79    12.93
2264   11   114.77     3.89
2264   12    36.51     3.93
2265    1    34.03    -0.75
2265    2    32.21    -1.70
2265    3    22.24     9.52
2265    4    97.18     9.22
2265    5   124.85    15.78
2265    6    71.57    21.30
2265    7    54.08    24.95
2265    8    49.05    24.15
2265    9    22.94    18.75
2265   10   148.61     9.84
2265   11    83.25     4.06
2265   12    84.73    -0.53
2266    1    95.37     2.20
2266    2    71.56     1.74
2266    3    85.10     3.05
2266    4    77.62    10.20
2266    5    98.18    13.48
2266    6    43.91    21.20
2266    7    29.03    26.67
2266    8    19.68    28.69
2266    9    76.59    18.53
2266   10    62.04    13.53
2266   11    77.27     7.83
2266   12    87.98     4.90
2267    1    74.82     1.20
2267    2    38.96     4.52
2267    3    92.98     5.78
2267    4   105.26    10.48
2267    5    50.80    16.59
2267    6   107.57    20.05
2267    7    81.41    23.07
2267    8     9.82    25.72
2267    9   129.50    16.04
2267   10    39.57    10.66
2267   11    90.75     5.28
2267   12    54.47     4.81
2268    1    61.65     3.02
2268    2    67.41    -1.27
2268    3    21.59     8.05
2268    4   125.22     7.82
2268    5    81.79    16.24
2268    6    74.82    19.61
2268    7    57.40    23.05
2268    8    74.01    22.74
2268    9    72.85    16.36
2268   10    79.90    10.18
2268   11    30.67     4.35
2268   12    58.08     1.37
2269    1    35.34     0.90
2269    2    55.94     3.14
2269    3    98.76     4.32
2269    4    63.76    10.99
2269    5    63.65    13.92
2269    6    62.67    21.11
2269    7    14.78    25.55
2269    8    15.38    26.67
2269    9   110.15    17.01
2269   10    60.64    10.18
2269   11    72.99     6.68
2269   12    64.65     1.62
2270    1    81.28    -0.35
2270    2    41.02     2.75
2270    3    53.57     6.71
2270    4   122.90    10.10
2270    5   112.92    14.90
2270    6    51.33    20.78
2270    7    34.33    24.76
2270    8    41.52    22.40
2270    9    78.41    17.12
2270   10    87.98    13.87
2270   11    59.12     3.86
2270   12    30.68     3.54
2271    1    64.92     1.99
2271    2    82.20     2.19
2271    3    95.22     3.44
2271    4    87.90    11.48
2271    5   151.94    14.42
2271    6   155.16    20.10
2271    7    45.80    22.87
2271    8    94.14    20.71
2271    9    56.52    16.77
2271   10    83.31     8.74
2271   11    52.75     4.37
2271   12    84.14     1.34
2272    1    31.43     1.24
2272    2    16.99     4.40
2272    3    82.59     6.43
2272    4    98.08     6.29
2272    5   189.16    13.25
2272    6   118.16    19.11
2272    7    28.31    22.85
2272    8    32.14    22.54
2272    9    32.23    16.55
2272   10    90.32    11.76
2272   11    24.74     7.27
2272   12    32.69     2.70
2273    1    75.67     1.16
2273    2    39.49     5.25
2273    3   112.44     5.31
2273    4    96.42     8.73
2273    5   115.58    15.48
2273    6    89.81    20.13
2273    7    65.27    21.30
2273    8    22.04    25.88
2273    9    32.57    18.26
2273   10   107.06    13.36
2273   11    48.93     7.64
2273   12    45.42     2.48
2274    1    69.26     0.46
2274    2    63.06     0.51
2274    3    88.43     7.03
2274    4    76.05     7.30
2274    5   105.25    17.03
2274    6   127.11    19.99
2274    7    25.83    23.14
2274    8    38.08    24.59
2274    9    57.04    18.50
2274   10    90.82    10.47
2274   11    55.80     4.97
2274   12    45.88     2.35
2275    1    35.08     1.52
2275    2   124.53     0.73
2275    3    57.57     6.05
2275    4    77.91    11.93
2275    5   119.69    14.95
2275    6    57.98    22.01
2275    7    24.00    24.10
2275    8    15.15    24.19
2275    9    62.77    17.60
2275   10   157.31     9.97
2275   11    89.82     1.54
2275   12    90.97     3.47
2276    1    23.38     3.71
2276    2    99.12     3.46
2276    3    84.31     5.26
2276    4   113.21     5.98
2276    5   102.99    14.95
2276    6    44.70    22.44
2276    7    13.96    25.59
2276    8    27.79    23.42
2276    9    88.35    17.64
2276   10    85.60    12.32
2276   11    71.23     5.19
2276   12    70.56     3.47
2277    1    71.88     0.78
2277    2    46.07     5.52
2277    3    54.61     6.86
2277    4    91.54    10.52
2277    5   115.71    16.36
2277    6    91.66    18.35
2277    7    34.81    23.04
2277    8    25.22    24.37
2277    9    90.50    17.79
2277   10    70.40    14.24
2277   11    60.43     7.13
2277   12    53.67     4.21
2278    1    74.60     1.11
2278    2    96.61     0.90
2278    3   112.18     1.57
2278    4   128.52    12.53
2278    5    73.16    15.11
2278    6   134.53    19.19
2278    7    19.63    25.63
2278    8    45.29    23.64
2278    9    35.63    19.07
2278   10   105.83     9.66
2278   11    90.43     4.40
2278   12    31.08    -0.40
2279    1    39.76     1.73
2279    2    44.66     4.82
2279    3    79.35     6.10
2279    4    93.81     7.64
2279    5   109.14    16.77
2279    6    29.61    22.03
2279    7    26.52    25.37
2279    8    26.31    26.21
2279    9    42.72    16.61
2279   10    64.14    14.50
2279   11    16.93     7.60
2279   12    47.48     4.13
2280    1    56.17    -3.75
2280    2     6.38     5.44
2280    3    48.38     6.99
2280    4   134.51     9.68
2280    5   156.94    15.09
2280    6   113.42    20.70
2280    7    29.63    24.14
2280    8    53.69    24.41
2280    9   107.67    17.12
2280   10    50.91    10.69
2280   11    56.51     6.70
2280   12    52.96     3.32
2281    1    47.64     0.85
2281    2    69.28     1.46
2281    3   109.37     4.78
2281    4    62.03     8.79
2281    5   105.96    14.47
2281    6    31.93    22.11
2281    7    29.92    24.55
2281    8    37.33    24.70
2281    9    44.07    17.75
2281   10    33.87    13.69
2281   11    25.72     8.00
2281   12    19.34     4.51
2282    1    56.61     2.11
2282    2    69.48     2.59
2282    3    62.24     4.68
2282    4   105.96    11.33
2282    5   151.43    14.40
2282    6    46.07    22.71
2282    7    40.57    23.00
2282    8    20.33    23.18
2282    9    61.88    19.04
2282   10   119.47     9.80
2282   11    43.67     6.87
2282   12    44.01     1.94
2283    1    47.19     3.27
2283    2    67.84    -1.18
2283    3    97.47     4.49
2283    4    83.94     8.57
2283    5   118.94    14.18
2283    6   175.48    17.77
2283    7    41.89    22.86
2283    8    23.27    25.48
2283    9    41.97    15.36
2283   10    60.68    11.04
2283   11    25.86     6.41
2283   12    14.21     1.15
2284    1    56.59     1.69
2284    2    59.45     1.91
2284    3    71.34     7.06
2284    4   100.52    11.96
2284    5   174.26    14.41
2284    6    72.56    19.43
2284    7    51.35    22.19
2284    8    35.41    23.11
2284    9    95.15    18.04
2284   10   118.56    12.05
2284   11    19.11     7.39
2284   12    47.69     4.08
2285    1    52.11     0.39
2285    2    87.98     3.22
2285    3    48.28     5.67
2285    4   128.06     7.83
2285    5   235.03    11.83
2285    6   155.66    18.32
2285    7    14.09    24.82
2285    8    10.00    25.33
2285    9    35.40    18.57
2285   10    74.90    10.97
2285   11    23.16     7.43
2285   12   157.93     3.49
2286    1    44.99     2.45
2286    2    29.11     3.33
2286    3    61.86     7.25
2286    4    46.58     8.11
2286    5   133.45    16.57
2286    6   114.08    20.55
2286    7   104.70    22.07
2286    8    67.78    21.87
2286    9    37.75    16.95
2286   10   150.02    12.03
2286   11    62.29     7.46
2286   12    75.61     1.61
2287    1    51.79     1.42
2287    2    49.12    -0.74
2287    3    58.19     4.62
2287    4   100.88     9.35
2287    5    95.59    15.49
2287    6    45.38    20.59
2287    7    73.90    22.80
2287    8    49.69    24.80
2287    9    97.35    16.54
2287   10    36.56    10.23
2287   11    40.57     7.14
2287   12    46.96     2.27
2288    1    52.91     2.13
2288    2    53.25     1.11
2288    3    43.79     5.32
2288    4   120.54     9.73
2288    5   106.98    12.34
2288    6   113.35    19.63
2288    7    27.33    22.63
2288    8    14.50    25.48
2288    9    45.62    16.99
2288   10    77.50    11.29
2288   11    48.38     4.87
2288   12    49.16     2.59
2289    1    50.07     0.85
2289    2    41.53     1.96
2289    3    92.84     5.67
2289    4    75.06    10.56
2289    5   101.94    14.37
2289    6   107.66    21.42
2289    7    41.25    25.38
2289    8    41.12    24.36
2289    9    51.79    20.62
2289   10    46.90    12.04
2289   11    58.73     4.80
2289   12    70.96     1.79
2290    1    81.39    -5.00
2290    2    21.85    -0.53
2290    3    42.03     4.77
2290    4    64.20     9.26
2290    5    81.11    15.98
2290    6    67.15    21.11
2290    7    15.99    26.89
2290    8    63.45    24.59
2290    9    62.78    18.47
2290   10    65.98    11.64
2290   11    98.41     4.93
2290   12    32.74     2.14
2291    1    49.58     3.55
2291    2    22.80     3.99
2291    3    99.85     4.76
2291    4    54.62    12.63
2291    5   121.61    16.57
2291    6    61.33    20.09
2291    7    26.62    24.72
2291    8    55.14    24.38
2291    9    76.26    16.47
2291   10    58.08     7.22
2291   11    52.90     5.95
2291   12    54.70     2.08
2292    1    27.32     1.48
2292    2    56.19     3.22
2292    3    45.19     5.33
2292    4   130.59     9.00
2292    5    90.98    19.01
2292    6    38.55    20.27
2292    7   103.79    23.03
2292    8    33.91    24.03
2292    9    76.88    15.22
2292   10    85.78     9.80
2292   11    51.96     5.08
2292   12    85.03    -1.17
2293    1    54.42     1.37
2293    2    76.97     0.91
2293    3    64.82     4.76
2293    4    70.81    12.97
2293    5    44.45    17.22
2293    6    72.77    21.14
2293    7    52.51    24.83
2293    8    34.69    26.10
2293    9    48.32    20.24
2293   10    68.03    12.17
2293   11    66.98     3.95
2293   12    46.58     2.96
2294    1    34.43     3.15
2294    2    37.40     2.51
2294    3   156.67    -0.81
2294    4   145.36     6.39
2294    5    72.41    14.44
2294    6   122.68    19.06
2294    7    16.72    25.88
2294    8    24.79    26.57
2294    9   119.63    17.51
2294   10    69.33    14.44
2294   11    48.56     5.98
2294   12    39.72     4.12
2295    1    86.30     1.57
2295    2    46.44     2.12
2295    3    86.71     4.69
2295    4   119.56    10.71
2295    5   107.74    15.79
2295    6   113.30    19.55
2295    7    42.22    23.45
2295    8    44.09    22.07
2295    9    68.09    16.27
2295   10    56.91    12.07
2295   11   104.11     5.54
2295   12    39.62     1.40
2296    1    52.84     0.30
2296    2    32.95     1.89
2296    3   107.19     0.44
2296    4    94.76     8.90
2296    5   108.42    16.05
2296    6   115.91    19.04
2296    7    49.43    21.14
2296    8    22.03    25.24
2296    9    50.58    17.21
2296   10    73.14    13.70
2296   11    91.20     3.00
2296   12    53.14     2.34
2297    1    44.31     1.00
2297    2    28.76     1.82
2297    3    57.45     6.44
2297    4    96.11     9.61
2297    5   115.99    13.32
2297    6    40.99    21.06
2297    7    20.54    24.76
2297    8    37.83    24.68
2297    9   109.77    18.04
2297   10    47.46    12.16
2297   11   101.14     5.43
2297   12    78.35    -0.10
2298    1    27.80     2.27
2298    2    35.05     4.05
2298    3    91.87     3.39
2298    4    39.31    10.97
2298    5   102.78    14.87
2298    6    62.11    20.35
2298    7    38.61    22.47
2298    8    66.93    24.25
2298    9   100.83    16.09
2298   10    40.50    11.37
2298   11    27.15     5.34
2298   12    61.87    -0.52
2299    1    34.54     0.96
2299    2    37.06     4.14
2299    3   122.91     5.58
2299    4    44.38    12.22
2299    5   110.12    14.41
2299    6   104.15    20.77
2299    7    14.56    25.00
2299    8    37.52    23.76
2299    9    88.58    17.27
2299   10    71.87     9.26
2299   11    94.28     6.18
2299   12    48.58     2.59
