1850    1     8.25    -3.51
1850    2    15.51    -4.12
1850    3    27.50    -0.44
1850    4    41.24     2.78
1850    5    24.61    10.21
1850    6    87.28    11.19
1850    7    24.96    14.77
1850    8    11.20    15.68
1850    9    79.29    11.54
1850   10    45.49     5.62
1850   11    42.69     1.46
1850   12    23.78    -1.03
1851    1    19.71    -4.06
1851    2     8.68    -6.65
1851    3    17.61     2.76
1851    4    49.15     3.82
1851    5    86.73     9.02
1851    6    35.48    12.78
1851    7   123.59    13.45
1851    8    24.99    14.77
1851    9    31.09     9.51
1851   10    22.12     7.43
1851   11     2.99     2.68
1851   12     8.02    -2.30
1852    1     4.55    -5.50
1852    2    18.87    -2.90
1852    3    23.43    -0.72
1852    4    19.22     4.45
1852    5   103.73     8.70
1852    6    41.34    14.75
1852    7   152.54    14.15
1852    8   108.79    12.55
1852    9    75.36    11.08
1852   10    27.22     3.41
1852   11    11.24     1.24
1852   12     5.36    -2.98
1853    1     5.18    -1.58
1853    2    26.58    -5.85
1853    3    18.54     2.88
1853    4    22.53     3.48
1853    5    52.09    11.09
1853    6    69.09    14.16
1853    7    54.17    14.55
1853    8    66.95    11.77
1853    9    55.67     8.32
1853   10    14.29     8.01
1853   11    18.91     0.42
1853   12    10.77    -3.69
1854    1    33.34    -7.39
1854    2    14.37    -2.35
1854    3    14.01     0.26
1854    4    27.34     4.51
1854    5    38.10     8.68
1854    6    62.04    13.24
1854    7   143.14    13.30
1854    8    26.00    12.78
1854    9    60.48    11.14
1854   10    35.89     9.48
1854   11    15.71     0.17
1854   12     6.49    -1.07
1855    1    18.44    -0.64
1855    2    17.26    -2.99
1855    3    21.21    -0.31
1855    4    19.38     3.62
1855    5    34.66    10.80
1855    6    55.23    12.50
1855    7    73.89    13.67
1855    8   113.83    10.87
1855    9    22.95    10.86
1855   10    23.42     4.99
1855   11     8.03     0.75
1855   12    16.90    -2.29
1856    1    12.74    -4.67
1856    2    21.95    -3.54
1856    3    33.92     0.55
1856    4    27.60     4.08
1856    5    78.10     9.99
1856    6    79.71    11.80
1856    7    76.86    13.55
1856    8   125.58    12.58
1856    9    70.19     9.60
1856   10    32.44     7.50
1856   11    12.87     0.75
1856   12    10.31    -1.02
1857    1     5.11    -5.25
1857    2     4.94    -2.16
1857    3    11.92     2.33
1857    4    93.70     5.22
1857    5    70.95    10.12
1857    6    64.56    13.86
1857    7    74.91    13.63
1857    8    97.53    11.91
1857    9    32.84    10.61
1857   10    21.45     5.45
1857   11    17.54     0.34
1857   12    10.75    -3.04
1858    1    17.50    -1.80
1858    2    10.76    -3.03
1858    3    30.33    -1.36
1858    4    49.11     3.46
1858    5    29.83     9.99
1858    6    48.26    12.55
1858    7   159.06    13.06
1858    8    82.14    12.28
1858    9    36.80    10.63
1858   10    17.23     4.51
1858   11    24.01     1.14
1858   12     9.14    -0.43
1859    1     9.98    -2.61
1859    2     5.57    -1.44
1859    3    16.28    -0.51
1859    4    34.25     5.69
1859    5    95.30     9.64
1859    6   187.15    11.87
1859    7    87.93    12.34
1859    8   116.69    10.91
1859    9    53.62    10.79
1859   10    34.17     6.05
1859   11    22.57     2.00
1859   12     7.35    -5.13
1860    1    12.68    -4.05
1860    2     6.17    -3.25
1860    3    20.37     0.11
1860    4    31.20     4.35
1860    5    93.73     7.86
1860    6    90.54    11.93
1860    7    37.97    13.83
1860    8    27.68    11.77
1860    9    99.00     9.23
1860   10    19.66     6.90
1860   11    13.12     2.38
1860   12    11.54    -4.07
1861    1     4.31    -0.97
1861    2     3.70    -2.36
1861    3     5.63     2.55
1861    4    46.26     4.00
1861    5    29.10     9.06
1861    6    57.49    14.54
1861    7    36.46    16.11
1861    8    46.07    15.24
1861    9    51.15    11.10
1861   10    24.86     4.70
1861   11     4.65     2.37
1861   12    34.24    -0.95
1862    1     6.24    -1.34
1862    2     9.08    -3.18
1862    3    54.38    -1.16
1862    4    30.75     4.77
1862    5    44.99     8.32
1862    6    72.30    11.94
1862    7   152.46    12.94
1862    8    76.31    12.51
1862    9    17.90    12.24
1862   10    38.24     6.59
1862   11    12.24    -1.69
1862   12     9.28    -0.66
1863    1     6.11    -3.57
1863    2    25.46    -0.52
1863    3    49.96     0.90
1863    4    70.52     6.96
1863    5    55.82    11.03
1863    6   117.72    11.95
1863    7    14.15    15.71
1863    8    23.41    15.07
1863    9    75.57     8.31
1863   10    25.40     7.18
1863   11     3.40     3.46
1863   12     7.10    -1.47
1864    1    10.06    -3.81
1864    2     9.53    -2.34
1864    3    39.38     0.23
1864    4    24.42     5.73
1864    5   124.83     9.46
1864    6    86.75    12.94
1864    7    89.44    14.30
1864    8   121.03    12.28
1864    9    34.81     9.62
1864   10    42.12     6.40
1864   11    27.76     2.61
1864   12    14.22    -2.26
1865    1    18.46    -3.69
1865    2    17.58    -4.89
1865    3    18.20    -1.01
1865    4    38.53     1.17
1865    5    38.88     9.60
1865    6    30.83    13.34
1865    7    89.07    13.48
1865    8   111.93    12.74
1865    9    36.97     9.90
1865   10    36.29     6.24
1865   11    22.05     2.66
1865   12     6.38    -0.76
1866    1    19.60    -2.76
1866    2    12.72    -2.28
1866    3    13.79     0.77
1866    4    13.31    10.12
1866    5    66.06    10.12
1866    6   126.46    12.00
1866    7    74.50    13.12
1866    8    97.48    11.58
1866    9    11.69    10.88
1866   10    11.99     7.90
1866   11    13.05     1.78
1866   12    24.82    -2.63
1867    1     6.71    -3.68
1867    2    22.45    -0.85
1867    3    49.52    -1.85
1867    4    26.69     4.23
1867    5    53.56    10.61
1867    6    85.72    11.88
1867    7   159.06    12.04
1867    8   139.49    12.53
1867    9    77.65     8.66
1867   10    34.10     4.87
1867   11    10.36    -0.66
1867   12    11.34    -1.19
1868    1     5.17    -2.95
1868    2     9.74    -2.14
1868    3    14.42    -0.60
1868    4    41.26     5.12
1868    5    46.74    10.69
1868    6    28.04    13.37
1868    7   124.50    13.95
1868    8    81.74    13.00
1868    9    42.19    11.92
1868   10    57.81     5.87
1868   11    19.35     0.60
1868   12     6.89     0.69
1869    1     2.22    -4.33
1869    2    11.16    -1.53
1869    3    17.28     1.14
1869    4    22.69     6.99
1869    5    72.29    10.79
1869    6    55.75    12.17
1869    7   172.53    14.29
1869    8    87.73    12.06
1869    9     9.77    11.81
1869   10    54.94     5.75
1869   11    47.81     3.49
1869   12    20.08    -1.53
1870    1    14.00    -4.28
1870    2    15.00    -2.25
1870    3     9.44    -1.85
1870    4    37.02     4.56
1870    5    30.16     9.35
1870    6    59.94    13.07
1870    7    36.38    12.83
1870    8    67.16    12.98
1870    9    33.64    10.70
1870   10    13.23     6.31
1870   11    12.03     0.36
1870   12     8.52    -4.36
1871    1    12.87    -4.02
1871    2     7.26    -2.32
1871    3    43.96     2.62
1871    4    46.39     2.76
1871    5    77.51     7.77
1871    6    63.91    11.73
1871    7   105.33    13.27
1871    8    88.65    13.18
1871    9    74.01    10.81
1871   10     6.73     7.30
1871   11    18.32    -0.24
1871   12    21.84    -2.40
1872    1    13.16    -2.43
1872    2    12.57    -3.27
1872    3    10.56     2.94
1872    4    15.39     8.11
1872    5   100.93    11.01
1872    6   196.22    11.58
1872    7    77.89    12.86
1872    8   109.33    12.38
1872    9    23.64     9.22
1872   10    11.88     3.41
1872   11    31.12     0.23
1872   12    14.10    -1.96
1873    1     5.67    -3.61
1873    2     6.84    -1.32
1873    3    20.72     1.87
1873    4    54.57     4.02
1873    5   106.02     7.88
1873    6    53.83    11.89
1873    7   117.42    13.54
1873    8   129.97    13.24
1873    9    21.22    11.35
1873   10    69.56     5.99
1873   11     6.45     1.46
1873   12     7.78    -2.57
1874    1    28.59    -4.27
1874    2    30.21    -5.66
1874    3    12.61    -0.91
1874    4    17.72     4.44
1874    5    65.99     9.70
1874    6    96.43    12.68
1874    7   121.90    12.99
1874    8    85.26    10.41
1874    9    51.18    10.10
1874   10    33.50     5.32
1874   11    23.97    -1.45
1874   12     7.45    -2.48
1875    1    19.37    -3.37
1875    2     3.28    -1.61
1875    3    27.71     0.34
1875    4    29.15     4.66
1875    5    71.66     6.90
1875    6   109.87    11.72
1875    7    89.99    13.67
1875    8    78.80    13.78
1875    9    98.27     8.10
1875   10    29.32     4.71
1875   11     4.30    -1.50
1875   12    13.62    -2.60
1876    1    17.02    -1.97
1876    2     7.02    -1.79
1876    3    24.02     3.14
1876    4    48.23     5.39
1876    5   110.14     8.23
1876    6    87.41    12.31
1876    7    99.80    13.19
1876    8    74.33    12.20
1876    9    86.77     8.43
1876   10    22.66     6.14
1876   11    26.68     2.06
1876   12    16.96    -2.79
1877    1    21.53    -4.52
1877    2    26.39    -5.43
1877    3    20.25    -0.95
1877    4    16.46     3.29
1877    5    42.86     8.51
1877    6    61.59    12.17
1877    7    82.91    14.02
1877    8    41.44    13.06
1877    9    68.90    10.38
1877   10    17.06     4.97
1877   11    27.92     1.83
1877   12    16.65    -2.40
1878    1    10.88    -9.20
1878    2     6.99    -3.31
1878    3    23.04    -0.58
1878    4     8.17     5.40
1878    5    53.75     9.84
1878    6    61.42    11.76
1878    7   102.55    14.11
1878    8    52.62    13.39
1878    9    48.53    10.35
1878   10    38.56     7.19
1878   11    27.81     0.07
1878   12     7.80    -4.30
1879    1     7.75    -5.89
1879    2     4.94     1.12
1879    3    11.60     0.28
1879    4    85.88     3.54
1879    5   129.96     8.09
1879    6    98.67    12.14
1879    7   111.02    13.38
1879    8    22.46    13.13
1879    9    11.83    12.61
1879   10    18.40     7.59
1879   11    22.12     2.93
1879   12     6.62    -3.01
1880    1     9.27    -6.09
1880    2     9.46    -3.78
1880    3     6.61    -0.33
1880    4    21.56     5.66
1880    5    41.63    11.37
1880    6    43.90    12.52
1880    7    65.05    14.92
1880    8    90.64    13.70
1880    9    20.82    10.25
1880   10    13.07     4.53
1880   11    10.82     0.61
1880   12     7.11    -2.25
1881    1     5.41    -2.61
1881    2    20.06    -3.31
1881    3    15.00    -1.68
1881    4    63.16     3.28
1881    5    52.48    10.95
1881    6    63.65    12.99
1881    7    86.94    15.78
1881    8   109.85    12.57
1881    9    60.22     9.69
1881   10    27.81     8.70
1881   11    37.38     1.39
1881   12    12.05    -2.55
1882    1    13.26    -2.65
1882    2     5.16    -4.78
1882    3    28.91    -0.05
1882    4    38.92     7.26
1882    5    52.36     8.45
1882    6    52.31    12.87
1882    7   137.38    13.02
1882    8   108.10    11.83
1882    9    40.01    11.40
1882   10     8.53     9.03
1882   11    14.83    -0.03
1882   12    16.25    -2.58
1883    1     3.34    -3.38
1883    2    22.97    -2.37
1883    3    28.19     1.18
1883    4    48.60     5.81
1883    5    35.94    11.81
1883    6    37.20    15.20
1883    7    75.40    14.58
1883    8    33.41    15.24
1883    9    15.62    10.64
1883   10    14.36     5.49
1883   11    20.45     1.98
1883   12    23.96    -4.33
1884    1     8.44    -5.76
1884    2     4.47    -1.89
1884    3    19.81     1.70
1884    4    13.77     5.71
1884    5    68.97     8.42
1884    6    45.70    13.64
1884    7   138.02    13.12
1884    8    82.27    12.44
1884    9    19.52    10.88
1884   10    15.86     7.93
1884   11    32.18     1.59
1884   12     5.62    -2.29
1885    1     6.54    -3.56
1885    2    21.02    -0.30
1885    3     8.34     0.98
1885    4    29.08     5.90
1885    5    47.64    10.67
1885    6    93.11    11.88
1885    7   240.12    11.76
1885    8    83.13    10.76
1885    9    44.59    10.46
1885   10    24.22     8.41
1885   11    15.72     1.43
1885   12     3.26    -1.97
1886    1    15.07    -5.40
1886    2     5.50    -1.73
1886    3    45.41     1.04
1886    4    24.32     4.67
1886    5    36.10     9.31
1886    6    42.82    13.14
1886    7    57.94    14.73
1886    8   120.32    11.44
1886    9    26.61     8.35
1886   10    30.49     7.60
1886   11    11.46     1.00
1886   12     6.67    -3.07
1887    1     6.27    -3.97
1887    2    10.20    -1.20
1887    3     5.97     1.95
1887    4    44.72     1.48
1887    5   107.87     8.23
1887    6    70.06    11.58
1887    7    42.92    14.32
1887    8    86.87    11.50
1887    9    67.29     8.71
1887   10     2.45     8.71
1887   11     8.12     0.16
1887   12    19.93    -5.66
1888    1    10.12    -3.59
1888    2    14.02    -2.14
1888    3    24.22     2.31
1888    4     9.29     7.39
1888    5    86.02     9.37
1888    6    94.63    13.54
1888    7   150.40    14.80
1888    8    81.20    11.73
1888    9    28.26     9.29
1888   10    42.46     7.21
1888   11    61.02    -2.45
1888   12    13.91    -4.04
1889    1     7.46    -4.83
1889    2    13.34    -0.98
1889    3     9.53    -0.02
1889    4    60.32     4.58
1889    5    31.02     9.22
1889    6    56.19    13.83
1889    7    80.42    13.04
1889    8   135.56    12.07
1889    9    11.30    11.33
1889   10    61.26     3.39
1889   11    20.99    -0.72
1889   12     5.03    -2.59
1890    1     6.35    -2.14
1890    2     6.91     0.04
1890    3    16.98     1.06
1890    4    23.28     5.63
1890    5    56.63     9.25
1890    6    44.89    12.78
1890    7    80.59    13.35
1890    8    65.39    13.83
1890    9    94.77     9.69
1890   10    19.66     3.75
1890   11    10.75    -0.37
1890   12     6.12    -1.19
1891    1     7.92    -2.20
1891    2     3.92    -2.63
1891    3     7.38    -0.10
1891    4     9.90     4.70
1891    5   114.67     7.40
1891    6    49.08    12.07
1891    7    63.37    14.07
1891    8    62.55    13.37
1891    9    28.35    12.53
1891   10    61.59     7.55
1891   11     8.67     0.58
1891   12    11.25    -6.60
1892    1     4.34    -4.60
1892    2     8.90    -2.72
1892    3    14.08    -1.28
1892    4    37.10     8.57
1892    5    52.55    10.53
1892    6    55.29    11.77
1892    7    71.75    13.19
1892    8    98.65    13.57
1892    9    87.16     9.49
1892   10    32.29     7.39
1892   11    14.29     0.70
1892   12    21.72    -5.56
1893    1     5.36    -4.77
1893    2    19.42    -0.84
1893    3    19.27     0.81
1893    4    39.48     1.51
1893    5    38.46     8.72
1893    6    23.02    13.03
1893    7   126.73    13.53
1893    8    70.44    13.29
1893    9   107.09     8.71
1893   10    29.48     5.24
1893   11    23.19     2.45
1893   12    18.80    -1.59
1894    1     9.11    -5.12
1894    2    14.93    -3.19
1894    3    23.95    -0.65
1894    4    10.52     3.49
1894    5    43.27     8.65
1894    6   104.43    10.63
1894    7    84.57    14.17
1894    8    61.57    12.71
1894    9    17.71    11.74
1894   10    16.67     6.45
1894   11    10.92     1.24
1894   12    11.11    -0.92
1895    1    21.39    -5.23
1895    2     7.93    -2.23
1895    3    15.45     2.07
1895    4    17.38     4.75
1895    5    91.20    10.29
1895    6    47.44    15.33
1895    7    89.03    14.17
1895    8    94.01    11.62
1895    9    35.67     9.31
1895   10    36.55     4.40
1895   11    19.16     0.99
1895   12     4.26    -1.20
1896    1    19.78    -2.83
1896    2    10.85    -1.98
1896    3    11.83    -0.23
1896    4    50.96     5.77
1896    5    71.12     8.85
1896    6    83.59    11.23
1896    7    66.22    14.97
1896    8    54.05    11.91
1896    9    37.13     8.46
1896   10     9.87     6.46
1896   11    14.38    -0.14
1896   12     7.97    -1.53
1897    1    14.32    -3.28
1897    2    13.38    -2.98
1897    3    21.16     0.66
1897    4    31.99     6.70
1897    5    84.53    10.37
1897    6    43.58    13.54
1897    7    95.61    14.17
1897    8    74.58    13.72
1897    9    64.99    10.92
1897   10    29.47     7.85
1897   11    13.96    -0.40
1897   12    10.92    -4.12
1898    1     9.13    -1.39
1898    2     4.19    -0.02
1898    3    26.46     1.98
1898    4    52.86     4.56
1898    5   108.52     9.64
1898    6    31.95    12.25
1898    7   118.00    13.42
1898    8    62.34    14.04
1898    9    34.65    11.09
1898   10    39.99     6.06
1898   11    12.08     1.45
1898   12     9.81    -4.75
1899    1    13.01    -5.02
1899    2    35.46    -4.99
1899    3    17.34     3.29
1899    4    40.71     5.65
1899    5    35.46    11.65
1899    6    67.48    11.84
1899    7   104.53    13.55
1899    8    63.32    10.93
1899    9    20.14    10.02
1899   10     8.26     8.61
1899   11    16.59    -0.29
1899   12    11.90    -2.18
1900    1    11.50    -7.05
1900    2    12.31    -4.16
1900    3    16.65     0.74
1900    4    19.33     6.45
1900    5    46.34     9.99
1900    6    55.48    12.53
1900    7   124.22    12.61
1900    8    96.56    10.65
1900    9    48.72    13.02
1900   10    63.50     5.81
1900   11     9.50     0.75
1900   12     3.59    -0.99
1901    1    17.41    -2.79
1901    2     6.65    -2.12
1901    3     7.70     3.42
1901    4    80.64     2.10
1901    5    32.41     9.26
1901    6   106.33    12.94
1901    7    80.65    14.45
1901    8    56.58    14.09
1901    9    68.20     9.32
1901   10    31.25     7.56
1901   11    21.61     0.33
1901   12     4.83    -4.00
1902    1    12.73    -1.99
1902    2    15.27    -1.06
1902    3    41.02     1.64
1902    4    46.73     1.28
1902    5    46.72     8.74
1902    6    61.72    12.71
1902    7   165.52    13.56
1902    8   122.28    10.27
1902    9    30.50     7.81
1902   10    57.94     6.82
1902   11    10.73     2.14
1902   12    17.40    -3.40
1903    1     2.93    -3.39
1903    2    17.61     0.79
1903    3    18.39    -0.87
1903    4    49.32     5.71
1903    5    87.27     8.03
1903    6    66.37    13.21
1903    7   105.16    13.09
1903    8    43.13    12.20
1903    9    33.11    11.03
1903   10     7.13     6.44
1903   11    17.46     2.10
1903   12     5.39    -1.81
1904    1    26.95    -7.51
1904    2    20.42    -1.98
1904    3     6.37     0.16
1904    4    41.41     5.05
1904    5    79.35    10.97
1904    6    42.10    12.19
1904    7   159.09    14.16
1904    8    57.71    13.01
1904    9    64.21     9.72
1904   10    23.25     5.78
1904   11    10.50     2.02
1904   12    10.17    -1.77
1905    1    13.35    -8.08
1905    2    14.09    -6.05
1905    3    33.04    -1.72
1905    4    44.85     3.24
1905    5    38.46    10.18
1905    6   116.77    11.77
1905    7    83.77    14.27
1905    8   122.07    10.47
1905    9    42.64    10.91
1905   10     9.88     7.46
1905   11    26.11    -0.54
1905   12     3.09    -1.99
1906    1     9.72    -3.21
1906    2    17.45    -4.39
1906    3    18.44     0.72
1906    4    38.28     4.78
1906    5    25.10     8.81
1906    6    83.24    13.01
1906    7   101.08    13.86
1906    8    86.92    13.86
1906    9    45.92    12.12
1906   10    13.90     3.88
1906   11    23.49     0.85
1906   12    10.35    -2.02
1907    1     4.58    -2.72
1907    2     7.46    -2.62
1907    3    18.58     2.99
1907    4    22.96     5.99
1907    5    38.68    11.56
1907    6    87.43    11.93
1907    7    81.49    14.69
1907    8    84.04    10.48
1907    9    27.47    10.68
1907   10     8.38     6.76
1907   11    19.71     0.49
1907   12     8.46    -0.85
1908    1     9.33    -0.22
1908    2    16.54    -2.00
1908    3    32.69    -2.36
1908    4    46.39     3.46
1908    5    93.46     8.32
1908    6    38.80    12.77
1908    7   175.25    11.68
1908    8    43.46    13.12
1908    9    17.48    10.78
1908   10    27.32     4.26
1908   11     9.48     1.34
1908   12    10.63     0.35
1909    1    14.25    -1.79
1909    2    12.39    -0.58
1909    3    31.66     1.92
1909    4    43.23     4.46
1909    5   121.04     7.53
1909    6    70.13    12.19
1909    7    64.81    13.12
1909    8    50.16    13.14
1909    9    47.83    10.96
1909   10    36.07     7.67
1909   11    28.95     1.06
1909   12     8.38    -3.62
1910    1    19.03    -6.14
1910    2    36.57    -2.60
1910    3    17.15    -0.42
1910    4     8.66     5.76
1910    5    73.64     9.90
1910    6    47.89    12.55
1910    7   160.66    13.35
1910    8    69.02    11.48
1910    9    36.85    10.43
1910   10    29.32     4.95
1910   11     6.69     0.04
1910   12     5.06    -1.22
1911    1    30.59    -6.79
1911    2     7.82    -1.75
1911    3    16.67     2.98
1911    4    24.98     6.20
1911    5   119.54     8.86
1911    6    68.56    12.71
1911    7   126.17    13.40
1911    8    24.68    13.87
1911    9    30.67    11.09
1911   10    14.90     8.64
1911   11    25.96    -1.05
1911   12     8.10    -3.64
1912    1     2.52    -4.65
1912    2    10.80    -1.32
1912    3    18.34     0.47
1912    4    58.89     4.17
1912    5    97.59     8.71
1912    6    46.22    14.41
1912    7    49.04    16.52
1912    8   115.09    11.35
1912    9     9.25    11.02
1912   10    12.67     7.02
1912   11    24.97     0.74
1912   12     6.98    -1.65
1913    1     6.49    -1.54
1913    2    10.09    -0.78
1913    3    10.38     0.24
1913    4    31.25     6.61
1913    5    76.59    10.93
1913    6    55.15    14.03
1913    7   111.23    12.37
1913    8    76.55    11.93
1913    9    63.20    10.35
1913   10    17.80     6.26
1913   11    29.92     0.79
1913   12    14.31    -3.20
1914    1    11.45    -2.50
1914    2    10.66    -1.16
1914    3     9.07     0.49
1914    4    36.09     5.77
1914    5    32.88    11.91
1914    6    87.54    12.71
1914    7    34.47    14.55
1914    8    61.06    13.33
1914    9    35.32    10.19
1914   10    41.10     4.99
1914   11    12.75     1.27
1914   12    23.40    -1.59
1915    1     3.45    -4.50
1915    2    10.24    -0.19
1915    3     6.87     2.38
1915    4    45.39     5.78
1915    5    48.58     7.52
1915    6    83.19    12.12
1915    7   232.04    12.72
1915    8    60.46    12.01
1915    9    29.55     9.33
1915   10    38.43     6.14
1915   11    11.81     2.28
1915   12    21.68    -5.14
1916    1    10.58    -2.12
1916    2    16.39    -0.97
1916    3    31.95     0.08
1916    4    47.83     4.97
1916    5   116.68     8.72
1916    6    89.61    12.89
1916    7   145.95    14.22
1916    8    15.04    14.48
1916    9    25.82    11.44
1916   10    13.03     6.94
1916   11     5.20    -0.14
1916   12     8.61    -0.52
1917    1     3.21    -4.20
1917    2     7.70    -2.15
1917    3    15.28     1.57
1917    4    31.56     4.67
1917    5    60.69     9.33
1917    6    66.94    13.91
1917    7   184.87    12.68
1917    8    54.95    14.93
1917    9    40.16     9.61
1917   10    22.04     7.04
1917   11     6.78     1.76
1917   12    19.09    -4.86
1918    1     2.36    -5.53
1918    2    15.72    -2.66
1918    3     6.05    -0.75
1918    4    61.84     2.46
1918    5    41.37     9.90
1918    6    51.24    14.47
1918    7   141.48    13.10
1918    8    39.22    13.32
1918    9    43.51     8.65
1918   10     9.92     6.26
1918   11    18.37     4.34
1918   12    19.63    -1.71
1919    1    39.35    -2.39
1919    2     3.32    -1.67
1919    3    20.62    -0.08
1919    4    52.47     6.30
1919    5    78.74     9.02
1919    6    36.89    14.42
1919    7    82.23    15.22
1919    8   122.15    13.66
1919    9    44.05    10.87
1919   10    19.03     6.11
1919   11    11.26     0.74
1919   12     4.11    -0.97
1920    1    19.71    -4.35
1920    2    19.67    -0.37
1920    3    15.87    -0.56
1920    4    19.14     6.68
1920    5   166.51     8.04
1920    6    32.64    13.39
1920    7    70.84    15.12
1920    8    61.23    12.21
1920    9    47.21    11.39
1920   10    36.08     9.14
1920   11    20.52     1.66
1920   12     7.14     0.01
1921    1     8.28    -2.47
1921    2    10.02    -1.68
1921    3    10.01     3.96
1921    4    44.75     4.62
1921    5    36.12    10.35
1921    6    83.11    12.38
1921    7    60.12    13.54
1921    8   147.89    11.18
1921    9    76.87     8.45
1921   10    23.26     6.02
1921   11    19.77     0.60
1921   12     4.33    -0.71
1922    1     7.48    -1.66
1922    2    35.26    -4.19
1922    3    14.39    -0.04
1922    4    75.94     4.79
1922    5    37.55     8.49
1922    6    50.57    12.84
1922    7   112.88    14.51
1922    8    52.26    13.87
1922    9    43.39     9.08
1922   10    43.90     4.13
1922   11     7.93     1.69
1922   12     8.03    -1.66
1923    1     4.77    -6.06
1923    2     5.95    -4.18
1923    3    10.82    -0.67
1923    4    38.96     2.30
1923    5   106.03     8.66
1923    6    77.23    13.26
1923    7    16.44    15.53
1923    8    98.57    14.04
1923    9    40.33    10.87
1923   10    26.07     6.65
1923   11    22.83     1.09
1923   12     9.63    -0.50
1924    1    16.73    -2.43
1924    2     2.60    -0.94
1924    3    19.13     2.26
1924    4    46.87     4.35
1924    5    61.59     7.89
1924    6   128.74    12.30
1924    7   125.41    13.10
1924    8   171.45    12.36
1924    9    42.15    10.18
1924   10    22.31     4.52
1924   11    30.85     0.63
1924   12    10.75    -1.35
1925    1    18.78    -5.24
1925    2    41.71    -2.85
1925    3     9.31     2.69
1925    4    25.46     6.08
1925    5    49.96     9.89
1925    6    59.21    13.25
1925    7    92.43    15.15
1925    8   122.16    11.38
1925    9    12.53    11.12
1925   10    16.12     7.75
1925   11    17.05     2.31
1925   12    20.01    -1.58
1926    1     5.52    -3.50
1926    2    21.39    -1.48
1926    3    21.22    -2.06
1926    4    19.28     5.03
1926    5    50.53     8.61
1926    6    67.86    13.42
1926    7   103.25    15.26
1926    8    82.33    13.02
1926    9    20.13    12.32
1926   10    26.95     6.35
1926   11     7.97     1.40
1926   12    14.32    -1.58
1927    1     2.88    -1.22
1927    2     5.51    -0.72
1927    3    34.79     2.08
1927    4    49.21     5.45
1927    5    64.44    10.33
1927    6    81.87    11.86
1927    7    94.72    13.30
1927    8    93.87    12.81
1927    9    26.35    11.98
1927   10    12.08     6.95
1927   11    18.56     3.74
1927   12    14.25    -3.03
1928    1    28.02    -4.61
1928    2    16.32    -3.50
1928    3    19.34     2.32
1928    4    38.48     5.79
1928    5    42.70    10.64
1928    6    44.46    13.44
1928    7   159.86    13.43
1928    8   109.54    11.22
1928    9    70.04    10.63
1928   10    30.14     5.28
1928   11     8.94     1.19
1928   12     6.42    -1.09
1929    1    16.74    -3.88
1929    2     8.09     0.17
1929    3    10.54     0.64
1929    4    50.12     4.63
1929    5    81.57     9.48
1929    6    45.10    12.67
1929    7    77.47    14.30
1929    8    26.74    16.35
1929    9    41.97    11.36
1929   10    36.99     6.25
1929   11     9.25     1.73
1929   12    28.99    -0.61
1930    1    10.48    -3.89
1930    2    16.84    -3.81
1930    3    10.28     1.83
1930    4    25.51     9.09
1930    5    27.82    13.07
1930    6    47.62    16.20
1930    7   109.61    16.10
1930    8   171.70    13.31
1930    9    20.16    10.82
1930   10    20.45     8.46
1930   11    40.63     1.27
1930   12    15.06    -5.70
1931    1     8.60    -3.92
1931    2    17.70    -3.36
1931    3    20.79     3.11
1931    4    37.99     5.15
1931    5    66.16    10.40
1931    6    36.33    13.70
1931    7    89.24    14.81
1931    8    56.89    14.26
1931    9    93.07    11.75
1931   10    20.21     8.18
1931   11    29.67     2.21
1931   12     7.76    -3.89
1932    1    14.48    -1.25
1932    2    17.70    -5.13
1932    3    15.73     1.15
1932    4    67.05     6.12
1932    5    69.68     9.98
1932    6   128.17    11.90
1932    7   159.55    12.58
1932    8    67.36    11.37
1932    9    41.39    11.11
1932   10    15.30     7.04
1932   11    25.92     1.37
1932   12     6.63    -4.74
1933    1    12.39    -4.19
1933    2     4.11    -1.62
1933    3     6.26     0.88
1933    4    43.61     4.39
1933    5    20.81    10.96
1933    6   100.74    11.82
1933    7    63.20    15.06
1933    8    75.61    13.97
1933    9    30.73     9.62
1933   10    25.80     4.63
1933   11     5.50     0.84
1933   12     4.90    -3.01
1934    1     2.06    -2.11
1934    2     5.87     2.72
1934    3    17.70     1.19
1934    4    20.32     6.58
1934    5    30.13     9.74
1934    6   135.69    12.63
1934    7   130.00    13.69
1934    8    48.34    11.47
1934    9    30.36    11.47
1934   10    10.32     8.60
1934   11    12.97     0.80
1934   12     8.16    -1.99
1935    1    11.72    -2.47
1935    2    42.37    -1.54
1935    3    14.02    -2.85
1935    4    12.72     6.56
1935    5    24.91    10.41
1935    6    36.91    12.27
1935    7   117.24    13.39
1935    8   106.58    11.68
1935    9    23.05    11.18
1935   10    12.69     9.01
1935   11    25.86    -1.76
1935   12     8.49    -1.44
1936    1     6.76    -2.53
1936    2     5.80    -4.00
1936    3    34.20     0.45
1936    4     8.53     8.31
1936    5    19.61    11.73
1936    6    38.36    16.64
1936    7   113.35    13.30
1936    8    53.65    10.99
1936    9    47.68    13.09
1936   10    14.09     8.80
1936   11    17.79     0.92
1936   12     8.43    -3.74
1937    1     4.41    -5.17
1937    2    13.27     0.20
1937    3    11.69    -0.97
1937    4    70.27     3.92
1937    5    61.24     9.27
1937    6    57.11    13.35
1937    7   179.35    14.38
1937    8    67.97    13.61
1937    9    41.76    10.67
1937   10    22.38     6.24
1937   11    11.04     2.32
1937   12     6.18    -0.96
1938    1     8.30    -1.34
1938    2    16.99    -3.00
1938    3    20.87     0.03
1938    4    45.24     5.03
1938    5    19.32     9.55
1938    6   142.17    12.12
1938    7    89.52    15.19
1938    8   123.08    12.86
1938    9    32.44    11.24
1938   10    21.10     4.15
1938   11    12.64    -2.76
1938   12     7.37    -2.73
1939    1     5.16     0.48
1939    2     9.75     0.06
1939    3    16.49     1.14
1939    4    48.28     4.66
1939    5    46.60     9.35
1939    6   113.73    11.64
1939    7    74.94    14.27
1939    8   103.42    12.06
1939    9    47.37     8.83
1939   10    42.54     5.17
1939   11    14.84     0.39
1939   12    25.82    -2.81
1940    1    24.15    -3.67
1940    2     7.39    -0.78
1940    3    18.43     5.08
1940    4    82.84     2.29
1940    5    66.19     9.35
1940    6    47.25    12.59
1940    7    92.82    13.70
1940    8    63.92    13.93
1940    9    42.32    10.25
1940   10     9.93     7.29
1940   11    24.28     3.00
1940   12    12.60    -2.79
1941    1    11.98    -2.93
1941    2    12.04    -1.22
1941    3    40.29     1.51
1941    4    25.80     3.10
1941    5    87.09    12.17
1941    6    99.38    12.46
1941    7   111.66    13.26
1941    8    78.52    12.37
1941    9    73.85     9.16
1941   10    15.12     7.70
1941   11     8.93     1.21
1941   12    28.84    -3.04
1942    1     6.07    -2.62
1942    2     4.94    -0.94
1942    3     4.19     1.94
1942    4    27.68     2.03
1942    5    98.92    12.12
1942    6    54.11    12.01
1942    7    48.70    14.71
1942    8    50.93    13.10
1942    9    24.88    11.67
1942   10    17.42     5.57
1942   11    30.77     0.82
1942   12     6.67    -4.55
1943    1     9.65    -3.80
1943    2    11.93    -1.14
1943    3    13.48     0.16
1943    4    23.07     5.35
1943    5    43.26     9.68
1943    6    72.95    12.71
1943    7   104.80    14.17
1943    8    31.85    15.05
1943    9    51.39     9.76
1943   10    57.03     6.13
1943   11     7.55     0.97
1943   12     6.09    -0.65
1944    1    11.54    -2.54
1944    2     7.96    -0.88
1944    3    12.02    -1.35
1944    4    11.59     7.65
1944    5    62.19    10.53
1944    6   122.96    13.17
1944    7   111.68    15.09
1944    8    89.08    12.81
1944    9    58.90     9.66
1944   10    19.11     7.56
1944   11    10.77     0.83
1944   12    14.30    -1.69
1945    1     9.07    -0.92
1945    2     4.12    -1.83
1945    3    30.49    -1.16
1945    4    15.06     2.92
1945    5    35.10     9.29
1945    6    58.23    13.41
1945    7    97.88    12.48
1945    8    89.10    13.82
1945    9    40.75    12.05
1945   10    56.93     4.15
1945   11    11.42     3.25
1945   12    11.11    -1.15
1946    1     4.71    -2.76
1946    2     3.05    -1.56
1946    3    25.68     4.02
1946    4    36.95     4.67
1946    5    76.32     9.99
1946    6   171.78    11.59
1946    7   218.60    12.26
1946    8    59.02    11.30
1946    9    50.90     7.78
1946   10    14.89     8.11
1946   11     5.42     0.70
1946   12    16.51    -0.29
1947    1     7.58    -3.88
1947    2     8.12    -1.62
1947    3     8.03     0.44
1947    4    19.32     6.88
1947    5    91.08     9.71
1947    6    54.66    14.40
1947    7    30.23    12.96
1947    8    80.88    12.75
1947    9    71.40    10.10
1947   10    10.70     8.23
1947   11     5.88     3.18
1947   12    13.54     0.08
1948    1     3.98    -0.43
1948    2    11.18    -0.52
1948    3    36.55    -0.90
1948    4    44.92     7.46
1948    5    79.04    10.16
1948    6   108.58    13.05
1948    7    39.60    15.35
1948    8   126.47    11.96
1948    9    51.92     9.72
1948   10    11.88     8.65
1948   11    10.38    -0.53
1948   12     9.72    -0.88
1949    1     8.99     0.06
1949    2     7.19    -3.02
1949    3    29.45     0.04
1949    4    32.38     2.41
1949    5    87.60     9.71
1949    6    68.18    12.46
1949    7    48.83    14.53
1949    8    17.60    16.80
1949    9    21.25    10.86
1949   10    17.35     5.39
1949   11    15.85     3.09
1949   12    18.40    -2.59
1950    1     7.15    -1.99
1950    2     5.24     2.11
1950    3    19.79    -1.62
1950    4    26.94     3.72
1950    5    65.93     9.60
1950    6    92.92    13.86
1950    7    71.28    14.41
1950    8    38.83    15.67
1950    9    45.26    11.22
1950   10    20.26     4.76
1950   11    42.57     1.98
1950   12    10.25    -2.10
1951    1     6.67    -0.98
1951    2     8.41    -0.94
1951    3    18.54     0.43
1951    4    12.70     6.90
1951    5    47.11    11.06
1951    6    77.47    14.81
1951    7    61.92    17.32
1951    8    38.59    14.48
1951    9    85.24    11.67
1951   10    31.40     6.50
1951   11     5.08     2.21
1951   12     4.67     2.94
1952    1    31.38    -2.42
1952    2    18.60     0.70
1952    3    42.72     0.95
1952    4    33.33     4.51
1952    5    58.76     7.51
1952    6    52.70    13.63
1952    7    85.33    14.32
1952    8    81.69    12.99
1952    9    28.01    12.52
1952   10    50.15     2.85
1952   11     7.00     2.17
1952   12     8.26    -2.12
1953    1     6.94    -2.35
1953    2    17.57    -3.67
1953    3    30.17     0.56
1953    4    13.44     4.27
1953    5    62.55     9.74
1953    6    34.03    14.13
1953    7    62.41    14.80
1953    8    27.50    13.89
1953    9    25.34    11.89
1953   10    12.38    10.14
1953   11    31.70     0.99
1953   12    20.19    -2.40
1954    1    15.37    -7.10
1954    2    10.26    -1.47
1954    3    17.48    -0.60
1954    4    74.76     3.44
1954    5    73.46     9.51
1954    6    87.28    13.14
1954    7    60.37    15.16
1954    8   123.77    12.54
1954    9    39.70     9.87
1954   10    13.52     8.24
1954   11    20.67     0.55
1954   12    17.75    -3.23
1955    1     3.96     0.42
1955    2    16.30    -3.53
1955    3    12.78     0.34
1955    4    70.08     6.46
1955    5    44.00     8.89
1955    6    27.55    15.25
1955    7   114.80    13.36
1955    8    47.60    13.81
1955    9    41.59     8.92
1955   10    15.53     5.83
1955   11     5.41     3.42
1955   12    10.11    -1.46
1956    1    11.79    -4.23
1956    2     9.65    -3.19
1956    3    25.47     0.90
1956    4    31.01     4.94
1956    5    42.56    10.79
1956    6    51.74    13.13
1956    7    90.12    14.60
1956    8    95.81    13.38
1956    9    64.22     9.83
1956   10    10.02     7.77
1956   11    23.04    -1.08
1956   12    16.80    -4.34
1957    1    13.02    -5.53
1957    2     7.59     0.85
1957    3     4.42     0.42
1957    4    29.23     6.11
1957    5    60.59    10.19
1957    6    61.16    12.84
1957    7    94.53    13.35
1957    8    80.30    12.73
1957    9    33.69    12.62
1957   10    27.70     8.29
1957   11     7.02     0.30
1957   12    13.01    -0.87
1958    1     7.55    -0.44
1958    2     6.77    -2.81
1958    3    31.43    -2.66
1958    4    32.16     2.51
1958    5    33.36     9.83
1958    6    92.85    12.72
1958    7    78.22    13.75
1958    8    32.97    15.76
1958    9    74.48    11.82
1958   10    14.88     6.10
1958   11     5.27     2.54
1958   12    21.41    -1.85
1959    1    26.89    -6.55
1959    2    13.21    -3.20
1959    3    21.97     0.96
1959    4    41.43     7.58
1959    5    53.59    11.09
1959    6    60.63    14.84
1959    7   118.83    12.68
1959    8    45.62    15.41
1959    9    11.73    10.26
1959   10    13.24     4.55
1959   11    10.43     2.12
1959   12    19.32    -4.12
1960    1     4.25    -3.59
1960    2    14.70    -1.93
1960    3     7.29     2.62
1960    4    70.22     3.95
1960    5    81.44     9.67
1960    6   113.57    12.65
1960    7   149.33    13.06
1960    8   118.07    10.51
1960    9    67.34     9.05
1960   10    41.10     4.46
1960   11     8.72     2.39
1960   12     8.14    -1.46
1961    1     8.11    -4.05
1961    2     5.42    -2.85
1961    3    42.35    -1.21
1961    4    60.20     2.88
1961    5    60.07    10.22
1961    6   113.83    13.52
1961    7    56.56    14.52
1961    8   167.66    12.33
1961    9     9.23    10.34
1961   10    22.80     6.90
1961   11    24.87     0.16
1961   12    23.40    -3.46
1962    1    11.56    -3.56
1962    2    15.78    -1.72
1962    3    22.11     2.08
1962    4    15.61     5.02
1962    5   138.09     8.26
1962    6    44.08    14.69
1962    7    89.93    14.40
1962    8    61.68    13.03
1962    9    28.27     7.50
1962   10    40.94     7.10
1962   11    11.68     4.06
1962   12     7.23    -0.30
1963    1     9.85    -1.45
1963    2    25.18    -3.67
1963    3    20.80     0.81
1963    4    50.50     5.77
1963    5    45.50     8.92
1963    6    56.68    13.50
1963    7   126.38    11.98
1963    8   159.13    12.19
1963    9    62.94     9.74
1963   10    31.33     6.90
1963   11    46.72    -0.44
1963   12     5.29    -1.05
1964    1     4.38    -4.01
1964    2     3.79    -3.19
1964    3    10.14     0.47
1964    4    39.45     4.50
1964    5    70.68    10.07
1964    6    62.39    12.08
1964    7    41.92    15.63
1964    8    44.63    12.40
1964    9    21.69    10.58
1964   10     7.50     5.42
1964   11     9.73     1.00
1964   12    27.83    -4.57
1965    1     8.06    -1.96
1965    2     5.52    -0.33
1965    3    24.61    -3.92
1965    4     9.60     7.41
1965    5    64.75    11.51
1965    6    69.92    12.84
1965    7    89.36    13.75
1965    8   149.49    12.95
1965    9    51.88    10.90
1965   10    11.92     5.80
1965   11    14.55     1.12
1965   12    16.11    -0.13
1966    1    42.22    -4.17
1966    2    14.56    -5.77
1966    3    24.15     0.88
1966    4    58.65     5.53
1966    5    56.90     9.03
1966    6    74.04    13.09
1966    7    68.23    13.71
1966    8   148.65    12.94
1966    9    29.23    11.94
1966   10    13.45     5.46
1966   11    16.60     1.65
1966   12    25.46    -1.34
1967    1     6.39    -0.97
1967    2     9.24    -2.72
1967    3    23.88     3.52
1967    4    28.90     4.16
1967    5    30.41    12.38
1967    6    41.67    14.05
1967    7   111.41    15.00
1967    8    36.40    14.12
1967    9    44.10    10.99
1967   10    36.06     6.22
1967   11    26.86     1.75
1967   12    26.07    -2.52
1968    1     9.12    -2.81
1968    2     6.48    -2.57
1968    3     6.94     1.48
1968    4   124.45     3.88
1968    5    43.67    11.18
1968    6     9.35    14.24
1968    7    68.69    13.53
1968    8    75.43    13.75
1968    9    46.38     9.48
1968   10    17.49     4.42
1968   11    27.10     1.33
1968   12    11.12    -2.34
1969    1    24.11    -3.49
1969    2     7.07    -2.68
1969    3    24.43    -0.15
1969    4    44.27     5.57
1969    5    32.56     7.74
1969    6    55.58    13.27
1969    7    68.78    13.70
1969    8    21.61    13.96
1969    9    37.57    12.72
1969   10    37.07     6.01
1969   11    18.97    -1.31
1969   12    13.81    -2.71
1970    1     3.21    -7.74
1970    2     5.07    -0.39
1970    3    23.27    -0.83
1970    4    50.41     8.13
1970    5    31.04    10.32
1970    6    11.01    15.63
1970    7    71.20    15.20
1970    8    38.56    13.56
1970    9    13.83    14.00
1970   10    19.27    10.40
1970   11    37.10    -0.64
1970   12    11.80    -2.96
1971    1     8.97    -2.52
1971    2     9.39    -1.82
1971    3    43.43     1.24
1971    4    35.26     4.47
1971    5    48.73     9.35
1971    6    85.50    13.13
1971    7   118.55    15.59
1971    8    84.04    15.09
1971    9    52.36    10.69
1971   10    20.58     2.74
1971   11     8.67     2.90
1971   12    21.35    -2.06
1972    1    15.50    -3.11
1972    2    21.63    -2.33
1972    3    14.68     2.09
1972    4    66.92     4.54
1972    5    69.32     7.58
1972    6    69.04    12.73
1972    7    76.97    12.75
1972    8   113.08    12.24
1972    9   102.02     8.13
1972   10    14.28     4.17
1972   11    12.11     1.24
1972   12     7.17     0.91
1973    1     7.74    -2.16
1973    2     6.20    -0.34
1973    3    19.18     3.50
1973    4    52.55     3.88
1973    5    59.20     8.78
1973    6    31.19    15.33
1973    7   109.37    14.61
1973    8   112.65    12.32
1973    9    26.00     9.82
1973   10    18.09     6.93
1973   11     7.93     0.40
1973   12     6.84    -1.10
1974    1    12.11    -3.74
1974    2     5.72    -3.73
1974    3    12.23     2.45
1974    4    15.86     7.67
1974    5    65.61     9.19
1974    6    90.25    12.27
1974    7    94.71    14.29
1974    8    84.66    14.71
1974    9    58.33    10.16
1974   10    15.03     7.86
1974   11    14.78    -1.01
1974   12     8.50    -1.71
1975    1     6.73    -0.61
1975    2    12.76    -1.66
1975    3    16.79     1.50
1975    4    24.35     7.70
1975    5    35.62    11.43
1975    6    42.77    12.91
1975    7    72.31    15.02
1975    8    72.23    13.58
1975    9    44.10     9.67
1975   10    34.60     5.00
1975   11    13.30    -0.90
1975   12     9.79    -4.39
1976    1     8.17    -2.10
1976    2     5.85    -1.38
1976    3    19.58     0.64
1976    4    13.52     5.97
1976    5    49.87     9.03
1976    6    67.70    15.04
1976    7    86.94    14.12
1976    8    83.01    12.34
1976    9    13.85     8.59
1976   10    14.24     6.21
1976   11    22.88     1.64
1976   12    11.02    -0.52
1977    1     6.20    -5.57
1977    2    11.98    -4.86
1977    3    11.02     2.39
1977    4    21.36     7.31
1977    5    54.43     9.96
1977    6   113.09    12.18
1977    7    86.93    14.35
1977    8   105.50    13.30
1977    9    41.29    10.41
1977   10    19.69     7.78
1977   11    24.40     1.29
1977   12     8.99    -4.95
1978    1    24.36    -6.06
1978    2     7.92    -3.99
1978    3     5.13     3.47
1978    4    61.37     6.52
1978    5    28.63     9.70
1978    6    76.63    11.44
1978    7   172.86    13.30
1978    8    80.34    12.71
1978    9    21.65    10.87
1978   10    38.30     3.80
1978   11    10.06     0.98
1978   12    19.59    -1.32
1979    1     6.84    -2.89
1979    2    22.63    -3.11
1979    3    13.09    -0.05
1979    4    64.02     6.09
1979    5    76.86    11.15
1979    6    34.86    13.51
1979    7   110.38    14.10
1979    8   124.50    11.66
1979    9    18.66     8.39
1979   10    26.34     6.57
1979   11    29.70    -0.45
1979   12    18.92    -0.92
1980    1     8.39    -3.44
1980    2     6.16    -2.43
1980    3    11.79     1.81
1980    4    10.84     7.59
1980    5    43.89    11.08
1980    6    73.22    13.54
1980    7    31.13    14.73
1980    8   111.70    13.27
1980    9    31.12    12.38
1980   10    14.42     6.87
1980   11    20.41     1.41
1980   12     8.62    -3.04
1981    1     9.57    -3.41
1981    2    21.36    -2.24
1981    3    59.27    -1.05
1981    4    37.24     4.33
1981    5    34.82     9.03
1981    6    28.34    15.17
1981    7    91.00    15.23
1981    8    31.83    13.99
1981    9     8.64    12.83
1981   10    30.49     8.74
1981   11    10.60     2.35
1981   12    30.99    -3.00
1982    1    10.39    -3.38
1982    2     8.28    -1.49
1982    3    28.03     2.39
1982    4    56.17     6.17
1982    5    48.27    10.32
1982    6    79.66    13.80
1982    7   176.57    13.30
1982    8    55.35    12.28
1982    9    25.67    11.00
1982   10    24.15     7.12
1982   11     8.57     2.55
1982   12    13.72    -1.14
1983    1    13.29    -5.90
1983    2     3.76    -1.73
1983    3    26.93     1.46
1983    4    55.53     3.82
1983    5    17.08     9.66
1983    6    52.34    13.17
1983    7    85.04    14.31
1983    8   171.03    10.57
1983    9    26.96     8.25
1983   10    40.67     5.03
1983   11    30.98     0.36
1983   12    10.39    -2.45
1984    1    30.16    -3.47
1984    2    14.61    -2.37
1984    3    16.81     1.52
1984    4    62.08     1.64
1984    5    76.51     6.75
1984    6    17.11    14.24
1984    7    54.53    15.50
1984    8    83.97    11.34
1984    9    27.76     9.02
1984   10    20.09     6.21
1984   11    19.33     1.43
1984   12     8.37     0.07
1985    1     5.52    -0.97
1985    2    18.20    -2.31
1985    3    25.46     0.79
1985    4    42.16     9.22
1985    5    51.46     6.69
1985    6   107.57    12.29
1985    7    91.49    13.11
1985    8   144.10    10.13
1985    9    43.18    10.41
1985   10     5.90     7.45
1985   11    24.87    -0.31
1985   12     3.84     0.45
1986    1    18.53     0.64
1986    2    13.50    -0.13
1986    3    40.57     0.59
1986    4    78.85     2.83
1986    5    58.91    10.09
1986    6    92.45    11.75
1986    7    98.87    13.78
1986    8   142.03    11.81
1986    9    39.00    10.40
1986   10    25.99     6.92
1986   11    22.27    -1.02
1986   12    10.93    -1.64
1987    1    13.48    -4.80
1987    2    11.32    -1.32
1987    3    15.20    -0.53
1987    4    39.30     5.59
1987    5    59.20     8.87
1987    6    83.94    12.89
1987    7   120.33    12.91
1987    8   115.32    12.81
1987    9    34.58     9.44
1987   10    19.58     8.92
1987   11     5.74     3.83
1987   12     7.17    -0.03
1988    1     5.12    -2.11
1988    2     8.55    -1.28
1988    3    10.90    -0.12
1988    4    62.93     4.12
1988    5    89.25     9.67
1988    6    37.26    13.31
1988    7    75.84    14.46
1988    8   140.62    12.73
1988    9    24.30    11.05
1988   10    32.91     6.96
1988   11    19.38    -0.66
1988   12     4.26    -3.49
1989    1     4.99    -0.89
1989    2     8.51    -2.11
1989    3    16.86    -0.85
1989    4    52.22     6.99
1989    5    79.49    11.19
1989    6    89.81    13.37
1989    7   143.18    14.25
1989    8    58.25    13.30
1989    9    36.65     8.66
1989   10    24.31     4.83
1989   11    21.38     2.19
1989   12     4.60    -1.40
1990    1    22.36    -2.58
1990    2    16.23    -0.04
1990    3     8.49     4.48
1990    4    30.76     6.70
1990    5   151.62     8.63
1990    6    97.38    13.84
1990    7    88.93    13.34
1990    8   111.58    11.95
1990    9    13.00    12.27
1990   10    47.81     7.83
1990   11     4.59     2.88
1990   12    10.40    -1.65
1991    1     7.18     0.08
1991    2     8.31     0.88
1991    3    17.22     1.90
1991    4    46.03     4.63
1991    5    64.55    10.46
1991    6    22.50    13.88
1991    7    53.26    15.19
1991    8    19.35    17.12
1991    9    26.44    11.12
1991   10    24.36     5.58
1991   11    10.46     2.32
1991   12     8.63    -2.60
1992    1    36.02    -4.48
1992    2     8.97    -6.79
1992    3    22.17     3.22
1992    4    12.01     5.62
1992    5    66.73     9.15
1992    6    47.49    13.39
1992    7    74.69    14.97
1992    8    96.02    12.61
1992    9    61.42     8.75
1992   10     9.58     6.87
1992   11    18.45    -0.02
1992   12    12.87    -1.13
1993    1    17.27    -3.04
1993    2    20.26     0.17
1993    3    15.47     2.43
1993    4    39.83     4.76
1993    5    61.65     9.10
1993    6   127.23    11.46
1993    7    85.99    12.51
1993    8    95.03    12.73
1993    9    67.47     9.58
1993   10    17.30     6.53
1993   11     6.46    -1.70
1993   12     3.33    -3.87
1994    1    10.26    -5.72
1994    2     7.52    -2.19
1994    3     8.65    -0.15
1994    4    19.42     3.78
1994    5    58.24     9.93
1994    6    58.26    13.75
1994    7    62.87    13.30
1994    8   116.40    14.55
1994    9   100.65    11.01
1994   10    40.50     4.42
1994   11    32.99     0.23
1994   12     6.68    -1.43
1995    1     3.94    -2.29
1995    2     7.77    -3.29
1995    3    33.50     3.56
1995    4    36.83     6.03
1995    5    95.89    10.64
1995    6   130.93    11.52
1995    7    93.16    13.54
1995    8    63.00    13.74
1995    9    31.72    10.13
1995   10    13.42     6.02
1995   11    15.07     2.98
1995   12    13.78    -0.59
1996    1     4.07    -3.91
1996    2    10.50    -0.96
1996    3    20.42     1.74
1996    4    14.49     6.50
1996    5    65.82     9.91
1996    6   108.58    12.68
1996    7   130.55    13.29
1996    8    62.45    12.45
1996    9    66.18     9.84
1996   10    27.72     8.68
1996   11     9.28     2.08
1996   12     8.39    -2.30
1997    1    11.74    -1.02
1997    2    16.51    -2.27
1997    3    10.30     3.26
1997    4    45.03     4.49
1997    5    70.15    10.73
1997    6    54.72    14.39
1997    7    92.29    15.06
1997    8    34.37    14.44
1997    9     8.52    13.14
1997   10    23.61     8.98
1997   11    10.58    -1.35
1997   12    27.82    -2.75
1998    1     9.41    -3.58
1998    2     4.81    -4.59
1998    3    24.13     2.75
1998    4    43.19     7.38
1998    5    66.38     9.69
1998    6    15.07    16.16
1998    7    51.58    17.21
1998    8   187.17    11.61
1998    9    37.52    11.45
1998   10    59.47     7.66
1998   11    10.95     3.71
1998   12     6.07     0.74
1999    1    29.55    -4.67
1999    2     9.99    -2.00
1999    3     7.60     1.84
1999    4    62.09     5.37
1999    5   106.84     8.15
1999    6    50.63    14.49
1999    7    60.91    14.81
1999    8    59.25    14.22
1999    9    16.86    11.33
1999   10    33.17     8.86
1999   11    30.49     1.25
1999   12    15.31    -2.65
2000    1    27.04    -4.39
2000    2    13.44    -4.46
2000    3     7.59     1.49
2000    4    10.68     3.60
2000    5   144.69     7.74
2000    6    46.19    12.99
2000    7    23.58    16.05
2000    8    20.46    15.58
2000    9    81.57    11.31
2000   10    33.85     6.04
2000   11    12.85     2.75
2000   12     4.48    -1.54
2001    1    15.93    -1.75
2001    2     9.99    -5.74
2001    3    17.34     3.81
2001    4    26.78     6.83
2001    5    20.70    10.13
2001    6    80.73    14.16
2001    7    87.96    15.53
2001    8    44.45    14.15
2001    9    28.05    10.88
2001   10    19.19     7.74
2001   11    10.03     2.58
2001   12    20.03    -2.02
2002    1    11.26    -3.89
2002    2     9.62     0.05
2002    3    20.72     1.48
2002    4    48.30     4.60
2002    5    68.79     9.95
2002    6    34.99    14.03
2002    7    43.47    18.27
2002    8   112.73    13.79
2002    9    22.61    12.17
2002   10    20.21     7.81
2002   11    11.77     3.81
2002   12    15.22    -1.81
2003    1     6.19    -2.92
2003    2    17.30    -1.95
2003    3     8.90     2.43
2003    4    27.22     9.67
2003    5   118.49     9.42
2003    6    57.40    13.37
2003    7    80.93    14.20
2003    8    36.70    14.17
2003    9    56.31    10.13
2003   10    20.56     6.66
2003   11    19.39     3.12
2003   12    11.08    -1.82
2004    1     3.44     0.01
2004    2    24.43     0.56
2004    3    31.71     0.07
2004    4    10.56     6.74
2004    5    70.08    10.03
2004    6    39.42    13.91
2004    7    98.04    13.60
2004    8    85.29    15.34
2004    9    11.22    10.45
2004   10    17.59     4.95
2004   11    25.10     1.38
2004   12     8.94     0.08
2005    1    10.67    -2.35
2005    2     5.60    -1.20
2005    3    23.24     2.31
2005    4    37.87     4.30
2005    5    43.83    10.25
2005    6   167.72    13.10
2005    7   131.06    14.16
2005    8   126.16    12.18
2005    9     9.99    12.39
2005   10    12.56     7.75
2005   11    33.47    -2.08
2005   12    22.58    -1.23
