2006    1    39.16    -6.51
2006    2    23.15    -1.38
2006    3    46.24    -1.71
2006    4    74.17     4.71
2006    5   105.06     9.99
2006    6    97.09    13.18
2006    7    72.60    16.06
2006    8    63.90    15.40
2006    9   103.40    12.22
2006   10    53.62     7.82
2006   11    21.43    -0.55
2006   12    55.27    -4.36
2007    1    46.83    -6.53
2007    2    33.79    -8.67
2007    3    34.45    -0.71
2007    4    61.57     5.94
2007    5   155.00     9.62
2007    6   111.37    12.21
2007    7    49.85    15.55
2007    8    31.66    17.45
2007    9    34.63    12.33
2007   10    70.28     5.82
2007   11    36.50    -0.87
2007   12    31.83    -3.78
2008    1    61.21    -8.61
2008    2    36.10    -4.39
2008    3    38.54     3.41
2008    4    79.27     6.57
2008    5   135.22    11.42
2008    6   112.99    14.57
2008    7    41.04    17.92
2008    8    33.07    18.54
2008    9    35.93    12.94
2008   10    50.59     4.06
2008   11    15.16     1.49
2008   12    35.50    -2.24
2009    1    19.04    -6.10
2009    2    50.74    -2.91
2009    3    61.07     0.72
2009    4    54.00     6.10
2009    5    91.54     9.74
2009    6   142.04    14.79
2009    7    86.62    16.62
2009    8    36.38    16.91
2009    9    58.76    13.93
2009   10    27.60     8.24
2009   11    36.65    -0.23
2009   12    40.97    -1.63
2010    1    34.03    -6.17
2010    2    38.49    -2.33
2010    3    36.55     3.73
2010    4    85.03     5.41
2010    5   103.37     9.78
2010    6    71.43    13.88
2010    7   138.49    15.40
2010    8    72.71    16.37
2010    9    83.47    13.33
2010   10    81.86     6.88
2010   11    16.65     0.72
2010   12    18.46    -2.06
2011    1    38.27    -3.88
2011    2    32.00    -0.40
2011    3    38.48    -0.44
2011    4    86.40     3.91
2011    5    78.94     9.38
2011    6    99.18    13.84
2011    7    31.78    16.35
2011    8    46.41    16.16
2011    9    51.10    11.10
2011   10    52.93     6.35
2011   11    20.83     0.27
2011   12    26.36    -3.20
2012    1    21.67    -4.65
2012    2    36.71    -4.48
2012    3    28.27     5.84
2012    4   111.48     6.58
2012    5   146.35     8.52
2012    6    88.62    15.09
2012    7    37.11    17.89
2012    8    41.52    16.81
2012    9    50.37    12.03
2012   10    93.00     6.29
2012   11    61.35     0.49
2012   12    26.08    -3.73
2013    1    34.58    -7.36
2013    2    22.36     0.10
2013    3     9.02     5.01
2013    4    67.62     8.02
2013    5    96.53     9.03
2013    6    92.95    14.97
2013    7    28.90    18.94
2013    8    27.35    20.54
2013    9    43.49    14.89
2013   10    47.23     7.79
2013   11    28.88     1.87
2013   12    27.72    -2.56
2014    1    47.23    -2.97
2014    2    28.06    -5.40
2014    3    55.81     0.52
2014    4    59.64     6.98
2014    5   141.54    11.02
2014    6   150.40    13.71
2014    7    59.34    17.03
2014    8    39.83    17.81
2014    9    45.96    11.10
2014   10    94.94     7.19
2014   11    10.33     2.45
2014   12    46.78    -6.33
2015    1    17.02    -8.88
2015    2    40.05    -3.01
2015    3    34.77     3.11
2015    4   101.21     4.96
2015    5   121.63    10.59
2015    6   140.45    13.88
2015    7    21.33    17.37
2015    8    50.86    17.73
2015    9    58.83    11.76
2015   10    41.66     6.57
2015   11    19.97     2.26
2015   12    27.85    -6.26
2016    1    61.74    -3.11
2016    2    27.12    -3.15
2016    3    30.48     0.13
2016    4    42.60     5.56
2016    5   100.83     9.08
2016    6    71.93    13.83
2016    7    35.40    19.43
2016    8    25.04    18.59
2016    9    62.54    11.41
2016   10    57.60     5.73
2016   11    62.55    -1.15
2016   12    21.15    -2.85
2017    1    28.18    -3.20
2017    2    18.48    -2.18
2017    3    57.49     2.00
2017    4    74.92     6.57
2017    5    91.54    11.35
2017    6   140.58    15.92
2017    7    69.17    17.59
2017    8    21.83    17.70
2017    9    33.97    15.19
2017   10    98.85     7.17
2017   11    20.38     4.46
2017   12    64.87    -1.21
2018    1    33.98    -4.09
2018    2    31.74    -3.43
2018    3    47.88     1.95
2018    4    76.06     8.01
2018    5    95.76    10.92
2018    6   115.81    16.05
2018    7    52.14    17.79
2018    8    67.32    18.27
2018    9    69.72    12.53
2018   10    14.66     6.69
2018   11    25.53     0.80
2018   12    77.95    -4.18
2019    1    20.54    -4.17
2019    2    25.00    -2.30
2019    3    78.13    -1.09
2019    4    87.22     2.97
2019    5   119.49    10.20
2019    6   126.39    14.69
2019    7    64.61    16.45
2019    8    50.32    15.74
2019    9    56.85    11.82
2019   10    61.91     6.41
2019   11    65.39     0.48
2019   12    30.64    -3.95
2020    1    15.46    -2.17
2020    2    71.27    -5.33
2020    3    31.81     4.19
2020    4   101.99     6.28
2020    5   126.30     8.80
2020    6    93.29    14.29
2020    7    59.87    16.30
2020    8    32.30    14.70
2020    9    32.40    10.98
2020   10    42.83     8.34
2020   11    30.55     0.84
2020   12    38.14    -1.55
2021    1    48.22    -7.38
2021    2    33.82    -4.61
2021    3    55.33     0.52
2021    4    64.09     4.25
2021    5    90.74    10.01
2021    6    68.50    14.22
2021    7    73.47    18.00
2021    8    60.79    16.87
2021    9    61.98    11.75
2021   10    44.20     5.51
2021   11    30.02     2.53
2021   12    42.47    -0.90
2022    1    53.93    -5.27
2022    2    26.09    -2.52
2022    3    46.44     3.91
2022    4    46.21     6.17
2022    5   135.84     9.63
2022    6    77.19    14.14
2022    7    60.98    15.94
2022    8    57.77    16.28
2022    9    47.57    12.35
2022   10    43.33     5.04
2022   11    26.91    -1.50
2022   12    56.04    -4.20
2023    1    22.54    -5.04
2023    2    25.66    -2.21
2023    3    65.42    -1.92
2023    4    25.63     5.50
2023    5   124.07    11.19
2023    6    53.45    16.31
2023    7    84.06    18.80
2023    8    77.38    16.69
2023    9    70.16    11.93
2023   10    34.62     7.45
2023   11    49.15     2.63
2023   12    31.00    -8.59
2024    1    43.55    -3.41
2024    2    27.75    -2.57
2024    3    62.81    -1.42
2024    4    49.68     7.38
2024    5   166.02    11.31
2024    6   120.67    16.06
2024    7    59.27    18.20
2024    8    29.20    18.56
2024    9    18.67    12.69
2024   10    28.49     6.84
2024   11    20.03     2.37
2024   12    25.57    -1.44
2025    1    26.03    -4.23
2025    2    54.83    -6.86
2025    3    22.03     1.11
2025    4    91.05     5.43
2025    5   117.86     9.92
2025    6   116.31    15.48
2025    7    93.35    16.52
2025    8    66.46    17.50
2025    9    43.28    12.25
2025   10    50.81     7.46
2025   11    70.84    -0.49
2025   12    34.05    -4.19
2026    1    30.54    -5.34
2026    2    16.25    -2.22
2026    3    30.45     4.83
2026    4    90.15     5.52
2026    5   117.53    10.82
2026    6    75.09    15.08
2026    7    47.03    17.92
2026    8    39.45    17.49
2026    9    78.98    11.47
2026   10    48.35     4.97
2026   11    60.38     0.53
2026   12    51.72    -3.25
2027    1    38.47    -9.07
2027    2    13.13    -4.79
2027    3    72.73     0.44
2027    4    43.01     7.20
2027    5   125.55    12.45
2027    6    85.99    16.11
2027    7    95.63    16.95
2027    8    60.23    16.64
2027    9    72.22    15.61
2027   10    80.49     7.95
2027   11    50.47     1.19
2027   12    24.72    -4.68
2028    1    17.54    -1.44
2028    2    12.93    -0.93
2028    3    49.50     0.28
2028    4    71.30     7.06
2028    5   162.95     9.13
2028    6   101.86    14.36
2028    7    27.92    18.58
2028    8    57.29    17.50
2028    9    64.66    13.24
2028   10    48.68     5.59
2028   11    30.87     0.71
2028   12    17.42    -1.38
2029    1    20.41    -1.50
2029    2    12.97     1.89
2029    3    36.35     5.27
2029    4    51.65     6.45
2029    5   112.96    12.63
2029    6    69.05    15.55
2029    7    92.06    17.54
2029    8    30.57    18.14
2029    9    31.26    13.17
2029   10    37.31     8.52
2029   11    56.84     4.68
2029   12    25.40    -4.75
2030    1    34.16    -1.83
2030    2    38.37    -3.48
2030    3    29.76     4.50
2030    4    76.90     8.78
2030    5   116.15    11.19
2030    6   158.27    17.39
2030    7    48.61    18.05
2030    8    68.51    16.11
2030    9    40.67    11.92
2030   10    18.48     5.87
2030   11    66.80    -1.08
2030   12    32.42    -0.82
2031    1    24.38    -2.74
2031    2    39.37     0.58
2031    3    57.41     1.84
2031    4   125.86     5.27
2031    5   115.08    11.16
2031    6    84.29    14.34
2031    7    82.58    16.40
2031    8    40.77    16.73
2031    9    72.17    12.79
2031   10    74.35     7.31
2031   11    22.05     0.37
2031   12    16.81    -5.10
2032    1    37.61    -5.60
2032    2    28.55    -5.68
2032    3    73.82    -0.32
2032    4    50.26     8.60
2032    5    97.89    12.92
2032    6    60.71    14.21
2032    7    60.91    17.34
2032    8    52.89    16.60
2032    9    41.22    12.44
2032   10    30.52     6.00
2032   11     8.01     2.87
2032   12    35.25    -3.56
2033    1    33.11    -5.27
2033    2    19.74    -0.26
2033    3    41.38     3.76
2033    4    63.88     6.42
2033    5   125.83    10.72
2033    6    97.51    17.71
2033    7    68.57    17.83
2033    8    37.28    17.67
2033    9    36.76    13.40
2033   10    56.76     8.25
2033   11    38.77     5.32
2033   12    38.70     0.17
2034    1    34.88    -4.82
2034    2    40.20    -3.81
2034    3    68.72     1.63
2034    4    83.60     5.23
2034    5    87.72    13.15
2034    6    81.15    15.00
2034    7    78.00    17.89
2034    8    36.41    16.78
2034    9    47.16    12.38
2034   10    77.75     7.26
2034   11    30.20    -0.29
2034   12    25.12    -1.08
2035    1    34.53    -1.78
2035    2    44.62    -2.84
2035    3    61.55     0.86
2035    4    98.43     5.42
2035    5   139.40     9.76
2035    6   101.14    15.65
2035    7    65.85    15.50
2035    8    25.80    18.19
2035    9    55.69    13.79
2035   10   101.54     8.56
2035   11    42.15     0.62
2035   12    14.27    -3.65
2036    1    33.54    -3.52
2036    2    18.86     0.79
2036    3    25.41     8.44
2036    4    95.77     9.61
2036    5    91.80    10.44
2036    6    80.24    15.18
2036    7    45.48    19.54
2036    8    61.43    17.00
2036    9    31.14    13.55
2036   10    40.47     8.41
2036   11    71.66     1.97
2036   12    26.43    -2.41
2037    1    45.43    -6.24
2037    2    32.38    -4.24
2037    3    27.23     5.88
2037    4    85.56     8.62
2037    5    95.25    10.06
2037    6   104.29    15.71
2037    7    78.50    18.42
2037    8    69.40    16.83
2037    9    37.35    13.86
2037   10    40.85     4.19
2037   11    19.10     4.72
2037   12    35.74    -1.49
2038    1    19.85    -1.86
2038    2    25.45    -1.61
2038    3    27.05     1.54
2038    4    61.42     6.36
2038    5    97.78     8.87
2038    6   102.68    15.41
2038    7    45.39    16.55
2038    8    61.70    18.22
2038    9    51.88    12.17
2038   10    53.69     6.92
2038   11    16.64     3.78
2038   12    29.26    -0.36
2039    1    12.26    -1.44
2039    2    28.83     3.33
2039    3    60.12     2.34
2039    4   106.59     9.09
2039    5   100.99    11.50
2039    6    58.85    16.82
2039    7    48.11    18.21
2039    8    28.03    18.03
2039    9    55.51    14.02
2039   10    71.65     7.30
2039   11    36.76     2.12
2039   12    18.93    -0.26
2040    1    46.25    -3.66
2040    2    23.94     0.39
2040    3    23.15     5.05
2040    4    83.14     5.69
2040    5   140.82    11.56
2040    6   136.98    15.11
2040    7    52.90    18.85
2040    8    85.16    15.49
2040    9    39.89    12.73
2040   10    43.00     7.56
2040   11    39.06     0.87
2040   12    37.47    -2.11
2041    1    24.88    -2.56
2041    2    29.47    -0.61
2041    3    33.51     3.29
2041    4    63.52     7.62
2041    5   121.03    10.49
2041    6   122.05    15.01
2041    7    46.57    20.12
2041    8    69.21    18.93
2041    9    27.44    12.14
2041   10    41.23     8.09
2041   11    36.12    -0.96
2041   12    19.28    -2.77
2042    1    21.11    -2.12
2042    2    61.75    -2.77
2042    3    37.84     4.22
2042    4    72.28     9.31
2042    5    90.15    13.48
2042    6   120.85    16.68
2042    7    98.26    18.22
2042    8    54.40    17.41
2042    9    45.13    14.37
2042   10    85.99     8.26
2042   11    55.89     2.12
2042   12    26.67    -1.68
2043    1    45.75    -3.76
2043    2     3.15     0.42
2043    3    38.34     5.43
2043    4    67.98     8.98
2043    5   137.79    11.19
2043    6   149.07    14.78
2043    7    70.42    18.91
2043    8    58.98    16.78
2043    9    42.08    12.83
2043   10    42.35     5.88
2043   11    27.42     1.49
2043   12    17.78    -1.35
2044    1    40.18    -4.74
2044    2    16.01     0.60
2044    3    26.07     2.35
2044    4    92.95     5.42
2044    5   126.76     8.92
2044    6    78.79    16.76
2044    7    47.65    18.12
2044    8    54.58    19.34
2044    9    52.86    13.95
2044   10    29.27     8.60
2044   11    29.29     1.88
2044   12    38.70    -0.98
2045    1    47.48    -2.98
2045    2    13.13     0.65
2045    3    63.50     1.52
2045    4    50.41     8.48
2045    5   145.55    12.04
2045    6    74.77    14.80
2045    7    41.28    19.73
2045    8    48.88    18.22
2045    9    68.30    13.43
2045   10    20.23     8.46
2045   11    29.00     1.75
2045   12    46.95    -0.57
2046    1    37.90    -5.45
2046    2    23.27    -0.03
2046    3    57.45     2.47
2046    4    41.43     6.13
2046    5    95.54    13.61
2046    6   161.07    15.97
2046    7    56.95    17.81
2046    8    57.46    18.16
2046    9    35.61    13.37
2046   10    41.63     9.76
2046   11    33.51     4.49
2046   12    51.40     0.21
2047    1    32.73    -1.18
2047    2    25.35     2.27
2047    3    62.05     3.59
2047    4    42.30     9.67
2047    5   124.77    10.57
2047    6   135.16    17.24
2047    7    52.20    18.60
2047    8    44.07    18.42
2047    9    45.18    12.79
2047   10    51.23     7.54
2047   11    36.42     3.13
2047   12    30.34    -4.33
2048    1    24.14    -3.64
2048    2    16.92    -1.60
2048    3    63.49     2.69
2048    4    56.14     5.98
2048    5    88.20    10.60
2048    6    78.58    15.44
2048    7    20.60    19.56
2048    8    33.66    20.24
2048    9    43.04    12.03
2048   10    41.38     3.50
2048   11    14.01    -0.18
2048   12    25.41    -1.25
2049    1    22.52    -2.75
2049    2    19.99    -1.31
2049    3    86.67    -1.28
2049    4    77.04     7.68
2049    5   121.08    11.47
2049    6    71.21    17.03
2049    7    48.38    18.98
2049    8    40.71    18.29
2049    9    24.81    12.10
2049   10    11.38    11.41
2049   11    17.96     3.96
2049   12    36.16    -0.86
2050    1    13.45    -0.74
2050    2    45.47    -2.05
2050    3    27.32     5.11
2050    4   112.24     5.90
2050    5   100.98    12.49
2050    6   142.38    16.61
2050    7    39.41    19.58
2050    8    50.22    17.82
2050    9    52.55    13.23
2050   10    49.52    10.33
2050   11    62.15     2.72
2050   12    45.08     0.53
2051    1    33.59    -0.45
2051    2    77.93    -2.60
2051    3    62.02     4.22
2051    4    90.97     4.83
2051    5   148.10    10.62
2051    6   154.55    14.50
2051    7    75.91    18.36
2051    8    53.09    17.55
2051    9    96.67    13.48
2051   10    41.19     8.46
2051   11    22.66     3.47
2051   12    33.19    -1.00
2052    1    38.31    -1.49
2052    2    70.67    -3.35
2052    3    46.69     2.23
2052    4   105.38     8.27
2052    5    90.71    10.56
2052    6    99.52    15.43
2052    7    59.65    17.43
2052    8    45.57    17.17
2052    9    39.24    14.68
2052   10    76.47     8.46
2052   11    28.03     0.97
2052   12    30.61    -0.46
2053    1    13.09     0.63
2053    2    39.83     1.00
2053    3   119.44     1.18
2053    4    86.11     5.62
2053    5   154.76     9.15
2053    6   124.13    16.50
2053    7    38.90    19.31
2053    8    22.29    18.55
2053    9    50.27    14.63
2053   10    45.24     8.67
2053   11    44.81     1.60
2053   12    29.34    -2.66
2054    1    20.80    -1.79
2054    2    51.26    -2.19
2054    3    39.00     1.62
2054    4    64.69    11.16
2054    5   138.20    12.67
2054    6    80.43    17.45
2054    7    61.35    18.26
2054    8    71.03    17.03
2054    9    53.53    10.75
2054   10    86.44     6.78
2054   11    36.62     1.42
2054   12    19.23    -1.96
2055    1    35.62    -6.56
2055    2    34.59    -4.08
2055    3    38.02     2.39
2055    4    94.59     6.67
2055    5    92.19    11.07
2055    6    88.40    16.15
2055    7    37.59    18.92
2055    8    40.39    19.44
2055    9    51.89    12.43
2055   10    30.56     5.10
2055   11    51.90     1.15
2055   12    15.16    -1.48
2056    1    42.66    -3.10
2056    2    33.74     0.25
2056    3    39.96     5.09
2056    4    69.12     7.87
2056    5   104.79    10.72
2056    6   115.91    16.44
2056    7    39.55    19.63
2056    8    33.08    19.47
2056    9    60.20    15.10
2056   10    52.00     7.98
2056   11    35.06     1.23
2056   12    49.31    -0.77
2057    1    37.46    -5.87
2057    2    48.86    -1.79
2057    3    39.98     2.21
2057    4    73.39     8.65
2057    5   100.48    11.62
2057    6   130.63    16.01
2057    7    71.43    18.63
2057    8    41.12    18.90
2057    9    50.22    14.33
2057   10    41.81     6.68
2057   11    64.09     2.00
2057   12    34.48    -2.00
2058    1    33.44    -1.04
2058    2    36.53    -1.00
2058    3    37.73     2.84
2058    4   116.80     7.50
2058    5   128.05    11.56
2058    6    86.96    16.32
2058    7    78.60    17.15
2058    8    52.09    17.44
2058    9    64.27    15.37
2058   10    84.58     7.98
2058   11    26.98     1.32
2058   12    30.88     0.47
2059    1    21.51    -0.25
2059    2    28.04    -0.88
2059    3    72.86     5.25
2059    4    60.65     5.51
2059    5   175.31    12.94
2059    6   147.78    15.26
2059    7    42.95    18.11
2059    8    35.16    19.40
2059    9    51.19    12.75
2059   10    20.06     5.93
2059   11    26.91     4.48
2059   12    42.75    -3.98
2060    1    25.59    -1.68
2060    2    15.11    -0.26
2060    3    62.51     2.15
2060    4    57.75     4.23
2060    5   152.11    10.27
2060    6   102.91    15.36
2060    7    54.48    19.55
2060    8    38.53    18.74
2060    9    58.11    15.27
2060   10    47.62     9.76
2060   11    23.33     4.03
2060   12    45.67    -2.02
2061    1    37.54    -4.09
2061    2    26.95    -2.73
2061    3    24.66     1.85
2061    4    59.39     8.44
2061    5   157.66    10.83
2061    6    96.96    16.22
2061    7    73.66    19.22
2061    8    54.32    19.71
2061    9    64.20    14.71
2061   10    64.95    10.55
2061   11    83.85     2.34
2061   12    38.77    -2.84
2062    1    28.92    -3.75
2062    2    42.34   -10.29
2062    3    32.28     1.75
2062    4    51.75    10.02
2062    5    51.11    14.44
2062    6    48.94    16.37
2062    7    39.71    20.39
2062    8    55.08    19.06
2062    9    49.95    12.56
2062   10    33.81     7.19
2062   11    17.36     2.84
2062   12    14.36    -0.79
2063    1    30.94     0.57
2063    2    33.02    -2.52
2063    3    23.79     2.96
2063    4    49.48     8.19
2063    5   109.29    12.86
2063    6   122.78    15.70
2063    7    57.33    19.13
2063    8    59.47    18.83
2063    9    29.37    12.62
2063   10    25.14     9.95
2063   11    57.84     3.61
2063   12    75.30    -3.42
2064    1    29.09    -8.51
2064    2    24.70    -0.75
2064    3    41.95     5.61
2064    4    73.19    10.28
2064    5    98.32    13.31
2064    6   111.64    15.95
2064    7    62.58    18.86
2064    8    53.74    19.51
2064    9    60.39    13.95
2064   10    72.13     7.95
2064   11    27.35     3.24
2064   12    23.88    -0.37
2065    1    19.72    -1.53
2065    2    47.82    -3.83
2065    3    55.60    -2.30
2065    4    91.53     7.15
2065    5   126.54    13.97
2065    6    97.35    16.31
2065    7    78.57    18.55
2065    8    55.16    18.36
2065    9    41.03    13.73
2065   10    22.44     7.11
2065   11    66.32     1.21
2065   12    28.05    -2.17
2066    1    42.75    -2.07
2066    2    18.52    -1.89
2066    3    58.16     6.13
2066    4   101.35     9.02
2066    5   141.97    10.90
2066    6   175.36    16.43
2066    7   146.66    17.38
2066    8    53.35    17.93
2066    9    61.18    13.64
2066   10    40.53     7.14
2066   11    36.82     4.14
2066   12     8.05     0.59
2067    1    73.74    -6.56
2067    2    25.49     1.05
2067    3    42.32     3.54
2067    4    79.45     8.30
2067    5   148.95    11.00
2067    6   131.02    16.61
2067    7    83.83    18.29
2067    8    79.65    17.03
2067    9    25.57    14.28
2067   10    26.14    10.09
2067   11    77.00     1.18
2067   12    36.53    -2.28
2068    1    28.77    -3.29
2068    2    21.09     0.14
2068    3    22.50     7.04
2068    4    99.48     7.25
2068    5   149.79    11.16
2068    6   135.95    14.69
2068    7    76.80    18.02
2068    8    74.98    17.80
2068    9    28.83    14.12
2068   10    48.31    10.62
2068   11    77.66     1.66
2068   12    42.01    -2.71
2069    1    48.70    -5.07
2069    2    21.72    -0.29
2069    3    35.37    -1.63
2069    4    60.58     7.54
2069    5   165.23    12.50
2069    6    85.68    15.16
2069    7    46.86    18.80
2069    8    32.06    18.26
2069    9    81.99    13.78
2069   10   102.09     8.52
2069   11    46.83     1.48
2069   12    12.41    -0.76
2070    1    34.78     0.47
2070    2    18.21    -2.25
2070    3    69.96     0.57
2070    4   105.41     8.91
2070    5    92.37    11.88
2070    6   130.71    17.43
2070    7    85.46    18.86
2070    8    48.66    17.82
2070    9    61.45    14.05
2070   10    33.30     8.70
2070   11    47.81     4.96
2070   12    25.82     0.71
2071    1    15.83    -2.73
2071    2    19.82    -0.15
2071    3    64.75     3.15
2071    4    78.67     8.52
2071    5   113.70    12.74
2071    6    92.33    16.46
2071    7    63.76    17.82
2071    8    69.56    17.93
2071    9    81.03    13.65
2071   10    42.76     7.46
2071   11     1.34     0.46
2071   12    20.48    -0.72
2072    1     9.05    -1.31
2072    2    41.17    -2.44
2072    3    68.25     0.08
2072    4   134.90     5.56
2072    5   103.67    13.12
2072    6   117.29    16.28
2072    7    52.91    16.92
2072    8    58.87    18.88
2072    9    32.97    13.72
2072   10    71.52     6.48
2072   11    14.97    -0.15
2072   12    38.33    -1.04
2073    1    26.24    -2.73
2073    2    46.25    -2.65
2073    3    42.95    -0.06
2073    4    55.70     7.66
2073    5   122.78    13.56
2073    6   173.53    16.23
2073    7   106.22    19.84
2073    8    42.18    18.14
2073    9    52.79    13.84
2073   10    34.75     9.43
2073   11    32.92     2.98
2073   12    50.04    -4.30
2074    1    28.53    -3.67
2074    2    28.46     1.36
2074    3    82.76     5.16
2074    4    70.08     8.39
2074    5   113.51     8.99
2074    6   125.38    15.98
2074    7    30.98    18.47
2074    8    51.35    18.20
2074    9    45.79    14.79
2074   10    25.55     7.48
2074   11    70.43     2.17
2074   12    39.79    -1.33
2075    1    32.04    -1.18
2075    2    25.80    -0.40
2075    3    74.40     4.42
2075    4    40.83     6.64
2075    5   137.33    12.04
2075    6    58.78    14.67
2075    7    43.68    19.23
2075    8    28.65    19.08
2075    9    44.52    15.74
2075   10    39.60     7.71
2075   11    35.36     1.31
2075   12    14.51    -0.81
2076    1    69.48    -4.80
2076    2     6.87    -0.45
2076    3    47.38     3.95
2076    4    89.91     9.26
2076    5   100.49    11.88
2076    6    83.53    16.15
2076    7    62.37    20.20
2076    8    29.60    20.59
2076    9    55.30    16.53
2076   10    53.82    11.19
2076   11    80.45     3.51
2076   12    28.94    -2.86
2077    1    25.36    -0.54
2077    2    25.53     0.46
2077    3    49.59     3.09
2077    4    55.55     8.26
2077    5   173.46    13.09
2077    6   118.70    16.37
2077    7    57.00    19.26
2077    8    41.43    17.85
2077    9   116.94    13.51
2077   10    66.81     7.85
2077   11    14.58     5.37
2077   12    20.94    -0.71
2078    1    55.20     1.18
2078    2    27.64    -0.27
2078    3    67.31     1.52
2078    4    68.20     7.72
2078    5   142.81    12.15
2078    6    90.36    16.60
2078    7    28.72    19.92
2078    8    62.40    19.49
2078    9    61.15    15.68
2078   10    44.72     9.30
2078   11    41.47    -0.46
2078   12    28.32    -4.50
2079    1    45.71    -6.97
2079    2    30.98    -8.49
2079    3    25.30     2.52
2079    4    49.26     8.73
2079    5   109.29    10.61
2079    6   127.83    15.37
2079    7    53.43    20.46
2079    8    37.33    19.18
2079    9    22.73    15.57
2079   10    57.12     8.94
2079   11    19.30     4.47
2079   12    13.47    -0.09
2080    1    35.09    -1.43
2080    2    22.69    -0.01
2080    3    35.48     5.28
2080    4    61.55     9.85
2080    5   141.23    13.19
2080    6    62.62    18.36
2080    7    47.34    20.16
2080    8    52.26    19.56
2080    9    67.56    13.23
2080   10    52.02     8.12
2080   11    65.14     2.65
2080   12    58.40    -1.43
2081    1    14.72    -4.73
2081    2    23.85     0.09
2081    3    47.43     2.54
2081    4    84.09     8.15
2081    5   125.54    11.72
2081    6   119.27    17.22
2081    7    30.65    21.87
2081    8    39.30    20.46
2081    9    63.47    16.05
2081   10    51.89    10.65
2081   11    78.06     3.40
2081   12    50.07    -0.49
2082    1    28.86    -1.90
2082    2    45.12    -2.95
2082    3    42.44     2.53
2082    4   106.38     8.20
2082    5   107.00    12.80
2082    6    93.80    17.55
2082    7    81.79    19.33
2082    8    67.56    19.76
2082    9    54.15    15.17
2082   10    71.28     8.79
2082   11    27.04     6.83
2082   12    40.70     1.55
2083    1    29.85    -2.53
2083    2    36.42    -0.94
2083    3    77.95     1.81
2083    4    58.35     9.09
2083    5   112.83    11.23
2083    6    64.43    16.50
2083    7    43.15    19.84
2083    8    38.85    19.40
2083    9    71.81    12.84
2083   10    37.86     8.16
2083   11    47.09     3.22
2083   12    20.01    -1.80
2084    1    25.53    -3.13
2084    2    20.98     2.77
2084    3    72.59     1.40
2084    4   136.95     6.41
2084    5   136.02    10.61
2084    6   106.12    16.14
2084    7    12.66    23.06
2084    8    50.93    20.73
2084    9    55.71    12.62
2084   10    62.24     8.77
2084   11    23.41     2.29
2084   12    13.12    -3.80
2085    1    70.71    -3.60
2085    2    23.74    -2.25
2085    3    36.29     5.58
2085    4    95.46     9.63
2085    5    98.24    13.76
2085    6   102.35    16.60
2085    7    58.50    19.07
2085    8    51.66    19.55
2085    9    35.53    15.07
2085   10    48.69     9.11
2085   11    83.31     4.06
2085   12    29.10     0.98
2086    1    12.80    -0.97
2086    2    14.46     1.76
2086    3    66.65     5.06
2086    4    95.77     7.64
2086    5   131.13    10.67
2086    6   115.73    17.58
2086    7    55.13    19.36
2086    8    55.69    19.51
2086    9   128.66    14.19
2086   10    32.22     7.20
2086   11    62.89     4.48
2086   12    26.75    -4.65
2087    1    31.05    -2.19
2087    2    32.65    -2.09
2087    3    19.92     0.48
2087    4    37.16     8.14
2087    5   143.54    12.18
2087    6    60.29    16.67
2087    7    21.28    20.43
2087    8    21.15    20.33
2087    9    47.04    15.87
2087   10    29.62     8.23
2087   11    27.93     3.09
2087   12    32.42    -1.07
2088    1    27.24    -2.77
2088    2    39.06    -0.73
2088    3    34.69     1.51
2088    4    65.62     9.94
2088    5   133.21    11.72
2088    6    87.09    16.67
2088    7    26.01    21.54
2088    8    52.14    19.57
2088    9    31.52    15.01
2088   10    75.31     8.44
2088   11    37.47     3.49
2088   12    58.86    -2.11
2089    1    25.73    -3.97
2089    2    28.50    -0.13
2089    3    38.89     4.22
2089    4    84.05     5.69
2089    5   136.16    13.88
2089    6   129.41    16.99
2089    7    76.70    20.13
2089    8    69.21    18.10
2089    9    38.74    15.46
2089   10    26.03    10.84
2089   11    34.85     3.43
2089   12    31.34    -0.65
2090    1    48.96    -4.23
2090    2    34.87     0.65
2090    3    51.13     2.25
2090    4    88.43     7.28
2090    5   110.99    10.87
2090    6   162.99    15.42
2090    7    61.87    18.77
2090    8    68.70    19.19
2090    9    31.68    13.52
2090   10    51.25     6.06
2090   11    25.61     3.58
2090   12    27.29    -1.97
2091    1    44.27    -5.10
2091    2    22.61    -1.46
2091    3    32.65     2.70
2091    4    70.99     9.04
2091    5    69.08    13.34
2091    6    45.06    17.30
2091    7    35.09    20.18
2091    8    56.39    19.64
2091    9    42.08    15.31
2091   10    75.60     9.12
2091   11    34.97     2.50
2091   12    58.31    -3.89
2092    1    43.50    -1.97
2092    2    63.31    -3.82
2092    3    50.01     1.67
2092    4    93.79     6.46
2092    5   173.81    14.27
2092    6   120.31    16.98
2092    7    36.16    20.78
2092    8    42.73    19.73
2092    9    45.17    16.68
2092   10    85.77    10.59
2092   11    77.76     3.75
2092   12    22.70    -0.22
2093    1    11.15    -1.57
2093    2    71.55    -1.65
2093    3    33.64     3.46
2093    4   114.22     6.15
2093    5   126.00    12.98
2093    6   120.16    16.32
2093    7    82.51    19.20
2093    8    78.18    18.91
2093    9    60.96    14.28
2093   10    54.17     7.92
2093   11    19.96     1.65
2093   12    34.86    -0.57
2094    1    22.57    -1.60
2094    2    18.60    -1.66
2094    3    58.21     3.05
2094    4    97.78     7.92
2094    5   178.62    12.74
2094    6   105.40    16.82
2094    7    27.61    21.28
2094    8    14.73    19.55
2094    9    32.87    14.33
2094   10    17.35     8.05
2094   11    32.76     2.57
2094   12    21.50     0.48
2095    1    34.70    -0.69
2095    2    21.11     3.06
2095    3    48.75     4.05
2095    4   123.60     6.99
2095    5   204.52    13.61
2095    6   105.81    16.18
2095    7   112.32    18.54
2095    8    70.49    19.58
2095    9    38.12    14.26
2095   10    44.98     8.02
2095   11    57.88     1.91
2095   12    34.59    -2.02
2096    1    38.18    -1.84
2096    2    26.19    -2.47
2096    3    85.47     2.14
2096    4    89.37     9.56
2096    5    99.04    13.18
2096    6   187.12    16.57
2096    7    64.55    17.99
2096    8    89.66    18.51
2096    9    67.57    14.33
2096   10    85.63     8.66
2096   11    44.88     1.24
2096   12    35.91    -3.09
2097    1    34.42    -2.85
2097    2    47.06     0.04
2097    3    40.60     4.43
2097    4   107.49     5.97
2097    5   193.96    11.15
2097    6    85.65    14.95
2097    7    90.85    17.97
2097    8    31.04    18.40
2097    9    44.38    14.65
2097   10    43.86     7.62
2097   11    52.37     0.35
2097   12    27.09     0.68
2098    1    35.34    -0.73
2098    2    39.57     1.95
2098    3    78.75     3.91
2098    4   120.33     7.69
2098    5   122.07    10.40
2098    6   114.69    16.39
2098    7    71.08    17.93
2098    8    43.63    19.36
2098    9    92.60    12.80
2098   10    67.25    11.32
2098   11    76.78     2.82
2098   12    40.05     0.13
2099    1    59.03    -2.22
2099    2    43.41    -3.24
2099    3    40.75     5.02
2099    4    84.30     7.82
2099    5   135.75    12.50
2099    6   110.33    15.95
2099    7    57.53    19.87
2099    8    53.59    18.45
2099    9    61.63    13.79
2099   10    33.29     8.38
2099   11    19.06     4.19
2099   12    17.86    -0.50
2100    1    45.38    -1.15
2100    2    23.93     1.31
2100    3   112.69     3.34
2100    4    68.07     6.46
2100    5   143.20    10.65
2100    6   103.42    15.94
2100    7    37.30    20.43
2100    8    53.21    18.49
2100    9    54.60    15.88
2100   10   135.85     9.29
2100   11    15.23     1.49
2100   12    60.06    -0.78
2101    1    48.07    -8.02
2101    2    38.02    -3.32
2101    3    39.64    -0.14
2101    4    53.62     7.53
2101    5    66.13    12.29
2101    6   152.88    16.95
2101    7   102.95    18.82
2101    8    36.10    19.04
2101    9    52.25    14.32
2101   10    30.82    12.09
2101   11    54.56     2.88
2101   12    57.58    -1.09
2102    1    55.89    -4.21
2102    2    42.77    -0.48
2102    3    47.46     4.80
2102    4    94.24     6.76
2102    5   120.91    11.77
2102    6    69.66    17.75
2102    7    65.69    18.21
2102    8    54.82    18.99
2102    9    40.42    17.24
2102   10    44.14    10.71
2102   11    58.70     4.02
2102   12    18.54     0.30
2103    1    43.80    -2.72
2103    2    32.79    -0.76
2103    3    69.50     1.76
2103    4    38.91     6.40
2103    5    93.62    15.89
2103    6   106.63    15.59
2103    7    56.57    20.36
2103    8    35.85    19.75
2103    9    40.08    13.90
2103   10    45.67     7.77
2103   11    25.46     3.28
2103   12    19.40    -0.96
2104    1    21.85    -0.27
2104    2    55.32    -3.00
2104    3    65.50     1.13
2104    4   101.87     8.04
2104    5   110.36    13.78
2104    6   109.19    16.07
2104    7    63.81    19.54
2104    8    70.40    19.01
2104    9    38.86    13.85
2104   10    59.84     7.08
2104   11    37.47     1.49
2104   12    19.43     0.01
2105    1    18.93    -1.63
2105    2    17.10     1.96
2105    3    58.61     3.56
2105    4    45.84    10.88
2105    5   148.65    13.80
2105    6   117.05    18.13
2105    7    49.90    19.82
2105    8    20.27    22.11
2105    9    41.55    14.75
2105   10    30.99     9.21
2105   11    27.79     4.79
2105   12    69.38    -0.17
2106    1    51.55    -2.73
2106    2    52.00    -1.57
2106    3    34.05     1.91
2106    4   130.10     7.06
2106    5    64.07    12.68
2106    6   112.14    17.78
2106    7    85.61    19.25
2106    8    31.12    19.72
2106    9    71.67    15.59
2106   10    58.93     8.21
2106   11    52.76     2.56
2106   12    29.17    -1.85
2107    1    37.71    -2.00
2107    2    45.70    -0.09
2107    3    42.66     3.86
2107    4    92.78     7.40
2107    5   133.43    12.68
2107    6    75.12    18.92
2107    7    76.86    19.94
2107    8    37.92    19.51
2107    9    42.41    16.11
2107   10    16.58     9.08
2107   11    43.30     3.84
2107   12    40.38     0.51
2108    1    22.58    -4.84
2108    2    25.83    -0.35
2108    3    35.33     3.83
2108    4    86.97     7.80
2108    5   135.41    11.74
2108    6   106.11    16.05
2108    7    22.57    21.35
2108    8    41.89    21.84
2108    9    27.60    15.98
2108   10    36.99    10.03
2108   11    58.99     0.42
2108   12    31.68     0.82
2109    1    28.70    -1.50
2109    2    25.31     1.96
2109    3    72.44     3.04
2109    4    37.23     6.53
2109    5    89.20    14.62
2109    6   146.65    17.65
2109    7    21.37    20.09
2109    8    27.34    20.63
2109    9     8.49    20.05
2109   10    26.22    11.01
2109   11    15.24     4.23
2109   12    58.36     0.57
2110    1    33.88     0.91
2110    2    38.19     0.04
2110    3    79.80     2.00
2110    4    58.97     6.55
2110    5    74.86    11.09
2110    6    62.37    16.76
2110    7    56.82    20.14
2110    8    43.43    21.19
2110    9    67.73    12.27
2110   10    37.21    10.11
2110   11    35.10     3.15
2110   12    37.51    -1.02
2111    1    40.90    -3.05
2111    2    19.29     2.10
2111    3    24.38     7.26
2111    4   100.27     9.77
2111    5   154.82    13.33
2111    6    64.02    18.62
2111    7    38.79    19.62
2111    8    50.50    18.93
2111    9   109.16    14.72
2111   10    32.52     9.76
2111   11    49.24     3.92
2111   12    32.20    -0.88
2112    1    16.48    -1.19
2112    2    31.01     0.51
2112    3    24.59     1.92
2112    4   105.13     9.37
2112    5   122.26    11.01
2112    6   112.11    16.50
2112    7    40.53    20.61
2112    8    35.01    19.55
2112    9    66.36    15.39
2112   10    37.17     6.31
2112   11    38.97     0.82
2112   12    45.87    -1.00
2113    1    25.68    -0.33
2113    2    33.14     1.31
2113    3    74.46     4.93
2113    4   126.18     7.36
2113    5   100.66    14.80
2113    6    97.63    16.73
2113    7    41.11    18.62
2113    8    40.20    19.11
2113    9    33.10    13.61
2113   10    81.32    10.57
2113   11    96.34     5.06
2113   12    27.86    -0.78
2114    1    55.94    -3.07
2114    2    24.87     1.00
2114    3    36.72     3.40
2114    4    70.56     9.38
2114    5   156.46    13.08
2114    6   148.50    17.27
2114    7    52.04    20.59
2114    8    57.90    19.43
2114    9    33.54    15.98
2114   10    35.89     8.59
2114   11    13.72     2.32
2114   12    33.76    -1.86
2115    1    15.79    -1.44
2115    2    62.00    -3.48
2115    3    37.02     2.10
2115    4    74.24     8.16
2115    5   141.29    12.70
2115    6    92.72    16.29
2115    7    37.54    19.79
2115    8    36.63    19.85
2115    9    69.72    14.38
2115   10    31.18     6.69
2115   11    40.90     3.51
2115   12    28.70    -0.13
2116    1    72.87    -5.17
2116    2    27.91    -2.76
2116    3    46.29     2.67
2116    4    88.15     7.76
2116    5   101.67    10.34
2116    6    91.46    15.33
2116    7    58.62    18.48
2116    8    80.25    18.93
2116    9    56.13    13.76
2116   10    39.97     7.66
2116   11    22.91     3.46
2116   12    37.57    -0.55
2117    1    19.89    -1.80
2117    2     8.21    -1.50
2117    3    33.19     3.97
2117    4    69.31     9.87
2117    5    89.66    13.53
2117    6    98.97    17.65
2117    7    57.93    19.85
2117    8    41.15    20.94
2117    9    49.36    15.76
2117   10    49.56     8.58
2117   11    56.18     4.52
2117   12    19.40    -0.08
2118    1    27.76     1.01
2118    2    50.26     0.92
2118    3    46.28     2.11
2118    4    78.84     9.85
2118    5   123.22    12.55
2118    6   118.43    15.52
2118    7   101.30    19.35
2118    8    39.67    20.09
2118    9   101.24    14.88
2118   10    53.43     8.79
2118   11    33.97     5.46
2118   12    46.18     0.73
2119    1    26.11    -1.78
2119    2    50.75    -2.14
2119    3    44.20     2.56
2119    4    95.75     8.30
2119    5    87.81    14.93
2119    6    49.63    18.00
2119    7    46.39    20.75
2119    8    43.70    19.05
2119    9    76.21    15.47
2119   10    16.55     6.56
2119   11    25.29     3.18
2119   12     8.09    -0.75
2120    1    31.74    -2.16
2120    2    26.32    -0.56
2120    3    89.83     3.90
2120    4    83.96     8.53
2120    5   134.29    13.34
2120    6   156.13    14.88
2120    7    79.95    18.23
2120    8    78.98    18.36
2120    9   102.30    14.34
2120   10    33.75     8.28
2120   11    64.97     1.70
2120   12    29.72    -2.70
2121    1    29.11    -0.32
2121    2     9.21     0.99
2121    3    87.94     5.89
2121    4    99.06     9.75
2121    5   135.07    13.43
2121    6   120.89    15.57
2121    7    76.87    18.41
2121    8    25.87    20.97
2121    9    37.15    14.10
2121   10    51.94    12.84
2121   11    69.58     5.60
2121   12    48.68    -0.61
2122    1    34.39    -4.30
2122    2    28.56     1.11
2122    3    62.91     1.98
2122    4    71.87     8.79
2122    5   148.65    13.87
2122    6   110.79    16.51
2122    7    90.43    19.19
2122    8    47.68    19.96
2122    9    52.06    14.18
2122   10    35.00    10.41
2122   11    43.73     2.14
2122   12    47.83    -1.53
2123    1    15.63     0.20
2123    2    13.09     2.72
2123    3    33.17     1.33
2123    4   116.49     6.06
2123    5   109.26    11.16
2123    6   117.56    16.08
2123    7    33.62    19.84
2123    8    64.61    18.50
2123    9    72.24    13.84
2123   10    27.74     8.65
2123   11    49.22     5.00
2123   12    41.36     0.72
2124    1    36.10    -2.38
2124    2    32.16    -1.29
2124    3    48.80     4.35
2124    4   146.97     5.00
2124    5    97.85    12.63
2124    6   133.43    16.54
2124    7    58.58    17.92
2124    8    63.29    18.08
2124    9    54.22    13.45
2124   10    38.78     7.58
2124   11    27.23     1.87
2124   12    19.45     0.25
2125    1    50.18    -1.01
2125    2    62.44    -2.43
2125    3    69.38     2.41
2125    4   109.09     8.27
2125    5   102.98    13.97
2125    6   128.43    17.34
2125    7    97.99    18.41
2125    8   109.55    17.62
2125    9    42.66    14.95
2125   10    58.21     8.89
2125   11    18.40     3.83
2125   12    44.84    -0.67
2126    1    25.87    -0.88
2126    2    14.81     1.43
2126    3    30.38     4.19
2126    4    81.14     9.61
2126    5   188.20    12.64
2126    6   120.08    16.24
2126    7    69.81    19.07
2126    8    22.69    17.23
2126    9    40.12    12.83
2126   10    43.68     7.37
2126   11    37.47     2.02
2126   12    35.45    -0.85
2127    1    25.34    -2.65
2127    2     1.38     1.83
2127    3    78.61     1.63
2127    4    84.63     5.94
2127    5    99.26    12.79
2127    6    67.47    17.18
2127    7    83.14    18.84
2127    8    71.28    16.93
2127    9    36.86    15.69
2127   10    40.00     9.33
2127   11    44.59     6.20
2127   12    41.96    -0.56
2128    1    41.21    -0.43
2128    2    24.51     0.77
2128    3    62.03     6.35
2128    4    94.79     4.70
2128    5   154.57    12.37
2128    6   156.54    16.98
2128    7    78.48    19.43
2128    8    44.27    18.12
2128    9    75.86    13.46
2128   10    28.64     6.61
2128   11    21.49     3.10
2128   12    24.39    -2.73
2129    1    41.36    -2.15
2129    2    38.65    -1.42
2129    3    56.26     3.06
2129    4    68.99     8.77
2129    5    80.83    13.14
2129    6   162.96    17.67
2129    7    26.43    21.39
2129    8    27.10    21.49
2129    9    61.56    13.95
2129   10    21.54     8.93
2129   11     7.35     5.89
2129   12    38.02    -1.45
2130    1    17.23     0.31
2130    2    23.93    -1.94
2130    3    43.62    -1.94
2130    4    78.46     7.89
2130    5   182.37    12.35
2130    6   108.13    17.01
2130    7    23.78    20.23
2130    8    38.48    20.44
2130    9    20.33    16.03
2130   10    60.57     9.70
2130   11    20.98     1.95
2130   12    49.99    -3.61
2131    1    38.22    -1.62
2131    2    19.17     0.61
2131    3    52.18     5.41
2131    4    89.02     6.67
2131    5   153.28    12.51
2131    6    45.75    17.95
2131    7    91.44    19.84
2131    8    50.39    19.90
2131    9    36.38    16.07
2131   10    50.54     6.98
2131   11    40.06     1.53
2131   12    23.85    -2.34
2132    1    64.98    -1.35
2132    2    54.36    -3.43
2132    3    13.16     2.24
2132    4    39.59     7.45
2132    5   122.76    12.67
2132    6    75.41    16.74
2132    7    94.08    18.88
2132    8    17.36    19.89
2132    9    12.07    15.47
2132   10    34.30    10.17
2132   11    35.02     3.94
2132   12    35.73    -1.52
2133    1    22.41     0.21
2133    2    29.33     1.12
2133    3    57.48     6.20
2133    4   114.49     7.66
2133    5   151.49     9.76
2133    6    84.95    18.06
2133    7    56.26    19.78
2133    8    20.02    20.58
2133    9    71.65    13.50
2133   10    73.68     8.19
2133   11    50.88     3.38
2133   12    71.76    -2.59
2134    1    38.38    -2.99
2134    2    23.66    -0.89
2134    3    43.61     2.35
2134    4    75.86     8.44
2134    5   159.26     9.23
2134    6   102.76    16.24
2134    7    72.85    17.92
2134    8    80.07    18.74
2134    9    67.20    14.01
2134   10    56.58     9.16
2134   11    36.21     1.20
2134   12    22.11     0.60
2135    1    39.99    -0.38
2135    2    26.06    -2.29
2135    3    38.36     4.26
2135    4    58.37     7.20
2135    5   149.77    11.82
2135    6   141.86    17.31
2135    7    24.76    19.64
2135    8    59.20    18.80
2135    9     8.91    17.74
2135   10    34.37    10.05
2135   11    31.51     2.68
2135   12    48.12    -3.12
2136    1    54.77    -5.93
2136    2    18.66    -2.84
2136    3    34.02     4.85
2136    4    63.88    10.46
2136    5    96.92    14.45
2136    6   105.57    16.61
2136    7    52.25    18.74
2136    8    47.13    18.84
2136    9    41.26    15.29
2136   10    62.07     9.85
2136   11    23.47     3.43
2136   12    43.42    -1.97
2137    1    29.01    -1.33
2137    2    29.41    -0.78
2137    3    13.34     5.66
2137    4    50.31    12.07
2137    5   136.25    13.37
2137    6    42.83    16.49
2137    7    43.40    21.90
2137    8    35.27    21.57
2137    9    65.21    14.74
2137   10    25.86     9.93
2137   11    30.46     2.19
2137   12    23.85     1.32
2138    1    17.59    -0.11
2138    2    33.47     3.11
2138    3    70.01     6.82
2138    4   121.62     7.26
2138    5    94.59    14.30
2138    6   142.13    17.16
2138    7    47.54    20.52
2138    8    29.89    19.85
2138    9    55.98    16.74
2138   10    48.09     7.76
2138   11    60.08     4.68
2138   12    19.56     0.52
2139    1    58.69    -4.94
2139    2    25.09    -1.89
2139    3    30.53     3.79
2139    4    52.17    10.29
2139    5    95.40    14.15
2139    6   117.39    15.78
2139    7    59.40    19.49
2139    8    26.40    20.20
2139    9    67.38    15.42
2139   10    52.30    11.01
2139   11    82.82     5.79
2139   12    32.12     0.47
2140    1    29.18    -1.13
2140    2    32.95     1.76
2140    3    94.88     2.21
2140    4    68.38     9.71
2140    5    99.66    11.27
2140    6   155.57    17.55
2140    7    69.81    18.09
2140    8    50.83    19.49
2140    9    68.12    14.91
2140   10    35.53     6.75
2140   11    17.55     2.87
2140   12    43.52    -0.40
2141    1    31.51    -0.86
2141    2    43.41    -3.60
2141    3    24.15     4.26
2141    4   111.29     7.76
2141    5   130.85    13.41
2141    6   110.06    16.86
2141    7    65.77    19.69
2141    8    27.10    21.66
2141    9    50.29    15.39
2141   10    39.63     8.56
2141   11     6.18     3.53
2141   12    37.48     0.18
2142    1    13.58     0.39
2142    2    39.61     0.48
2142    3    49.20     4.97
2142    4    21.67    12.45
2142    5   111.80    12.72
2142    6    97.84    16.68
2142    7    64.92    19.62
2142    8    29.61    20.79
2142    9    57.18    14.68
2142   10    61.21     7.86
2142   11    61.25     1.35
2142   12    12.37    -0.08
2143    1    21.68    -2.09
2143    2    44.24     0.65
2143    3    34.28     5.18
2143    4   123.42     7.99
2143    5   181.86    11.76
2143    6   123.11    17.25
2143    7    63.38    19.11
2143    8    56.22    19.78
2143    9    72.32    13.81
2143   10    82.41     6.69
2143   11    57.66     0.71
2143   12    27.77    -0.55
2144    1    48.19    -0.91
2144    2    19.25    -0.47
2144    3    28.85     6.00
2144    4    77.96     9.68
2144    5   129.87    13.02
2144    6    83.03    16.28
2144    7    80.73    19.18
2144    8    44.68    17.62
2144    9    45.99    15.05
2144   10    56.72     6.65
2144   11    55.29     1.53
2144   12    57.42    -0.47
2145    1    16.23    -2.55
2145    2    45.11    -3.48
2145    3    50.16     1.71
2145    4    86.72     6.93
2145    5   143.74    13.22
2145    6    64.46    17.85
2145    7    19.71    23.30
2145    8    39.93    20.52
2145    9    44.99    14.26
2145   10    35.82     6.79
2145   11     7.99     5.11
2145   12    27.63    -0.34
2146    1    27.79    -1.17
2146    2    43.65     0.53
2146    3    64.67     1.54
2146    4    98.66     8.98
2146    5    94.02    13.36
2146    6   124.60    17.03
2146    7    63.77    20.14
2146    8    60.57    18.90
2146    9    24.35    15.72
2146   10    21.05    11.07
2146   11    30.49     6.21
2146   12    36.88    -1.87
2147    1    40.93    -6.41
2147    2    12.01    -0.25
2147    3    88.23     1.89
2147    4    21.55     9.62
2147    5   112.57    13.63
2147    6   145.98    15.92
2147    7    58.39    19.89
2147    8    27.55    19.91
2147    9    22.52    14.72
2147   10    28.51     7.29
2147   11    20.96     2.31
2147   12    58.78    -4.53
2148    1    42.93    -1.16
2148    2    38.52     0.40
2148    3    40.53     3.89
2148    4    66.46     9.98
2148    5   134.17    13.04
2148    6   149.01    16.64
2148    7    52.74    19.64
2148    8    50.68    17.71
2148    9    49.36    15.04
2148   10    73.77     9.56
2148   11    36.48     5.67
2148   12    42.24     0.92
2149    1    22.82    -5.51
2149    2    42.01     1.21
2149    3    67.36     4.62
2149    4    94.17    11.19
2149    5   104.71    14.18
2149    6   174.07    17.11
2149    7    74.71    19.98
2149    8    39.70    19.74
2149    9    52.46    13.47
2149   10    39.69    11.45
2149   11    31.12     5.81
2149   12    41.61    -0.84
2150    1    38.07    -0.25
2150    2    45.86    -0.70
2150    3    89.50     4.20
2150    4   100.41    10.13
2150    5   145.64    10.76
2150    6    97.22    16.47
2150    7    57.13    19.62
2150    8    72.78    19.46
2150    9    68.33    15.48
2150   10    24.19     7.20
2150   11    28.64     3.17
2150   12    24.56    -0.98
2151    1    21.12    -2.22
2151    2    22.72     1.77
2151    3    36.16     3.34
2151    4    95.59    10.17
2151    5   109.63    13.94
2151    6    98.65    16.76
2151    7    74.01    18.34
2151    8    66.51    19.31
2151    9    88.17    12.82
2151   10    60.16     6.58
2151   11    45.63     3.92
2151   12    46.31     1.10
2152    1    44.87    -3.67
2152    2    43.28    -0.02
2152    3    61.66     6.31
2152    4   129.25     5.54
2152    5   133.71    10.94
2152    6   129.47    14.95
2152    7   149.40    18.51
2152    8    55.86    19.11
2152    9   108.11    13.48
2152   10    44.28     7.37
2152   11    53.99     3.21
2152   12    30.15    -1.14
2153    1    53.52    -3.66
2153    2    53.46    -5.65
2153    3    58.02     4.24
2153    4    74.62     8.07
2153    5   122.25    11.90
2153    6   168.75    16.57
2153    7    56.63    19.62
2153    8    45.24    19.66
2153    9    90.57    15.61
2153   10    99.75     8.10
2153   11    38.05     0.81
2153   12    25.69    -4.08
2154    1    19.91    -0.52
2154    2    23.79    -0.15
2154    3    25.21     6.78
2154    4    72.91     8.67
2154    5   114.93    13.86
2154    6   188.19    16.31
2154    7    97.56    18.35
2154    8    63.69    19.33
2154    9   105.16    13.52
2154   10    20.16     7.23
2154   11    18.14     1.77
2154   12    32.80    -0.97
2155    1    24.46    -2.47
2155    2    28.19    -3.07
2155    3    78.32     3.64
2155    4    73.80    10.28
2155    5   127.53    12.26
2155    6    67.41    17.73
2155    7    64.30    18.60
2155    8    36.83    19.26
2155    9    38.07    15.61
2155   10    42.83    10.15
2155   11    70.57     0.92
2155   12    18.24    -1.05
2156    1    20.55     1.78
2156    2    65.82     0.33
2156    3    63.05     4.35
2156    4    76.38     7.96
2156    5   181.07    13.35
2156    6   142.81    16.81
2156    7    89.80    18.68
2156    8    35.37    18.22
2156    9    30.22    15.60
2156   10    59.06     9.28
2156   11    94.05     2.54
2156   12    27.39     1.80
2157    1    46.11    -1.89
2157    2    22.03     1.01
2157    3    29.28     4.31
2157    4    74.46     8.84
2157    5   111.94    13.61
2157    6   123.16    16.29
2157    7    54.95    19.74
2157    8    34.08    19.14
2157    9    29.13    15.82
2157   10    65.77     8.39
2157   11    46.02     2.34
2157   12    29.58    -2.63
2158    1    26.17    -0.95
2158    2    20.49    -1.48
2158    3    41.13     4.47
2158    4    56.40    10.81
2158    5    94.77    14.18
2158    6   114.19    16.46
2158    7    72.86    20.64
2158    8    70.64    18.79
2158    9    31.79    15.73
2158   10    28.75     8.47
2158   11    60.49     5.02
2158   12    30.37    -0.19
2159    1    45.92    -2.64
2159    2    47.78     0.86
2159    3    38.19     0.31
2159    4    39.55    12.38
2159    5   231.40    11.87
2159    6   122.40    17.49
2159    7    65.09    19.28
2159    8    21.63    19.67
2159    9    50.40    13.66
2159   10    71.07     9.88
2159   11    17.81     3.05
2159   12    22.06    -1.42
2160    1    32.09     0.20
2160    2    31.56    -0.51
2160    3    36.89     5.46
2160    4    95.52     7.45
2160    5   118.54    14.39
2160    6   146.27    16.41
2160    7    69.84    19.59
2160    8    75.97    18.70
2160    9    49.89    15.44
2160   10    57.26     9.02
2160   11    56.00     3.48
2160   12    25.90    -2.75
2161    1    57.06     0.56
2161    2    29.64     0.32
2161    3    62.95     1.20
2161    4    97.42     7.74
2161    5   145.62    12.23
2161    6    69.93    17.52
2161    7    42.60    19.56
2161    8    31.86    20.28
2161    9    80.02    14.81
2161   10    59.32     9.84
2161   11    39.01     3.00
2161   12    59.36    -1.98
2162    1    15.57     1.01
2162    2    58.26    -0.90
2162    3    43.40     5.94
2162    4    94.76     8.66
2162    5   102.72    12.86
2162    6    66.89    16.34
2162    7    50.07    19.77
2162    8    44.86    20.36
2162    9    40.10    16.34
2162   10    46.61     5.20
2162   11     9.41     3.23
2162   12    10.92     1.04
2163    1    21.45    -1.25
2163    2    21.58     1.94
2163    3    78.81     2.84
2163    4    94.23     6.15
2163    5   112.46    13.74
2163    6   116.24    16.61
2163    7    67.37    19.52
2163    8    52.34    18.81
2163    9    46.35    16.66
2163   10    58.98    11.39
2163   11    54.98     7.91
2163   12    50.84    -1.06
2164    1    32.25    -4.28
2164    2    35.82     1.82
2164    3    66.25     5.03
2164    4    89.71     6.97
2164    5   133.64    14.43
2164    6   220.19    16.88
2164    7    52.02    19.92
2164    8    24.23    19.21
2164    9    54.42    14.13
2164   10    51.68     8.79
2164   11    52.06     2.95
2164   12    47.55     0.02
2165    1    36.47    -2.90
2165    2    42.34    -0.83
2165    3    44.68     4.49
2165    4   114.08     6.06
2165    5   156.80    12.72
2165    6    83.52    16.41
2165    7    70.97    20.02
2165    8    36.99    19.71
2165    9    50.50    17.13
2165   10    65.74     9.03
2165   11    32.40     1.94
2165   12    18.67    -1.73
2166    1    41.19    -4.65
2166    2    35.34     1.22
2166    3    57.69     3.98
2166    4    77.01     6.39
2166    5   108.77    13.75
2166    6    69.12    17.06
2166    7    58.06    19.72
2166    8    54.56    20.51
2166    9    35.47    15.30
2166   10    35.20     9.72
2166   11    18.58     3.00
2166   12    25.90    -0.36
2167    1    42.85    -2.28
2167    2    33.39     1.70
2167    3    66.77     2.37
2167    4    99.33     7.20
2167    5    99.83    12.71
2167    6   190.09    15.59
2167    7    47.07    19.43
2167    8    10.99    20.89
2167    9    59.59    16.49
2167   10    79.16     9.50
2167   11    55.53    -0.54
2167   12    34.70    -0.26
2168    1    37.36    -1.31
2168    2    16.96     1.55
2168    3    22.54     5.86
2168    4    75.01     7.07
2168    5    81.34    13.98
2168    6   100.92    16.54
2168    7    86.28    21.06
2168    8    37.13    20.26
2168    9    31.31    13.77
2168   10    58.58     9.73
2168   11    45.36     3.82
2168   12    22.18    -1.64
2169    1    40.32     2.19
2169    2    22.48     1.98
2169    3    48.17     4.74
2169    4    72.34     8.86
2169    5   108.50    13.88
2169    6    56.81    19.28
2169    7    64.41    20.32
2169    8    17.23    21.33
2169    9    67.64    16.31
2169   10    26.16    10.15
2169   11    28.45     4.68
2169   12    64.97    -1.05
2170    1    54.84    -3.66
2170    2    50.20    -4.21
2170    3    47.01     6.52
2170    4    93.78     9.75
2170    5   106.34    12.84
2170    6   120.39    15.97
2170    7    90.82    20.14
2170    8    35.60    19.83
2170    9    21.44    14.14
2170   10    72.18     9.12
2170   11    68.61     1.92
2170   12    35.90    -1.90
2171    1    18.60    -3.11
2171    2    25.53     1.59
2171    3   106.59     2.44
2171    4    95.20     9.91
2171    5   153.12    13.54
2171    6    79.48    17.10
2171    7    72.25    18.87
2171    8    23.40    20.37
2171    9    79.04    15.20
2171   10   144.81     8.49
2171   11    39.22     0.34
2171   12    24.72     0.52
2172    1    24.03    -0.08
2172    2    46.18    -0.50
2172    3    42.06     5.11
2172    4    74.86     5.37
2172    5   197.67    11.78
2172    6   151.50    15.80
2172    7   119.32    19.21
2172    8    55.75    19.20
2172    9    59.08    13.02
2172   10    34.91     9.29
2172   11    33.80     4.93
2172   12    13.14    -0.63
2173    1    28.36    -1.00
2173    2    33.19    -0.95
2173    3    23.96     6.97
2173    4    64.60     9.32
2173    5   177.99     9.50
2173    6    79.67    16.28
2173    7    27.35    20.51
2173    8    46.80    20.45
2173    9    60.97    14.09
2173   10    30.00    11.13
2173   11    27.98     4.45
2173   12    43.78     0.07
2174    1    49.49    -2.52
2174    2    30.07    -0.52
2174    3    71.06     5.25
2174    4    88.00     8.02
2174    5    86.65    12.78
2174    6   119.68    16.77
2174    7    44.83    20.35
2174    8    60.57    18.44
2174    9    43.39    14.45
2174   10    95.28     6.41
2174   11    69.93     1.07
2174   12    37.27    -2.20
2175    1    26.55    -2.21
2175    2     8.12     2.96
2175    3    60.45     3.23
2175    4   131.72    10.45
2175    5   156.73    12.90
2175    6   114.55    17.39
2175    7    24.53    21.11
2175    8    34.67    20.91
2175    9    29.35    16.62
2175   10    34.08     9.45
2175   11    54.04     4.40
2175   12    44.02    -1.64
2176    1    44.09     0.29
2176    2    37.92     0.54
2176    3    36.81     6.47
2176    4    98.54     7.28
2176    5   162.64    12.06
2176    6   167.73    15.77
2176    7    79.31    20.03
2176    8    26.77    21.90
2176    9    23.08    14.14
2176   10    48.42     7.48
2176   11    83.26     4.00
2176   12    45.44     1.31
2177    1    15.32     0.17
2177    2    35.31     3.37
2177    3    62.02     5.35
2177    4   102.28     8.36
2177    5   134.03    14.25
2177    6    87.49    18.33
2177    7    52.06    21.77
2177    8    53.45    17.98
2177    9    83.41    14.67
2177   10    50.95     8.61
2177   11    26.58     7.23
2177   12    59.43     0.43
2178    1    37.83    -0.89
2178    2    35.00    -1.31
2178    3    65.18     0.95
2178    4   101.53    10.47
2178    5   165.12    13.05
2178    6    95.54    16.78
2178    7   137.28    18.98
2178    8    26.45    19.03
2178    9    65.03    15.21
2178   10    37.16     7.51
2178   11    29.69     2.45
2178   12    36.51    -1.47
2179    1    28.65    -4.57
2179    2    37.80    -4.47
2179    3    31.76     5.40
2179    4   131.49     9.43
2179    5   139.81    13.10
2179    6    51.62    17.96
2179    7    29.44    21.42
2179    8    55.35    22.26
2179    9    38.88    14.34
2179   10   117.74     8.83
2179   11    31.77     3.07
2179   12    53.24    -1.51
2180    1     1.39    -3.08
2180    2    18.75     1.28
2180    3    68.71     4.52
2180    4    48.68    12.61
2180    5    92.39    13.08
2180    6   111.11    17.71
2180    7    67.91    20.88
2180    8    39.85    19.82
2180    9    36.44    13.17
2180   10    55.69     7.63
2180   11    35.58     3.77
2180   12    31.09     0.20
2181    1    26.53    -2.93
2181    2    46.93     2.16
2181    3    40.22     6.16
2181    4   151.42     5.66
2181    5    95.48    11.71
2181    6   163.62    17.58
2181    7    63.08    19.70
2181    8    40.08    19.87
2181    9    78.56    16.25
2181   10   128.17    11.13
2181   11    76.47     2.37
2181   12    48.79     0.11
2182    1    48.73    -0.38
2182    2    35.57     0.18
2182    3    41.82     4.77
2182    4    96.84     7.59
2182    5   178.10    11.42
2182    6   136.88    17.43
2182    7    55.47    18.22
2182    8    58.75    19.10
2182    9    53.16    15.56
2182   10    10.69     7.18
2182   11    12.54     4.43
2182   12    48.33    -0.90
2183    1    36.53    -0.16
2183    2    39.20     2.06
2183    3    50.71     4.49
2183    4    62.95     9.82
2183    5   208.35    12.39
2183    6   138.98    16.70
2183    7    44.59    20.41
2183    8    52.91    19.20
2183    9    48.22    14.95
2183   10    55.41     8.15
2183   11    37.56     5.15
2183   12    81.68     1.48
2184    1    31.10    -2.60
2184    2    26.77     1.78
2184    3    67.01     6.85
2184    4    90.78     9.68
2184    5   105.43    15.61
2184    6   115.17    17.24
2184    7    45.64    21.22
2184    8    50.07    19.65
2184    9    48.83    15.50
2184   10    44.26     9.05
2184   11    64.27     3.94
2184   12    52.72    -1.56
2185    1    24.84     0.14
2185    2    41.56     0.94
2185    3    59.70     2.28
2185    4    57.58     8.61
2185    5    81.35    11.87
2185    6   118.27    17.04
2185    7    34.30    20.44
2185    8    16.10    21.67
2185    9    82.43    15.30
2185   10    36.30    10.49
2185   11    32.27     5.31
2185   12    64.92    -2.14
2186    1    18.87    -3.81
2186    2    24.95     1.01
2186    3    39.68     6.05
2186    4    98.39     9.85
2186    5   151.96    12.34
2186    6   125.43    17.21
2186    7   112.03    17.65
2186    8    74.41    18.90
2186    9    67.08    15.30
2186   10    38.35     9.83
2186   11    23.83     5.06
2186   12    37.70     1.70
2187    1    28.94    -2.66
2187    2    50.33    -2.25
2187    3    53.54     0.88
2187    4   108.27     7.79
2187    5   184.83    11.38
2187    6   146.20    16.73
2187    7    93.46    18.89
2187    8    52.21    18.61
2187    9    59.40    14.85
2187   10    95.01     9.12
2187   11    32.12     5.34
2187   12    44.88     0.29
2188    1    27.68    -0.90
2188    2    46.71    -0.48
2188    3    50.13     1.46
2188    4    77.61     7.65
2188    5    60.75     9.12
2188    6    82.52    16.20
2188    7    26.41    19.25
2188    8    64.38    18.07
2188    9    42.02    15.29
2188   10    32.92     7.54
2188   11    81.09     4.93
2188   12    26.82     0.23
2189    1    27.66    -1.28
2189    2    40.89     1.63
2189    3    49.09     4.46
2189    4    92.39     7.92
2189    5   149.78    13.21
2189    6   127.40    16.36
2189    7    53.33    19.03
2189    8    61.13    17.48
2189    9    89.23    13.86
2189   10    64.16     9.67
2189   11    92.42     2.05
2189   12    39.94    -0.74
2190    1    31.38    -1.38
2190    2    18.96     0.75
2190    3    70.02     1.41
2190    4    42.11     7.61
2190    5   117.28    12.80
2190    6   100.37    16.27
2190    7    39.89    20.13
2190    8    48.18    19.59
2190    9   100.83    13.90
2190   10    23.62     6.70
2190   11    19.50     3.55
2190   12    36.12     0.95
2191    1    34.19     0.70
2191    2    22.66     1.35
2191    3    74.74     6.25
2191    4   121.87     8.22
2191    5   152.95    11.47
2191    6    81.89    16.84
2191    7    53.56    19.20
2191    8    21.79    21.39
2191    9    34.82    15.29
2191   10    88.67     7.86
2191   11    21.51     5.62
2191   12    28.85     1.34
2192    1    44.98    -2.02
2192    2    24.65     1.04
2192    3    21.59     8.92
2192    4    71.27     9.99
2192    5   182.00    10.19
2192    6   186.63    16.88
2192    7    50.15    20.30
2192    8    64.70    17.93
2192    9    81.04    15.05
2192   10    19.90     9.41
2192   11    81.38     1.25
2192   12    36.87     1.65
2193    1    35.96     0.94
2193    2    61.29    -0.61
2193    3    40.74     4.35
2193    4    70.89     9.33
2193    5   120.19    14.34
2193    6   134.24    15.37
2193    7    52.14    19.30
2193    8    44.81    18.36
2193    9    28.64    14.33
2193   10    15.58     8.29
2193   11    18.79     0.93
2193   12    33.85    -0.54
2194    1    51.58    -1.05
2194    2    21.81     2.63
2194    3    57.78     1.57
2194    4    93.40     9.62
2194    5   138.17    12.04
2194    6    98.00    16.58
2194    7    25.86    22.03
2194    8    43.58    20.45
2194    9    48.03    15.17
2194   10    28.61    11.42
2194   11    50.90     6.03
2194   12    29.89     0.32
2195    1    21.17    -0.22
2195    2    40.39     2.30
2195    3    79.31     6.29
2195    4    99.68     8.25
2195    5    96.63    15.81
2195    6    80.49    19.17
2195    7    47.65    21.75
2195    8    47.81    21.92
2195    9    58.27    17.10
2195   10   137.43    11.61
2195   11    41.75     4.23
2195   12    35.90     2.10
2196    1    24.66     1.52
2196    2    47.27     2.59
2196    3    44.68     5.94
2196    4    46.19     8.68
2196    5    81.09    15.64
2196    6   135.12    18.45
2196    7    94.27    19.44
2196    8    39.11    20.59
2196    9    69.87    14.57
2196   10    11.02     8.69
2196   11    43.90     4.75
2196   12    62.97    -0.95
2197    1    22.77    -0.99
2197    2    52.86    -2.83
2197    3    75.74     2.09
2197    4    92.62    11.27
2197    5   109.89    11.18
2197    6   108.57    16.63
2197    7    67.04    18.96
2197    8    59.29    20.09
2197    9    75.66    14.21
2197   10    63.05     5.38
2197   11    13.91     3.83
2197   12    47.78    -1.78
2198    1    40.53    -1.81
2198    2    48.29    -1.77
2198    3    46.55     4.83
2198    4    85.46     9.47
2198    5   168.13    12.90
2198    6    95.07    16.38
2198    7    61.13    19.78
2198    8    13.72    21.68
2198    9    73.34    15.37
2198   10    96.75     7.12
2198   11    17.31     3.02
2198   12    16.15    -0.40
2199    1    35.88    -2.18
2199    2    28.40    -3.06
2199    3    36.94     5.41
2199    4    68.98     9.86
2199    5   153.36    12.67
2199    6    91.97    16.99
2199    7    71.13    19.12
2199    8    59.95    19.12
2199    9    39.08    15.65
2199   10    40.70     8.27
2199   11    52.46     4.34
2199   12    33.63     1.16
2200    1    14.33    -1.35
2200    2    29.64     2.97
2200    3    78.44     4.83
2200    4   112.91     6.84
2200    5    93.44    15.01
2200    6   141.68    17.40
2200    7    55.54    20.06
2200    8    47.20    21.19
2200    9    79.66    14.85
2200   10    67.66    10.02
2200   11    70.05     3.24
2200   12    35.63    -0.30
2201    1    41.71    -3.63
2201    2    33.66     1.85
2201    3    37.73     4.91
2201    4   110.42     5.80
2201    5   103.19    13.03
2201    6   131.50    16.08
2201    7    77.89    19.87
2201    8    51.69    18.02
2201    9    32.26    15.79
2201   10   111.24     9.00
2201   11    23.50     4.13
2201   12    67.21    -0.14
2202    1    29.46    -0.82
2202    2    28.00     2.61
2202    3    69.82     7.13
2202    4   117.23     5.49
2202    5   136.69    12.08
2202    6    95.22    16.53
2202    7    49.88    20.26
2202    8    52.44    19.13
2202    9    72.43    15.82
2202   10    37.91     8.46
2202   11    23.57     3.42
2202   12    24.97    -1.54
2203    1    30.45    -0.07
2203    2    26.71     1.93
2203    3    77.39     5.99
2203    4    94.67     6.59
2203    5   132.76    12.35
2203    6    99.33    17.02
2203    7    57.89    19.12
2203    8    45.98    19.30
2203    9    68.62    13.01
2203   10    49.34    11.13
2203   11    64.31     5.54
2203   12    23.93     1.09
2204    1    33.43    -0.56
2204    2    16.29     2.86
2204    3    33.83     6.84
2204    4    81.04     9.62
2204    5   104.48    13.78
2204    6   117.39    16.56
2204    7    55.83    20.31
2204    8    56.56    19.81
2204    9    47.52    14.40
2204   10    48.41     8.68
2204   11    25.21     3.03
2204   12    55.87     1.92
2205    1    45.29    -2.97
2205    2    41.48     0.95
2205    3    42.65     5.89
2205    4    62.85    10.32
2205    5   131.23    13.20
2205    6   110.79    18.08
2205    7    54.69    21.01
2205    8    29.53    21.08
2205    9    48.59    14.01
2205   10   108.55     8.13
2205   11    31.50     0.69
2205   12    21.58     0.29
2206    1    74.06    -3.69
2206    2    19.96     0.77
2206    3    85.70     3.53
2206    4    55.97     7.70
2206    5   161.75    12.17
2206    6   104.36    17.47
2206    7    56.25    19.42
2206    8    54.96    18.81
2206    9    22.12    12.92
2206   10    13.75     8.54
2206   11     8.15     2.87
2206   12    33.63     1.02
2207    1    48.46    -0.55
2207    2    35.15     2.18
2207    3    83.33     0.62
2207    4   100.73     8.20
2207    5   162.86    13.61
2207    6   105.55    17.42
2207    7    43.51    21.38
2207    8    47.18    21.46
2207    9    29.55    16.46
2207   10    41.20     9.98
2207   11    57.84     4.56
2207   12    18.72     0.65
2208    1    56.00    -1.04
2208    2    25.59    -1.54
2208    3    48.50     4.99
2208    4   115.77    10.71
2208    5   122.52    13.38
2208    6   158.86    18.18
2208    7   122.20    19.95
2208    8    34.57    17.46
2208    9    48.98    16.09
2208   10    25.71    10.00
2208   11    13.20     6.31
2208   12    38.29     0.43
2209    1    51.37    -4.02
2209    2    30.71     1.19
2209    3    43.48     4.67
2209    4   112.50     9.09
2209    5   213.16    12.84
2209    6   121.86    16.83
2209    7    52.85    20.77
2209    8    52.53    19.89
2209    9    98.87    14.14
2209   10    34.21     9.10
2209   11    49.75     3.13
2209   12    44.24    -1.12
2210    1    47.95    -0.93
2210    2     6.90     2.70
2210    3    96.25     3.18
2210    4   117.40    10.31
2210    5    94.45    14.23
2210    6    82.53    18.56
2210    7    72.15    19.78
2210    8    34.87    20.07
2210    9    62.27    16.15
2210   10    82.81     9.79
2210   11    56.60     0.52
2210   12    24.81     1.07
2211    1    21.07    -3.61
2211    2    37.63     0.14
2211    3    37.71     5.98
2211    4   108.82     9.18
2211    5   110.91    11.88
2211    6   102.85    17.05
2211    7    43.00    20.40
2211    8    34.24    20.38
2211    9    37.31    15.93
2211   10    22.88     8.88
2211   11    29.45     5.42
2211   12    14.22     1.14
2212    1    13.06    -0.43
2212    2    31.67    -1.35
2212    3    59.29     6.28
2212    4    66.62     7.43
2212    5   120.07    13.35
2212    6   140.61    17.35
2212    7    60.62    20.18
2212    8    40.61    20.79
2212    9    97.90    14.53
2212   10    51.59    10.83
2212   11    31.43     7.89
2212   12    37.87     3.09
2213    1    53.86     0.03
2213    2    44.54     1.43
2213    3    95.58     4.14
2213    4   134.16     5.41
2213    5   108.00    12.84
2213    6   142.22    17.26
2213    7    66.56    18.76
2213    8    37.32    19.15
2213    9    73.75    14.34
2213   10    69.26     8.80
2213   11    24.81     1.71
2213   12    42.09     1.05
2214    1    41.52    -0.92
2214    2    20.82     1.32
2214    3    37.18     5.71
2214    4    84.01     5.85
2214    5   182.51    11.07
2214    6   134.93    18.16
2214    7    52.82    21.20
2214    8    75.88    20.05
2214    9    37.17    14.29
2214   10    20.35     7.62
2214   11    48.22     3.18
2214   12    42.13     0.90
2215    1    60.74    -3.63
2215    2    24.58    -0.38
2215    3    65.18     2.41
2215    4   128.32     8.70
2215    5   142.09    13.25
2215    6    95.13    16.57
2215    7    63.00    20.48
2215    8    40.49    18.66
2215    9    92.93    13.06
2215   10    54.60    10.13
2215   11    54.52     3.94
2215   12    30.07     1.94
2216    1    32.23    -1.79
2216    2    25.95     2.23
2216    3    73.02     2.05
2216    4    89.37     8.49
2216    5   128.99    12.29
2216    6   131.07    16.51
2216    7    59.90    19.87
2216    8    67.96    19.92
2216    9    89.66    14.25
2216   10    56.12     9.85
2216   11    67.53     4.16
2216   12    37.84     1.59
2217    1    26.48    -1.47
2217    2    16.61     1.10
2217    3    24.56     7.44
2217    4    64.72     8.36
2217    5   125.58    15.23
2217    6    92.97    18.02
2217    7    40.31    20.60
2217    8    49.68    20.59
2217    9    58.36    16.49
2217   10    59.46    10.35
2217   11    47.67     5.33
2217   12    62.07     0.76
2218    1    21.88     1.12
2218    2    26.71     1.79
2218    3    67.30     6.27
2218    4   100.06     9.41
2218    5   116.94    14.20
2218    6    97.98    17.10
2218    7    69.80    20.09
2218    8    44.66    20.17
2218    9    34.92    15.15
2218   10    37.84     8.75
2218   11    47.00     4.25
2218   12    19.22     1.33
2219    1    38.72     1.55
2219    2    52.07     0.53
2219    3    60.17     5.36
2219    4    63.56     9.54
2219    5   121.07    12.37
2219    6   130.59    16.78
2219    7   110.90    19.59
2219    8    56.16    18.85
2219    9    57.78    15.60
2219   10    35.54     9.14
2219   11    28.82     5.32
2219   12    43.73     0.35
2220    1    68.27    -2.40
2220    2    54.57     0.44
2220    3    44.72     3.52
2220    4    58.55    10.78
2220    5   115.88    13.12
2220    6    99.72    15.55
2220    7    32.94    20.37
2220    8    60.21    19.88
2220    9   126.67    15.12
2220   10    53.79     8.24
2220   11    29.16     2.37
2220   12    20.47     0.57
2221    1    15.09     0.45
2221    2    30.65     2.30
2221    3    27.79     5.41
2221    4    35.17     9.60
2221    5   162.83    13.48
2221    6   121.93    17.55
2221    7    47.94    21.26
2221    8    20.95    22.12
2221    9    76.30    16.59
2221   10    64.89     9.13
2221   11    22.40     2.51
2221   12    20.73     1.85
2222    1    31.89     0.20
2222    2    33.92     1.01
2222    3    48.83     6.56
2222    4    52.09     9.74
2222    5   131.75    15.33
2222    6    98.11    17.95
2222    7    86.71    19.72
2222    8    39.42    19.68
2222    9    68.49    14.92
2222   10    65.31    10.98
2222   11    28.98     4.79
2222   12    44.08     1.16
2223    1    40.26     1.91
2223    2    27.13     2.66
2223    3    52.90     4.50
2223    4   149.05     9.72
2223    5   128.44    12.28
2223    6   122.58    16.96
2223    7    71.46    19.43
2223    8    78.21    19.14
2223    9    71.84    13.46
2223   10    53.89     9.47
2223   11    40.58     4.78
2223   12    28.87     1.65
2224    1    27.16    -0.32
2224    2    35.99    -0.37
2224    3    64.50     1.99
2224    4    51.87    12.15
2224    5   154.32    12.02
2224    6    86.74    17.83
2224    7    77.43    19.57
2224    8    64.77    20.08
2224    9    68.40    14.06
2224   10    68.75     7.94
2224   11    11.58     3.77
2224   12    32.67    -0.19
2225    1    29.47     0.17
2225    2    32.62    -0.02
2225    3    24.79     5.76
2225    4    55.90    10.71
2225    5   143.60    13.53
2225    6    97.74    15.90
2225    7    63.09    19.83
2225    8    71.70    18.78
2225    9    34.74    16.46
2225   10    41.68     8.78
2225   11    42.42     3.28
2225   12    57.25     1.90
2226    1    41.02    -1.78
2226    2    27.76    -0.72
2226    3    29.26     7.35
2226    4   133.76     6.19
2226    5   160.45    11.48
2226    6    83.90    18.13
2226    7    69.82    19.14
2226    8    69.16    20.41
2226    9    66.79    15.03
2226   10    26.55    11.84
2226   11    27.10     7.36
2226   12    54.90     2.59
2227    1    33.94    -0.13
2227    2    38.63     1.49
2227    3    79.26     3.13
2227    4   124.17     8.02
2227    5    97.71    12.86
2227    6   119.05    17.56
2227    7    98.58    19.74
2227    8    83.59    18.53
2227    9   104.39    14.62
2227   10    42.31     8.88
2227   11    38.51     3.87
2227   12    25.78     0.53
2228    1    43.15    -5.11
2228    2    25.15    -1.63
2228    3    52.08     3.05
2228    4    77.89     9.81
2228    5    94.90    14.55
2228    6   108.50    17.43
2228    7    49.82    21.66
2228    8    27.61    20.54
2228    9    59.72    16.43
2228   10    32.51     7.25
2228   11    29.81     3.02
2228   12    21.60     0.71
2229    1    25.76    -0.99
2229    2    50.65     1.03
2229    3    53.53     3.97
2229    4   142.20     8.22
2229    5   200.15    11.44
2229    6    85.54    17.68
2229    7    95.09    18.99
2229    8    34.04    20.45
2229    9    31.00    16.27
2229   10    67.56    10.61
2229   11    85.73     3.00
2229   12    26.62     0.62
2230    1    28.32    -0.74
2230    2    39.69     1.72
2230    3    42.65     6.77
2230    4    75.60     9.77
2230    5   120.12    13.64
2230    6    96.20    18.15
2230    7    90.34    19.05
2230    8    31.31    19.55
2230    9    41.11    14.44
2230   10   116.88     9.67
2230   11    57.41     3.11
2230   12    20.98    -0.60
2231    1    51.61    -2.60
2231    2    38.27    -4.92
2231    3    64.63     5.21
2231    4   122.95     8.17
2231    5    95.08    15.88
2231    6    86.38    18.34
2231    7   122.32    20.03
2231    8    76.43    18.75
2231    9    32.74    16.77
2231   10    85.67     9.08
2231   11    45.51     3.40
2231   12    28.12     3.09
2232    1    30.05    -0.10
2232    2    44.22     2.63
2232    3    36.98     6.54
2232    4   102.43     8.40
2232    5   133.66    13.36
2232    6   103.02    17.53
2232    7    57.67    20.40
2232    8    69.46    18.34
2232    9    53.23    16.02
2232   10    40.14     9.00
2232   11    45.34     3.37
2232   12    37.56     1.01
2233    1    18.33    -0.12
2233    2    53.47    -1.35
2233    3    34.66     6.22
2233    4    79.09     9.49
2233    5   147.25    13.60
2233    6    90.15    17.37
2233    7    34.63    21.33
2233    8    31.54    20.79
2233    9    61.04    14.69
2233   10    38.79     8.47
2233   11    19.55     1.70
2233   12    35.54    -0.28
2234    1    17.90    -1.78
2234    2     9.18     2.88
2234    3    57.42     5.66
2234    4   108.02     8.79
2234    5   133.03    12.26
2234    6   109.95    16.85
2234    7    43.16    19.65
2234    8    63.06    19.01
2234    9    50.04    14.75
2234   10    99.86    10.07
2234   11    34.17     5.38
2234   12    19.54    -0.14
2235    1    44.75     1.12
2235    2    74.95    -3.08
2235    3    67.53     4.56
2235    4    80.13     8.23
2235    5   145.34    11.10
2235    6   112.21    17.18
2235    7    73.00    20.05
2235    8    25.28    20.42
2235    9    55.38    16.31
2235   10    37.38    10.45
2235   11    28.01     1.09
2235   12    18.09    -0.17
2236    1    29.47    -1.11
2236    2    32.10     3.98
2236    3    63.79     5.24
2236    4   104.43     5.73
2236    5   108.77    13.51
2236    6   124.25    18.17
2236    7    76.59    19.17
2236    8    54.50    20.22
2236    9    22.91    15.22
2236   10    34.00     9.80
2236   11    44.03     4.68
2236   12    12.50     1.91
2237    1    74.65    -2.50
2237    2    27.23    -5.80
2237    3    66.76     4.28
2237    4   121.90    10.42
2237    5    88.86    15.17
2237    6   101.94    18.00
2237    7    40.31    21.62
2237    8    30.77    20.91
2237    9    65.70    16.36
2237   10    22.64     8.83
2237   11    24.63     3.90
2237   12    28.41    -0.60
2238    1    49.87    -2.22
2238    2    47.90     1.54
2238    3    40.11     8.12
2238    4   126.69     7.35
2238    5   112.28    12.92
2238    6   126.87    18.48
2238    7    31.04    19.33
2238    8    65.41    18.86
2238    9    72.95    15.31
2238   10    26.05    10.72
2238   11    70.23     1.76
2238   12    45.70     1.90
2239    1    81.48     0.67
2239    2    27.67     3.24
2239    3    44.90     5.50
2239    4   110.23     9.05
2239    5    97.31    13.55
2239    6   100.66    18.43
2239    7   128.01    19.21
2239    8   100.21    19.74
2239    9    44.23    15.12
2239   10    64.04     8.99
2239   11    29.44     4.93
2239   12    55.01    -2.10
2240    1    36.03    -0.81
2240    2    41.73    -1.38
2240    3    36.13     3.05
2240    4   209.13     7.41
2240    5    83.78    11.62
2240    6   143.06    17.91
2240    7    33.70    19.35
2240    8    36.87    19.54
2240    9    62.34    14.53
2240   10    34.16     6.68
2240   11    39.55     1.75
2240   12    47.18    -4.58
2241    1    31.06    -3.39
2241    2    37.86    -2.53
2241    3    63.00     5.31
2241    4    55.07     7.85
2241    5   110.19    14.64
2241    6   130.59    17.79
2241    7    73.68    19.55
2241    8    68.07    18.36
2241    9   110.90    15.61
2241   10    32.76     7.47
2241   11    28.28     4.77
2241   12    38.12     0.60
2242    1    38.44    -0.79
2242    2    43.13     1.93
2242    3    46.33     3.86
2242    4   123.87     9.31
2242    5   105.57    14.47
2242    6   148.21    15.54
2242    7    50.20    19.31
2242    8    29.79    19.17
2242    9    68.71    14.00
2242   10    33.84    11.56
2242   11    20.55     6.63
2242   12    28.20    -0.48
2243    1    39.25    -0.48
2243    2    20.90     3.88
2243    3    42.05     4.90
2243    4    82.01     8.33
2243    5    77.02    13.56
2243    6   141.14    18.07
2243    7    70.84    19.87
2243    8    27.98    22.30
2243    9    37.74    14.47
2243   10    30.30    10.07
2243   11    53.52     4.51
2243   12    27.65     0.97
2244    1    21.59    -0.54
2244    2    46.68     1.86
2244    3   117.17     3.13
2244    4    52.38     9.08
2244    5   128.64    14.13
2244    6   105.82    18.69
2244    7    90.35    19.97
2244    8    52.85    18.97
2244    9    71.16    14.86
2244   10    26.19    10.84
2244   11    57.87     5.08
2244   12    35.99     0.45
2245    1    30.11     0.43
2245    2    36.81     0.55
2245    3    33.03     6.22
2245    4    92.53     9.48
2245    5    61.61    11.43
2245    6   105.90    15.56
2245    7    43.94    19.46
2245    8    47.97    21.04
2245    9    29.46    13.83
2245   10    43.12     8.33
2245   11    32.76     3.63
2245   12    45.72     2.99
2246    1    31.40    -0.20
2246    2    13.69     3.39
2246    3    36.59     5.11
2246    4   140.23     9.47
2246    5   132.57    12.99
2246    6   185.99    17.81
2246    7    94.73    18.72
2246    8    70.86    19.63
2246    9    51.06    15.77
2246   10    97.91     8.25
2246   11    20.50     3.94
2246   12    39.83     2.54
2247    1    29.82     2.44
2247    2    33.86     3.21
2247    3    92.40     3.28
2247    4    86.80     5.07
2247    5   109.39    15.02
2247    6   111.86    17.62
2247    7   119.11    18.97
2247    8    61.46    18.87
2247    9    29.41    15.51
2247   10    56.46    10.47
2247   11    43.29     2.80
2247   12    42.19    -0.71
2248    1    24.67    -1.67
2248    2    37.23     1.10
2248    3    69.57     3.33
2248    4   139.37     7.56
2248    5   109.97    12.99
2248    6   137.26    16.28
2248    7    63.56    18.41
2248    8    70.62    19.10
2248    9    81.58    14.33
2248   10    62.87     9.73
2248   11    26.59     3.37
2248   12    46.13     0.05
2249    1    30.52    -1.01
2249    2    22.70    -0.95
2249    3    73.13     4.13
2249    4   108.61     9.96
2249    5   120.41    13.68
2249    6    72.37    17.20
2249    7    73.36    19.86
2249    8    82.84    18.82
2249    9    78.34    13.93
2249   10    70.18     9.87
2249   11    80.90     4.62
2249   12    39.12    -0.32
2250    1    10.18    -0.02
2250    2    34.40     1.41
2250    3    48.05     3.51
2250    4   101.72    10.10
2250    5   147.48    13.78
2250    6   103.90    15.67
2250    7    92.47    19.65
2250    8    48.11    19.01
2250    9    42.96    17.09
2250   10    35.40    10.28
2250   11    20.38     7.48
2250   12    36.69     2.80
2251    1    47.73     0.99
2251    2    48.77     4.81
2251    3    87.50     5.86
2251    4   133.06     7.30
2251    5   105.41    14.41
2251    6   143.75    18.21
2251    7    72.98    20.01
2251    8    92.24    19.37
2251    9    67.36    14.93
2251   10    99.96    10.15
2251   11    35.47     3.07
2251   12    39.60    -0.91
2252    1    41.13    -2.86
2252    2    35.33    -0.57
2252    3    29.39     5.11
2252    4    95.94    10.45
2252    5   115.72    12.66
2252    6   126.31    17.85
2252    7    33.84    20.05
2252    8    62.96    19.14
2252    9    54.17    14.61
2252   10    77.92     6.45
2252   11    32.78     3.04
2252   12    38.42    -0.09
2253    1    41.24    -4.24
2253    2    28.96     1.47
2253    3    45.35     6.56
2253    4    60.54     9.44
2253    5   100.30    14.40
2253    6    58.52    18.11
2253    7    54.86    20.56
2253    8    62.01    20.33
2253    9    67.46    14.36
2253   10    47.13     7.63
2253   11    49.31     4.34
2253   12    27.80    -1.26
2254    1    35.75    -0.40
2254    2    19.12     1.92
2254    3    25.60     4.14
2254    4   134.06    10.17
2254    5   130.69    13.93
2254    6   118.69    16.61
2254    7    77.40    20.54
2254    8    40.35    21.72
2254    9    35.60    15.85
2254   10    66.61    10.39
2254   11    26.51     3.10
2254   12    40.52    -0.64
2255    1    38.37    -1.22
2255    2    51.74    -0.38
2255    3    50.51     2.92
2255    4    84.11    10.51
2255    5   162.33    14.00
2255    6    96.58    18.49
2255    7    45.72    19.95
2255    8    29.86    23.01
2255    9    29.61    13.58
2255   10    37.74    10.07
2255   11    42.92     2.39
2255   12    37.60    -3.83
2256    1    36.25    -3.57
2256    2    18.83    -0.83
2256    3    88.53     3.89
2256    4    50.79     6.73
2256    5   154.90    11.77
2256    6   108.22    17.02
2256    7    28.81    21.33
2256    8    40.82    20.41
2256    9    24.42    16.53
2256   10    40.39     9.24
2256   11    15.33     5.52
2256   12    39.09     0.68
2257    1    36.35     1.51
2257    2    36.70     1.76
2257    3    73.46     2.66
2257    4    79.22     9.84
2257    5   176.71    14.21
2257    6   126.47    16.76
2257    7    53.34    20.88
2257    8    39.67    19.98
2257    9    49.07    17.06
2257   10    27.88     8.68
2257   11    24.37     4.73
2257   12    35.35     1.86
2258    1    46.52    -2.35
2258    2    18.59     2.19
2258    3    49.41     5.20
2258    4    98.24     8.36
2258    5   103.47    14.74
2258    6   117.95    16.91
2258    7    47.80    20.47
2258    8    55.96    21.61
2258    9    87.50    13.76
2258   10    47.45     9.15
2258   11    42.19     4.49
2258   12    26.59     0.25
2259    1    60.18    -2.30
2259    2    54.23    -0.01
2259    3    61.41     2.53
2259    4    58.09    10.38
2259    5   142.40    13.70
2259    6   137.01    17.15
2259    7    32.75    21.04
2259    8    67.00    19.83
2259    9    34.00    16.53
2259   10    55.04     9.36
2259   11    23.43     6.20
2259   12    45.21     0.15
2260    1    61.76    -4.60
2260    2    54.36    -1.88
2260    3    19.69     1.72
2260    4   119.99    10.34
2260    5   112.10    13.91
2260    6   120.04    18.42
2260    7    57.90    19.86
2260    8    64.17    18.51
2260    9    41.25    15.69
2260   10    62.32     9.23
2260   11    28.10     1.96
2260   12    52.87     0.30
2261    1    30.74    -0.52
2261    2    18.99     2.19
2261    3    54.58     2.87
2261    4    83.64     9.23
2261    5   124.69    12.44
2261    6   119.64    17.13
2261    7    54.21    19.48
2261    8    80.72    20.18
2261    9    56.82    15.02
2261   10    46.47     8.31
2261   11    20.75     3.95
2261   12    27.22    -0.03
2262    1    49.73    -3.99
2262    2    42.44    -1.23
2262    3    29.98     2.15
2262    4    51.91    11.29
2262    5    92.17    13.19
2262    6    69.07    16.79
2262    7   112.64    18.47
2262    8    64.30    19.61
2262    9    62.98    15.12
2262   10    44.37    10.66
2262   11    50.02     6.93
2262   12    43.32    -1.83
2263    1    27.21     0.24
2263    2    24.44    -0.61
2263    3    86.77     5.50
2263    4    83.68     8.78
2263    5   157.19    12.88
2263    6   142.60    17.16
2263    7    64.11    19.37
2263    8    49.08    19.74
2263    9    57.50    15.17
2263   10    27.91     9.30
2263   11    47.07     5.58
2263   12    67.87    -0.00
2264    1    36.58    -2.54
2264    2    18.61     1.61
2264    3    35.38     6.86
2264    4    91.71    10.27
2264    5   103.02    12.15
2264    6    38.60    18.00
2264    7    49.49    21.45
2264    8    44.41    19.25
2264    9    82.01    16.27
2264   10   104.94     7.09
2264   11    10.47     3.14
2264   12    24.36     0.24
2265    1    22.14    -1.94
2265    2    63.26     0.17
2265    3    12.76     7.02
2265    4    32.15    12.26
2265    5   167.53    13.53
2265    6   100.06    16.63
2265    7    85.70    19.56
2265    8    45.82    19.80
2265    9    35.42    16.98
2265   10    45.40     9.15
2265   11    37.01     3.08
2265   12    29.00     0.17
2266    1    25.00     1.14
2266    2    48.76     1.98
2266    3    41.32     5.82
2266    4   101.94     9.75
2266    5   129.29    14.15
2266    6   152.93    16.75
2266    7    66.93    19.75
2266    8    47.62    19.45
2266    9    44.51    16.79
2266   10    79.53    10.04
2266   11    19.46     4.22
2266   12    62.86     1.24
2267    1    34.63    -1.83
2267    2    12.15     0.92
2267    3    37.60     5.56
2267    4    91.46     7.46
2267    5    80.88    13.86
2267    6   161.84    15.59
2267    7    99.98    19.84
2267    8    42.75    20.97
2267    9    35.16    15.32
2267   10    70.38     9.32
2267   11    62.80     3.49
2267   12    63.22    -4.07
2268    1    31.98    -3.19
2268    2    46.36    -2.38
2268    3    44.77     5.25
2268    4   152.81     9.96
2268    5   131.54    14.49
2268    6   123.70    15.84
2268    7    63.86    20.00
2268    8    35.65    20.23
2268    9   128.27    16.07
2268   10    58.93    10.29
2268   11    44.61     3.06
2268   12    15.13     0.37
2269    1    25.83    -0.02
2269    2    37.86     1.08
2269    3    52.18     4.04
2269    4   129.09     6.68
2269    5   171.67    13.10
2269    6   106.42    15.63
2269    7    40.47    21.01
2269    8    56.05    19.66
2269    9    49.50    14.54
2269   10    42.15     8.39
2269   11    28.70     3.97
2269   12    28.44     0.93
2270    1    31.41    -0.21
2270    2    47.01    -2.04
2270    3    64.72     2.16
2270    4    90.60     7.86
2270    5   151.76    14.28
2270    6   130.43    16.09
2270    7    82.43    19.75
2270    8    46.98    19.56
2270    9    51.06    15.54
2270   10    32.82     8.52
2270   11    90.39     4.85
2270   12    49.69     1.08
2271    1    26.71    -1.88
2271    2    30.41     0.08
2271    3    49.00     3.89
2271    4    86.77    10.80
2271    5   101.48    13.94
2271    6    57.43    18.52
2271    7    77.71    20.15
2271    8    24.35    21.37
2271    9    76.94    16.40
2271   10    30.61     9.84
2271   11    52.03     1.43
2271   12    36.50    -0.00
2272    1    27.37    -2.47
2272    2    17.44    -1.71
2272    3    61.84     4.99
2272    4    76.94    11.66
2272    5   116.39    13.42
2272    6   111.09    18.08
2272    7    26.83    22.64
2272    8    30.65    21.76
2272    9    42.98    16.75
2272   10    45.45    11.60
2272   11    60.47     4.97
2272   12    22.32     1.44
2273    1    20.42    -0.50
2273    2    25.21     1.81
2273    3    39.92     5.22
2273    4    92.68     9.63
2273    5   182.11    10.49
2273    6   131.75    15.66
2273    7    44.66    19.14
2273    8    58.42    19.51
2273    9    70.31    16.19
2273   10    23.14    11.64
2273   11     7.31     6.16
2273   12    19.04     4.05
2274    1    29.31     0.74
2274    2    37.56     3.13
2274    3    72.75     4.35
2274    4   171.27     6.36
2274    5   189.66     9.56
2274    6    83.17    16.64
2274    7    65.41    20.54
2274    8    71.87    19.24
2274    9    65.10    15.29
2274   10    57.78     8.95
2274   11    28.42     3.72
2274   12    10.44    -0.38
2275    1    29.96     0.40
2275    2    55.35    -0.32
2275    3    25.21     3.20
2275    4    78.81     8.56
2275    5   155.36    13.74
2275    6    96.85    16.63
2275    7    50.83    21.03
2275    8    19.05    20.45
2275    9    46.61    15.03
2275   10    64.50     9.78
2275   11    31.66     4.41
2275   12    43.36    -0.56
2276    1    11.87    -1.00
2276    2    44.70     3.25
2276    3    32.35     4.92
2276    4    87.61     9.84
2276    5   163.55    14.51
2276    6    95.83    18.76
2276    7    54.50    19.70
2276    8    65.30    20.55
2276    9   113.30    14.42
2276   10    39.81    11.20
2276   11    33.81     7.66
2276   12    38.07     0.45
2277    1    42.26     1.33
2277    2    56.25    -1.72
2277    3    48.38     3.98
2277    4    66.19    10.24
2277    5    94.68    16.54
2277    6   158.59    17.98
2277    7    45.29    19.74
2277    8    43.90    18.70
2277    9    49.28    14.09
2277   10    15.77     8.87
2277   11     5.19     3.13
2277   12    56.70    -0.94
2278    1    48.31    -1.73
2278    2    25.54    -0.50
2278    3    89.23     3.84
2278    4    77.48     7.03
2278    5   132.82    14.11
2278    6   111.38    16.49
2278    7    54.54    20.17
2278    8    48.23    20.81
2278    9    50.79    16.09
2278   10    30.64     8.89
2278   11    67.41     3.69
2278   12    29.47     1.04
2279    1    73.50    -0.35
2279    2    33.76    -2.35
2279    3    50.89     3.95
2279    4   112.11     9.18
2279    5    84.67    13.54
2279    6   150.97    17.19
2279    7    54.21    18.71
2279    8    51.88    20.06
2279    9    47.86    16.89
2279   10    46.41     9.56
2279   11    11.20     5.49
2279   12    15.27     0.99
2280    1    18.67     1.94
2280    2    43.40    -1.44
2280    3    46.76     2.96
2280    4   117.73     9.41
2280    5   130.13    11.77
2280    6    84.98    17.33
2280    7    55.97    19.32
2280    8    27.92    21.95
2280    9    56.54    16.50
2280   10    45.50     8.25
2280   11    11.27     4.66
2280   12    33.54    -0.06
2281    1    24.19     0.45
2281    2    54.40     2.11
2281    3    61.39     3.63
2281    4    80.44     7.47
2281    5   108.40    12.73
2281    6    49.91    18.34
2281    7    26.36    21.62
2281    8    41.41    21.92
2281    9   111.90    16.33
2281   10    47.56     8.80
2281   11    26.78     3.82
2281   12     9.50     1.76
2282    1    39.95    -0.83
2282    2    21.57     2.18
2282    3    55.71     6.95
2282    4    78.90     9.45
2282    5   107.42    15.86
2282    6   148.45    17.64
2282    7    57.50    21.54
2282    8    55.55    19.20
2282    9    87.33    16.12
2282   10    54.43     9.55
2282   11    23.58     4.69
2282   12    24.87     0.99
2283    1    45.97    -1.09
2283    2    47.39    -2.42
2283    3    93.55     5.35
2283    4   110.30    10.67
2283    5   114.78    14.05
2283    6   123.87    17.03
2283    7    46.58    20.20
2283    8    64.53    19.88
2283    9    45.36    16.52
2283   10    55.97    10.18
2283   11    50.51     5.80
2283   12    46.93     1.80
2284    1    79.51    -2.73
2284    2    46.11    -2.25
2284    3    39.34     5.48
2284    4    70.50     8.44
2284    5    77.89    15.10
2284    6   128.63    18.26
2284    7    39.06    21.55
2284    8    25.13    21.34
2284    9    39.36    16.74
2284   10    90.51    10.61
2284   11    60.26     4.56
2284   12    48.61     1.79
2285    1    33.31    -1.39
2285    2    23.17     0.70
2285    3    79.04     2.47
2285    4   133.44     9.08
2285    5   124.78    12.92
2285    6   108.58    16.95
2285    7    77.09    20.24
2285    8    65.23    19.83
2285    9    42.26    15.50
2285   10    21.84     8.02
2285   11    43.26     4.00
2285   12    26.04     1.70
2286    1    42.91     1.13
2286    2    46.08     1.47
2286    3    17.63     7.21
2286    4    85.78    11.74
2286    5   171.91    13.35
2286    6   140.91    17.83
2286    7    48.65    19.21
2286    8    30.19    20.14
2286    9    27.90    15.59
2286   10    69.27     7.20
2286   11    45.03     3.11
2286   12    26.40     0.07
2287    1    74.25    -1.05
2287    2    36.29    -3.21
2287    3    50.74     4.57
2287    4   102.70    10.10
2287    5   137.86    12.16
2287    6    90.70    18.35
2287    7    75.17    20.15
2287    8    31.40    21.26
2287    9    37.36    14.93
2287   10    75.67     9.39
2287   11    29.82     1.17
2287   12     8.07    -0.55
2288    1    60.24    -2.08
2288    2    26.44     0.93
2288    3    93.46     3.24
2288    4   139.17     6.63
2288    5   112.13    17.26
2288    6   157.07    16.83
2288    7    58.60    21.24
2288    8    32.24    21.17
2288    9    35.34    15.30
2288   10    24.90     9.33
2288   11    55.35     4.67
2288   12    62.41    -0.19
2289    1    47.95    -0.08
2289    2    61.49    -0.07
2289    3    25.89     4.06
2289    4    76.43    11.33
2289    5    69.07    12.82
2289    6   138.97    18.22
2289    7    75.58    20.62
2289    8    39.78    19.97
2289    9    48.34    15.54
2289   10    83.75     8.50
2289   11    31.64     1.20
2289   12    52.23     1.68
2290    1    19.13    -1.10
2290    2    38.03     0.70
2290    3    75.48    -0.16
2290    4    66.10     7.94
2290    5   169.13    12.99
2290    6   124.49    16.39
2290    7    48.88    19.83
2290    8    41.26    20.62
2290    9    63.03    15.98
2290   10    44.87     8.14
2290   11    81.62     3.94
2290   12    57.07    -0.86
2291    1    12.55    -1.05
2291    2    16.23     1.76
2291    3    62.24     5.02
2291    4    97.90     8.94
2291    5   133.67    12.93
2291    6    87.29    18.67
2291    7    46.15    19.82
2291    8    28.70    20.89
2291    9    31.46    15.27
2291   10    27.16     9.16
2291   11    32.55     5.37
2291   12    66.48     1.02
2292    1    20.72    -0.82
2292    2    20.59     1.47
2292    3    50.62     6.32
2292    4    92.45    10.28
2292    5   197.76    14.80
2292    6    98.48    17.06
2292    7   130.42    18.43
2292    8    41.04    19.27
2292    9    35.16    15.18
2292   10    35.61    11.71
2292   11    15.17     5.46
2292   12    50.01     0.49
2293    1    34.49    -4.02
2293    2    39.78    -1.80
2293    3    78.17    -0.26
2293    4   111.40     4.95
2293    5   140.80    13.31
2293    6   105.78    17.93
2293    7   125.88    19.71
2293    8    58.89    19.39
2293    9    91.68    16.26
2293   10    69.06     8.14
2293   11    69.07     3.29
2293   12    19.97    -1.44
2294    1    14.48    -0.65
2294    2    19.81     3.09
2294    3    56.29     4.14
2294    4    94.08     8.88
2294    5    85.66    13.94
2294    6    77.87    18.28
2294    7    35.69    19.96
2294    8    59.12    19.72
2294    9    68.56    16.38
2294   10    70.68     7.28
2294   11    28.28     2.92
2294   12    12.88    -0.06
2295    1    28.75    -0.90
2295    2    29.45     1.47
2295    3    49.41     5.19
2295    4    95.28     6.33
2295    5   119.17    11.73
2295    6    71.16    14.94
2295    7    33.59    20.41
2295    8    53.90    21.00
2295    9    68.20    15.87
2295   10    84.27     9.37
2295   11    31.70     4.85
2295   12    48.48     2.08
2296    1    35.44    -1.39
2296    2    62.79    -1.00
2296    3    94.80     2.65
2296    4   129.04     6.41
2296    5    86.40    14.93
2296    6   106.11    18.15
2296    7    52.61    20.30
2296    8    52.28    19.96
2296    9    61.19    15.82
2296   10    67.91     9.79
2296   11    67.57     6.22
2296   12    12.56     0.43
2297    1    28.62     1.26
2297    2    24.59     3.96
2297    3    25.23     5.69
2297    4    72.84     8.87
2297    5   122.71    14.63
2297    6   100.79    17.24
2297    7    55.06    19.57
2297    8    37.96    18.96
2297    9    52.86    12.52
2297   10    54.90     7.88
2297   11    32.10     1.48
2297   12    16.53     0.52
2298    1    33.86     1.69
2298    2    72.36     3.73
2298    3    56.86     4.85
2298    4   102.80    10.27
2298    5   124.03    13.07
2298    6   173.73    17.13
2298    7    82.44    20.43
2298    8    79.40    20.12
2298    9    42.32    12.97
2298   10    53.34     7.50
2298   11    47.31     3.13
2298   12    43.85    -1.58
2299    1    14.34    -1.00
2299    2    40.70    -1.54
2299    3    55.00     3.57
2299    4    94.74    12.08
2299    5   154.90    13.19
2299    6   138.01    15.99
2299    7    69.13    20.12
2299    8    55.48    19.85
2299    9   109.80    14.99
2299   10    92.78     9.05
2299   11    38.05     2.96
2299   12    30.35    -1.99
2300    1    23.47    -0.74
2300    2    27.28    -2.34
2300    3    37.02     4.22
2300    4    98.84     6.38
2300    5   106.76    12.27
2300    6   130.41    16.63
2300    7    79.22    19.06
2300    8    64.81    19.63
2300    9    49.91    14.44
2300   10    24.36     8.88
2300   11    51.52     4.70
2300   12    21.28     0.99
