1851    1    24.80    -1.13
1851    2    31.36     4.74
1851    3    14.05     4.58
1851    4    63.63    11.02
1851    5     6.93    21.83
1851    6    26.42    25.24
1851    7    21.80    25.83
1851    8     2.34    28.99
1851    9    18.67    18.88
1851   10    29.85    12.82
1851   11    34.80     8.35
1851   12    51.12     0.01
1852    1    18.18    -4.42
1852    2    15.07     4.17
1852    3    64.67     7.83
1852    4    54.70    14.15
1852    5    15.03    22.04
1852    6    19.57    24.95
1852    7    20.58    26.66
1852    8     5.69    28.21
1852    9    28.16    17.32
1852   10    17.92    11.83
1852   11    28.59     3.60
1852   12    14.53     1.76
1853    1    12.99     3.16
1853    2     3.32    -2.30
1853    3    57.85     6.65
1853    4    84.87     7.67
1853    5    28.34    19.88
1853    6    72.83    24.72
1853    7    74.91    26.01
1853    8     7.96    27.04
1853    9    28.18    19.96
1853   10    18.82    13.23
1853   11    21.94     7.26
1853   12    24.19     0.66
1854    1    12.20    -0.30
1854    2     9.22     5.75
1854    3    36.99     7.40
1854    4     5.39    19.63
1854    5    51.64    19.21
1854    6    34.77    24.23
1854    7    17.91    28.81
1854    8     9.62    27.54
1854    9    11.27    17.89
1854   10    35.85     8.83
1854   11    79.86     5.19
1854   12    12.11    -0.62
1855    1    54.39    -0.49
1855    2     9.30    -2.57
1855    3    18.97     2.50
1855    4    11.70    14.41
1855    5    47.81    19.62
1855    6    39.22    27.01
1855    7    21.91    30.16
1855    8    16.79    27.72
1855    9     8.61    23.22
1855   10    59.60    13.99
1855   11    23.19     5.65
1855   12    43.32     2.87
1856    1    46.02    -7.31
1856    2    12.38     4.16
1856    3    16.82     6.48
1856    4    37.19    13.69
1856    5    41.42    21.33
1856    6    35.13    28.90
1856    7    44.41    27.54
1856    8    26.59    23.35
1856    9     7.84    23.76
1856   10    83.49    13.70
1856   11    47.29     4.46
1856   12    42.57    -1.77
1857    1    32.08    -5.16
1857    2    42.04    -0.37
1857    3    17.70    -0.04
1857    4    88.97     8.59
1857    5    74.18    13.79
1857    6    54.43    20.18
1857    7    26.63    27.48
1857    8    20.71    26.35
1857    9     7.82    22.86
1857   10    27.33    13.72
1857   11    50.58     1.81
1857   12    28.19     2.64
1858    1    22.87     0.43
1858    2    64.85     0.15
1858    3    40.05     7.58
1858    4    52.32     9.35
1858    5   102.15    16.86
1858    6    12.32    26.35
1858    7    59.48    23.23
1858    8    10.62    25.13
1858    9    47.18    22.50
1858   10    13.53     6.54
1858   11    26.05     6.15
1858   12    20.03     1.24
1859    1    28.95     1.98
1859    2     6.36     6.35
1859    3    29.48     3.55
1859    4    43.58    10.48
1859    5    46.14    20.08
1859    6    77.11    21.52
1859    7     9.30    27.75
1859    8     1.09    27.35
1859    9    23.69    21.30
1859   10    18.74    12.15
1859   11    26.32     8.03
1859   12    57.79    -4.46
1860    1    16.45    -1.31
1860    2    12.29     5.28
1860    3    30.13     5.04
1860    4    25.90    10.53
1860    5    64.95    14.93
1860    6    34.27    24.98
1860    7    17.96    28.77
1860    8    37.18    23.84
1860    9    14.24    20.14
1860   10   149.55     8.96
1860   11    33.01     3.59
1860   12    47.21    -2.21
1861    1    42.90    -3.60
1861    2    19.02     0.24
1861    3    68.38    11.40
1861    4    47.87    11.07
1861    5    43.08    19.05
1861    6    51.30    20.78
1861    7    75.34    24.43
1861    8    20.55    24.98
1861    9     9.89    21.65
1861   10    30.85     8.63
1861   11    55.19     2.38
1861   12    16.36    -4.81
1862    1    13.30     1.44
1862    2    17.31    -4.14
1862    3    16.19     5.23
1862    4    19.88     8.46
1862    5    42.75    15.67
1862    6    46.99    26.02
1862    7    23.94    30.24
1862    8     9.71    28.81
1862    9    17.19    21.80
1862   10    62.31    14.01
1862   11    36.40     5.92
1862   12    31.16     1.69
1863    1    29.62    -0.08
1863    2    14.39     2.41
1863    3    45.05     3.91
1863    4    60.47    12.79
1863    5    55.32    17.92
1863    6    41.86    25.63
1863    7    28.64    27.55
1863    8    43.13    25.26
1863    9    25.67    19.74
1863   10    47.71    12.49
1863   11     2.88     8.97
1863   12    17.87     1.79
1864    1    37.22    -3.54
1864    2    28.36     3.48
1864    3    20.85     5.43
1864    4    22.87    16.97
1864    5    42.36    19.35
1864    6    39.63    26.40
1864    7    33.17    28.89
1864    8    10.97    25.97
1864    9     3.40    21.31
1864   10    68.28     7.67
1864   11    10.10     2.36
1864   12    35.24    -4.01
1865    1    31.17    -5.25
1865    2    16.75    -2.20
1865    3    30.55     3.51
1865    4    51.38    10.19
1865    5    80.81    17.47
1865    6    15.33    25.54
1865    7    32.67    29.05
1865    8    28.16    24.31
1865    9    74.11    13.85
1865   10    44.71     9.21
1865   11    16.93     5.41
1865   12    14.79     2.58
1866    1    42.52     1.26
1866    2    41.40     2.68
1866    3    51.42     3.80
1866    4    56.25     9.79
1866    5    44.68    16.31
1866    6    36.22    26.73
1866    7    53.41    28.81
1866    8    57.45    22.24
1866    9    11.10    20.33
1866   10    61.03     9.14
1866   11    43.13     4.95
1866   12    31.09    -1.10
1867    1    33.83    -3.15
1867    2    47.50     1.77
1867    3    31.57     4.62
1867    4    13.65    13.11
1867    5    68.91    15.74
1867    6    72.98    22.67
1867    7    23.24    27.96
1867    8     9.80    26.75
1867    9    30.22    20.50
1867   10     2.03    12.71
1867   11    27.08     6.74
1867   12    47.87     2.09
1868    1    44.26     2.13
1868    2    22.02    -2.80
1868    3    15.01     5.69
1868    4    44.40    14.11
1868    5    56.14    17.45
1868    6    19.17    25.41
1868    7    11.31    27.12
1868    8    50.73    24.32
1868    9    62.38    16.78
1868   10    51.64     8.50
1868   11    17.50     3.68
1868   12    18.69     3.42
1869    1    35.94    -0.95
1869    2    12.22     2.46
1869    3    33.75     3.22
1869    4    13.94    15.83
1869    5    15.54    23.80
1869    6    57.01    25.12
1869    7    25.83    28.63
1869    8     6.96    25.10
1869    9    19.49    17.39
1869   10    94.45     8.39
1869   11    74.71     4.09
1869   12    24.25     3.07
1870    1    28.81    -4.50
1870    2    55.98    -1.12
1870    3    31.15     3.15
1870    4   100.44     8.86
1870    5    83.91    15.17
1870    6    12.18    20.56
1870    7    52.85    24.76
1870    8    14.03    25.57
1870    9     3.39    19.37
1870   10    11.88    10.13
1870   11    16.74     4.78
1870   12    19.78     2.19
1871    1     4.26     1.16
1871    2    14.46    -4.91
1871    3    78.19     5.41
1871    4    86.88     7.88
1871    5    94.94    14.24
1871    6    39.98    23.20
1871    7    34.06    28.01
1871    8    30.37    26.72
1871    9    19.69    18.68
1871   10    62.96    10.73
1871   11    23.69     6.66
1871   12    26.44    -1.65
1872    1    43.95    -3.17
1872    2    26.39     1.24
1872    3    19.90     6.68
1872    4    62.52    11.17
1872    5    80.46    17.17
1872    6    21.09    24.63
1872    7    17.77    28.66
1872    8    17.86    26.81
1872    9     5.12    21.88
1872   10    23.34     9.00
1872   11    32.47     3.23
1872   12    57.73    -4.67
1873    1    42.27    -3.52
1873    2    26.63     1.80
1873    3    36.53     1.76
1873    4    35.84    11.89
1873    5    33.16    15.12
1873    6    33.64    25.82
1873    7    50.82    27.60
1873    8    46.53    24.29
1873    9    48.40    17.31
1873   10    32.99    12.40
1873   11    60.96     4.99
1873   12    19.83     0.74
1874    1    12.31     3.15
1874    2    33.35     2.36
1874    3     7.28     3.86
1874    4    50.71    11.77
1874    5    35.24    18.20
1874    6    49.66    26.53
1874    7    22.78    29.94
1874    8    22.68    25.13
1874    9    32.94    16.46
1874   10    89.32    13.31
1874   11    36.48     4.08
1874   12    16.80     0.47
1875    1    20.72    -0.74
1875    2    14.92    -4.95
1875    3    37.11     4.03
1875    4    18.42    12.90
1875    5   103.35    17.93
1875    6    14.92    29.05
1875    7    19.46    29.87
1875    8     4.55    27.06
1875    9     1.66    23.12
1875   10     1.08    14.64
1875   11    15.98     7.48
1875   12    48.70    -5.63
1876    1    46.00    -1.55
1876    2    31.01     3.58
1876    3    55.53     2.20
1876    4    73.34    11.73
1876    5    56.30    21.50
1876    6    32.50    23.19
1876    7    50.97    25.38
1876    8    10.30    27.29
1876    9    13.14    18.81
1876   10    19.87    12.61
1876   11    36.38     3.83
1876   12    34.41    -0.19
1877    1    32.61     1.62
1877    2    14.31     2.29
1877    3    30.92     8.31
1877    4    11.39    13.46
1877    5    55.22    18.66
1877    6    48.11    23.21
1877    7    42.13    26.31
1877    8    32.12    23.40
1877    9    44.77    22.88
1877   10    63.61    11.45
1877   11    16.57     6.07
1877   12    23.95     1.32
1878    1    43.21    -0.71
1878    2    20.54     3.75
1878    3    30.36     6.20
1878    4    30.66    13.49
1878    5    80.56    17.29
1878    6    25.54    23.39
1878    7    54.91    26.02
1878    8     4.46    24.48
1878    9    27.45    21.39
1878   10    41.43     8.66
1878   11    24.53     1.24
1878   12    49.22     0.63
1879    1    37.34    -5.80
1879    2    22.20    -2.07
1879    3    25.26     8.53
1879    4   107.94    12.44
1879    5    62.19    17.03
1879    6    43.31    23.78
1879    7    26.66    28.73
1879    8    23.21    26.18
1879    9    30.35    19.72
1879   10    71.28    11.28
1879   11    29.31     1.02
1879   12    19.04     0.63
1880    1    24.08    -5.55
1880    2     8.00     4.32
1880    3    44.55     8.83
1880    4    49.20     9.60
1880    5    40.58    18.28
1880    6    39.81    24.89
1880    7     4.03    33.09
1880    8    24.53    25.69
1880    9    23.41    17.63
1880   10    46.87     9.10
1880   11    40.64     4.19
1880   12    51.88    -0.35
1881    1    35.02    -2.86
1881    2    25.34    -3.84
1881    3     8.00     7.88
1881    4    66.51    10.52
1881    5    81.92    16.68
1881    6    75.23    25.24
1881    7     7.84    27.49
1881    8    25.53    27.75
1881    9    25.95    22.57
1881   10    68.56    10.88
1881   11    42.34     2.39
1881   12    51.38    -1.69
1882    1    33.99    -0.51
1882    2    61.98     2.47
1882    3    21.28     2.01
1882    4    12.35    15.44
1882    5     9.51    18.69
1882    6    48.67    25.53
1882    7    36.43    27.93
1882    8    20.78    25.73
1882    9     4.19    22.54
1882   10    31.47    15.46
1882   11    35.40     0.22
1882   12    48.52    -0.58
1883    1    40.65    -6.54
1883    2    13.11    -4.94
1883    3     9.50     6.99
1883    4    65.31    13.59
1883    5    38.76    22.82
1883    6    68.41    20.47
1883    7    22.33    30.94
1883    8    21.21    24.28
1883    9     9.47    18.75
1883   10    56.05    10.40
1883   11    42.29     5.44
1883   12    18.23    -1.65
1884    1    54.53    -1.47
1884    2     8.14     1.26
1884    3    21.65     8.62
1884    4    37.86    12.57
1884    5    63.10    14.56
1884    6    34.40    23.87
1884    7    69.89    26.08
1884    8     9.06    26.85
1884    9    24.62    20.89
1884   10    68.62     7.46
1884   11    41.67     6.00
1884   12    37.95    -0.16
1885    1    34.84    -1.30
1885    2    13.79    -3.70
1885    3    50.03     1.43
1885    4    14.56    13.09
1885    5    69.18    19.42
1885    6   100.31    20.70
1885    7    79.00    24.44
1885    8     2.32    25.23
1885    9    13.50    19.73
1885   10    54.24     8.84
1885   11    12.61     4.34
1885   12    24.10     0.82
1886    1    13.56    -1.67
1886    2    23.98     3.57
1886    3     9.34     4.76
1886    4    43.77    12.83
1886    5    31.55    20.72
1886    6    12.33    27.99
1886    7    32.41    27.50
1886    8    28.26    23.40
1886    9    27.51    19.56
1886   10    32.51    13.99
1886   11    38.68    -0.41
1886   12    10.28     4.40
1887    1    20.84     4.74
1887    2     6.47     2.29
1887    3    13.45     7.25
1887    4    26.78    14.51
1887    5    74.57    19.80
1887    6    23.34    25.91
1887    7    52.85    26.21
1887    8    10.45    23.86
1887    9    11.53    18.47
1887   10    27.05    12.77
1887   11    21.86     1.06
1887   12    15.57     3.12
1888    1    49.21     5.11
1888    2    22.05    -4.21
1888    3    37.84     2.82
1888    4    17.36    13.89
1888    5   113.65    16.61
1888    6    39.07    22.99
1888    7    31.65    29.65
1888    8    12.86    27.60
1888    9     9.06    15.37
1888   10    34.42     4.90
1888   11    22.66     7.17
1888   12    11.81     3.30
1889    1    31.50    -0.09
1889    2    32.99    -6.12
1889    3    24.32     6.29
1889    4    32.09    14.07
1889    5    75.14    17.28
1889    6    73.13    22.89
1889    7    16.05    29.98
1889    8    18.94    25.19
1889    9    11.52    22.24
1889   10    15.80    13.09
1889   11     9.46     5.30
1889   12    45.88    -4.93
1890    1    56.48     0.07
1890    2    28.61     1.09
1890    3    15.34     6.36
1890    4    27.42     9.89
1890    5    19.06    22.89
1890    6    17.77    26.50
1890    7    25.08    28.79
1890    8     9.91    26.58
1890    9    23.48    21.51
1890   10    35.60    11.99
1890   11    42.55     6.25
1890   12    43.45     5.11
1891    1    12.91     3.51
1891    2    45.92     0.25
1891    3    63.66     3.13
1891    4    22.15     9.01
1891    5    27.56    18.68
1891    6     2.07    26.36
1891    7    61.60    26.96
1891    8     6.20    28.19
1891    9    18.31    18.71
1891   10    29.78    14.43
1891   11    52.82     8.01
1891   12    65.15     3.57
1892    1    28.03    -4.12
1892    2    10.58     0.40
1892    3   127.44     1.97
1892    4    28.26     8.51
1892    5    45.89    17.65
1892    6    30.77    25.44
1892    7    31.68    27.49
1892    8    11.71    24.81
1892    9     0.95    20.52
1892   10    18.87    12.36
1892   11    32.74     0.01
1892   12    12.58     0.92
1893    1    49.01     1.04
1893    2    30.59     1.29
1893    3    11.94     7.33
1893    4    34.77    12.00
1893    5    23.34    21.78
1893    6    42.44    24.21
1893    7    15.98    31.74
1893    8    15.64    25.75
1893    9    11.92    19.22
1893   10     7.86    15.64
1893   11    36.45    -0.14
1893   12    23.96    -2.60
1894    1    13.19     4.46
1894    2    13.30     5.90
1894    3    25.18     7.24
1894    4    31.00    14.76
1894    5    96.16    17.55
1894    6    21.84    30.13
1894    7    17.53    30.88
1894    8     8.34    25.92
1894    9    24.92    22.53
1894   10    10.57    13.39
1894   11    36.60     2.40
1894   12    56.72     0.23
1895    1    26.40     2.45
1895    2    29.62     3.49
1895    3    24.50     6.27
1895    4    16.94     9.85
1895    5    95.85    17.52
1895    6    90.41    22.07
1895    7    13.02    29.48
1895    8    13.88    26.29
1895    9    30.38    21.81
1895   10    57.04    13.26
1895   11    35.60     7.12
1895   12    31.79     2.01
1896    1    25.44     2.74
1896    2    47.13     1.01
1896    3   102.71     5.80
1896    4    87.28     8.76
1896    5    59.76    18.94
1896    6    70.63    20.52
1896    7    18.56    26.59
1896    8    42.95    22.63
1896    9    27.11    20.12
1896   10    54.90    10.21
1896   11    42.36     6.58
1896   12    32.39     2.45
1897    1    20.61     4.69
1897    2    39.07     5.06
1897    3    22.68     6.27
1897    4    97.93    11.33
1897    5    72.25    16.29
1897    6    56.68    22.55
1897    7    52.87    24.54
1897    8    25.52    25.15
1897    9    18.38    18.34
1897   10    17.95    12.59
1897   11    45.06     0.50
1897   12    51.59     1.59
1898    1    23.13     0.48
1898    2    31.20     0.99
1898    3    25.74     5.66
1898    4    36.91    14.35
1898    5    24.34    16.50
1898    6    42.20    22.24
1898    7    19.11    27.57
1898    8    32.53    22.77
1898    9    46.18    15.45
1898   10    28.58    12.56
1898   11    17.25     4.42
1898   12    87.02    -6.30
1899    1    22.47    -1.33
1899    2     3.85    -5.79
1899    3    46.48     4.82
1899    4    68.25    10.39
1899    5    60.47    16.52
1899    6    11.38    25.25
1899    7    48.10    29.33
1899    8    22.89    22.53
1899    9    27.32    18.06
1899   10    48.41    12.69
1899   11    23.98     8.15
1899   12    55.53    -0.89
1900    1    11.89    -3.34
1900    2    17.73     1.93
1900    3    81.96    -1.05
1900    4    17.98    15.16
1900    5    24.76    18.08
1900    6    24.56    25.58
1900    7    24.06    29.44
1900    8    20.84    27.58
1900    9    14.71    18.36
1900   10    65.68    12.87
1900   11    27.82     4.00
1900   12    33.00     2.92
1901    1    27.29    -0.53
1901    2    25.76     0.65
1901    3    30.74     4.20
1901    4    68.18    11.01
1901    5    94.11    15.84
1901    6    77.43    23.65
1901    7    14.35    28.44
1901    8    22.72    24.07
1901    9    12.18    19.08
1901   10    10.62    13.79
1901   11    69.70     4.51
1901   12    62.21    -4.84
1902    1    24.62    -0.26
1902    2    26.45    -0.12
1902    3    45.28     3.62
1902    4   106.01     4.41
1902    5    75.24    17.29
1902    6    25.70    20.45
1902    7    12.35    26.94
1902    8     4.11    26.47
1902    9    14.25    18.56
1902   10    13.11    13.74
1902   11    55.89     2.33
1902   12    24.73    -0.24
1903    1     8.91    -1.25
1903    2    49.00    -7.02
1903    3    11.16     2.27
1903    4    18.42    12.66
1903    5    34.04    20.33
1903    6    23.05    22.61
1903    7    27.79    24.74
1903    8    20.36    25.53
1903    9    28.73    17.90
1903   10    35.58     9.84
1903   11    12.99     7.21
1903   12    22.23     1.19
1904    1    22.21    -1.38
1904    2    39.74    -1.76
1904    3    12.44     5.63
1904    4    33.49     7.39
1904    5    48.08    19.93
1904    6    30.71    24.11
1904    7    23.51    27.89
1904    8    31.84    26.59
1904    9    16.27    20.65
1904   10    42.80    12.65
1904   11    38.07     1.29
1904   12    29.80    -2.97
1905    1    22.33    -0.99
1905    2    15.86     1.84
1905    3    29.44     7.56
1905    4    58.39    12.30
1905    5    64.54    17.30
1905    6    42.65    21.97
1905    7    13.04    30.25
1905    8    43.92    22.35
1905    9    35.92    19.35
1905   10     5.22    12.00
1905   11    79.56     4.66
1905   12    32.08    -2.49
1906    1    35.62    -1.28
1906    2    20.04    -4.00
1906    3    24.29     5.10
1906    4    22.37    13.41
1906    5    36.92    19.11
1906    6    15.31    24.64
1906    7    50.84    26.02
1906    8    31.00    24.99
1906    9    25.10    22.55
1906   10    16.80    11.66
1906   11    53.02     4.41
1906   12    15.70     0.45
1907    1    21.58     0.19
1907    2    21.08     0.83
1907    3    34.43     6.08
1907    4    78.15    17.34
1907    5    22.85    22.29
1907    6    18.10    28.09
1907    7    52.94    31.00
1907    8     0.51    25.89
1907    9     7.51    22.80
1907   10    25.02    12.78
1907   11    70.54     4.70
1907   12    24.76     2.04
1908    1    32.10    -3.45
1908    2    21.10    -0.39
1908    3    18.66     6.39
1908    4    68.58    15.59
1908    5    26.03    20.31
1908    6    42.57    23.85
1908    7    27.32    27.57
1908    8    40.73    23.88
1908    9    38.16    19.84
1908   10    63.86    12.97
1908   11    59.24     6.00
1908   12    35.31     1.99
1909    1    21.67     2.03
1909    2    15.75    -5.78
1909    3    29.46     5.10
1909    4    59.72    11.88
1909    5    81.69    16.59
1909    6    70.62    21.41
1909    7    23.44    28.79
1909    8    56.23    22.25
1909    9    54.25    20.25
1909   10    20.26    15.11
1909   11    55.53     0.48
1909   12    61.37     1.10
1910    1    44.65    -5.07
1910    2    18.71    -4.20
1910    3    32.38     3.98
1910    4    60.48    11.47
1910    5    67.92    15.92
1910    6    43.15    23.88
1910    7    42.72    29.82
1910    8    27.26    26.62
1910    9    14.61    20.78
1910   10    49.08    12.20
1910   11    18.71     2.25
1910   12    32.03    -6.57
1911    1    35.51    -1.84
1911    2    11.62     3.00
1911    3     5.20     6.34
1911    4    18.70    14.99
1911    5   133.22    15.74
1911    6    38.33    22.95
1911    7     8.98    32.48
1911    8     9.19    25.67
1911    9    11.96    19.58
1911   10    30.32    10.33
1911   11    25.67     4.11
1911   12    12.16     0.59
1912    1    23.28    -6.76
1912    2    11.84     2.02
1912    3    20.53     4.27
1912    4    35.44    18.36
1912    5    14.58    19.19
1912    6    12.56    24.09
1912    7    60.37    29.37
1912    8    31.88    22.69
1912    9     6.49    17.97
1912   10    22.48    14.51
1912   11    39.91     0.59
1912   12    16.26     2.64
1913    1    22.37    -5.87
1913    2    28.55     1.16
1913    3    15.31     7.94
1913    4    30.32    13.71
1913    5    51.10    19.90
1913    6    23.53    24.74
1913    7    26.16    29.53
1913    8    11.20    28.13
1913    9    55.61    19.80
1913   10    35.56    10.33
1913   11    56.06     4.51
1913   12    38.64     0.91
1914    1    48.11    -1.03
1914    2    20.88     3.54
1914    3    19.32     5.79
1914    4    77.41     6.34
1914    5   126.18    14.79
1914    6    59.80    20.53
1914    7    41.87    24.57
1914    8    20.04    26.42
1914    9    27.55    17.30
1914   10    41.25     8.06
1914   11    28.90     5.88
1914   12    17.86    -2.96
1915    1    20.39    -0.81
1915    2    41.73    -1.85
1915    3    12.68    11.75
1915    4    50.67    14.94
1915    5    51.16    18.50
1915    6    28.75    24.83
1915    7    21.34    28.22
1915    8    17.51    22.87
1915    9     1.49    23.09
1915   10     8.30     8.30
1915   11    13.68     8.08
1915   12    24.33     4.99
1916    1    20.83    -1.30
1916    2    42.03     4.14
1916    3    10.22     6.04
1916    4    53.05    11.32
1916    5    26.20    20.41
1916    6    23.12    27.14
1916    7    31.13    30.01
1916    8    12.56    23.45
1916    9     5.41    21.90
1916   10    64.07    10.32
1916   11    31.96     0.87
1916   12    48.35     3.11
1917    1    37.06    -5.72
1917    2    47.16    -0.26
1917    3    54.11     6.38
1917    4    60.05    11.20
1917    5    49.63    18.61
1917    6    28.71    28.16
1917    7    25.17    29.76
1917    8    16.66    25.83
1917    9     6.61    21.65
1917   10    46.39    13.73
1917   11    26.56     3.91
1917   12    23.37     0.58
1918    1    36.32    -2.09
1918    2    12.27     1.78
1918    3    32.72     2.79
1918    4    81.00     8.86
1918    5    50.32    17.45
1918    6    26.46    25.34
1918    7    24.41    24.33
1918    8    54.25    22.80
1918    9    37.36    16.46
1918   10    46.80    12.39
1918   11    18.28     5.18
1918   12    54.87     3.20
1919    1    20.86     0.53
1919    2    18.65     3.86
1919    3    37.58    11.61
1919    4    63.93     9.16
1919    5    43.37    15.71
1919    6    86.30    22.21
1919    7    11.51    30.11
1919    8    13.02    26.68
1919    9     4.94    22.50
1919   10    20.60    12.44
1919   11    46.02     8.58
1919   12    18.40     5.88
1920    1    35.59     1.04
1920    2    23.33     1.73
1920    3    30.50     6.11
1920    4    56.59    12.41
1920    5    95.10    18.97
1920    6    44.68    24.21
1920    7    11.20    28.05
1920    8    31.79    26.58
1920    9     6.72    22.48
1920   10    50.41    15.21
1920   11    32.63     1.48
1920   12    32.44     0.48
1921    1     9.87    -1.27
1921    2    31.61    -4.39
1921    3    34.97     4.39
1921    4    42.30    15.82
1921    5   111.71    18.77
1921    6    68.98    25.17
1921    7    60.86    26.97
1921    8    24.34    25.41
1921    9     4.22    20.52
1921   10    41.51    10.66
1921   11    34.71     7.99
1921   12    61.68     2.19
1922    1    14.08     2.09
1922    2    21.04     5.22
1922    3    56.34     5.10
1922    4    65.16     8.49
1922    5    31.11    21.31
1922    6    66.88    25.88
1922    7    27.65    27.88
1922    8    21.21    28.36
1922    9    44.97    16.86
1922   10     2.35    12.97
1922   11    43.46     7.56
1922   12    20.97     2.62
1923    1     8.82     0.16
1923    2     8.33     5.11
1923    3    24.46     7.72
1923    4    12.18    12.32
1923    5    32.86    18.57
1923    6    19.51    29.57
1923    7    55.50    28.86
1923    8     7.10    26.42
1923    9    10.96    20.59
1923   10    25.00     9.77
1923   11    53.71     5.03
1923   12    51.24     2.77
1924    1    29.32     2.63
1924    2    45.25     1.55
1924    3    13.37     7.02
1924    4    24.91    12.76
1924    5    89.47    20.44
1924    6    28.90    28.12
1924    7     4.99    34.99
1924    8    10.35    29.03
1924    9     4.91    19.07
1924   10    27.95    16.12
1924   11    45.05     1.63
1924   12    27.77     1.62
1925    1    25.52     0.83
1925    2    42.66    -0.63
1925    3    28.69     4.83
1925    4    25.96    11.15
1925    5    72.67    17.87
1925    6    76.71    22.96
1925    7   115.03    26.77
1925    8    29.64    25.37
1925    9    25.67    18.85
1925   10    24.94    10.29
1925   11    32.59     6.76
1925   12    59.61    -4.07
1926    1    40.29    -3.67
1926    2    15.24     3.38
1926    3    25.74     3.73
1926    4    29.54     9.16
1926    5    44.34    19.33
1926    6    63.78    25.54
1926    7    32.42    27.59
1926    8    14.11    27.29
1926    9    22.30    15.30
1926   10    34.54     9.45
1926   11    47.14    -1.67
1926   12    59.63     1.69
1927    1    34.29     1.66
1927    2     1.85     5.17
1927    3     6.51    10.45
1927    4    52.07    10.46
1927    5    33.54    19.02
1927    6    42.29    24.40
1927    7    18.65    30.13
1927    8     7.16    27.13
1927    9     7.12    24.06
1927   10    27.01    14.38
1927   11    49.96     1.27
1927   12    57.86     0.67
1928    1    24.98    -0.20
1928    2    14.85     2.76
1928    3    38.97     7.17
1928    4    58.77     9.05
1928    5    37.19    19.75
1928    6    12.88    26.55
1928    7    18.21    30.27
1928    8    20.61    26.85
1928    9    60.99    16.86
1928   10    52.98    10.67
1928   11    54.24     3.80
1928   12    28.73    -0.16
1929    1    21.35     0.41
1929    2    23.52     3.25
1929    3    50.82     7.63
1929    4    40.79    10.57
1929    5   119.07    17.76
1929    6    75.06    22.88
1929    7    14.24    28.86
1929    8    31.81    23.59
1929    9    49.48    16.76
1929   10    37.33    10.17
1929   11    36.77     2.36
1929   12    44.41    -0.48
1930    1    18.28     1.96
1930    2    23.91     4.46
1930    3    22.26     4.86
1930    4    17.23    14.91
1930    5    55.17    20.17
1930    6    23.53    23.72
1930    7    22.80    27.76
1930    8    23.77    24.19
1930    9    31.15    16.20
1930   10    51.14     9.53
1930   11    20.78     5.66
1930   12    55.74     0.58
1931    1    13.66    -2.26
1931    2    13.05     6.33
1931    3    13.60     5.69
1931    4    30.40    13.00
1931    5   109.53    19.77
1931    6    26.29    26.04
1931    7    34.01    26.54
1931    8    17.26    26.18
1931    9    20.51    23.46
1931   10    47.94    12.76
1931   11    63.86    -1.78
1931   12    30.91     5.18
1932    1    27.11    -0.53
1932    2    24.71     3.29
1932    3    39.69     6.26
1932    4    52.12     8.83
1932    5    12.24    18.28
1932    6    53.18    26.39
1932    7     7.82    30.65
1932    8     1.76    26.47
1932    9     8.91    23.52
1932   10    73.30    11.08
1932   11    31.64     8.50
1932   12    47.09    -0.83
1933    1    44.84     0.80
1933    2    36.18     2.59
1933    3    19.86     5.86
1933    4    42.16    15.86
1933    5    60.54    18.22
1933    6   107.14    22.06
1933    7    19.31    30.23
1933    8    12.62    26.93
1933    9    49.25    16.83
1933   10    45.84    10.00
1933   11    14.09     0.42
1933   12    24.93    -2.62
1934    1    43.87    -9.67
1934    2    11.30     1.13
1934    3    56.28     5.14
1934    4    27.18    11.08
1934    5    55.23    20.03
1934    6    52.07    22.63
1934    7    35.10    27.52
1934    8     6.44    24.76
1934    9    45.11    17.85
1934   10    50.83     9.60
1934   11    42.29     5.14
1934   12    21.70     3.65
1935    1    34.06    -0.92
1935    2    30.75     0.16
1935    3    92.92     5.62
1935    4    50.21    10.33
1935    5    56.76    17.44
1935    6    85.17    23.05
1935    7    22.51    24.25
1935    8    22.32    25.54
1935    9     1.35    19.38
1935   10    33.34    13.80
1935   11    51.98     7.14
1935   12    57.36    -2.24
1936    1    29.61     1.61
1936    2    27.76     0.96
1936    3    24.36     4.94
1936    4    38.43    12.26
1936    5    51.99    20.50
1936    6    85.77    24.92
1936    7    40.53    27.02
1936    8    14.13    26.76
1936    9    20.57    21.64
1936   10    34.17    13.31
1936   11    84.68     1.82
1936   12    35.66    -3.11
1937    1    11.61    -3.32
1937    2    14.21     2.38
1937    3    42.93     5.39
1937    4    26.49    11.19
1937    5    90.90    19.12
1937    6    31.32    24.00
1937    7    11.64    33.85
1937    8    19.86    27.78
1937    9     9.66    20.39
1937   10    66.51     9.01
1937   11    37.21     4.89
1937   12    36.01     0.35
1938    1    26.61     0.68
1938    2    17.39     5.84
1938    3    77.11     1.72
1938    4    70.67     8.24
1938    5    64.08    19.26
1938    6    69.37    23.36
1938    7    31.94    29.96
1938    8    36.54    25.28
1938    9    17.48    20.16
1938   10    34.33    14.61
1938   11    37.44     5.67
1938   12    29.29    -0.50
1939    1    26.46    -2.14
1939    2    22.40     1.04
1939    3    55.82     5.17
1939    4    58.58    12.78
1939    5    48.27    18.66
1939    6    53.93    27.50
1939    7    46.44    28.10
1939    8     7.14    23.59
1939    9    12.13    20.83
1939   10    61.10    10.53
1939   11    28.72     4.37
1939   12    66.54    -1.77
1940    1    20.43    -5.44
1940    2    14.43    -4.17
1940    3    36.45     5.28
1940    4    29.19    12.17
1940    5    20.57    19.98
1940    6    39.22    26.70
1940    7    26.93    26.97
1940    8    17.91    28.13
1940    9     1.36    24.34
1940   10    97.81    10.59
1940   11    13.10     2.89
1940   12     8.00     4.05
1941    1    29.30     2.19
1941    2    11.94     3.13
1941    3    28.04     2.99
1941    4    11.54    12.27
1941    5    43.55    19.79
1941    6    35.19    26.50
1941    7    54.08    25.93
1941    8    29.52    23.92
1941    9    15.68    18.76
1941   10    21.11    14.90
1941   11    44.04     4.02
1941   12    38.35    -2.67
1942    1    16.84    -0.38
1942    2    35.55     3.60
1942    3    45.14     5.21
1942    4    64.05    10.97
1942    5    79.89    18.25
1942    6    26.13    25.26
1942    7    23.50    29.52
1942    8    14.67    26.76
1942    9    18.00    20.15
1942   10    75.36     9.06
1942   11    47.19    -1.86
1942   12    19.11     3.21
1943    1    21.85     1.01
1943    2    21.87     1.44
1943    3    45.24     6.19
1943    4    84.70    14.42
1943    5    32.99    18.61
1943    6    27.93    26.73
1943    7    44.33    28.35
1943    8    58.44    25.08
1943    9    27.90    20.89
1943   10    19.36    17.23
1943   11    18.74     4.91
1943   12    43.05    -0.63
1944    1    55.95     0.91
1944    2    16.93    -2.84
1944    3    24.37     1.16
1944    4    23.46     9.82
1944    5    70.84    20.00
1944    6    37.23    25.01
1944    7    22.44    28.92
1944    8    16.49    29.26
1944    9    22.35    17.85
1944   10    18.08    12.74
1944   11    22.43     4.34
1944   12    56.36     0.80
1945    1    14.10    -1.36
1945    2    20.71    -2.86
1945    3    19.29     4.59
1945    4    26.95    11.80
1945    5    37.35    19.86
1945    6    37.96    24.90
1945    7    50.50    28.82
1945    8    28.30    25.84
1945    9    39.70    16.24
1945   10    34.29    12.89
1945   11    20.01     4.00
1945   12    30.18     0.49
1946    1    63.21    -2.56
1946    2    18.32     4.02
1946    3    49.80     6.63
1946    4     4.99    10.33
1946    5    72.15    19.68
1946    6    11.85    27.16
1946    7    50.49    28.93
1946    8    34.56    25.87
1946    9    16.78    19.34
1946   10    11.27    10.89
1946   11    42.55    -0.88
1946   12    14.35     0.14
1947    1    33.53     0.28
1947    2    19.25     3.10
1947    3    40.59     5.48
1947    4    20.57     8.06
1947    5    64.80    17.28
1947    6    23.73    24.22
1947    7    28.40    29.43
1947    8    15.68    25.91
1947    9    43.17    14.72
1947   10     6.78    11.31
1947   11    69.55     3.86
1947   12    66.45    -6.35
1948    1    17.86    -6.25
1948    2    39.81    -4.62
1948    3    21.39     5.51
1948    4    26.54     9.58
1948    5    68.41    16.78
1948    6    30.47    23.85
1948    7    40.77    28.29
1948    8    27.14    25.94
1948    9    21.98    21.86
1948   10    21.92    13.07
1948   11    51.09     4.08
1948   12    14.31     1.16
1949    1    58.31    -0.85
1949    2    31.43     4.25
1949    3     5.24    10.25
1949    4    73.60    15.36
1949    5    55.13    19.63
1949    6    73.94    24.40
1949    7    35.49    27.84
1949    8    16.62    26.21
1949    9     5.13    21.96
1949   10    50.21     9.22
1949   11    47.29     8.25
1949   12    63.59     0.70
1950    1    34.85    -0.15
1950    2    22.92    -2.95
1950    3    25.30     6.19
1950    4     9.57    15.05
1950    5    36.63    17.96
1950    6    36.88    27.85
1950    7    39.28    28.54
1950    8    25.93    23.45
1950    9    11.62    21.63
1950   10    24.51    15.20
1950   11    14.22     5.53
1950   12    15.36     1.01
1951    1    38.57     1.93
1951    2    28.16     3.05
1951    3    50.16     8.90
1951    4    40.19    12.77
1951    5    60.23    22.44
1951    6    22.15    29.48
1951    7    19.08    31.62
1951    8    10.34    25.79
1951    9    26.71    23.52
1951   10    19.66    11.47
1951   11    24.90     5.83
1951   12    28.77     1.29
1952    1    13.99     1.71
1952    2    37.30    -2.33
1952    3    42.54     5.99
1952    4    49.61    10.04
1952    5    46.69    19.78
1952    6    55.62    28.65
1952    7     7.42    28.69
1952    8    12.16    25.11
1952    9    10.49    19.61
1952   10    92.62     7.60
1952   11    73.10     4.68
1952   12    31.24     4.64
1953    1    13.30    -0.30
1953    2    22.07     3.15
1953    3    41.41     4.31
1953    4    43.44    11.47
1953    5    36.77    16.76
1953    6    36.25    23.32
1953    7    94.03    26.85
1953    8    18.25    25.11
1953    9    26.66    21.67
1953   10    11.10    15.17
1953   11    42.14     5.44
1953   12    50.44     3.86
1954    1    31.14     0.90
1954    2    16.32     4.16
1954    3    52.66     6.81
1954    4    50.87    11.56
1954    5    25.11    20.24
1954    6    46.89    25.39
1954    7    22.94    25.99
1954    8     5.07    27.59
1954    9    16.04    21.77
1954   10    55.19    12.64
1954   11    44.36     4.75
1954   12    31.47     0.88
1955    1    39.37     0.66
1955    2    21.69    -0.83
1955    3    33.56     8.09
1955    4    39.71    13.54
1955    5    52.57    16.00
1955    6    26.03    24.37
1955    7     3.19    28.28
1955    8     7.69    30.70
1955    9     3.60    25.09
1955   10    54.42    11.09
1955   11    38.92     6.52
1955   12    43.16     0.37
1956    1    10.89    -0.32
1956    2    24.48    -0.43
1956    3    60.09     1.90
1956    4    68.25    10.61
1956    5    41.59    16.53
1956    6    60.60    22.66
1956    7    32.03    28.82
1956    8    22.18    26.95
1956    9     1.74    23.08
1956   10    33.24    12.62
1956   11    16.35     7.00
1956   12    15.78    -1.81
1957    1    40.68    -5.04
1957    2    32.71     2.53
1957    3    35.89     4.74
1957    4    73.01    12.72
1957    5    58.75    16.66
1957    6    71.37    25.64
1957    7    37.51    28.38
1957    8    11.16    25.82
1957    9    13.26    20.12
1957   10    30.15    12.71
1957   11    33.17     0.92
1957   12    56.72     0.22
1958    1    22.82    -0.62
1958    2    17.42     1.06
1958    3    14.68     7.95
1958    4    47.48    10.98
1958    5    43.43    18.72
1958    6    94.14    23.25
1958    7     3.66    32.56
1958    8    11.57    26.64
1958    9     1.32    22.89
1958   10     5.11    15.55
1958   11    69.24     7.54
1958   12    44.14    -4.16
1959    1    31.72    -3.42
1959    2    54.66    -8.07
1959    3    29.62     4.06
1959    4    37.51    16.93
1959    5   122.53    18.16
1959    6    41.06    23.86
1959    7    47.16    29.60
1959    8     8.33    28.09
1959    9     9.66    23.11
1959   10    44.97    13.87
1959   11    26.74     9.54
1959   12    62.35    -7.15
1960    1    33.58    -1.31
1960    2    37.85     1.75
1960    3    31.21     5.19
1960    4     9.88    14.74
1960    5    10.64    19.07
1960    6    37.28    29.25
1960    7    36.07    27.71
1960    8     6.41    28.37
1960    9    12.56    23.13
1960   10    42.99    12.08
1960   11    29.98     2.07
1960   12    21.89     2.77
1961    1    28.00     1.58
1961    2    19.84     2.86
1961    3    39.30     0.69
1961    4    29.15    10.11
1961    5    47.00    17.58
1961    6    59.42    22.19
1961    7    38.76    26.43
1961    8     6.57    27.67
1961    9    24.96    21.26
1961   10    48.48    13.08
1961   11    13.34     2.90
1961   12    66.25    -1.62
1962    1    34.66    -0.34
1962    2    37.68     3.04
1962    3    32.24     6.53
1962    4    73.61    12.42
1962    5    67.82    18.49
1962    6    31.96    25.62
1962    7    59.02    26.65
1962    8    13.25    27.66
1962    9    16.70    20.62
1962   10    17.32    13.08
1962   11    50.29     5.06
1962   12    60.22     1.00
1963    1    26.15     1.45
1963    2    14.47    -0.84
1963    3    16.36     6.46
1963    4    77.75     8.95
1963    5    29.55    21.47
1963    6    43.84    25.22
1963    7    30.28    27.05
1963    8    20.51    23.99
1963    9    36.73    20.40
1963   10    51.43    11.06
1963   11    37.85     3.30
1963   12    42.24     1.98
1964    1    23.61     0.74
1964    2    28.05     0.37
1964    3    67.35     3.52
1964    4    20.69    10.69
1964    5    29.10    20.99
1964    6    23.64    25.73
1964    7    81.88    26.78
1964    8     6.93    26.21
1964    9    57.57    19.30
1964   10    29.92    12.01
1964   11    26.73     5.94
1964   12    27.54     1.77
1965    1    39.31     0.82
1965    2    31.83     2.33
1965    3    41.87     6.29
1965    4    34.85    10.91
1965    5    13.46    23.33
1965    6    33.67    26.36
1965    7    24.17    28.59
1965    8    13.17    26.62
1965    9    25.36    19.76
1965   10    38.33    10.75
1965   11    36.53     7.25
1965   12    51.24    -0.36
1966    1    33.03     2.68
1966    2    25.95     2.14
1966    3    26.58     5.28
1966    4    23.90    14.13
1966    5    23.02    22.89
1966    6    14.87    28.39
1966    7    38.15    28.75
1966    8     6.91    25.59
1966    9    42.39    17.76
1966   10    26.22    13.33
1966   11    23.75     9.14
1966   12    39.55    -0.52
1967    1    36.63    -0.04
1967    2    15.72     1.94
1967    3    83.16     4.97
1967    4    40.73    11.03
1967    5    52.09    17.91
1967    6    16.69    27.22
1967    7    21.70    28.80
1967    8    27.71    24.65
1967    9    48.35    18.41
1967   10     4.95    15.53
1967   11    41.49     1.60
1967   12    33.69     4.25
1968    1     8.41     2.60
1968    2    16.58     4.73
1968    3     6.21     9.38
1968    4    33.10    14.08
1968    5    75.20    23.79
1968    6    37.80    25.96
1968    7    21.77    26.47
1968    8    26.14    25.01
1968    9     1.55    21.13
1968   10    31.69     8.64
1968   11    28.60     5.33
1968   12    23.71     2.53
1969    1    29.28    -2.23
1969    2    46.31    -8.34
1969    3    19.10     0.70
1969    4    19.83    10.28
1969    5    22.68    20.24
1969    6    28.54    28.96
1969    7    25.90    29.86
1969    8    11.56    24.97
1969    9    35.44    20.62
1969   10    63.04     7.56
1969   11    44.33     5.59
1969   12    35.89     2.61
1970    1     3.05     2.95
1970    2    41.45     3.08
1970    3    50.73     7.15
1970    4    60.17    12.46
1970    5    78.03    16.63
1970    6    54.77    22.56
1970    7    24.49    27.83
1970    8    12.06    26.33
1970    9    41.79    17.63
1970   10    48.10    12.75
1970   11    54.67     8.76
1970   12    27.75     6.39
1971    1    25.40    -2.72
1971    2     1.04    -0.17
1971    3    15.61     8.49
1971    4    18.12    17.49
1971    5     8.56    21.18
1971    6    28.56    27.91
1971    7    28.68    28.51
1971    8    22.31    24.40
1971    9     3.49    22.77
1971   10    27.10    11.66
1971   11    18.32     4.98
1971   12    30.64    -4.83
1972    1    33.46     0.95
1972    2    12.03     0.86
1972    3    34.26     3.12
1972    4    31.30    11.57
1972    5    44.25    18.67
1972    6    12.21    27.68
1972    7    29.55    29.16
1972    8    25.23    25.32
1972    9     7.59    21.51
1972   10    25.61    14.28
1972   11    25.74     9.77
1972   12    32.56    -4.13
1973    1    19.99    -3.49
1973    2    16.78     3.92
1973    3    27.85     2.15
1973    4    73.76     9.25
1973    5   104.58    18.07
1973    6    27.44    26.58
1973    7    25.71    27.42
1973    8    19.97    28.89
1973    9    21.27    20.59
1973   10    48.35    10.24
1973   11    44.21     5.59
1973   12    26.16    -5.90
1974    1    29.39    -0.04
1974    2     9.20     3.30
1974    3    23.42     7.06
1974    4    29.28    10.50
1974    5    71.20    18.99
1974    6    62.28    23.81
1974    7    26.11    28.73
1974    8     3.06    28.82
1974    9    37.00    19.65
1974   10    52.94    10.68
1974   11    53.28    -3.72
1974   12    19.65     1.32
1975    1    33.99     2.54
1975    2     1.50     5.86
1975    3    13.15     4.18
1975    4    12.30     9.61
1975    5    45.46    18.17
1975    6    22.12    25.84
1975    7    10.07    28.82
1975    8    14.00    25.47
1975    9    24.98    18.95
1975   10    11.07    10.24
1975   11    30.71     0.49
1975   12    26.25    -1.74
1976    1     5.34    -4.08
1976    2    22.66    -6.08
1976    3     8.07     6.26
1976    4   133.45    13.53
1976    5    41.62    18.95
1976    6    16.45    26.67
1976    7    24.86    28.71
1976    8     8.56    28.66
1976    9    42.66    19.51
1976   10    27.76    15.35
1976   11    43.86     5.71
1976   12    41.89     0.11
1977    1    26.05     2.24
1977    2    31.90     2.85
1977    3    70.65     4.42
1977    4    24.56    11.05
1977    5    73.05    17.19
1977    6    75.17    22.56
1977    7    43.96    27.65
1977    8    23.23    26.30
1977    9     2.30    22.90
1977   10    36.86    12.32
1977   11    50.51     3.98
1977   12    84.09     1.32
1978    1    40.20     2.19
1978    2    22.75     2.58
1978    3    26.86     8.50
1978    4    39.25    13.39
1978    5    78.31    16.59
1978    6    44.47    22.81
1978    7    24.86    25.82
1978    8     7.15    26.80
1978    9    33.84    20.58
1978   10    13.24     9.00
1978   11    41.62     3.90
1978   12    16.61     0.79
1979    1    68.22    -0.39
1979    2    13.30    -1.08
1979    3    67.01     6.99
1979    4    58.47    11.10
1979    5    56.87    19.32
1979    6    45.63    26.26
1979    7    18.03    29.77
1979    8    11.63    29.51
1979    9     7.84    23.66
1979   10    51.30    12.43
1979   11    35.48     4.15
1979   12    12.93     0.39
1980    1    24.02     1.93
1980    2     4.53     5.18
1980    3    47.57     9.93
1980    4    52.48    15.35
1980    5    78.59    17.08
1980    6    22.48    27.67
1980    7    30.32    29.55
1980    8    27.37    23.12
1980    9    20.41    20.60
1980   10    96.41    11.63
1980   11    18.12     6.44
1980   12    36.32    -4.04
1981    1    32.68     0.86
1981    2    42.85     1.60
1981    3    51.56     2.76
1981    4    69.50     9.69
1981    5    97.88    15.38
1981    6    43.91    23.34
1981    7    47.57    24.98
1981    8    50.89    25.13
1981    9    22.44    21.45
1981   10    41.78    11.90
1981   11    60.66     2.83
1981   12    67.20     0.31
1982    1    77.38    -7.42
1982    2    29.44     0.47
1982    3    43.22     4.92
1982    4    57.41    11.10
1982    5    32.97    17.50
1982    6    51.68    21.96
1982    7    25.03    27.01
1982    8     9.27    24.87
1982    9    42.39    20.07
1982   10    33.13    12.61
1982   11    30.19     3.89
1982   12    47.27     1.54
1983    1    41.71     0.96
1983    2    18.54     3.71
1983    3    39.57     8.21
1983    4    43.55    12.22
1983    5    37.91    20.05
1983    6    36.02    25.87
1983    7    18.79    29.66
1983    8    13.77    29.46
1983    9    44.73    21.11
1983   10    36.49    14.37
1983   11    32.57     4.43
1983   12    59.32    -5.37
1984    1    39.31    -1.46
1984    2    30.37     2.98
1984    3    78.99     9.68
1984    4    42.37    13.42
1984    5    93.73    16.09
1984    6    36.35    22.89
1984    7    49.74    26.72
1984    8     8.77    28.54
1984    9    30.35    23.26
1984   10    16.85    15.11
1984   11    57.64     5.23
1984   12    45.08     3.09
1985    1    30.69     1.22
1985    2     5.22     4.46
1985    3   117.63     9.18
1985    4    51.91    13.89
1985    5    70.93    19.65
1985    6   113.98    20.49
1985    7     8.95    26.56
1985    8     6.32    26.16
1985    9     9.59    21.89
1985   10    29.68    16.53
1985   11    32.52     7.05
1985   12    68.56     3.61
1986    1    28.49    -4.95
1986    2    29.77    -2.85
1986    3    29.25     6.57
1986    4    67.24    10.73
1986    5    23.49    22.58
1986    6    18.40    28.25
1986    7    10.71    32.04
1986    8     6.73    28.68
1986    9    12.36    25.03
1986   10    44.66    12.25
1986   11    23.80     6.96
1986   12    50.19    -0.18
1987    1    22.06    -0.22
1987    2     9.07     1.99
1987    3    21.75     6.35
1987    4    43.27    12.26
1987    5    32.01    19.90
1987    6     5.40    30.86
1987    7    12.00    29.72
1987    8    17.62    26.20
1987    9    25.95    19.25
1987   10    88.80     8.53
1987   11    31.19     2.70
1987   12    43.30     3.65
1988    1    12.11    -3.89
1988    2    24.44     1.44
1988    3    55.14     6.80
1988    4    18.27    16.06
1988    5    36.63    21.32
1988    6    90.64    23.53
1988    7    15.54    31.03
1988    8    30.82    25.62
1988    9     7.92    22.39
1988   10    47.23    12.22
1988   11    33.86     5.21
1988   12    26.74     1.34
1989    1    46.41    -2.83
1989    2     9.91     3.43
1989    3    23.98     5.96
1989    4     6.14    13.43
1989    5    33.90    20.94
1989    6    80.93    23.19
1989    7    47.83    27.64
1989    8    24.10    24.62
1989    9     2.00    20.86
1989   10    26.51    16.34
1989   11    22.33     5.44
1989   12    33.87    -1.22
1990    1    24.87    -4.61
1990    2    37.05     0.54
1990    3    29.88     5.87
1990    4    10.84    14.18
1990    5    50.55    21.18
1990    6    22.28    26.92
1990    7    25.29    30.80
1990    8    16.39    27.65
1990    9    54.21    17.57
1990   10    71.31    15.79
1990   11    99.18     4.31
1990   12    38.53    -0.57
1991    1    32.51     1.54
1991    2    14.91     3.73
1991    3    40.98     8.10
1991    4    23.96    11.16
1991    5    11.28    20.95
1991    6    83.47    24.15
1991    7    17.68    31.69
1991    8    35.51    26.38
1991    9    91.25    17.70
1991   10    54.00    10.19
1991   11    40.78    -0.48
1991   12    41.35    -5.37
1992    1    17.96    -0.98
1992    2    27.90     1.18
1992    3    28.76     5.93
1992    4    18.09    12.04
1992    5    11.16    22.88
1992    6    12.70    28.75
1992    7    26.77    28.52
1992    8    18.78    26.72
1992    9     7.56    21.83
1992   10    66.54     7.18
1992   11   102.02     3.45
1992   12    34.88     2.71
1993    1    11.35     1.60
1993    2    31.67    -5.06
1993    3    74.73     2.35
1993    4    23.90    10.49
1993    5    41.49    20.54
1993    6    59.20    21.92
1993    7    30.66    26.34
1993    8    33.56    21.37
1993    9    23.01    21.01
1993   10    37.22    15.10
1993   11    20.35     2.71
1993   12     7.23     0.90
1994    1    47.59     0.15
1994    2    33.47     3.93
1994    3    20.66    10.20
1994    4    68.91    14.12
1994    5    42.35    19.24
1994    6    26.37    27.25
1994    7    22.99    29.27
1994    8    35.24    27.15
1994    9   105.10    18.34
1994   10    16.01    12.18
1994   11    69.72     2.43
1994   12    31.34    -1.17
1995    1    35.06     0.27
1995    2     9.56     5.12
1995    3    81.45     7.74
1995    4    54.44    14.73
1995    5    51.11    17.54
1995    6    43.32    26.59
1995    7    31.76    28.72
1995    8     7.81    27.75
1995    9    12.28    22.20
1995   10    57.67    11.14
1995   11     5.31     4.07
1995   12    30.19     3.70
1996    1    25.15     1.59
1996    2    24.05     4.27
1996    3    55.26     3.66
1996    4    53.83    14.17
1996    5    47.62    17.61
1996    6    61.11    23.88
1996    7    73.78    27.34
1996    8    30.94    27.88
1996    9    34.93    18.44
1996   10    39.22    12.33
1996   11    21.26     6.74
1996   12    35.16     0.84
1997    1    36.35     1.67
1997    2    16.96     4.24
1997    3     6.77    10.95
1997    4    96.03    11.99
1997    5    76.99    20.90
1997    6    42.36    27.93
1997    7    37.68    28.21
1997    8    20.40    26.82
1997    9     3.82    25.77
1997   10     5.47    15.67
1997   11    19.37     7.44
1997   12    64.09     1.78
1998    1    17.76    -2.30
1998    2    21.29     2.49
1998    3    74.01     8.99
1998    4   149.29    10.52
1998    5    76.80    18.66
1998    6    45.67    21.19
1998    7    40.65    28.11
1998    8    42.86    26.52
1998    9    10.21    22.90
1998   10    10.63    14.59
1998   11    53.92     6.12
1998   12    31.11     2.10
1999    1    30.40     4.56
1999    2    58.95     1.58
1999    3    28.60     7.18
1999    4    37.30    14.06
1999    5    48.46    17.78
1999    6    36.69    26.66
1999    7    17.56    30.98
1999    8    30.86    26.84
1999    9    21.93    21.49
1999   10     9.90    14.63
1999   11    38.99     5.01
1999   12    54.51    -0.74
2000    1    32.49    -2.25
2000    2    17.72     1.65
2000    3    54.08     7.83
2000    4    81.94    11.93
2000    5    35.42    19.78
2000    6    28.62    26.45
2000    7    30.67    30.99
2000    8     2.60    30.82
2000    9    28.19    20.99
2000   10    17.05    14.54
2000   11    27.88     6.54
2000   12    68.76     3.02
2001    1    21.97    -0.80
2001    2    12.84     5.23
2001    3    24.32     7.87
2001    4    19.34    15.23
2001    5    50.25    20.73
2001    6    58.22    26.76
2001    7    35.71    28.82
2001    8    37.12    25.47
2001    9    59.03    17.28
2001   10    40.56    11.94
2001   11    50.98     7.73
2001   12    27.47     0.70
2002    1    30.96     2.05
2002    2    22.06     4.89
2002    3    23.64     8.49
2002    4    18.95    13.08
2002    5    67.45    20.51
2002    6    37.61    25.25
2002    7    43.16    30.87
2002    8    13.63    28.46
2002    9     2.10    25.38
2002   10     9.72    15.96
2002   11    32.48     5.04
2002   12    32.22     4.75
2003    1    28.36     2.21
2003    2    23.11     1.19
2003    3    32.62     7.42
2003    4    56.96    10.61
2003    5    21.54    21.30
2003    6    11.61    25.65
2003    7    26.68    30.34
2003    8    36.64    27.56
2003    9    34.61    19.43
2003   10    23.35     9.95
2003   11    47.35     3.39
2003   12    30.98     2.81
2004    1    38.32     3.21
2004    2     7.86     0.40
2004    3    21.58     8.33
2004    4    37.25    15.92
2004    5    47.68    18.35
2004    6    52.44    25.41
2004    7    35.13    28.94
2004    8     6.53    27.53
2004    9    34.28    20.48
2004   10   103.72     7.05
2004   11    10.60     6.03
2004   12    71.15     4.37
2005    1    18.97    -1.93
2005    2     5.67     4.18
2005    3    51.83     3.53
2005    4    80.41    13.99
2005    5    59.91    19.08
2005    6     2.28    26.85
2005    7    11.82    32.32
2005    8     9.30    26.25
2005    9    22.38    21.47
2005   10    44.03     9.10
2005   11    53.17     6.22
2005   12    16.37     1.12
