1851    1    76.54    -4.92
1851    2   164.54     0.50
1851    3    62.36     0.05
1851    4   118.00     5.10
1851    5    84.71    12.68
1851    6    67.62    15.98
1851    7    52.85    15.60
1851    8    31.05    18.89
1851    9    66.88    11.22
1851   10    63.36     7.72
1851   11   101.08     4.58
1851   12   143.41    -1.16
1852    1   121.22    -5.98
1852    2    62.50     0.10
1852    3   138.10     3.48
1852    4   156.52     7.85
1852    5    91.21    14.78
1852    6   142.62    15.75
1852    7    81.01    17.24
1852    8    57.52    18.20
1852    9   103.98    10.98
1852   10    79.68     7.84
1852   11    68.44     2.24
1852   12    73.12    -0.04
1853    1    81.61     0.93
1853    2    31.33    -4.22
1853    3   161.39     1.99
1853    4   149.55     2.00
1853    5    75.36    11.51
1853    6   194.85    15.64
1853    7   116.99    17.07
1853    8    66.73    17.89
1853    9   136.04    12.26
1853   10    47.51     8.26
1853   11    97.29     2.65
1853   12    85.08    -2.93
1854    1    41.77    -3.32
1854    2    32.48     2.04
1854    3    91.26     1.40
1854    4    82.81    11.69
1854    5    84.46    11.70
1854    6   124.71    14.56
1854    7    67.67    17.91
1854    8    78.14    17.23
1854    9    80.63    10.55
1854   10    77.12     4.01
1854   11   137.43     1.84
1854   12    72.09    -2.35
1855    1   147.63    -4.08
1855    2    10.96    -4.41
1855    3    54.89    -1.63
1855    4    99.74     7.38
1855    5   179.03    12.20
1855    6   158.74    17.40
1855    7    91.07    19.29
1855    8   129.86    17.18
1855    9    27.06    15.05
1855   10   150.88     9.19
1855   11    56.22     1.79
1855   12   120.02    -0.45
1856    1   125.38    -5.57
1856    2    37.73    -0.37
1856    3    88.23     1.94
1856    4   101.47     7.58
1856    5   204.79    12.34
1856    6   152.29    18.48
1856    7   142.06    18.45
1856    8   111.44    15.23
1856    9    16.14    15.84
1856   10   202.51     8.95
1856   11   149.82     3.68
1856   12   111.24    -4.55
1857    1    80.10    -5.67
1857    2   168.72    -2.89
1857    3    62.64    -5.03
1857    4   153.92     2.60
1857    5   187.72     8.15
1857    6   202.27    13.33
1857    7    84.82    17.93
1857    8    79.19    16.89
1857    9    78.50    14.12
1857   10   118.11     8.70
1857   11    96.50    -0.97
1857   12   114.09    -0.41
1858    1    80.90    -1.98
1858    2   171.77    -4.24
1858    3   116.63     2.52
1858    4   114.99     4.24
1858    5   193.97     9.95
1858    6   204.21    17.02
1858    7   188.40    14.46
1858    8    42.25    16.99
1858    9    67.38    14.92
1858   10    31.32     2.84
1858   11   107.87     2.91
1858   12   116.33    -0.85
1859    1   119.09    -1.22
1859    2    55.72     2.79
1859    3    70.85    -0.64
1859    4   121.20     3.91
1859    5   100.76    12.08
1859    6   186.82    13.37
1859    7    30.28    17.44
1859    8    41.19    18.36
1859    9    87.99    12.95
1859   10   107.15     5.96
1859   11   125.79     4.27
1859   12   159.81    -5.80
1860    1    62.08    -1.94
1860    2    60.30     0.91
1860    3   131.60     0.41
1860    4   101.76     5.10
1860    5   166.92     7.16
1860    6   141.68    15.37
1860    7    52.28    18.77
1860    8    84.77    15.28
1860    9    47.34    13.93
1860   10   201.96     5.01
1860   11   182.19    -1.01
1860   12   176.09    -4.87
1861    1   141.27    -5.45
1861    2    53.07     0.17
1861    3   153.27     5.92
1861    4   194.09     5.16
1861    5   170.15    12.75
1861    6    94.59    14.95
1861    7   160.25    15.75
1861    8   116.20    15.79
1861    9   105.22    13.11
1861   10    81.78     5.33
1861   11   174.41    -0.93
1861   12    85.53    -6.07
1862    1    72.69    -0.76
1862    2    53.77    -6.46
1862    3    98.96     1.64
1862    4    64.85     2.72
1862    5   111.27     8.56
1862    6   184.39    16.04
1862    7   128.83    19.24
1862    8    67.64    18.77
1862    9    79.91    14.70
1862   10   170.39     8.65
1862   11   144.70     2.93
1862   12   109.79     0.32
1863    1    73.45    -3.30
1863    2    60.22    -2.67
1863    3    94.09    -0.97
1863    4   121.60     6.70
1863    5   151.60    12.20
1863    6   269.32    16.17
1863    7    67.67    17.32
1863    8   126.86    16.67
1863    9    93.95    12.35
1863   10   141.03     7.92
1863   11    36.63     5.43
1863   12    82.39    -1.39
1864    1   111.32    -6.25
1864    2   116.16    -0.99
1864    3    49.91     1.15
1864    4   105.39     9.34
1864    5   113.91    10.30
1864    6   213.78    16.83
1864    7   143.63    18.53
1864    8    50.79    17.20
1864    9    61.45    13.06
1864   10   177.07     3.85
1864   11    50.37     0.58
1864   12   100.77    -2.11
1865    1   172.34    -5.87
1865    2   129.90    -3.72
1865    3    97.47    -0.24
1865    4   127.69     5.15
1865    5   180.42    11.43
1865    6   298.14    15.40
1865    7   190.47    18.42
1865    8    52.53    15.08
1865    9   119.86     9.12
1865   10    74.38     4.60
1865   11    72.36     3.15
1865   12    78.93    -0.56
1866    1    88.69    -2.45
1866    2    78.60    -1.23
1866    3   154.54     0.58
1866    4   105.99     4.54
1866    5   103.26    10.23
1866    6   262.74    17.01
1866    7   246.26    18.01
1866    8    91.41    13.89
1866    9    74.41    13.22
1866   10   157.58     3.74
1866   11   176.21     0.82
1866   12   129.39    -2.31
1867    1   114.18    -6.79
1867    2    99.29    -1.72
1867    3    95.74    -1.07
1867    4   104.02     7.19
1867    5   148.20     9.19
1867    6   113.23    14.31
1867    7   222.56    17.94
1867    8    52.73    17.55
1867    9    80.79    12.17
1867   10    13.23     7.67
1867   11   117.05     3.20
1867   12   216.69    -2.09
1868    1    93.15    -2.35
1868    2    86.32    -7.23
1868    3    44.67     0.84
1868    4   117.03     7.35
1868    5   185.94    10.39
1868    6   161.54    15.30
1868    7    41.15    17.10
1868    8    78.49    16.69
1868    9   205.48    10.38
1868   10   160.69     4.50
1868   11    45.54     1.79
1868   12   109.13     1.18
1869    1   135.23    -4.14
1869    2    32.49    -0.00
1869    3    96.41    -1.61
1869    4   106.75     8.97
1869    5    78.66    15.30
1869    6   200.66    15.15
1869    7    71.74    17.96
1869    8    44.43    15.63
1869    9    84.76    10.21
1869   10   200.53     5.74
1869   11   132.93     0.26
1869   12    93.03    -0.43
1870    1   140.40    -8.69
1870    2   138.20    -2.86
1870    3   189.88    -1.94
1870    4   138.61     3.65
1870    5   213.02     9.33
1870    6   116.62    14.63
1870    7   109.29    16.26
1870    8    58.38    16.71
1870    9    13.86    12.64
1870   10    43.98     5.44
1870   11    43.37     2.19
1870   12    72.97    -1.32
1871    1    32.95    -1.63
1871    2    27.91    -6.24
1871    3   133.89     0.85
1871    4   191.87     3.30
1871    5   150.36     7.40
1871    6   216.73    15.18
1871    7   170.74    17.50
1871    8   136.06    17.32
1871    9    71.52    12.11
1871   10   222.47     6.24
1871   11   130.06     2.59
1871   12    88.37    -3.39
1872    1    71.27    -6.44
1872    2    80.68    -2.79
1872    3    71.24     2.54
1872    4   148.79     4.38
1872    5   134.65    10.79
1872    6   111.48    15.05
1872    7   117.02    18.08
1872    8    90.33    17.43
1872    9    50.21    14.09
1872   10    81.74     4.60
1872   11    63.77     0.46
1872   12   112.45    -3.91
1873    1   151.28    -6.46
1873    2   114.98    -2.75
1873    3    94.59    -1.71
1873    4    97.41     5.48
1873    5   122.17     7.42
1873    6   227.94    16.19
1873    7    66.99    17.92
1873    8    44.07    15.57
1873    9    81.12    10.16
1873   10    98.48     8.28
1873   11   117.48     0.86
1873   12   145.24    -2.25
1874    1    83.67    -0.62
1874    2    88.06    -2.26
1874    3    37.71    -0.85
1874    4   170.80     5.45
1874    5   176.12    10.83
1874    6   113.47    16.56
1874    7   128.73    19.92
1874    8    80.46    16.64
1874    9   126.91    10.99
1874   10    89.57     8.46
1874   11   119.63     2.37
1874   12   111.70    -3.53
1875    1    89.91    -4.15
1875    2    40.87    -6.08
1875    3    93.92     0.64
1875    4   128.57     7.42
1875    5   166.34    10.64
1875    6   220.95    18.46
1875    7   136.07    18.74
1875    8    27.74    18.26
1875    9    46.79    15.62
1875   10    86.82     9.87
1875   11    99.12     3.57
1875   12   212.94    -5.47
1876    1   105.39    -3.97
1876    2   129.24    -1.78
1876    3    89.70    -3.26
1876    4   102.07     5.74
1876    5   149.97    13.89
1876    6    94.75    14.58
1876    7   194.60    16.30
1876    8    89.91    17.88
1876    9    78.68    11.84
1876   10   100.74     9.52
1876   11   101.25     1.25
1876   12   140.40    -3.13
1877    1   107.61    -3.03
1877    2    41.47    -2.32
1877    3   112.39     3.25
1877    4    61.61     7.69
1877    5   163.56    10.59
1877    6   190.07    13.67
1877    7   143.59    16.81
1877    8   142.18    14.29
1877    9    52.87    14.88
1877   10    76.81     7.34
1877   11    67.38     4.43
1877   12    93.16    -2.02
1878    1   120.64    -4.42
1878    2   100.22    -1.03
1878    3    60.88     1.50
1878    4    52.42     7.10
1878    5   195.82     9.85
1878    6   196.40    14.62
1878    7   228.30    16.67
1878    8   130.28    15.32
1878    9    50.86    13.87
1878   10   132.98     4.96
1878   11    53.27     1.79
1878   12   236.55    -3.45
1879    1    88.52    -8.17
1879    2    65.31    -4.41
1879    3    64.05     4.85
1879    4   137.67     6.86
1879    5   274.79    10.47
1879    6   229.56    15.69
1879    7   218.02    18.11
1879    8   108.90    17.03
1879    9    69.93    12.19
1879   10   145.10     7.25
1879   11    96.62    -1.81
1879   12    69.44    -1.51
1880    1    27.59    -6.28
1880    2    40.22     0.80
1880    3   129.20     3.07
1880    4   157.39     4.54
1880    5    97.71    11.50
1880    6   175.40    15.39
1880    7    93.32    21.60
1880    8    62.93    16.76
1880    9    79.94    10.54
1880   10   159.68     5.12
1880   11   125.33     2.54
1880   12   163.21    -2.95
1881    1   132.71    -7.53
1881    2    61.19    -8.86
1881    3    80.16     4.01
1881    4   136.42     3.78
1881    5   161.42     9.98
1881    6   170.91    16.72
1881    7   156.51    17.04
1881    8    67.54    17.73
1881    9    85.15    14.79
1881   10    82.74     5.24
1881   11   121.20     0.53
1881   12   146.12    -3.84
1882    1   176.16    -4.69
1882    2   199.06    -2.02
1882    3    63.45    -2.98
1882    4    86.23     8.38
1882    5    86.13    11.54
1882    6   283.37    16.26
1882    7   151.34    18.17
1882    8    63.77    17.10
1882    9    62.37    14.67
1882   10    29.91     9.45
1882   11    85.05    -3.28
1882   12   150.94    -4.73
1883    1   164.28    -8.74
1883    2    58.47    -8.79
1883    3    39.22     1.76
1883    4   101.07     7.93
1883    5   160.50    14.81
1883    6   101.39    12.68
1883    7   175.96    19.54
1883    8    61.84    15.22
1883    9    51.82    11.77
1883   10   136.93     4.74
1883   11   149.22     1.65
1883   12    79.98    -1.74
1884    1   201.01    -3.66
1884    2    38.05    -0.84
1884    3    33.71     3.90
1884    4    97.84     6.32
1884    5   142.55     8.02
1884    6   148.22    13.87
1884    7   228.46    16.35
1884    8    93.48    16.88
1884    9   136.38    13.49
1884   10    95.84     4.10
1884   11   118.04     2.10
1884   12   149.19    -3.63
1885    1    88.60    -4.70
1885    2    98.94    -6.27
1885    3   116.01    -5.04
1885    4    57.74     6.43
1885    5   155.54    12.50
1885    6   120.71    13.88
1885    7   141.09    15.99
1885    8    39.70    16.74
1885    9    59.47    12.95
1885   10   122.52     5.85
1885   11   124.49     1.32
1885   12   108.92    -1.23
1886    1    91.54    -3.04
1886    2    55.51    -0.57
1886    3    49.23     0.16
1886    4   151.16     5.85
1886    5   169.13    11.89
1886    6   111.88    16.92
1886    7   164.76    17.28
1886    8   121.01    14.88
1886    9    73.80    11.96
1886   10    49.07     8.96
1886   11   102.67    -3.71
1886   12    87.45     0.53
1887    1   107.14    -0.04
1887    2    59.49    -1.02
1887    3    92.23     1.40
1887    4   103.21     6.45
1887    5   186.36    12.12
1887    6   125.58    15.63
1887    7   109.04    16.35
1887    8   107.79    14.19
1887    9    22.14    11.81
1887   10   113.53     7.36
1887   11    74.98    -0.17
1887   12    74.76     1.45
1888    1   241.18     0.81
1888    2    63.46    -7.49
1888    3    98.36    -1.45
1888    4    60.32     7.83
1888    5   193.58    10.10
1888    6    75.69    14.33
1888    7   267.27    18.35
1888    8    36.16    17.65
1888    9    22.93     9.09
1888   10    83.99     1.49
1888   11    91.67     2.71
1888   12    29.28     0.02
1889    1   231.71    -4.60
1889    2    68.85    -5.74
1889    3    92.31     2.42
1889    4   163.21     7.42
1889    5   152.03     9.88
1889    6   200.56    14.15
1889    7   135.29    19.01
1889    8   107.06    15.85
1889    9   100.53    14.06
1889   10    93.89     8.65
1889   11   158.89     2.53
1889   12   108.01    -7.87
1890    1   167.89    -3.11
1890    2   129.36    -3.05
1890    3    56.35     3.09
1890    4    77.78     4.28
1890    5   218.77    13.33
1890    6   148.98    16.36
1890    7    89.69    18.93
1890    8    22.08    16.54
1890    9   102.03    13.03
1890   10    74.70     7.30
1890   11    55.57     2.69
1890   12   106.58     1.99
1891    1    80.60    -0.30
1891    2    64.86    -2.10
1891    3   176.35    -0.85
1891    4   124.58     3.60
1891    5   133.85    11.60
1891    6    71.51    17.29
1891    7   205.27    17.89
1891    8    82.70    18.16
1891    9    92.50    11.93
1891   10    90.64     9.53
1891   11   184.91     3.61
1891   12   226.31    -1.68
1892    1   122.97    -6.27
1892    2    22.26    -3.04
1892    3   120.40    -0.47
1892    4   106.77     2.50
1892    5   155.76    11.50
1892    6   279.00    16.53
1892    7   137.33    17.85
1892    8   108.97    15.17
1892    9    33.69    12.76
1892   10    77.87     6.24
1892   11   113.23    -1.77
1892   12    57.57    -0.93
1893    1   102.82    -1.39
1893    2    41.74    -2.41
1893    3    33.69     2.39
1893    4   109.85     5.44
1893    5    84.74    13.09
1893    6   119.22    14.49
1893    7    75.23    20.11
1893    8    51.18    17.06
1893    9    50.22    12.12
1893   10    38.87    10.04
1893   11    97.19    -2.05
1893   12   118.35    -2.47
1894    1    63.75     0.62
1894    2    57.32     2.17
1894    3    81.96     3.41
1894    4   129.18     7.16
1894    5   116.57    11.09
1894    6   208.05    18.43
1894    7   165.46    19.16
1894    8    54.82    16.10
1894    9    77.83    14.76
1894   10    83.23     8.41
1894   11   173.52     0.92
1894   12   184.81    -2.89
1895    1    64.20    -1.47
1895    2   167.77    -1.97
1895    3    78.04     2.09
1895    4   106.11     3.72
1895    5   151.45    10.09
1895    6   429.76    13.56
1895    7   215.94    18.98
1895    8   102.80    17.71
1895    9   139.66    13.87
1895   10   127.95     8.43
1895   11   128.55     3.69
1895   12    82.04    -0.72
1896    1    92.74    -0.89
1896    2   145.86    -3.80
1896    3   154.68     0.63
1896    4   128.09     3.48
1896    5    73.32    13.52
1896    6   224.03    13.32
1896    7    68.09    16.72
1896    8   101.40    14.32
1896    9   116.36    12.09
1896   10   192.52     5.57
1896   11   104.82     3.54
1896   12   123.16    -0.22
1897    1    92.98     1.18
1897    2    80.68     0.39
1897    3    59.18     2.75
1897    4   213.13     5.76
1897    5    86.67     9.80
1897    6   206.11    14.06
1897    7   124.74    16.10
1897    8   174.36    16.02
1897    9    70.95    11.72
1897   10    71.56     7.15
1897   11   132.72    -2.36
1897   12   184.08    -0.25
1898    1    88.90    -3.14
1898    2   164.13    -3.62
1898    3    78.09     0.64
1898    4   121.40     8.63
1898    5   132.92     8.52
1898    6   115.32    13.36
1898    7   107.88    17.82
1898    8   152.73    14.60
1898    9    69.86     8.99
1898   10   100.90     8.43
1898   11    82.87     1.49
1898   12   304.75    -6.66
1899    1    71.69    -3.15
1899    2    21.96    -7.69
1899    3    94.54     0.38
1899    4   127.20     3.60
1899    5    71.75     9.91
1899    6   203.41    15.70
1899    7   183.61    18.81
1899    8    58.38    14.01
1899    9    83.87    11.01
1899   10    96.87     7.74
1899   11   104.00     4.66
1899   12   166.38    -5.23
1900    1    90.15    -6.40
1900    2   104.56    -2.81
1900    3   238.27    -3.16
1900    4    75.17     8.66
1900    5    77.08    11.24
1900    6   235.25    15.60
1900    7    67.95    19.46
1900    8   216.01    17.57
1900    9    32.24    11.57
1900   10   139.69     9.05
1900   11    79.93     2.83
1900   12    70.95    -0.05
1901    1   105.93    -4.43
1901    2    64.02    -4.44
1901    3    82.65    -0.69
1901    4   139.47     3.84
1901    5   166.58     9.90
1901    6   272.79    16.64
1901    7   175.51    18.79
1901    8    73.78    15.67
1901    9    64.77    12.17
1901   10    90.45    10.23
1901   11   180.16     0.84
1901   12    78.44    -7.53
1902    1   116.27    -4.03
1902    2    97.83    -4.91
1902    3    76.77     0.61
1902    4   236.61    -1.24
1902    5   151.34    10.93
1902    6   204.74    12.94
1902    7   112.53    17.29
1902    8    96.56    16.69
1902    9    66.68    12.59
1902   10    70.00     9.26
1902   11   128.13     1.51
1902   12    95.90    -3.76
1903    1    37.68    -3.05
1903    2   166.60    -9.48
1903    3    65.54    -0.81
1903    4    96.86     6.40
1903    5   115.41    11.76
1903    6   120.94    13.23
1903    7   104.81    15.11
1903    8    47.82    16.93
1903    9   110.17    11.67
1903   10    65.36     5.24
1903   11    44.04     4.06
1903   12   175.16    -2.47
1904    1   116.94    -2.08
1904    2    88.60    -4.78
1904    3    83.32     1.90
1904    4   114.05     1.82
1904    5   183.20    12.34
1904    6   113.71    14.59
1904    7   133.18    17.14
1904    8    93.92    17.16
1904    9    95.04    12.95
1904   10    82.80     8.45
1904   11   130.18     0.03
1904   12    95.84    -6.22
1905    1   132.77    -4.93
1905    2    44.81    -3.40
1905    3    94.19     1.92
1905    4   101.15     6.02
1905    5   224.10    10.07
1905    6   193.42    13.85
1905    7   143.72    19.30
1905    8   197.17    14.13
1905    9   163.98    11.74
1905   10    32.74     7.70
1905   11   222.07     1.49
1905   12   147.46    -4.57
1906    1   190.36    -5.53
1906    2    53.23    -8.48
1906    3    76.77     0.34
1906    4   106.05     8.01
1906    5   175.04    12.04
1906    6   113.81    14.35
1906    7   122.20    16.88
1906    8    50.58    16.18
1906    9    76.90    14.42
1906   10    74.09     7.90
1906   11   101.86     1.37
1906   12    85.42    -0.85
1907    1    98.04    -1.89
1907    2    92.19    -3.28
1907    3    78.59     0.90
1907    4   130.18    10.12
1907    5    77.70    14.49
1907    6   146.36    17.37
1907    7   170.75    20.19
1907    8    15.30    16.96
1907    9    47.46    14.45
1907   10    96.25     6.89
1907   11   221.22     0.29
1907   12   102.68    -1.87
1908    1    85.81    -4.58
1908    2    81.88    -4.52
1908    3    72.58     1.71
1908    4   137.55     9.07
1908    5   127.54    13.40
1908    6   138.61    14.90
1908    7   157.85    17.41
1908    8   126.20    15.41
1908    9    75.67    13.20
1908   10   149.48     9.38
1908   11   126.28     3.45
1908   12    74.37    -1.18
1909    1    85.71    -1.25
1909    2    52.00    -9.67
1909    3    65.55     0.81
1909    4   158.19     5.88
1909    5   153.57    10.45
1909    6   234.57    14.51
1909    7    80.59    19.03
1909    8   108.85    14.71
1909    9   120.23    12.97
1909   10   142.06     9.63
1909   11   132.65     0.21
1909   12   185.85    -2.19
1910    1   159.43    -6.65
1910    2    70.15    -9.34
1910    3   111.64    -1.63
1910    4   164.11     6.37
1910    5   135.99    10.25
1910    6   172.88    15.85
1910    7   232.39    18.82
1910    8    57.13    17.82
1910    9   106.23    13.10
1910   10   172.69     5.80
1910   11    60.27    -0.14
1910   12   106.82    -6.92
1911    1   150.84    -6.51
1911    2    64.58    -0.23
1911    3    47.10     1.09
1911    4    56.74     8.42
1911    5   173.17     9.26
1911    6   134.11    14.23
1911    7   175.80    20.23
1911    8   109.66    15.62
1911    9    97.33    12.23
1911   10   124.27     5.03
1911   11    82.02     1.20
1911   12    63.80    -1.07
1912    1   124.03    -9.40
1912    2   102.41    -2.48
1912    3    67.33    -1.25
1912    4    50.96    10.08
1912    5   126.08    10.12
1912    6   135.85    14.86
1912    7   191.96    18.02
1912    8    34.98    14.68
1912    9    44.66    11.35
1912   10    62.64     8.53
1912   11    75.71    -0.30
1912   12   105.61    -1.52
1913    1    94.55    -8.60
1913    2    83.74    -3.82
1913    3    18.80     3.55
1913    4   121.92     6.02
1913    5   204.75    11.10
1913    6   148.88    15.11
1913    7   106.56    19.16
1913    8     7.46    18.05
1913    9   136.58    11.99
1913   10    89.73     6.58
1913   11   120.02     0.99
1913   12   208.32    -2.25
1914    1   163.60    -4.99
1914    2    84.30     0.37
1914    3   123.17     0.78
1914    4   147.70     2.59
1914    5   146.66     8.83
1914    6   147.88    13.28
1914    7   198.98    16.26
1914    8    64.19    16.88
1914    9    44.92    11.36
1914   10    63.03     5.35
1914   11   190.18     2.75
1914   12    40.34    -3.53
1915    1    83.95    -3.12
1915    2    59.15    -3.76
1915    3    58.05     6.86
1915    4    68.24     9.03
1915    5    63.39    11.41
1915    6   144.32    14.87
1915    7   110.51    18.05
1915    8    26.89    14.78
1915    9    55.26    14.81
1915   10    42.98     3.97
1915   11    38.64     4.97
1915   12   124.14     1.36
1916    1   130.03    -3.33
1916    2   125.96    -0.19
1916    3    64.31     0.39
1916    4   176.41     4.92
1916    5    94.54    12.46
1916    6   173.75    16.56
1916    7    74.47    19.67
1916    8    57.56    13.82
1916    9    47.76    14.22
1916   10   174.67     6.83
1916   11    83.65    -1.90
1916   12   186.59    -1.11
1917    1   134.64    -7.38
1917    2   124.54    -0.25
1917    3    79.99     2.70
1917    4   138.74     5.19
1917    5   289.79    11.26
1917    6   255.97    17.52
1917    7   174.72    18.56
1917    8   110.64    17.00
1917    9    46.67    14.08
1917   10   140.05     8.68
1917   11    63.65     1.90
1917   12   113.29    -1.33
1918    1   133.21    -5.47
1918    2    39.93    -0.57
1918    3   117.67    -0.63
1918    4   154.91     3.91
1918    5   191.73    10.71
1918    6   213.32    15.58
1918    7   107.13    14.26
1918    8   147.20    15.34
1918    9    95.46    10.75
1918   10   165.26     8.26
1918   11   147.11     2.45
1918   12   162.18    -0.63
1919    1    45.83    -3.21
1919    2    60.90    -0.67
1919    3    86.20     6.92
1919    4   148.18     3.46
1919    5   189.51     8.58
1919    6   147.93    13.83
1919    7   126.97    18.81
1919    8    17.12    16.47
1919    9    34.09    14.09
1919   10    43.18     8.04
1919   11    79.83     4.93
1919   12    99.27     1.69
1920    1   139.63    -2.49
1920    2    96.66    -2.32
1920    3    42.39     1.46
1920    4   153.43     6.35
1920    5   199.29    11.31
1920    6   149.52    15.46
1920    7   137.71    17.34
1920    8   103.97    17.59
1920    9    64.77    13.69
1920   10   136.13    10.37
1920   11    28.67     1.43
1920   12   111.67    -1.61
1921    1    94.10    -1.82
1921    2    69.22    -6.58
1921    3   126.50    -0.33
1921    4    90.65     9.34
1921    5   105.75    12.35
1921    6   272.14    16.44
1921    7   191.85    17.53
1921    8   146.32    16.60
1921    9    21.44    12.44
1921   10   133.89     5.24
1921   11   156.44     3.74
1921   12   255.27    -2.74
1922    1    59.35    -2.21
1922    2    51.19     0.52
1922    3   103.06     0.83
1922    4    97.19     2.64
1922    5   209.19    12.65
1922    6   233.01    16.26
1922    7   165.92    18.11
1922    8   159.32    19.02
1922    9    23.60    11.96
1922   10    92.49     8.27
1922   11   108.24     3.41
1922   12   121.39    -2.04
1923    1    55.17    -1.30
1923    2    31.51     1.02
1923    3    92.52     1.41
1923    4   103.06     5.61
1923    5   144.50    10.66
1923    6   135.80    18.47
1923    7   128.65    19.04
1923    8    88.26    16.62
1923    9    94.53    12.56
1923   10   118.43     4.11
1923   11   157.89     1.35
1923   12   159.23    -0.39
1924    1    76.47    -0.82
1924    2   135.68    -3.07
1924    3    33.09     2.12
1924    4    96.41     6.77
1924    5   269.32    12.41
1924    6   189.11    18.03
1924    7   134.60    22.84
1924    8   120.39    19.08
1924    9    61.83    12.99
1924   10    88.86    10.72
1924   11   143.70    -0.96
1924   12   124.53    -1.30
1925    1    80.37    -3.17
1925    2   133.75    -4.81
1925    3    83.83     0.05
1925    4   138.55     5.41
1925    5   140.97    11.35
1925    6   293.25    14.52
1925    7   323.01    17.59
1925    8   118.68    17.47
1925    9    55.55    12.13
1925   10    64.95     5.61
1925   11   237.39     2.69
1925   12   200.62    -3.54
1926    1   125.98    -5.87
1926    2    51.94    -0.70
1926    3    58.57    -1.21
1926    4   100.75     2.60
1926    5    82.95    12.99
1926    6   253.25    15.71
1926    7   111.66    17.51
1926    8    97.63    18.03
1926    9    78.01     8.74
1926   10    64.28     5.26
1926   11   137.64    -3.38
1926   12   152.87    -1.23
1927    1   101.55    -1.75
1927    2    25.92     2.05
1927    3    97.05     5.48
1927    4   113.70     4.71
1927    5   222.35    10.90
1927    6   159.40    16.29
1927    7   174.11    18.73
1927    8    56.86    17.69
1927    9    34.67    16.26
1927   10    76.44     8.90
1927   11   153.41    -0.48
1927   12   178.14    -2.51
1928    1   120.52    -3.57
1928    2    67.84    -1.09
1928    3   140.32     1.53
1928    4   124.07     4.05
1928    5    90.14    12.49
1928    6   126.12    16.43
1928    7   108.15    19.57
1928    8    78.50    17.05
1928    9   126.34     9.55
1928   10    77.73     7.05
1928   11    97.49     1.72
1928   12    95.08    -3.98
1929    1    87.69    -5.02
1929    2    66.26    -1.30
1929    3    51.21     2.97
1929    4   120.95     5.63
1929    5   217.57    10.94
1929    6   181.42    15.23
1929    7   150.08    18.58
1929    8    60.33    14.66
1929    9    58.81    10.39
1929   10    82.50     7.07
1929   11   138.54    -0.65
1929   12   179.81    -3.54
1930    1   168.82    -3.26
1930    2    99.40    -0.98
1930    3   133.52    -1.63
1930    4    56.37     7.49
1930    5   298.23    12.15
1930    6   131.77    15.41
1930    7   141.54    17.70
1930    8    95.86    15.41
1930    9   119.46     9.67
1930   10    79.72     4.81
1930   11    74.40     1.61
1930   12   152.46    -4.18
1931    1    35.50    -5.77
1931    2    73.04     1.78
1931    3    72.96     1.37
1931    4   108.20     7.06
1931    5   157.06    12.37
1931    6   145.97    17.04
1931    7   132.87    16.71
1931    8    66.12    17.28
1931    9    67.11    15.24
1931   10   109.35     8.86
1931   11   105.40    -0.72
1931   12   167.25     0.93
1932    1    98.92    -3.65
1932    2    81.20    -1.66
1932    3    85.60     2.17
1932    4   141.49     3.16
1932    5    88.80    10.70
1932    6   261.43    16.63
1932    7   132.90    19.02
1932    8    46.15    17.20
1932    9   109.99    14.84
1932   10   172.34     7.05
1932   11   156.88     4.11
1932   12   134.16    -3.52
1933    1   135.13    -2.12
1933    2   102.76    -1.92
1933    3    68.57     2.13
1933    4   144.70     8.73
1933    5   251.32    10.44
1933    6   172.79    14.02
1933    7   129.94    19.27
1933    8    75.05    17.41
1933    9    62.15    10.05
1933   10   169.52     6.35
1933   11    20.09    -2.03
1933   12    94.20    -4.77
1934    1   112.44    -8.00
1934    2    77.72    -2.26
1934    3    58.97     0.03
1934    4   108.50     5.00
1934    5   174.07    11.89
1934    6   171.08    13.21
1934    7    78.47    17.85
1934    8    83.20    15.93
1934    9    83.84    10.74
1934   10   119.58     5.38
1934   11   108.74     1.58
1934   12    79.24     1.08
1935    1    76.03    -5.19
1935    2    83.48    -3.89
1935    3   204.85     0.44
1935    4   124.73     5.27
1935    5   121.27    11.13
1935    6   197.25    15.96
1935    7   110.98    15.19
1935    8   164.06    16.40
1935    9    56.19    12.98
1935   10    51.63     8.89
1935   11    90.57     3.22
1935   12   109.54    -4.84
1936    1   143.21    -2.29
1936    2   141.59    -4.46
1936    3   138.54    -1.12
1936    4   101.94     6.83
1936    5   240.33    12.93
1936    6   164.02    16.24
1936    7   160.87    18.24
1936    8    62.94    17.35
1936    9    58.80    14.01
1936   10    94.89     7.70
1936   11   173.98    -0.20
1936   12    90.51     0.13
1937    1    16.93    -5.16
1937    2    34.56    -1.38
1937    3    61.89     1.94
1937    4    87.65     4.69
1937    5   182.18    11.84
1937    6   135.75    15.70
1937    7   106.53    21.83
1937    8    99.89    18.46
1937    9    65.37    11.82
1937   10    85.36     5.58
1937   11   102.45     2.37
1937   12    63.60    -2.89
1938    1    72.52    -3.23
1938    2    60.37     1.93
1938    3    77.15    -1.79
1938    4   165.88     4.03
1938    5   103.85    12.81
1938    6   101.30    16.59
1938    7   240.67    19.15
1938    8   104.63    16.63
1938    9    37.59    12.89
1938   10    94.08     8.66
1938   11   128.47     1.88
1938   12   116.10    -2.59
1939    1    84.39    -5.86
1939    2    79.90    -1.49
1939    3   127.75    -0.18
1939    4   128.72     7.97
1939    5   145.87    11.93
1939    6   266.23    18.00
1939    7   139.34    18.41
1939    8    34.88    14.54
1939    9    45.36    13.60
1939   10    91.62     6.81
1939   11   109.98     0.79
1939   12   184.10    -4.02
1940    1    56.91    -8.91
1940    2    58.79    -6.82
1940    3    87.76     0.11
1940    4    83.18     6.65
1940    5   137.33    11.87
1940    6   166.77    16.89
1940    7    94.19    17.35
1940    8    70.68    18.04
1940    9    39.02    15.37
1940   10   196.80     5.70
1940   11    45.36     0.95
1940   12    99.65     0.60
1941    1   146.70    -2.34
1941    2    38.91    -1.65
1941    3   134.20    -2.69
1941    4    71.15     6.60
1941    5   137.98    12.19
1941    6   167.72    17.24
1941    7   247.06    16.36
1941    8    88.69    14.84
1941    9   100.05    12.81
1941   10   106.47     8.81
1941   11   180.40     0.33
1941   12    83.27    -4.79
1942    1    88.84    -3.23
1942    2    65.34    -0.24
1942    3   147.12     0.47
1942    4   150.34     3.52
1942    5   265.35    11.17
1942    6    89.77    16.34
1942    7   232.50    18.16
1942    8    33.67    16.82
1942    9    95.46    12.82
1942   10   153.82     5.13
1942   11   122.08    -3.46
1942   12    50.94     0.12
1943    1   107.27    -3.72
1943    2   106.03    -3.03
1943    3   121.88     0.89
1943    4    83.35     8.94
1943    5    98.54    11.98
1943    6   144.69    17.32
1943    7    83.14    18.77
1943    8   135.90    16.22
1943    9    53.20    13.25
1943   10    60.81    11.45
1943   11   110.78     2.50
1943   12   107.97    -3.02
1944    1   157.11    -2.16
1944    2   104.82    -7.06
1944    3    62.49    -4.53
1944    4    96.80     3.83
1944    5   158.60    11.45
1944    6   164.72    16.28
1944    7   134.84    18.15
1944    8    75.70    19.05
1944    9    69.77    11.19
1944   10    72.63     8.09
1944   11    63.17     1.25
1944   12   136.64    -2.56
1945    1    44.27    -5.11
1945    2    53.76    -5.94
1945    3    64.31    -0.63
1945    4    72.95     6.40
1945    5   117.86    11.84
1945    6   127.56    15.44
1945    7   155.11    19.28
1945    8   104.09    17.03
1945    9    66.26     9.75
1945   10   116.19     8.30
1945   11    53.13     1.01
1945   12   146.15    -3.06
1946    1   176.73    -5.33
1946    2    63.74    -0.48
1946    3    63.75     1.34
1946    4    50.39     4.57
1946    5   252.53    12.13
1946    6   169.18    17.03
1946    7   112.16    18.78
1946    8    84.14    16.84
1946    9    50.30    13.16
1946   10    39.74     6.38
1946   11    91.78    -3.26
1946   12   110.20    -2.12
1947    1    98.31    -3.60
1947    2    49.17    -1.29
1947    3    97.02     0.57
1947    4   100.20     1.75
1947    5   176.37     9.58
1947    6   149.57    14.99
1947    7   103.99    18.58
1947    8    60.14    16.82
1947    9    96.61     7.90
1947   10    35.21     7.54
1947   11   202.08     1.34
1947   12   182.68    -7.94
1948    1    56.52    -7.70
1948    2   118.08    -7.00
1948    3    53.83     1.21
1948    4   107.99     3.33
1948    5   209.33     9.44
1948    6   118.94    14.67
1948    7   105.53    17.91
1948    8    46.76    16.79
1948    9    96.01    14.40
1948   10   101.89     7.83
1948   11   207.61     1.25
1948   12    66.14    -2.12
1949    1   169.36    -5.20
1949    2    66.02    -0.61
1949    3    32.79     4.07
1949    4   164.72     7.71
1949    5   201.24    11.57
1949    6   243.92    15.83
1949    7   220.57    17.98
1949    8    68.60    16.83
1949    9    27.52    14.81
1949   10   111.33     5.88
1949   11   144.99     4.15
1949   12   157.25    -1.03
1950    1   113.01    -3.42
1950    2    87.89    -8.60
1950    3    55.70     1.47
1950    4    90.05     8.62
1950    5   151.32    10.47
1950    6   353.99    16.89
1950    7   145.04    18.57
1950    8    49.93    15.17
1950    9    82.92    14.20
1950   10   104.84     9.04
1950   11    36.50     2.24
1950   12   107.11    -0.33
1951    1   110.24    -1.26
1951    2   111.66    -0.94
1951    3   114.20     3.04
1951    4   127.45     5.67
1951    5   199.73    14.23
1951    6   279.44    17.45
1951    7   138.33    19.50
1951    8    43.14    16.52
1951    9   104.87    14.66
1951   10   101.71     7.06
1951   11   177.59     2.87
1951   12   131.86    -3.43
1952    1    65.72    -1.41
1952    2   107.13    -5.45
1952    3    76.61     1.94
1952    4   130.18     4.44
1952    5   167.16    12.54
1952    6   336.54    17.28
1952    7   111.05    18.20
1952    8    77.31    16.14
1952    9    36.77    12.67
1952   10   133.85     5.73
1952   11   263.36    -0.11
1952   12    84.93     1.95
1953    1    75.65    -1.16
1953    2    89.00    -1.02
1953    3   158.36    -1.69
1953    4    81.03     5.62
1953    5    60.33    10.92
1953    6   127.80    15.78
1953    7   350.04    17.72
1953    8    40.22    16.37
1953    9    57.11    14.18
1953   10    27.06     9.73
1953   11   184.87     3.72
1953   12   151.63     0.93
1954    1   117.00    -2.72
1954    2    61.57     0.68
1954    3    95.25     2.02
1954    4   122.64     5.95
1954    5   143.22    12.53
1954    6   147.50    16.27
1954    7    80.90    16.63
1954    8    45.48    17.90
1954    9   123.14    14.07
1954   10   113.92     6.55
1954   11   100.03     1.39
1954   12    98.33    -1.21
1955    1   174.08    -2.58
1955    2    61.88    -3.79
1955    3    71.32     3.57
1955    4   123.87     7.52
1955    5   182.39     9.82
1955    6   109.72    16.17
1955    7    63.42    17.49
1955    8    73.95    20.15
1955    9    62.47    16.02
1955   10   155.33     7.38
1955   11   109.30     3.31
1955   12   155.15    -2.74
1956    1    89.02    -2.65
1956    2    54.50    -3.56
1956    3   102.99    -2.56
1956    4   204.68     4.77
1956    5   153.53    11.79
1956    6   142.03    15.13
1956    7   210.78    18.35
1956    8    50.46    18.07
1956    9    25.47    15.27
1956   10   104.09     8.84
1956   11    75.33     3.78
1956   12   102.79    -2.38
1957    1    82.57    -5.38
1957    2    85.35    -1.58
1957    3    68.49     0.07
1957    4   156.91     5.98
1957    5   162.81     8.83
1957    6   192.52    16.69
1957    7   104.46    17.88
1957    8    86.26    16.50
1957    9    47.68    12.98
1957   10   100.51     8.43
1957   11   113.53    -2.67
1957   12   116.94    -2.97
1958    1    60.09    -4.98
1958    2    60.42    -2.07
1958    3    52.51     2.00
1958    4   147.84     6.39
1958    5   123.53    11.29
1958    6   171.64    15.00
1958    7    56.34    21.41
1958    8   118.70    16.94
1958    9    32.74    14.67
1958   10    62.09     9.62
1958   11   148.27     2.70
1958   12    94.51    -6.91
1959    1   106.33    -7.52
1959    2   136.28    -8.87
1959    3    97.56    -1.04
1959    4    51.76     9.52
1959    5   228.12    11.94
1959    6   138.34    16.09
1959    7   212.42    18.73
1959    8    65.98    18.53
1959    9    89.67    14.28
1959   10   102.39     8.05
1959   11   153.53     5.23
1959   12   194.14    -5.58
1960    1    99.28    -4.13
1960    2   109.72    -2.40
1960    3    62.44    -0.02
1960    4    32.23     8.79
1960    5   117.42    10.90
1960    6   172.52    17.98
1960    7   133.49    17.84
1960    8    67.92    18.00
1960    9    38.94    14.63
1960   10   218.50     6.80
1960   11    80.64    -1.72
1960   12   133.41    -0.98
1961    1   121.80    -3.28
1961    2    85.72    -2.05
1961    3   126.13    -5.19
1961    4    88.56     4.47
1961    5    77.12    10.41
1961    6   178.39    13.05
1961    7   144.62    16.97
1961    8   113.44    17.99
1961    9    96.13    13.96
1961   10    56.94     8.19
1961   11    65.59     1.85
1961   12   177.47    -4.18
1962    1   101.92    -4.15
1962    2    98.06    -1.26
1962    3    48.66     1.61
1962    4   124.52     7.20
1962    5   166.69    10.87
1962    6   124.15    16.58
1962    7   255.69    17.40
1962    8    93.05    17.93
1962    9    77.35    14.37
1962   10   108.13     8.39
1962   11   189.45     3.22
1962   12   200.73    -3.29
1963    1   133.70    -2.66
1963    2    32.55    -5.66
1963    3    56.68     1.41
1963    4   139.74     3.23
1963    5   165.26    13.37
1963    6   212.62    15.68
1963    7   104.73    16.88
1963    8   110.98    15.36
1963    9    83.42    12.89
1963   10   146.96     5.76
1963   11    93.20     1.56
1963   12    82.36    -0.06
1964    1   113.76    -2.13
1964    2    55.21    -1.79
1964    3   115.39    -0.03
1964    4    68.72     5.23
1964    5    84.71    13.90
1964    6   142.25    16.94
1964    7   171.20    17.98
1964    8    28.19    16.88
1964    9    71.04    12.42
1964   10    90.29     7.44
1964   11    71.20     2.92
1964   12    87.67    -1.51
1965    1   146.59    -2.76
1965    2    86.03    -1.55
1965    3    86.97     1.14
1965    4   189.58     4.46
1965    5   148.28    14.41
1965    6   211.18    15.78
1965    7   165.12    17.24
1965    8    63.18    16.76
1965    9   114.37    12.55
1965   10   102.46     6.87
1965   11    74.66     3.97
1965   12   181.06    -3.29
1966    1   156.15    -1.35
1966    2   115.84    -2.60
1966    3   100.27    -0.49
1966    4    91.33     8.72
1966    5    48.81    15.01
1966    6    98.90    18.28
1966    7    86.24    19.80
1966    8    32.72    16.17
1966    9   129.79    11.60
1966   10   133.48     8.42
1966   11    71.24     5.72
1966   12    98.31    -4.40
1967    1   106.53    -1.03
1967    2    95.90    -1.83
1967    3   120.96     2.30
1967    4   127.35     5.56
1967    5   137.91    10.28
1967    6   142.04    17.42
1967    7   155.14    18.73
1967    8   124.04    16.12
1967    9   161.85    11.33
1967   10    29.62    10.21
1967   11    51.21     0.84
1967   12   190.85     0.88
1968    1    51.75    -1.27
1968    2    58.83     0.87
1968    3    37.60     4.60
1968    4    85.76     8.05
1968    5   255.35    14.43
1968    6   114.71    16.29
1968    7    35.60    16.62
1968    8   136.10    16.59
1968    9    17.55    13.04
1968   10    68.86     4.97
1968   11   130.85     2.94
1968   12    68.38    -0.33
1969    1   105.76    -5.29
1969    2   128.69    -9.97
1969    3    62.30    -4.13
1969    4   101.49     4.28
1969    5   143.13    11.49
1969    6   179.93    17.92
1969    7   129.48    18.50
1969    8   104.90    15.60
1969    9    78.31    12.97
1969   10   100.53     4.16
1969   11   130.96     2.87
1969   12   123.06     0.03
1970    1    49.73    -0.04
1970    2   119.22    -1.48
1970    3   108.36     1.80
1970    4    75.39     6.69
1970    5   196.84    10.01
1970    6   200.87    15.44
1970    7   161.11    17.08
1970    8    95.62    17.31
1970    9   101.44    11.58
1970   10   126.83     8.84
1970   11   184.98     5.03
1970   12   162.56     2.08
1971    1    76.51    -5.22
1971    2    27.52    -2.41
1971    3    48.11     3.69
1971    4    68.37    10.09
1971    5   106.48    12.46
1971    6   112.77    18.31
1971    7   128.11    18.27
1971    8    36.51    15.17
1971    9    78.74    14.06
1971   10    55.38     6.96
1971   11   104.81     2.35
1971   12   162.45    -2.51
1972    1   109.36    -1.84
1972    2    40.94    -2.34
1972    3    68.72    -0.61
1972    4    83.83     5.88
1972    5   156.70    10.47
1972    6   193.05    17.96
1972    7    99.06    19.45
1972    8   175.33    15.95
1972    9    33.61    14.39
1972   10    92.68     9.84
1972   11    90.33     5.61
1972   12    89.12    -5.21
1973    1    59.48    -5.50
1973    2   126.31    -0.80
1973    3    45.07    -2.48
1973    4   177.78     3.51
1973    5   242.17    11.38
1973    6    73.41    17.12
1973    7    94.37    16.80
1973    8    89.11    19.02
1973    9   126.52    12.60
1973   10    91.61     6.90
1973   11   167.61     1.09
1973   12   106.48    -8.02
1974    1   104.30    -1.99
1974    2    38.79    -0.89
1974    3   118.32     2.45
1974    4   161.72     4.61
1974    5    90.07    12.42
1974    6   208.49    14.49
1974    7   116.85    18.46
1974    8    33.96    19.53
1974    9    67.00    11.73
1974   10    90.71     5.38
1974   11   124.25    -5.46
1974   12    65.93    -2.22
1975    1   111.60    -1.78
1975    2     6.11     2.47
1975    3    92.28    -0.85
1975    4    52.08     4.18
1975    5   174.56     9.77
1975    6    79.90    15.63
1975    7    62.14    18.43
1975    8    68.85    16.33
1975    9    67.03    11.53
1975   10    34.93     5.22
1975   11    46.24    -2.43
1975   12   115.85    -3.55
1976    1     9.75    -4.82
1976    2    60.16    -8.50
1976    3    43.19     1.56
1976    4   117.52     7.60
1976    5    82.95    11.41
1976    6   121.27    17.25
1976    7    57.19    18.78
1976    8    60.14    19.28
1976    9   115.46    12.60
1976   10   115.77    10.10
1976   11   120.14     2.19
1976   12   227.68    -3.70
1977    1    92.96    -2.79
1977    2    89.08    -1.80
1977    3   119.47    -0.78
1977    4    86.89     4.33
1977    5   206.97    11.06
1977    6   122.88    14.96
1977    7   197.71    17.60
1977    8    51.34    16.80
1977    9     6.32    14.74
1977   10   111.40     7.86
1977   11   281.31     0.90
1977   12   194.51    -2.49
1978    1   161.48    -2.54
1978    2    59.80    -2.12
1978    3    74.73     2.89
1978    4    85.17     7.58
1978    5    98.70    10.58
1978    6   101.53    15.42
1978    7    73.87    15.84
1978    8    69.39    17.69
1978    9    75.96    13.63
1978   10    64.45     5.09
1978   11    76.90     1.16
1978   12    98.77    -1.02
1979    1   188.52    -4.32
1979    2    19.58    -4.28
1979    3   146.90     2.36
1979    4   113.06     6.01
1979    5   173.41    12.52
1979    6   182.00    16.89
1979    7    73.19    19.27
1979    8    52.58    19.21
1979    9    95.56    15.10
1979   10    85.73     8.89
1979   11    77.46     0.70
1979   12    70.46    -1.59
1980    1   102.52    -2.10
1980    2    27.94     1.33
1980    3    96.83     3.91
1980    4   119.87     8.26
1980    5   224.80    10.22
1980    6   108.16    17.49
1980    7   104.41    19.45
1980    8   128.49    14.57
1980    9    57.56    13.03
1980   10   177.83     6.62
1980   11    39.98     4.36
1980   12   154.41    -6.08
1981    1   119.62    -3.78
1981    2    93.79    -2.34
1981    3    95.97    -2.32
1981    4   120.38     3.30
1981    5   238.71     8.89
1981    6   220.55    15.96
1981    7   147.61    15.61
1981    8   105.60    17.30
1981    9    52.54    13.52
1981   10   102.35     7.12
1981   11    78.43     1.87
1981   12   135.77    -0.31
1982    1   172.23    -8.11
1982    2    81.20    -3.58
1982    3   165.36    -1.20
1982    4   116.50     4.16
1982    5   118.28    11.27
1982    6   111.49    14.82
1982    7    35.58    17.05
1982    8    55.17    15.51
1982    9    55.37    12.51
1982   10    34.75     7.24
1982   11   210.71    -0.88
1982   12   176.69    -2.50
1983    1   206.26    -3.79
1983    2    49.85    -0.69
1983    3   150.98     2.51
1983    4    61.92     5.23
1983    5   176.32    12.36
1983    6   193.98    15.99
1983    7   167.07    18.80
1983    8    61.25    19.70
1983    9    81.35    13.80
1983   10    85.56    10.19
1983   11   107.80     1.89
1983   12   161.82    -7.17
1984    1   100.13    -5.12
1984    2    64.66    -0.58
1984    3    72.49     4.07
1984    4    98.83     7.00
1984    5   153.88     9.56
1984    6   179.34    15.06
1984    7   238.50    17.08
1984    8    77.98    18.77
1984    9    83.33    14.52
1984   10    70.65     9.05
1984   11   225.78     0.88
1984   12   206.42    -0.88
1985    1    76.04    -2.38
1985    2    21.02     0.65
1985    3   218.16     2.61
1985    4   122.95     7.94
1985    5   248.31    12.22
1985    6   330.84    13.03
1985    7   132.99    16.76
1985    8   115.49    16.69
1985    9    26.10    13.92
1985   10    75.37    10.98
1985   11   122.12     4.72
1985   12   250.96    -0.20
1986    1    66.72    -5.22
1986    2   106.41    -4.11
1986    3   103.67     2.69
1986    4    85.97     5.58
1986    5   184.02    14.06
1986    6   131.17    17.74
1986    7   281.50    20.02
1986    8    44.13    19.02
1986    9    43.41    16.17
1986   10    80.90     8.23
1986   11   132.90     3.24
1986   12   172.57    -4.13
1987    1    96.06    -3.65
1987    2    47.31    -1.15
1987    3    85.71     1.37
1987    4    99.60     5.69
1987    5   107.09    11.34
1987    6    87.78    19.68
1987    7    72.40    18.62
1987    8    34.18    16.65
1987    9    65.36    12.61
1987   10   137.88     4.82
1987   11    60.96    -0.20
1987   12   134.65     0.65
1988    1    61.11    -5.94
1988    2    90.45    -2.43
1988    3    87.52     3.57
1988    4   146.37    10.01
1988    5   142.18    13.69
1988    6   252.88    15.40
1988    7   172.60    20.21
1988    8   146.94    16.22
1988    9    57.06    14.79
1988   10   121.16     6.35
1988   11   150.39     1.72
1988   12   126.58    -2.22
1989    1    92.02    -6.12
1989    2    34.90    -1.08
1989    3    88.26     1.85
1989    4    55.61     7.72
1989    5   120.94    13.25
1989    6    97.42    14.21
1989    7   247.99    18.18
1989    8    95.27    16.58
1989    9    58.36    13.64
1989   10    83.42    10.61
1989   11   132.75     1.97
1989   12    73.50    -3.53
1990    1    83.55    -7.98
1990    2    87.76    -3.46
1990    3   113.58     0.02
1990    4    46.81     7.37
1990    5   209.82    12.15
1990    6   193.16    16.78
1990    7   129.53    19.61
1990    8    44.65    18.07
1990    9    98.64    11.36
1990   10    77.99    10.26
1990   11   216.26     2.28
1990   12    89.63    -2.57
1991    1   132.03    -2.68
1991    2    80.77    -1.56
1991    3    75.63     1.80
1991    4    95.35     5.15
1991    5   115.76    14.02
1991    6   296.89    15.86
1991    7   168.62    20.43
1991    8   157.72    16.81
1991    9   172.64    12.05
1991   10   180.98     6.19
1991   11    73.49    -2.23
1991   12   130.37    -4.42
1992    1    86.15    -1.63
1992    2   111.57    -4.04
1992    3    82.27     0.69
1992    4   120.18     4.69
1992    5    82.56    14.36
1992    6   181.77    17.50
1992    7    95.82    18.10
1992    8    56.44    17.11
1992    9    40.56    13.38
1992   10    87.33     4.45
1992   11   271.70     0.97
1992   12   132.58    -0.00
1993    1    67.21    -2.10
1993    2    66.71    -7.36
1993    3   101.93    -2.82
1993    4   100.12     5.33
1993    5   110.54    13.53
1993    6   165.00    14.26
1993    7   133.38    16.56
1993    8    48.28    13.72
1993    9    95.81    14.26
1993   10   124.09     9.33
1993   11    36.81     1.58
1993   12    28.17    -1.24
1994    1   135.12    -2.18
1994    2    90.07    -0.60
1994    3    42.52     5.68
1994    4   155.92     7.39
1994    5   124.46    12.14
1994    6   172.09    16.61
1994    7   106.83    18.88
1994    8   106.07    18.01
1994    9   159.20    12.88
1994   10   128.21     8.14
1994   11    96.53    -0.65
1994   12   140.04    -4.00
1995    1   161.44    -4.43
1995    2    63.72     0.12
1995    3    90.37     2.59
1995    4   142.41     8.34
1995    5   168.62    11.61
1995    6   231.68    17.48
1995    7    92.53    18.24
1995    8    42.64    17.84
1995    9    88.59    13.83
1995   10   104.35     6.29
1995   11    48.36     2.10
1995   12   129.87    -0.64
1996    1    92.19    -2.27
1996    2    58.96     0.77
1996    3   166.67    -2.58
1996    4   102.71     8.00
1996    5   121.56    10.00
1996    6   120.57    14.88
1996    7   128.05    17.85
1996    8   130.93    18.71
1996    9    98.26    10.98
1996   10   123.68     7.28
1996   11    50.71     2.74
1996   12   154.93    -1.39
1997    1    98.46    -1.16
1997    2    72.08     0.42
1997    3    64.71     4.64
1997    4   248.09     5.85
1997    5   234.04    13.73
1997    6   191.20    17.81
1997    7    53.84    18.43
1997    8   100.32    17.43
1997    9    37.78    17.10
1997   10    46.47     9.97
1997   11    65.11     4.74
1997   12   163.62    -0.63
1998    1    60.08    -2.59
1998    2    88.85     0.13
1998    3    92.32     3.57
1998    4   181.40     4.92
1998    5   140.45    12.37
1998    6   217.25    14.17
1998    7   125.98    17.83
1998    8   144.04    17.45
1998    9    74.15    14.27
1998   10    31.02     9.62
1998   11   191.15     2.28
1998   12   107.58    -0.83
1999    1   132.85     0.33
1999    2   138.74    -3.20
1999    3   142.69     2.86
1999    4   104.33     8.08
1999    5   187.44    11.20
1999    6   232.11    16.95
1999    7   130.94    19.60
1999    8    71.56    17.77
1999    9    76.49    13.15
1999   10    41.48     9.26
1999   11    85.71     1.85
1999   12   101.07    -1.45
2000    1   154.08    -5.35
2000    2    83.39    -3.39
2000    3   134.30     2.39
2000    4   199.77     6.01
2000    5   189.09    12.78
2000    6   192.02    16.29
2000    7    85.56    20.16
2000    8    32.03    20.67
2000    9    71.33    13.12
2000   10    83.40    10.01
2000   11   192.03     2.37
2000   12   172.79    -0.93
2001    1    57.05    -3.81
2001    2    64.90     2.67
2001    3    91.41     1.93
2001    4    93.97     8.68
2001    5   161.75    12.14
2001    6   193.69    17.46
2001    7   138.47    18.43
2001    8   167.68    16.40
2001    9   102.65    11.60
2001   10   122.32     8.59
2001   11   130.24     3.83
2001   12    88.33    -1.28
2002    1    97.90    -2.14
2002    2    63.95     0.61
2002    3    65.90     3.99
2002    4   104.74     6.82
2002    5   170.04    12.86
2002    6   140.85    16.45
2002    7    73.69    20.35
2002    8    84.54    19.21
2002    9    66.57    17.09
2002   10    64.56     9.96
2002   11    86.57     1.61
2002   12   193.31     1.10
2003    1    79.13    -0.40
2003    2    81.84    -1.18
2003    3    73.97     3.42
2003    4   191.11     5.49
2003    5    35.26    13.14
2003    6    97.55    15.20
2003    7   135.67    19.06
2003    8   101.43    18.29
2003    9    49.98    12.59
2003   10    90.64     5.92
2003   11   126.59     1.45
2003   12   200.79    -0.46
2004    1   176.93    -1.78
2004    2    44.91    -1.72
2004    3    89.70     3.21
2004    4   143.52     8.85
2004    5   145.22     9.60
2004    6   159.43    16.39
2004    7    80.13    19.48
2004    8   108.12    17.24
2004    9    67.74    12.48
2004   10   119.12     3.41
2004   11    49.03     3.70
2004   12   279.89    -0.02
2005    1    71.62    -3.72
2005    2    70.46    -0.52
2005    3    89.60    -2.20
2005    4   129.18     8.17
2005    5   153.24    11.78
2005    6   169.55    17.55
2005    7   179.93    20.68
2005    8    45.51    17.54
2005    9    79.85    14.18
2005   10   111.04     4.61
2005   11   110.21     1.80
2005   12    48.02    -1.18
