2006    1    33.71    -3.36
2006    2    25.00    -4.62
2006    3    91.07    -1.20
2006    4    82.85     5.63
2006    5   102.14     7.92
2006    6   119.20    12.02
2006    7    46.80    16.92
2006    8    11.30    16.75
2006    9    44.24    12.74
2006   10    24.67     7.74
2006   11    64.39     1.35
2006   12    60.29    -4.17
2007    1    67.68    -7.17
2007    2    51.02    -3.91
2007    3    33.79     0.23
2007    4    95.46     5.04
2007    5   139.83     7.17
2007    6   238.24    14.03
2007    7    99.57    17.08
2007    8    51.28    14.47
2007    9    52.39    11.98
2007   10   138.46     4.51
2007   11    95.57     0.15
2007   12    57.70    -3.19
2008    1    57.87    -4.65
2008    2    43.94    -3.06
2008    3    69.66    -1.76
2008    4    80.96     5.15
2008    5   138.99     9.21
2008    6   131.43    13.70
2008    7   204.76    15.82
2008    8    71.17    16.10
2008    9    28.47    11.10
2008   10   116.81     2.50
2008   11    94.16    -0.48
2008   12    53.99    -2.80
2009    1    46.10    -4.01
2009    2    39.93    -4.44
2009    3    78.50    -3.28
2009    4   100.92     5.41
2009    5   171.40     7.23
2009    6   116.92    13.45
2009    7    63.39    17.71
2009    8   122.30    13.38
2009    9    15.43    11.83
2009   10     5.94     9.04
2009   11    53.27     1.54
2009   12    61.68    -2.21
2010    1    82.03    -6.88
2010    2    50.85    -2.58
2010    3    78.98    -0.21
2010    4    62.21     5.90
2010    5   154.88    10.31
2010    6   206.42    12.82
2010    7    96.73    16.86
2010    8    19.41    17.57
2010    9    34.55    11.39
2010   10    56.02     6.40
2010   11    53.95     0.12
2010   12    47.89    -3.96
2011    1    59.13    -4.45
2011    2    41.66    -6.50
2011    3    40.48    -4.49
2011    4   144.45     4.53
2011    5   178.55     9.34
2011    6   174.51    13.35
2011    7    62.10    15.23
2011    8    34.01    16.07
2011    9    23.84    12.57
2011   10    72.45     3.78
2011   11    83.78     0.46
2011   12    76.26    -2.62
2012    1    28.46    -4.93
2012    2    53.88    -4.51
2012    3    63.51    -0.06
2012    4   155.68     5.79
2012    5   163.48     7.37
2012    6   168.90    14.13
2012    7   111.75    15.70
2012    8    28.91    15.92
2012    9    99.98    11.63
2012   10    66.45     8.32
2012   11    55.32     0.38
2012   12   154.80    -2.79
2013    1    51.74    -6.71
2013    2    81.49    -7.09
2013    3   106.61    -5.35
2013    4    91.03     2.25
2013    5   191.30     9.13
2013    6   199.56    12.64
2013    7   211.99    18.37
2013    8    13.18    18.35
2013    9    59.17    11.18
2013   10    65.93     2.79
2013   11    97.06     1.49
2013   12    40.14    -6.69
2014    1    69.49    -3.27
2014    2    67.09    -5.11
2014    3    55.21    -2.29
2014    4    52.28     3.06
2014    5   138.03     8.94
2014    6   249.47    14.67
2014    7   178.76    16.33
2014    8    65.40    14.05
2014    9    14.85    11.51
2014   10    79.51     6.64
2014   11    96.53     1.45
2014   12   171.87    -2.47
2015    1    68.99    -9.55
2015    2    35.59    -5.60
2015    3    16.46    -0.79
2015    4    88.46     6.13
2015    5   161.48    10.91
2015    6   192.79    12.55
2015    7   196.23    16.17
2015    8    44.15    15.15
2015    9    77.38    11.22
2015   10    95.69     4.11
2015   11    64.64     0.31
2015   12   130.11    -3.55
2016    1    52.35    -4.94
2016    2    38.23    -4.39
2016    3    32.07    -2.90
2016    4   106.90     1.02
2016    5   127.36    10.20
2016    6   177.10    15.23
2016    7   115.75    18.46
2016    8    82.23    13.83
2016    9    47.84    12.76
2016   10    44.29     6.43
2016   11   132.29     1.59
2016   12   117.74    -6.05
2017    1    41.12    -3.81
2017    2    38.97    -1.14
2017    3    55.08    -4.30
2017    4    98.95     6.76
2017    5   101.28    10.87
2017    6   185.13    13.27
2017    7    86.74    18.68
2017    8    40.13    16.10
2017    9    65.54    11.37
2017   10    51.86     7.09
2017   11    56.31     3.09
2017   12   118.53    -0.70
2018    1    75.48    -4.68
2018    2    51.87    -2.43
2018    3    35.44    -1.19
2018    4    74.49     3.90
2018    5   156.10    10.61
2018    6   147.04    13.51
2018    7   164.17    16.19
2018    8     7.62    16.90
2018    9    71.26    11.93
2018   10    95.98     4.33
2018   11   130.69     0.21
2018   12   145.43    -5.31
2019    1    56.86    -3.45
2019    2    30.89    -5.65
2019    3    44.78    -1.83
2019    4    85.72     2.73
2019    5   159.74    10.39
2019    6   133.20    15.31
2019    7    75.46    17.40
2019    8    89.78    15.97
2019    9    80.66    12.22
2019   10   110.55     3.97
2019   11    77.23    -2.27
2019   12    70.53    -3.31
2020    1    84.66    -3.95
2020    2    36.50    -4.94
2020    3    77.23    -0.87
2020    4    56.45     5.69
2020    5   148.01     9.32
2020    6    90.99    13.35
2020    7   123.54    17.32
2020    8    57.38    17.32
2020    9    74.13     9.83
2020   10   146.59     3.14
2020   11    56.28    -2.37
2020   12   105.48    -2.73
2021    1    74.71    -4.23
2021    2    43.59    -5.23
2021    3    53.24     1.48
2021    4    73.56    -0.98
2021    5    96.55     9.33
2021    6   137.88    13.41
2021    7   133.81    16.60
2021    8    71.50    13.77
2021    9   102.67    11.08
2021   10    72.17     4.13
2021   11    45.08     0.41
2021   12    88.47    -2.93
2022    1    85.82    -3.64
2022    2    42.15    -3.94
2022    3    87.52    -3.55
2022    4   148.08     2.08
2022    5    95.54     7.53
2022    6   245.83    13.07
2022    7   169.04    15.20
2022    8    63.97    16.47
2022    9    22.02    13.05
2022   10    83.37     6.12
2022   11    75.18     0.40
2022   12    77.90    -8.37
2023    1    51.13    -6.81
2023    2    91.90    -5.99
2023    3    90.88    -1.03
2023    4    41.31     6.20
2023    5   210.33    11.08
2023    6   128.94    13.87
2023    7    87.09    15.81
2023    8    36.08    14.90
2023    9    20.08     9.62
2023   10    87.52     6.05
2023   11    63.30     0.51
2023   12    37.54    -3.46
2024    1   133.50    -7.45
2024    2    71.24    -2.09
2024    3    65.94    -2.08
2024    4    72.84     2.62
2024    5   134.90     9.59
2024    6   140.58    15.39
2024    7   107.96    17.40
2024    8    50.46    15.33
2024    9    49.14    10.15
2024   10   137.08     5.93
2024   11   119.29    -1.15
2024   12   123.90    -3.87
2025    1    17.48    -8.95
2025    2    23.89    -5.55
2025    3    74.63    -4.27
2025    4    71.79     2.58
2025    5   168.22     8.36
2025    6   252.74    15.01
2025    7   135.41    18.88
2025    8    24.98    14.74
2025    9    94.14    11.35
2025   10    92.79     5.52
2025   11    78.76     1.74
2025   12    74.44    -4.02
2026    1    65.85    -5.52
2026    2    28.40    -4.17
2026    3    43.12     1.67
2026    4   150.03     2.78
2026    5   199.85     9.17
2026    6   197.39    13.56
2026    7    72.67    17.54
2026    8    92.80    15.92
2026    9    60.72    10.32
2026   10    35.41     6.82
2026   11    41.41     3.04
2026   12   132.32    -1.34
2027    1    69.86    -4.14
2027    2    38.82    -3.64
2027    3    47.19     1.63
2027    4   156.08     4.41
2027    5   132.45     9.07
2027    6   170.53    14.41
2027    7   166.59    17.56
2027    8    91.23    15.85
2027    9    79.18     8.77
2027   10    68.09     5.15
2027   11    92.66     1.82
2027   12   100.30    -2.14
2028    1   124.72    -6.11
2028    2    13.13    -4.68
2028    3    53.08     0.02
2028    4   124.85     2.49
2028    5   129.63     6.55
2028    6   100.42    13.40
2028    7    42.37    15.30
2028    8    52.44    15.81
2028    9     6.49    13.90
2028   10    33.63     7.01
2028   11   116.85     1.88
2028   12    79.20    -0.67
2029    1    50.82    -4.35
2029    2    68.43    -5.67
2029    3    81.26     0.03
2029    4    93.15     5.10
2029    5   192.68    10.56
2029    6   191.01    15.31
2029    7   162.85    16.98
2029    8    54.58    14.98
2029    9    20.97    14.39
2029   10    60.10     7.17
2029   11    64.72     0.41
2029   12    61.18    -2.26
2030    1    37.28    -4.18
2030    2    70.65    -3.41
2030    3    51.73     0.94
2030    4   108.55     6.97
2030    5   165.58     9.86
2030    6   165.92    12.70
2030    7   203.57    16.46
2030    8    73.60    17.17
2030    9    26.60    12.87
2030   10     8.45     5.76
2030   11    70.97    -2.00
2030   12    67.82    -6.91
2031    1    48.25    -3.66
2031    2    32.60    -2.25
2031    3   102.45     2.56
2031    4    77.11     3.94
2031    5   157.60    10.97
2031    6   304.30    15.86
2031    7   124.16    17.53
2031    8   105.56    14.95
2031    9    36.21    11.74
2031   10    59.07     6.03
2031   11    48.35     1.02
2031   12    86.88    -6.46
2032    1    79.47    -5.77
2032    2    26.87    -0.78
2032    3    50.89    -0.63
2032    4   168.21     5.98
2032    5   162.27    10.07
2032    6   197.60    13.67
2032    7    57.70    17.76
2032    8    22.78    16.02
2032    9    73.44    13.52
2032   10    51.71     6.51
2032   11    65.52     0.29
2032   12    45.98    -1.18
2033    1    74.59    -5.27
2033    2    54.45    -5.52
2033    3    42.26     1.25
2033    4   112.92     2.14
2033    5   157.79    10.10
2033    6   146.75    13.67
2033    7   189.43    17.09
2033    8    71.90    16.24
2033    9    84.86    11.49
2033   10    57.51     6.50
2033   11    65.09    -0.22
2033   12    58.56    -4.97
2034    1   110.23    -4.53
2034    2    41.74    -3.44
2034    3   109.67    -2.50
2034    4    77.24     6.31
2034    5   141.29    10.46
2034    6   182.12    12.75
2034    7   104.56    19.45
2034    8    17.28    17.07
2034    9    28.17    13.49
2034   10    94.31     6.99
2034   11    88.21     1.48
2034   12    88.66    -1.51
2035    1   115.80    -5.20
2035    2     8.66    -1.72
2035    3    63.63     1.13
2035    4   103.27     1.47
2035    5    99.82    10.73
2035    6   154.94    13.72
2035    7   108.92    17.85
2035    8    31.29    17.42
2035    9    29.25    12.14
2035   10    46.33     8.22
2035   11    43.68     0.45
2035   12    36.29    -3.05
2036    1    81.44    -4.25
2036    2    58.35    -2.75
2036    3   105.87     0.95
2036    4    87.92     5.31
2036    5   129.10    10.86
2036    6   175.56    13.68
2036    7    50.05    18.09
2036    8    24.38    16.74
2036    9    67.08    12.17
2036   10    98.63     5.32
2036   11    90.87     1.21
2036   12    59.72    -2.61
2037    1    46.05    -2.99
2037    2    31.58    -2.59
2037    3   112.29     1.08
2037    4   161.50     3.44
2037    5   126.63    11.41
2037    6   161.56    15.18
2037    7    88.11    19.18
2037    8    17.68    16.48
2037    9    13.81    12.30
2037   10    16.05     8.84
2037   11    56.05     0.26
2037   12    49.08    -4.16
2038    1    48.28    -5.90
2038    2    62.40    -5.14
2038    3    81.56    -2.27
2038    4    87.83     5.52
2038    5    77.39    13.02
2038    6   279.32    13.89
2038    7   227.88    17.12
2038    8    76.67    14.67
2038    9    51.46    14.07
2038   10   103.37     6.91
2038   11    20.54     1.08
2038   12    68.89    -3.06
2039    1    40.60    -5.36
2039    2    89.15    -4.91
2039    3    58.62    -1.18
2039    4   116.92     5.52
2039    5   114.67     7.22
2039    6   103.42    13.76
2039    7   175.64    17.66
2039    8    70.44    18.43
2039    9    21.75    14.81
2039   10    88.23     7.67
2039   11    75.70     1.63
2039   12   122.20    -3.28
2040    1    92.01    -4.31
2040    2    28.12    -2.11
2040    3    83.13    -0.38
2040    4   104.26     6.35
2040    5   180.26     9.51
2040    6    85.86    15.47
2040    7    54.13    18.06
2040    8    37.46    16.99
2040    9    40.24    12.07
2040   10   125.46     4.30
2040   11   118.78     1.33
2040   12    26.03    -5.32
2041    1    78.61    -4.77
2041    2    40.70    -2.25
2041    3    93.96     3.61
2041    4   131.41     5.97
2041    5   156.64     9.39
2041    6   158.19    13.78
2041    7    99.61    18.47
2041    8   139.81    16.46
2041    9    11.51    14.15
2041   10    44.09     5.48
2041   11    69.27    -1.51
2041   12    77.03    -3.41
2042    1    81.12    -4.96
2042    2    15.62    -1.82
2042    3    72.67     3.23
2042    4   105.05     5.55
2042    5   175.63     9.32
2042    6   158.27    13.08
2042    7   115.86    18.66
2042    8    20.33    16.64
2042    9    45.02    11.87
2042   10   107.33     5.14
2042   11   115.67     0.25
2042   12    84.85    -7.44
2043    1    98.98    -5.34
2043    2    82.34    -2.94
2043    3    77.93     0.01
2043    4    88.19     4.82
2043    5   196.21     7.76
2043    6   193.46    12.84
2043    7   103.81    17.25
2043    8    62.97    15.47
2043    9    46.62    12.87
2043   10    70.75     5.16
2043   11    68.33    -0.46
2043   12    68.85    -3.83
2044    1    96.21    -3.18
2044    2    20.34     0.56
2044    3    95.25     1.20
2044    4    99.13     4.03
2044    5   142.99    11.00
2044    6   186.02    15.53
2044    7    78.20    19.74
2044    8    56.31    17.24
2044    9    55.01    12.72
2044   10   139.41     4.52
2044   11    68.40    -1.47
2044   12    99.65   -10.18
2045    1    55.92    -4.30
2045    2    60.48    -2.51
2045    3   110.86    -3.15
2045    4    78.96     1.91
2045    5   105.21    12.26
2045    6   183.85    15.79
2045    7   233.64    18.17
2045    8    71.10    17.39
2045    9    17.64    13.30
2045   10    47.85     6.59
2045   11    37.23     1.04
2045   12    94.26    -2.46
2046    1    64.63    -6.25
2046    2    74.15    -1.48
2046    3    49.58     1.36
2046    4    90.36     5.41
2046    5   168.12    12.06
2046    6   189.05    13.93
2046    7   138.72    19.54
2046    8    17.92    18.16
2046    9    34.92    13.15
2046   10    29.68     7.70
2046   11   140.19    -1.33
2046   12    71.33    -4.36
2047    1    37.30    -3.31
2047    2    49.37    -3.72
2047    3    54.22     3.06
2047    4    96.95     6.89
2047    5    82.79    13.69
2047    6   216.25    17.02
2047    7   175.62    16.11
2047    8    42.06    16.87
2047    9    32.75    13.64
2047   10    81.77     7.40
2047   11   187.30     1.25
2047   12    89.44    -5.93
2048    1    63.25    -5.64
2048    2    32.19    -5.11
2048    3    90.26    -2.11
2048    4    57.97     6.51
2048    5   142.85    11.37
2048    6   183.37    13.76
2048    7    36.14    19.52
2048    8    92.90    17.24
2048    9    35.11    12.17
2048   10    59.14     8.00
2048   11   109.64     0.75
2048   12    59.47    -5.52
2049    1    26.84    -4.85
2049    2    45.04    -1.66
2049    3   142.01    -1.12
2049    4    74.28     4.62
2049    5   155.66     9.42
2049    6   310.16    14.89
2049    7   239.66    17.86
2049    8    39.93    18.22
2049    9    17.90    12.80
2049   10   147.35     7.43
2049   11    54.76     1.30
2049   12    83.54    -2.38
2050    1    60.31    -0.95
2050    2    81.18    -1.83
2050    3   110.88    -0.32
2050    4   119.84     4.00
2050    5    88.64    11.90
2050    6   173.19    15.18
2050    7   155.20    18.31
2050    8    38.50    17.71
2050    9    36.95    12.03
2050   10   123.67     4.72
2050   11    38.23     2.34
2050   12    30.41     0.60
2051    1    56.54    -1.47
2051    2    70.74    -3.08
2051    3    53.95    -0.81
2051    4    99.04     4.17
2051    5    92.25    11.64
2051    6   174.02    16.05
2051    7    56.87    18.96
2051    8    31.78    15.65
2051    9    68.15    11.41
2051   10    93.91     5.41
2051   11    46.92    -1.28
2051   12    72.90    -5.72
2052    1    51.13    -4.19
2052    2    75.66    -3.39
2052    3    62.94     2.49
2052    4    74.24     2.21
2052    5    92.74    10.60
2052    6   187.50    16.58
2052    7    58.83    20.31
2052    8    26.07    16.40
2052    9    64.91    12.90
2052   10   111.99     7.11
2052   11   110.35     0.38
2052   12    88.54    -2.12
2053    1    60.15    -8.99
2053    2    29.57    -4.29
2053    3    27.63     0.67
2053    4   156.32     6.32
2053    5   155.15     9.90
2053    6   176.93    16.16
2053    7    44.59    19.21
2053    8    40.01    16.67
2053    9    87.72    12.42
2053   10    50.32     4.57
2053   11   112.02    -0.39
2053   12    80.26    -5.22
2054    1    29.92    -5.43
2054    2    13.25    -2.73
2054    3   124.68    -1.09
2054    4    68.15     7.72
2054    5   177.36    11.29
2054    6   172.72    17.90
2054    7   104.97    19.91
2054    8    13.08    17.12
2054    9    37.14    14.11
2054   10    16.25    10.72
2054   11   108.46     0.71
2054   12   133.39    -4.94
2055    1    59.68    -3.60
2055    2    43.46    -3.02
2055    3    40.55     1.34
2055    4   106.43     5.15
2055    5   117.24    11.83
2055    6   177.87    15.69
2055    7    67.23    20.60
2055    8    30.96    18.13
2055    9    55.29    14.52
2055   10    74.95     4.36
2055   11    52.28     0.49
2055   12   156.04    -4.84
2056    1    91.72    -4.81
2056    2    46.36    -3.48
2056    3    53.08    -0.65
2056    4    97.05     6.94
2056    5   161.93    10.49
2056    6   230.68    14.24
2056    7    89.98    16.54
2056    8    24.31    18.59
2056    9    46.62    14.51
2056   10    70.23     6.69
2056   11    80.26     1.84
2056   12    97.45    -3.07
2057    1    43.98    -4.90
2057    2    32.13    -0.81
2057    3    50.69     2.97
2057    4    69.79     6.72
2057    5   171.05    10.78
2057    6   164.10    17.69
2057    7    67.27    20.34
2057    8    12.62    21.01
2057    9   120.32    10.03
2057   10    70.16     6.75
2057   11    51.82     1.56
2057   12   154.32    -0.30
2058    1    86.71    -3.34
2058    2    81.26    -1.50
2058    3    70.39     1.73
2058    4   133.74     5.51
2058    5    93.11    13.62
2058    6   326.06    15.74
2058    7    19.49    20.89
2058    8    52.82    16.15
2058    9    52.80     9.84
2058   10    78.53     5.07
2058   11    29.46     0.65
2058   12    24.27    -3.16
2059    1    87.78    -2.80
2059    2    60.13    -2.68
2059    3    65.17     1.67
2059    4   132.60     6.30
2059    5    84.28    11.27
2059    6   176.47    17.45
2059    7    37.09    19.69
2059    8    12.47    20.04
2059    9    34.37    12.72
2059   10    35.14     7.49
2059   11    53.52     2.25
2059   12    69.78    -2.96
2060    1    62.29    -6.49
2060    2   108.61    -3.02
2060    3    91.70     0.95
2060    4   126.36     5.12
2060    5   115.55    10.10
2060    6   225.41    14.93
2060    7   156.15    18.97
2060    8    57.62    17.28
2060    9    21.30    15.24
2060   10    68.09     7.48
2060   11    54.49     4.31
2060   12    52.75    -0.88
2061    1    90.35    -5.22
2061    2    29.16    -3.05
2061    3    68.72     1.47
2061    4    43.12     7.26
2061    5   166.70    12.64
2061    6   132.64    16.77
2061    7   108.42    20.52
2061    8   108.65    16.10
2061    9     5.15    14.26
2061   10    42.33     8.15
2061   11    55.27     2.46
2061   12    77.30    -1.92
2062    1    65.77    -2.00
2062    2   105.99    -0.50
2062    3    70.88    -0.17
2062    4   203.36     5.68
2062    5   191.89    11.50
2062    6   157.11    15.57
2062    7    24.97    19.92
2062    8    40.37    17.77
2062    9    70.86    10.51
2062   10    51.06     8.10
2062   11    81.89     0.86
2062   12   162.85    -0.76
2063    1    55.43    -2.43
2063    2    14.87     2.24
2063    3   107.96     1.40
2063    4   129.70     2.75
2063    5   125.43     9.67
2063    6   115.74    14.09
2063    7   102.37    18.41
2063    8    62.24    17.44
2063    9    70.54    13.59
2063   10    58.73     9.94
2063   11   110.61     2.23
2063   12    85.24    -0.92
2064    1    80.81    -4.29
2064    2    73.30    -1.59
2064    3   129.93     2.14
2064    4    44.01     6.13
2064    5   154.79    12.23
2064    6   218.79    17.13
2064    7   147.48    17.08
2064    8    30.53    17.87
2064    9    44.31    13.87
2064   10   122.32     4.46
2064   11    60.99     2.28
2064   12    83.14    -3.53
2065    1    76.21    -2.27
2065    2    19.11     0.15
2065    3   109.80    -0.75
2065    4   146.91     6.71
2065    5    85.00    10.72
2065    6   137.55    16.39
2065    7    52.43    20.69
2065    8    77.62    17.03
2065    9    11.56    14.79
2065   10    17.93     8.26
2065   11    74.98     0.97
2065   12    71.83    -1.08
2066    1    24.98     0.54
2066    2   101.85    -1.62
2066    3    83.91     2.56
2066    4    89.07     4.38
2066    5   134.09    13.54
2066    6   318.78    15.59
2066    7   104.46    19.82
2066    8     2.26    21.87
2066    9    16.59    15.89
2066   10    46.18     9.85
2066   11    66.04     5.16
2066   12    93.90    -0.61
2067    1    75.10    -2.70
2067    2    49.88    -0.09
2067    3    77.07     2.07
2067    4   117.29     5.48
2067    5   181.09     9.77
2067    6   154.48    15.28
2067    7   171.28    18.73
2067    8   115.91    19.23
2067    9   114.41    12.80
2067   10    91.12     5.58
2067   11    78.95     3.91
2067   12    49.54     1.31
2068    1    87.03    -0.83
2068    2    17.99    -0.09
2068    3    73.53     1.70
2068    4    76.24     8.98
2068    5   106.29    10.53
2068    6   170.54    14.43
2068    7    90.26    19.35
2068    8     8.97    17.74
2068    9    17.93    14.17
2068   10    92.90     6.62
2068   11   115.48     0.64
2068   12    64.92    -0.49
2069    1    88.01    -1.50
2069    2    80.75    -1.95
2069    3    70.15     1.15
2069    4   164.00     4.71
2069    5   171.00     8.51
2069    6   243.24    17.06
2069    7    88.72    20.48
2069    8    25.17    19.20
2069    9    20.29    12.27
2069   10   127.35     5.30
2069   11    58.55     2.04
2069   12    28.61     0.67
2070    1    17.24    -4.82
2070    2    88.42    -1.22
2070    3   106.64     4.04
2070    4   102.75     5.48
2070    5   130.99     9.83
2070    6   150.98    16.62
2070    7   107.73    19.52
2070    8     7.07    20.49
2070    9    49.53    14.75
2070   10    62.44     9.67
2070   11   114.24     1.54
2070   12    50.45     0.43
2071    1    58.50    -4.45
2071    2    73.92    -3.44
2071    3    59.71     2.17
2071    4    98.82     8.95
2071    5    92.12    10.58
2071    6   185.39    17.53
2071    7    37.59    21.40
2071    8    37.65    19.42
2071    9    19.03    13.48
2071   10    45.27     9.76
2071   11   102.33    -2.54
2071   12    99.58    -2.75
2072    1    74.31    -2.87
2072    2    44.45     3.58
2072    3    48.16     3.45
2072    4   102.88     7.64
2072    5   226.26    12.15
2072    6   132.98    17.60
2072    7   118.76    19.78
2072    8    21.14    20.18
2072    9    27.73    15.09
2072   10    79.44     9.31
2072   11    33.78     2.02
2072   12    46.17     1.21
2073    1    84.59    -1.99
2073    2    67.88     0.55
2073    3    84.31    -3.75
2073    4    40.14     7.56
2073    5   177.95    11.27
2073    6   176.44    15.99
2073    7   223.62    19.03
2073    8    40.71    18.49
2073    9    98.45    12.55
2073   10   179.01     5.46
2073   11    70.38     1.63
2073   12    99.66    -4.90
2074    1    61.58    -0.63
2074    2    47.94     1.39
2074    3    76.03     3.57
2074    4    53.89     8.97
2074    5   148.05    10.88
2074    6   275.12    17.02
2074    7   115.26    18.83
2074    8    89.50    17.66
2074    9    18.78    14.11
2074   10    87.03     8.90
2074   11    72.75     2.93
2074   12   110.55    -2.46
2075    1    28.60     0.47
2075    2    79.07     0.39
2075    3   111.70     2.45
2075    4   145.68     6.64
2075    5    97.25    10.75
2075    6   114.41    18.64
2075    7    82.18    20.99
2075    8    13.50    19.84
2075    9    50.16    13.85
2075   10    24.30     7.31
2075   11    75.88     2.36
2075   12    57.87    -0.70
2076    1    70.15    -2.15
2076    2    65.54    -0.44
2076    3    73.17    -1.85
2076    4    66.65     8.66
2076    5   101.37    11.77
2076    6   118.73    16.44
2076    7    35.24    22.17
2076    8    71.90    19.23
2076    9    70.63    14.19
2076   10    78.15     7.33
2076   11    70.22     3.58
2076   12    66.02    -1.00
2077    1    32.28    -1.18
2077    2   125.41     0.55
2077    3    90.07     2.21
2077    4    90.97     7.65
2077    5   152.84    13.10
2077    6   237.08    15.31
2077    7   170.37    16.88
2077    8    71.38    19.89
2077    9    29.03    13.98
2077   10    60.95     9.60
2077   11   163.29     0.91
2077   12   127.42    -1.33
2078    1    48.05     0.97
2078    2    99.30    -2.57
2078    3    94.62     1.18
2078    4   115.80     9.90
2078    5   100.48    11.57
2078    6   210.05    14.98
2078    7    21.07    21.74
2078    8    15.40    19.24
2078    9    47.13    15.92
2078   10    59.24     9.30
2078   11    87.82     1.37
2078   12    68.02    -1.47
2079    1    38.63    -3.19
2079    2    17.44     0.54
2079    3    65.87     5.92
2079    4    27.52     6.44
2079    5   128.52    11.53
2079    6   155.25    15.67
2079    7    45.75    21.46
2079    8    15.01    21.04
2079    9    38.53    14.57
2079   10    58.20     6.46
2079   11    33.23     3.46
2079   12    31.70    -0.08
2080    1    86.16    -0.55
2080    2   127.76    -1.93
2080    3    68.60     1.48
2080    4    74.00     8.51
2080    5   170.79    13.25
2080    6   192.02    18.09
2080    7   345.19    19.62
2080    8    77.88    19.35
2080    9    40.86    11.64
2080   10   123.50     7.74
2080   11   173.15     1.11
2080   12    64.65     0.59
2081    1    91.53    -1.21
2081    2    64.12    -0.20
2081    3    80.11     1.91
2081    4    96.87     6.33
2081    5    93.95    14.07
2081    6   178.82    15.79
2081    7   106.33    18.45
2081    8    13.83    18.41
2081    9    41.98    14.67
2081   10   133.99     6.56
2081   11    41.46     2.42
2081   12    72.66    -1.02
2082    1    91.31    -4.62
2082    2    18.29     0.07
2082    3   119.46     3.91
2082    4   192.55     5.69
2082    5   159.48    10.27
2082    6   227.79    14.75
2082    7   105.06    20.46
2082    8    52.61    18.29
2082    9    24.84    15.35
2082   10   129.34     8.21
2082   11   184.45     2.32
2082   12    85.37    -3.90
2083    1    62.31    -1.89
2083    2    46.70    -0.52
2083    3   102.11     1.76
2083    4   208.69     5.27
2083    5   145.77     9.24
2083    6   333.69    16.42
2083    7   150.80    19.25
2083    8    16.12    21.34
2083    9    39.13    14.60
2083   10   173.30     8.42
2083   11    65.84     0.61
2083   12    86.55    -1.81
2084    1    21.24    -0.50
2084    2    64.54     2.70
2084    3   144.85     5.27
2084    4   138.16     8.72
2084    5   240.18    11.46
2084    6   103.64    15.05
2084    7   107.09    20.75
2084    8    90.06    18.68
2084    9    27.95    16.16
2084   10    71.87     9.86
2084   11    85.49     3.93
2084   12    88.88     0.36
2085    1    78.87     0.64
2085    2   106.21    -1.07
2085    3    90.74     5.86
2085    4    77.81     5.32
2085    5   194.72    11.68
2085    6   284.81    14.68
2085    7   145.51    20.44
2085    8    67.62    16.84
2085    9    87.49    12.83
2085   10    25.14    10.03
2085   11   101.41     0.62
2085   12    60.25    -2.14
2086    1    63.92    -3.91
2086    2    75.96     2.54
2086    3    74.64     3.49
2086    4    98.49     7.63
2086    5   258.12    10.06
2086    6   141.74    15.87
2086    7   112.81    20.42
2086    8   106.39    18.30
2086    9    30.72    12.27
2086   10    13.66     7.09
2086   11    64.62     4.94
2086   12    77.57    -1.22
2087    1    85.28    -4.57
2087    2    48.09    -0.54
2087    3    62.69     4.20
2087    4    73.57     8.63
2087    5   195.67    10.93
2087    6   185.14    17.33
2087    7   103.05    21.26
2087    8    18.15    18.45
2087    9    50.31    13.91
2087   10    33.66     8.91
2087   11    98.17     2.32
2087   12    63.77    -0.35
2088    1    86.09    -2.21
2088    2    28.46     1.23
2088    3    53.69     7.20
2088    4   128.48     5.14
2088    5   115.36    12.97
2088    6   154.61    17.59
2088    7   178.65    19.50
2088    8    29.01    19.94
2088    9    25.77    15.98
2088   10    49.42     9.29
2088   11    35.00     2.20
2088   12   123.95    -2.94
2089    1    47.01    -0.19
2089    2    65.65    -5.12
2089    3    64.87     0.92
2089    4    93.89     7.23
2089    5   140.90    14.24
2089    6   218.45    17.29
2089    7   185.08    20.49
2089    8    56.83    20.15
2089    9    53.40    16.68
2089   10    48.85     8.40
2089   11    75.31     3.67
2089   12    78.95    -0.86
2090    1    50.45    -2.16
2090    2    61.50     0.18
2090    3    94.75     2.41
2090    4    63.18    10.45
2090    5    91.39    15.46
2090    6   247.04    18.71
2090    7    63.51    19.56
2090    8    57.71    19.93
2090    9    64.21    17.10
2090   10    60.85     9.98
2090   11    41.03     5.08
2090   12   168.36    -0.49
2091    1    76.35    -4.09
2091    2    14.95    -4.25
2091    3    61.87     1.84
2091    4   144.06     7.88
2091    5   187.62    11.16
2091    6   171.48    17.46
2091    7   112.91    21.78
2091    8    22.34    19.18
2091    9   116.94    15.18
2091   10   124.26     8.42
2091   11    72.22     6.16
2091   12   125.86    -4.38
2092    1    46.90    -3.65
2092    2    32.23     1.40
2092    3   126.47     5.16
2092    4   149.85     8.13
2092    5    63.68    13.33
2092    6   185.14    14.85
2092    7   107.68    18.88
2092    8    18.27    19.87
2092    9    61.50    14.45
2092   10   107.64    10.23
2092   11   118.51     1.25
2092   12    60.96    -2.45
2093    1    86.96    -1.58
2093    2   135.32    -2.07
2093    3   104.16     2.57
2093    4   103.70     6.25
2093    5   150.62    15.13
2093    6   304.26    18.05
2093    7    93.04    21.69
2093    8    22.80    20.72
2093    9    51.59    15.53
2093   10    52.84    10.25
2093   11    94.15     1.00
2093   12    38.87     0.15
2094    1    66.01     0.16
2094    2    38.15     1.43
2094    3    40.43     6.50
2094    4   125.99     9.55
2094    5   147.73    13.57
2094    6   250.61    18.01
2094    7   177.01    20.59
2094    8    19.41    19.51
2094    9    23.91    14.06
2094   10    54.35     8.64
2094   11    60.92     2.89
2094   12    96.52    -0.64
2095    1    30.72    -1.66
2095    2    54.55     1.73
2095    3    84.33     6.97
2095    4    39.34     9.76
2095    5   170.32    14.31
2095    6    52.94    17.34
2095    7    93.43    21.14
2095    8    44.09    18.82
2095    9    13.31    17.20
2095   10    39.51     9.86
2095   11    84.65     0.17
2095   12   126.37    -2.51
2096    1    32.40    -2.22
2096    2    66.67    -1.27
2096    3    76.67     1.45
2096    4   159.48     5.57
2096    5    88.58    12.54
2096    6   114.94    19.35
2096    7    72.23    21.13
2096    8    34.01    20.74
2096    9    34.00    16.94
2096   10   100.20     6.89
2096   11    93.16     1.66
2096   12   129.76     0.36
2097    1   105.65     1.42
2097    2   110.03    -1.24
2097    3   107.58     5.93
2097    4   210.36     6.82
2097    5   117.79    12.83
2097    6   210.63    19.38
2097    7   276.32    20.44
2097    8    29.25    19.14
2097    9    35.49    14.37
2097   10   123.99    10.11
2097   11   133.50     3.19
2097   12    82.22     0.95
2098    1    46.74    -0.26
2098    2   110.97     0.65
2098    3   102.95     1.94
2098    4   124.69     7.48
2098    5   164.34    13.33
2098    6   173.63    16.75
2098    7    64.18    21.64
2098    8    18.03    20.56
2098    9     6.41    18.03
2098   10    33.17     8.93
2098   11    91.10     2.76
2098   12    72.95    -2.80
2099    1    50.51    -3.09
2099    2    74.54     0.28
2099    3    70.34     5.18
2099    4   114.85     5.75
2099    5   108.90    12.76
2099    6   124.13    17.58
2099    7   214.11    18.50
2099    8    30.71    21.59
2099    9     8.99    16.09
2099   10    75.58     9.85
2099   11    45.82     3.35
2099   12   116.26     1.63
2100    1    31.84     0.82
2100    2   145.07     0.48
2100    3   106.83     3.91
2100    4    73.34     8.31
2100    5   136.63    11.97
2100    6   266.48    15.64
2100    7   182.83    20.45
2100    8    78.80    18.69
2100    9    69.18    15.17
2100   10    70.91    11.47
2100   11   114.04     4.23
2100   12    76.53     0.50
