2006    1    70.96    -7.09
2006    2    28.75     1.72
2006    3    75.99     4.37
2006    4   189.06     8.89
2006    5   120.72     9.25
2006    6    78.29    14.00
2006    7    21.96    20.00
2006    8    16.79    23.23
2006    9     8.10    19.41
2006   10    32.30    12.06
2006   11   125.89     4.41
2006   12   120.27     3.93
2007    1    93.70     0.11
2007    2    91.13     1.87
2007    3    88.66     1.10
2007    4    77.21     9.77
2007    5   128.27    16.67
2007    6    69.28    13.01
2007    7    61.09    17.65
2007    8    86.77    16.75
2007    9    58.00    15.59
2007   10    56.72    13.56
2007   11    66.71     6.87
2007   12   130.04    -1.34
2008    1    21.05    -1.51
2008    2    46.28    -2.70
2008    3    77.51     5.29
2008    4   135.36     8.99
2008    5   193.76    10.63
2008    6    51.56    17.62
2008    7    45.35    17.83
2008    8    59.76    19.35
2008    9    48.54    17.47
2008   10    91.16     8.41
2008   11    86.12     7.39
2008   12   106.74    -1.60
2009    1    60.88    -2.84
2009    2    57.00     0.29
2009    3   135.27     4.76
2009    4    36.92    11.85
2009    5    81.02    13.87
2009    6   124.37    16.87
2009    7    44.77    21.55
2009    8    52.09    20.77
2009    9    77.72    12.60
2009   10     7.54    13.48
2009   11    80.38     6.83
2009   12    54.61     1.99
2010    1    74.82     2.61
2010    2    53.75     2.32
2010    3    91.46     5.70
2010    4   114.83     7.09
2010    5   217.56     9.10
2010    6    56.30    16.56
2010    7    72.49    17.00
2010    8    75.32    17.28
2010    9     3.66    19.56
2010   10    19.85    12.36
2010   11    90.64     6.76
2010   12    55.18     2.38
2011    1    31.60    -0.83
2011    2    36.79     2.30
2011    3    89.97     4.07
2011    4   111.89     9.92
2011    5    78.01    13.69
2011    6    69.98    16.46
2011    7   110.21    17.93
2011    8    78.91    17.89
2011    9    10.25    18.21
2011   10    72.00    11.20
2011   11   143.34     4.10
2011   12    97.38    -1.48
2012    1    75.36     0.92
2012    2    63.72     2.48
2012    3    74.69     3.47
2012    4    55.74    11.63
2012    5   138.35     8.37
2012    6    59.70    16.36
2012    7    58.70    17.81
2012    8    87.78    20.35
2012    9    27.37    15.01
2012   10    17.83    13.72
2012   11    65.61     6.83
2012   12    37.82     0.38
2013    1    63.40    -2.41
2013    2    54.71    -0.94
2013    3    78.54     7.29
2013    4    46.14    12.29
2013    5    47.64    13.62
2013    6   160.05    14.95
2013    7    54.22    20.23
2013    8    27.16    21.29
2013    9    92.93    14.49
2013   10    57.63     9.68
2013   11    51.95     7.70
2013   12   110.10    -1.38
2014    1    40.35     0.98
2014    2    54.60     2.34
2014    3    71.10     2.76
2014    4   112.32     9.60
2014    5   192.59    10.25
2014    6    97.51    16.09
2014    7    41.64    18.88
2014    8    58.86    18.47
2014    9     8.81    19.39
2014   10    29.95    14.05
2014   11    37.40     5.83
2014   12    51.82     0.38
2015    1    67.49     1.18
2015    2    52.51     4.11
2015    3    37.89     6.39
2015    4    74.99    12.28
2015    5   139.64    12.46
2015    6    39.75    17.12
2015    7   143.94    18.39
2015    8    43.32    18.81
2015    9    83.21    17.48
2015   10    78.71    12.92
2015   11   107.68     4.43
2015   12    88.89     1.99
2016    1    81.35     1.82
2016    2   103.25    -1.68
2016    3    86.20     5.18
2016    4   175.67     8.72
2016    5   120.72    11.48
2016    6   105.45    14.25
2016    7    36.91    17.03
2016    8   109.79    15.72
2016    9    48.39    14.82
2016   10    35.56    10.09
2016   11    54.05     5.27
2016   12    64.49     1.54
2017    1    77.20     1.04
2017    2    58.71     2.66
2017    3    62.86     5.77
2017    4   102.06     8.45
2017    5   119.92    11.90
2017    6    62.77    19.60
2017    7    63.07    18.45
2017    8    16.26    21.05
2017    9     6.72    20.86
2017   10    35.29    13.04
2017   11    37.64     5.24
2017   12    46.52     4.82
2018    1    49.52     0.13
2018    2    20.80     1.42
2018    3    63.02     6.56
2018    4   112.82    10.09
2018    5    85.78    11.72
2018    6   122.57    14.58
2018    7    67.93    17.39
2018    8    45.08    20.28
2018    9     5.34    19.36
2018   10    31.92    12.65
2018   11    61.07     7.08
2018   12    45.52     1.74
2019    1    65.80     1.92
2019    2    56.04     2.20
2019    3    76.87     6.45
2019    4    98.98    12.30
2019    5   123.46    12.76
2019    6   118.57    15.28
2019    7    52.86    18.50
2019    8    68.05    19.25
2019    9    98.07    15.77
2019   10    52.43    13.79
2019   11   119.47     3.89
2019   12    65.00     2.38
2020    1    70.80    -1.84
2020    2    56.17     2.48
2020    3    69.82     6.50
2020    4    61.40    11.42
2020    5    87.06    12.94
2020    6   125.26    17.13
2020    7    24.14    17.21
2020    8    24.42    20.77
2020    9    64.30    14.92
2020   10    39.70    13.63
2020   11    30.91     8.54
2020   12   113.31     0.10
2021    1    83.29    -1.98
2021    2    70.37     0.59
2021    3    82.03     4.28
2021    4    62.54     9.16
2021    5   192.94    11.42
2021    6   161.46    15.17
2021    7    92.67    15.66
2021    8    41.67    16.24
2021    9    66.08    14.67
2021   10    34.66     9.88
2021   11    38.64     5.42
2021   12   110.52     1.85
2022    1    56.98    -0.29
2022    2    69.95     1.49
2022    3    69.91     5.21
2022    4    97.66    10.27
2022    5   160.59    10.13
2022    6    76.21    13.23
2022    7    25.68    17.16
2022    8    88.63    18.13
2022    9    22.61    13.93
2022   10    70.68     7.18
2022   11    27.96     7.24
2022   12    70.26     3.24
2023    1    74.31    -1.66
2023    2    50.94     1.51
2023    3   114.30     4.83
2023    4   122.82     6.10
2023    5   132.15    12.96
2023    6    33.66    14.56
2023    7    56.80    19.72
2023    8     9.95    22.35
2023    9    28.68    16.88
2023   10    32.63    13.69
2023   11    76.77     7.20
2023   12    70.27     1.22
2024    1    54.75     1.37
2024    2    85.82     2.42
2024    3    54.39     6.12
2024    4   112.12     8.72
2024    5   152.01    10.07
2024    6    60.08    12.73
2024    7    12.14    19.42
2024    8    28.13    22.93
2024    9    23.96    18.88
2024   10    88.56     9.28
2024   11    89.90     4.90
2024   12    63.93     1.88
2025    1    83.55    -0.75
2025    2   127.66    -0.65
2025    3    87.45     2.82
2025    4    59.81    11.62
2025    5   137.73    12.32
2025    6   145.48    15.69
2025    7    42.29    16.90
2025    8    42.24    17.01
2025    9    58.61    16.48
2025   10    51.00    13.94
2025   11   196.08     1.72
2025   12   107.55     0.65
2026    1    87.29     2.43
2026    2    68.52     2.77
2026    3    65.85     5.52
2026    4   135.50    10.26
2026    5   126.24    11.40
2026    6    46.57    16.92
2026    7    48.37    18.30
2026    8    25.42    20.86
2026    9    51.76    20.59
2026   10    14.86    13.08
2026   11    54.99     5.44
2026   12    31.09     0.13
2027    1    77.28     0.26
2027    2    42.66     4.59
2027    3    75.52     5.62
2027    4    67.51    10.25
2027    5   132.93    13.36
2027    6    94.64    15.01
2027    7    63.10    20.89
2027    8    94.91    20.10
2027    9    26.51    16.21
2027   10    50.15    10.94
2027   11    73.93     5.74
2027   12    96.11     1.01
2028    1    59.19     2.41
2028    2    32.96     3.55
2028    3   102.14     7.82
2028    4    61.41     9.08
2028    5    87.68    12.91
2028    6    32.89    15.94
2028    7    28.08    19.60
2028    8    65.84    19.79
2028    9    32.83    17.70
2028   10   116.20    11.67
2028   11    76.90     7.67
2028   12    49.82     2.61
2029    1    39.41     1.46
2029    2    42.47     1.49
2029    3    84.19     7.44
2029    4    95.37     9.97
2029    5   121.72    12.28
2029    6    36.18    16.50
2029    7    21.27    21.79
2029    8    34.53    22.69
2029    9    14.04    18.61
2029   10   109.00    11.08
2029   11    42.05     5.95
2029   12    79.27     3.66
2030    1    71.76    -1.59
2030    2    42.55     0.78
2030    3    69.62     3.80
2030    4   101.20     7.72
2030    5    74.90    12.83
2030    6    76.05    15.26
2030    7    17.30    20.85
2030    8     0.73    22.97
2030    9    20.80    20.25
2030   10    20.55    13.45
2030   11    47.72     8.11
2030   12    87.37     3.10
2031    1    45.60    -0.59
2031    2    38.41     0.94
2031    3   142.30     4.98
2031    4    67.09    12.05
2031    5   213.80    11.50
2031    6    57.64    16.95
2031    7    31.47    20.11
2031    8     3.40    20.44
2031    9    70.05    16.16
2031   10    38.63     7.68
2031   11    17.96     7.80
2031   12    87.22     2.79
2032    1    55.97     1.05
2032    2   115.72     3.22
2032    3    72.42     5.63
2032    4   145.26    10.71
2032    5   134.06    12.70
2032    6   119.69    13.24
2032    7    59.10    19.20
2032    8    74.56    21.38
2032    9    32.01    18.83
2032   10   139.29    10.54
2032   11    43.28     9.54
2032   12    99.90     2.83
2033    1    38.25     2.82
2033    2   101.34     3.78
2033    3    78.62     5.98
2033    4    67.29     9.79
2033    5   174.33    12.79
2033    6    60.60    21.60
2033    7   125.38    18.64
2033    8    59.50    19.16
2033    9    68.31    14.80
2033   10    49.75    11.01
2033   11    72.37     3.71
2033   12    24.09     3.29
2034    1    99.56     2.38
2034    2    57.85     2.65
2034    3    88.39     6.47
2034    4    65.37    13.36
2034    5   130.63    15.07
2034    6    72.36    13.48
2034    7    38.19    19.99
2034    8     8.56    21.76
2034    9    32.64    18.59
2034   10    15.49    12.37
2034   11    84.66     6.26
2034   12   173.69     0.29
2035    1    47.41    -0.46
2035    2    32.96     3.70
2035    3    42.90     4.67
2035    4    80.12     9.75
2035    5   149.19    14.53
2035    6    43.60    15.98
2035    7    53.35    18.04
2035    8    28.94    20.63
2035    9   122.16    15.40
2035   10   105.23     8.23
2035   11    50.16     7.77
2035   12   109.05     3.11
2036    1    92.63     2.33
2036    2    33.53     4.31
2036    3    20.48     5.03
2036    4   110.30     9.23
2036    5   182.91    11.28
2036    6    98.68    14.97
2036    7   107.43    17.11
2036    8    36.36    19.69
2036    9    23.58    13.46
2036   10    48.84    11.46
2036   11    76.89     7.45
2036   12    91.03    -1.65
2037    1   131.68    -2.35
2037    2    47.80     2.39
2037    3    99.78     4.38
2037    4   113.30     7.62
2037    5   188.41    10.98
2037    6    47.27    17.13
2037    7    60.47    20.88
2037    8    30.38    18.64
2037    9    57.83    17.23
2037   10    42.75    14.13
2037   11    64.47     7.81
2037   12    68.73     3.87
2038    1    59.80    -1.18
2038    2    68.46     0.83
2038    3    73.06     3.66
2038    4    77.29    12.59
2038    5    88.37    13.53
2038    6    74.21    17.43
2038    7    16.18    23.45
2038    8    57.31    22.48
2038    9     4.05    17.54
2038   10    55.37    12.31
2038   11   132.23     5.87
2038   12    89.91     2.73
2039    1    84.77     3.12
2039    2    47.00     1.01
2039    3    16.77     5.66
2039    4    87.52    11.08
2039    5   142.93    13.13
2039    6    48.75    17.14
2039    7    45.06    17.40
2039    8    49.69    18.32
2039    9    58.50    16.50
2039   10    78.00    10.97
2039   11    39.17     8.57
2039   12    61.73     3.61
2040    1   137.80    -1.11
2040    2    47.51     3.15
2040    3   120.72     7.59
2040    4   149.63    11.92
2040    5   113.16    11.51
2040    6    49.43    16.34
2040    7    22.47    21.12
2040    8    40.35    20.34
2040    9    25.06    17.22
2040   10    73.08    12.28
2040   11    49.23     8.06
2040   12   110.46     0.40
2041    1    45.75     1.41
2041    2   110.50     2.11
2041    3   104.25     3.81
2041    4    66.57     9.88
2041    5   145.80    13.35
2041    6    49.15    16.15
2041    7    32.72    21.52
2041    8    51.55    22.02
2041    9    29.39    20.04
2041   10    61.13    11.05
2041   11    85.86     4.40
2041   12    82.05     4.97
2042    1    74.75     2.43
2042    2   103.35     4.50
2042    3   150.50     4.14
2042    4    70.21    11.88
2042    5    82.28    13.39
2042    6    59.85    13.38
2042    7    35.75    18.38
2042    8    26.79    21.25
2042    9     3.03    19.13
2042   10    54.75    13.59
2042   11   112.70     4.76
2042   12   113.62    -1.09
2043    1    86.12    -0.20
2043    2   109.44    -0.23
2043    3    95.94     3.90
2043    4   128.02     9.15
2043    5    72.03    13.08
2043    6    91.77    16.79
2043    7    68.24    18.37
2043    8    43.74    20.94
2043    9    25.98    21.09
2043   10    43.06    14.14
2043   11    27.97     9.12
2043   12   130.23     1.89
2044    1    60.18     2.18
2044    2   141.66     2.56
2044    3    53.60     7.59
2044    4   121.57     7.58
2044    5   121.06    10.99
2044    6   117.59    18.76
2044    7    77.03    17.22
2044    8    59.36    20.32
2044    9    60.77    17.34
2044   10    12.36    14.05
2044   11    64.13     4.51
2044   12   148.73     3.23
2045    1    72.38     0.83
2045    2     7.40     1.68
2045    3   105.16     6.21
2045    4   129.62     8.07
2045    5    73.52    12.24
2045    6   119.14    14.71
2045    7     8.75    20.55
2045    8    52.02    20.15
2045    9    31.50    15.68
2045   10    65.12    10.67
2045   11    42.90     8.14
2045   12    91.17     3.48
2046    1    42.24     3.46
2046    2    60.04     0.00
2046    3    24.89    10.40
2046    4    91.00     8.96
2046    5   131.96    12.11
2046    6    66.42    17.14
2046    7    20.79    20.64
2046    8    51.72    21.44
2046    9    17.97    14.52
2046   10    60.64    10.84
2046   11    68.66     6.74
2046   12    92.98     1.43
2047    1    57.79     0.32
2047    2    18.10     4.60
2047    3    57.73     7.29
2047    4   127.17    10.31
2047    5   170.44    12.31
2047    6    33.67    15.13
2047    7    64.75    18.05
2047    8    25.49    22.22
2047    9    52.99    16.60
2047   10    27.55    12.79
2047   11     6.21     8.98
2047   12    96.93     5.20
2048    1    45.22    -0.35
2048    2    65.56     2.64
2048    3    60.69     9.00
2048    4    97.34    10.30
2048    5    76.91    13.57
2048    6    48.34    16.75
2048    7     6.73    25.51
2048    8    21.72    20.66
2048    9    33.78    21.35
2048   10    65.95    11.40
2048   11    33.39     8.92
2048   12    86.78     3.44
2049    1   116.22     0.73
2049    2    55.71     5.87
2049    3   116.02     2.80
2049    4    68.36    10.67
2049    5   101.59    13.32
2049    6    42.57    15.85
2049    7   109.43    20.14
2049    8   184.72    17.60
2049    9    15.44    17.13
2049   10    79.59    10.08
2049   11    54.76     5.56
2049   12    57.88     0.99
2050    1    82.05     2.11
2050    2    41.68     3.48
2050    3    65.10     5.47
2050    4   126.70     8.26
2050    5   105.77    13.17
2050    6    65.92    17.46
2050    7    55.94    20.89
2050    8    74.76    20.23
2050    9    23.82    18.66
2050   10    88.70     9.71
2050   11    66.49     7.47
2050   12    80.60    -0.17
2051    1    88.26     2.11
2051    2    63.55    -0.11
2051    3    62.62     6.47
2051    4    88.07     9.28
2051    5   103.14    14.42
2051    6   143.90    15.50
2051    7    63.94    18.92
2051    8    22.96    19.55
2051    9    32.58    18.42
2051   10    19.37    13.27
2051   11    50.08     6.77
2051   12    64.94     1.55
2052    1   100.79     0.29
2052    2    60.86     5.14
2052    3    92.41     4.93
2052    4    83.48    10.23
2052    5   138.36    13.81
2052    6   142.36    16.03
2052    7    25.86    20.89
2052    8     6.51    23.57
2052    9     4.81    22.16
2052   10    20.43    15.33
2052   11    71.21     8.21
2052   12    49.64     2.67
2053    1   114.82     1.36
2053    2    74.58     5.70
2053    3    73.34     5.74
2053    4   170.83     8.78
2053    5    94.06    14.81
2053    6    41.91    15.49
2053    7    14.79    20.36
2053    8    37.68    20.64
2053    9    59.81    18.86
2053   10    12.93    13.81
2053   11   101.82     3.04
2053   12    39.74     1.55
2054    1   111.80    -0.57
2054    2    74.08     0.96
2054    3    53.94     7.91
2054    4   125.31     9.11
2054    5   152.32    12.47
2054    6   130.02    15.99
2054    7    12.07    21.55
2054    8    17.78    23.06
2054    9    31.66    17.24
2054   10    72.83    12.84
2054   11    73.82     5.45
2054   12    69.28     2.75
2055    1   189.42     0.64
2055    2   103.20    -0.27
2055    3   104.44     4.55
2055    4    83.85    10.33
2055    5   110.69    12.58
2055    6    87.49    17.07
2055    7    84.37    20.53
2055    8    42.36    22.39
2055    9    20.81    18.02
2055   10    26.53    12.94
2055   11   115.42     5.90
2055   12   103.38     1.93
2056    1    73.69     1.85
2056    2    87.20    -3.62
2056    3    87.48    -0.34
2056    4    31.60    12.17
2056    5    78.05    13.96
2056    6    64.74    17.22
2056    7    23.32    21.31
2056    8    10.13    24.41
2056    9    56.58    17.74
2056   10   100.75    12.07
2056   11     7.90     7.52
2056   12    93.31     1.27
2057    1    17.73     1.28
2057    2    64.74     2.03
2057    3    91.09     5.07
2057    4   135.73     8.99
2057    5   172.62    11.58
2057    6    87.73    13.69
2057    7    80.39    18.53
2057    8    29.22    19.77
2057    9    15.61    18.03
2057   10     9.78    15.61
2057   11    24.67     8.06
2057   12    73.76    -1.37
2058    1    70.83     1.72
2058    2    60.95    -1.17
2058    3    56.42     2.09
2058    4    49.09    12.12
2058    5   142.63    12.17
2058    6   103.01    16.33
2058    7    82.93    17.40
2058    8    38.84    19.38
2058    9    96.99    16.26
2058   10    64.16    11.80
2058   11    56.53     8.43
2058   12   116.53     3.67
2059    1   122.50     1.90
2059    2    68.07    -0.72
2059    3    55.64     5.86
2059    4    79.70    12.24
2059    5    89.66    12.03
2059    6   123.24    14.71
2059    7    46.11    19.37
2059    8    25.94    24.37
2059    9    35.48    18.22
2059   10    84.40    11.57
2059   11    97.98     5.12
2059   12    75.42     3.27
2060    1    88.13     1.61
2060    2    51.24     1.43
2060    3    92.02     6.71
2060    4    99.60     8.76
2060    5   101.79    15.27
2060    6   130.96    17.11
2060    7    51.35    21.06
2060    8    53.17    20.03
2060    9    33.82    19.73
2060   10    70.75    13.13
2060   11   102.21     7.30
2060   12    42.49     0.58
2061    1    71.26     3.05
2061    2    14.85     4.17
2061    3    66.05     5.91
2061    4   141.94     8.39
2061    5   104.07    15.43
2061    6    58.56    16.13
2061    7   129.70    19.27
2061    8    73.02    19.14
2061    9    59.35    16.63
2061   10    65.56    10.62
2061   11    74.80     6.87
2061   12    43.11     0.50
2062    1   108.80     1.64
2062    2    51.79    -4.20
2062    3    99.32     3.29
2062    4    93.62     7.54
2062    5   162.50    10.91
2062    6    95.59    15.84
2062    7    32.33    19.30
2062    8    79.68    21.20
2062    9    15.20    21.65
2062   10    53.40    13.26
2062   11    90.68     3.81
2062   12    84.76     3.37
2063    1    35.87     1.15
2063    2   128.28     3.23
2063    3    59.62     7.78
2063    4   199.72    10.50
2063    5    91.60    12.12
2063    6   100.10    17.37
2063    7    24.05    17.20
2063    8    33.27    20.46
2063    9    40.33    17.31
2063   10    51.51    11.15
2063   11    53.08    10.16
2063   12    53.02     2.53
2064    1    95.36    -1.86
2064    2    63.81     5.40
2064    3    78.64     9.48
2064    4    62.91    12.90
2064    5   116.46    14.26
2064    6    88.95    16.88
2064    7    50.39    24.60
2064    8    29.70    21.34
2064    9   128.23    14.81
2064   10    65.65    14.28
2064   11   111.10     5.05
2064   12   119.49     2.34
2065    1   124.55    -0.10
2065    2    35.41     3.43
2065    3    44.34     7.73
2065    4   113.88    11.07
2065    5    90.82    11.53
2065    6    46.25    16.69
2065    7    38.40    22.07
2065    8    46.23    20.54
2065    9     3.91    21.38
2065   10    13.85    14.51
2065   11    97.75     7.04
2065   12    66.72     3.80
2066    1    91.44     2.67
2066    2    38.76     3.54
2066    3    83.18     6.99
2066    4   125.39     9.35
2066    5   139.88    13.44
2066    6    91.32    20.36
2066    7    22.20    20.51
2066    8     4.78    24.89
2066    9    17.03    21.51
2066   10    42.64    14.33
2066   11    75.52     7.46
2066   12   114.60     1.20
2067    1    93.47    -0.92
2067    2    72.96     0.89
2067    3   104.49     5.51
2067    4   133.19    10.07
2067    5    79.42    13.68
2067    6     7.30    15.86
2067    7    37.73    21.56
2067    8     6.96    24.51
2067    9    12.77    14.13
2067   10    34.14    12.80
2067   11    76.29     6.67
2067   12    81.20     5.03
2068    1   156.32     1.79
2068    2    66.10     1.90
2068    3    43.61     8.24
2068    4    50.22    11.74
2068    5   166.29    14.27
2068    6    77.13    17.04
2068    7    26.60    18.18
2068    8    15.92    21.69
2068    9    62.25    17.48
2068   10    43.91    14.02
2068   11    54.74     5.32
2068   12    98.12     2.51
2069    1    61.12     2.28
2069    2    54.98     4.53
2069    3   114.05     4.14
2069    4   108.17     7.84
2069    5   125.31    12.57
2069    6    27.94    16.74
2069    7    62.70    18.80
2069    8    29.53    23.82
2069    9    24.34    18.12
2069   10   106.67     8.87
2069   11    22.96     8.06
2069   12   125.58     2.12
2070    1   113.79    -2.47
2070    2   132.68     2.33
2070    3   145.24     4.70
2070    4   138.60     7.97
2070    5   140.27    12.05
2070    6   159.41    15.91
2070    7    72.44    17.77
2070    8    53.46    17.77
2070    9    18.47    18.28
2070   10    18.95    14.45
2070   11    48.07     6.50
2070   12   113.73     0.74
2071    1    68.56    -1.66
2071    2    75.06     2.37
2071    3    49.26     4.75
2071    4    81.80     9.91
2071    5    39.34    13.86
2071    6   100.52    14.28
2071    7    86.57    18.44
2071    8    47.93    21.24
2071    9    29.69    18.95
2071   10   111.70     8.67
2071   11    79.07     5.20
2071   12    82.05    -1.98
2072    1    40.45     1.59
2072    2    73.04     1.06
2072    3    30.84     6.92
2072    4   126.22    10.88
2072    5    98.34    13.65
2072    6    42.77    18.85
2072    7    38.88    22.08
2072    8     2.54    23.49
2072    9    19.69    19.82
2072   10    58.03    13.07
2072   11    46.00     8.05
2072   12    61.28     2.29
2073    1    67.03     0.68
2073    2    41.72     2.51
2073    3    51.86     8.75
2073    4   166.05    11.23
2073    5   146.94    11.80
2073    6    88.67    16.82
2073    7    36.78    20.89
2073    8    10.96    24.78
2073    9    26.73    19.43
2073   10    29.34    15.43
2073   11    76.20     7.39
2073   12   119.85     1.08
2074    1   133.78     0.48
2074    2    47.53     2.37
2074    3   104.05     7.11
2074    4    89.67    11.10
2074    5   138.61    10.24
2074    6   107.48    15.56
2074    7    43.52    22.16
2074    8    26.77    22.84
2074    9     1.34    21.92
2074   10    44.18    15.17
2074   11   118.72     7.33
2074   12   124.55     0.43
2075    1    78.18     1.64
2075    2    20.02    -0.83
2075    3    76.86     3.35
2075    4    41.97    11.09
2075    5    85.53    16.47
2075    6    50.18    17.71
2075    7     6.78    22.58
2075    8     7.59    23.92
2075    9    21.44    19.32
2075   10    44.39    10.24
2075   11    78.11     4.84
2075   12    33.13     0.27
2076    1    97.89     0.49
2076    2    72.59     2.71
2076    3   145.60     7.35
2076    4   114.71     7.52
2076    5    52.61    13.31
2076    6    84.78    16.27
2076    7    48.23    19.24
2076    8    64.33    20.81
2076    9    22.40    17.53
2076   10    12.52    11.59
2076   11   109.43     3.65
2076   12    85.26     3.55
2077    1   123.01    -4.10
2077    2   113.74    -1.01
2077    3   143.83     2.26
2077    4    82.74     9.25
2077    5   104.51    16.08
2077    6    73.96    17.24
2077    7    59.85    19.09
2077    8    19.37    23.05
2077    9    30.38    15.79
2077   10    21.04    14.30
2077   11    41.14     5.75
2077   12    83.62     3.57
2078    1   176.52     1.26
2078    2    94.53    -0.05
2078    3    44.32     5.56
2078    4   131.22     9.98
2078    5   115.69    14.57
2078    6    82.00    20.07
2078    7    42.03    23.44
2078    8    15.55    23.95
2078    9     5.53    18.07
2078   10    41.02     9.91
2078   11    65.32     8.55
2078   12    70.06     2.25
2079    1   110.10     1.30
2079    2    65.32     2.13
2079    3    89.80     6.36
2079    4   199.09     6.54
2079    5    67.32    14.06
2079    6    68.67    21.23
2079    7    41.81    23.73
2079    8    62.69    20.91
2079    9    17.87    18.60
2079   10    42.66    13.04
2079   11    89.48     8.61
2079   12    12.66     2.53
2080    1    60.42    -4.30
2080    2    94.13     2.01
2080    3    83.64     6.54
2080    4   104.49     8.29
2080    5   230.70    11.75
2080    6    88.65    14.32
2080    7    46.30    20.93
2080    8    48.87    22.30
2080    9     9.85    20.27
2080   10   106.19    13.18
2080   11   100.58     4.92
2080   12    48.51    -0.29
2081    1   122.67     1.62
2081    2   114.78     2.95
2081    3    83.73     4.19
2081    4   131.71    11.15
2081    5   146.34    11.67
2081    6    92.24    16.96
2081    7   121.52    16.44
2081    8    34.55    19.51
2081    9    33.35    15.17
2081   10    32.32    13.08
2081   11    48.07     5.85
2081   12    92.49     0.23
2082    1    54.60     0.90
2082    2    65.39     1.69
2082    3    82.71     7.60
2082    4   157.85     9.40
2082    5   129.86    11.98
2082    6   112.78    16.53
2082    7    34.17    22.49
2082    8    17.27    20.53
2082    9    74.57    16.31
2082   10    13.65    12.97
2082   11    51.98     6.93
2082   12    69.25     2.77
2083    1    45.87     2.81
2083    2    31.12     3.35
2083    3   103.61     5.12
2083    4   157.47     7.30
2083    5    95.48    14.35
2083    6    67.12    16.85
2083    7    60.59    19.51
2083    8    14.40    22.24
2083    9     0.15    21.50
2083   10    44.20    16.33
2083   11    21.37     9.13
2083   12    85.57    -0.59
2084    1   146.97    -0.30
2084    2    38.42     4.02
2084    3   154.89     5.21
2084    4   108.21     9.31
2084    5   122.97    13.93
2084    6   142.94    17.23
2084    7    75.33    19.28
2084    8     9.47    21.35
2084    9     3.35    20.46
2084   10    77.33    13.88
2084   11    91.42     6.10
2084   12    65.74     4.04
2085    1    74.85     2.79
2085    2    73.65     2.64
2085    3   142.55     4.28
2085    4    54.78    12.00
2085    5   103.27    15.49
2085    6   121.83    19.41
2085    7    73.46    20.57
2085    8    38.61    21.61
2085    9    13.76    17.24
2085   10    94.15     9.69
2085   11    58.78     3.33
2085   12    46.01     1.78
2086    1   107.16     1.67
2086    2    31.02     1.77
2086    3   163.78     4.25
2086    4   102.36     9.60
2086    5    52.70    15.41
2086    6   138.07    18.22
2086    7    82.31    18.67
2086    8     5.09    20.49
2086    9    62.43    16.73
2086   10    59.59    13.72
2086   11    90.29     7.22
2086   12    63.35     1.66
2087    1    90.17    -2.93
2087    2   126.93     3.13
2087    3   127.03     4.96
2087    4    64.05    10.88
2087    5   131.94    15.40
2087    6   110.93    16.65
2087    7    59.48    20.30
2087    8    20.81    21.06
2087    9    70.68    17.15
2087   10    53.26    13.13
2087   11    93.97     5.53
2087   12   116.20    -1.21
2088    1    74.60     0.93
2088    2    43.58     2.88
2088    3   139.66     3.58
2088    4   109.35     5.97
2088    5    77.18    14.61
2088    6    93.78    13.23
2088    7    32.62    19.38
2088    8    49.03    20.97
2088    9    24.05    19.19
2088   10    73.22    12.42
2088   11    73.84     8.54
2088   12   131.56     1.75
2089    1    73.11     2.27
2089    2    53.71     3.74
2089    3    44.46     4.15
2089    4    57.04    12.01
2089    5   160.03    13.00
2089    6    86.83    14.70
2089    7    51.26    19.86
2089    8    41.70    18.49
2089    9    53.19    18.27
2089   10    98.07    10.07
2089   11    87.09     5.90
2089   12   120.71     3.84
2090    1    58.03     0.84
2090    2    13.99     1.41
2090    3    92.64     5.92
2090    4   106.59    10.77
2090    5   108.65    12.08
2090    6    57.50    15.16
2090    7    23.20    19.57
2090    8    28.83    19.25
2090    9    54.49    18.10
2090   10    57.05    12.81
2090   11    43.56     6.25
2090   12   155.42     2.20
2091    1    57.86     0.06
2091    2    68.28     4.42
2091    3    86.16     6.46
2091    4   121.58     9.01
2091    5   107.96    15.24
2091    6    91.21    15.57
2091    7    42.41    19.34
2091    8    30.86    19.51
2091    9    27.45    14.91
2091   10    36.75    11.41
2091   11    67.02     7.91
2091   12    89.28     2.99
2092    1    39.61     0.24
2092    2    65.06     2.47
2092    3    90.24     8.45
2092    4   103.93    10.66
2092    5    91.91    13.95
2092    6    24.41    20.23
2092    7    38.96    23.11
2092    8    30.37    24.36
2092    9    49.34    18.61
2092   10    29.60    12.91
2092   11    44.63     4.52
2092   12    51.56     5.56
2093    1    52.83     2.77
2093    2    73.00     1.50
2093    3   118.78     8.02
2093    4    61.03    12.05
2093    5   115.67    13.78
2093    6    56.87    16.05
2093    7    21.24    22.03
2093    8     8.94    23.92
2093    9     6.18    20.94
2093   10    14.80    15.23
2093   11    16.05     8.56
2093   12    75.37     5.69
2094    1    49.45     1.55
2094    2    45.87     4.07
2094    3   126.93     6.40
2094    4   103.40     7.76
2094    5    53.38    17.86
2094    6    54.39    21.14
2094    7    18.00    22.72
2094    8    23.20    25.39
2094    9    78.41    20.20
2094   10   103.42     8.08
2094   11   129.97     4.44
2094   12    63.86     3.39
2095    1    87.29    -0.33
2095    2    81.81     2.03
2095    3   105.39     6.20
2095    4   140.19     8.12
2095    5   136.96    15.30
2095    6    64.74    19.80
2095    7    32.22    22.81
2095    8    11.12    23.54
2095    9    17.78    20.37
2095   10    70.34    10.08
2095   11    56.42     5.97
2095   12   110.04     1.00
2096    1    22.95     3.14
2096    2    60.69     2.30
2096    3    63.35     8.05
2096    4    95.16    10.42
2096    5   100.97    13.14
2096    6   108.97    15.27
2096    7    18.13    20.59
2096    8    29.09    21.66
2096    9    88.36    16.19
2096   10    16.76    11.97
2096   11    70.19     8.27
2096   12    78.75     3.11
2097    1    40.60     1.48
2097    2    88.26    -1.29
2097    3    99.19     6.61
2097    4    70.91    15.71
2097    5   166.02    14.28
2097    6    50.16    17.37
2097    7    18.63    23.14
2097    8    23.08    23.47
2097    9    22.40    20.13
2097   10     6.34    15.91
2097   11    44.12     8.00
2097   12    43.62     3.20
2098    1    60.92     2.11
2098    2    94.75     4.30
2098    3    84.50     6.30
2098    4    46.98    12.53
2098    5    58.34    15.62
2098    6    14.74    20.42
2098    7    17.46    23.44
2098    8    83.45    22.69
2098    9    56.90    16.20
2098   10    11.44    12.77
2098   11    55.37     8.02
2098   12    78.13     0.46
2099    1    40.23    -0.11
2099    2    65.31     2.53
2099    3    58.24     6.96
2099    4   127.15    11.11
2099    5   148.23    13.52
2099    6    97.13    17.26
2099    7    10.73    21.68
2099    8    53.19    21.53
2099    9    44.64    14.83
2099   10    66.32    11.27
2099   11    63.56     4.29
2099   12    67.67     2.33
2100    1    98.68     2.41
2100    2    42.77     3.71
2100    3   104.94     5.72
2100    4   133.92    11.60
2100    5   150.17    11.60
2100    6   159.71    15.97
2100    7    24.99    18.44
2100    8    96.77    19.50
2100    9    25.86    17.36
2100   10    50.78    15.28
2100   11    60.53     8.56
2100   12   105.46     4.14
2101    1    87.59    -2.11
2101    2   127.17     2.96
2101    3   118.81     4.88
2101    4    96.17    10.28
2101    5   185.47    12.36
2101    6    59.61    16.37
2101    7   117.37    18.90
2101    8    25.01    21.63
2101    9    37.69    16.25
2101   10    15.22    13.27
2101   11    39.69     9.41
2101   12   115.63     2.62
2102    1    42.35     0.67
2102    2    71.19     3.85
2102    3   136.54     3.98
2102    4    79.40     9.14
2102    5   132.82    13.84
2102    6   111.78    17.08
2102    7    36.79    20.17
2102    8    73.66    22.22
2102    9     9.10    20.45
2102   10    52.63    14.14
2102   11    59.60     9.68
2102   12    65.08     2.43
2103    1    42.71     1.52
2103    2    59.69     1.36
2103    3    47.86     2.68
2103    4    70.70    13.89
2103    5   128.88    13.43
2103    6    23.48    16.26
2103    7   109.21    21.13
2103    8    23.22    21.82
2103    9    38.08    17.27
2103   10    98.70     9.42
2103   11    22.07     6.99
2103   12    96.95     2.83
2104    1   113.26     1.67
2104    2    65.39     3.80
2104    3   119.14     6.49
2104    4   133.06     8.04
2104    5   145.11    11.04
2104    6    59.25    16.12
2104    7    36.19    19.55
2104    8    15.07    21.20
2104    9   115.78    16.02
2104   10    33.20    11.34
2104   11    21.35     5.60
2104   12    81.25     4.76
2105    1    43.41     3.06
2105    2    88.78     2.43
2105    3   138.90     4.11
2105    4   149.97     7.15
2105    5    69.19    13.25
2105    6    66.94    16.49
2105    7   108.91    18.65
2105    8    13.80    22.03
2105    9    39.29    19.41
2105   10    77.52    13.74
2105   11   128.74     5.54
2105   12   113.41     1.85
2106    1    58.82    -0.54
2106    2    96.68    -0.91
2106    3   161.59     3.32
2106    4    81.90    10.20
2106    5    98.60    15.19
2106    6    71.21    19.45
2106    7    56.90    21.94
2106    8     9.25    24.58
2106    9     5.08    21.86
2106   10    25.60    15.92
2106   11    50.16     6.31
2106   12    59.79     0.37
2107    1    57.17     2.69
2107    2   107.06    -1.00
2107    3    83.49     4.08
2107    4    70.13    11.42
2107    5   182.29    12.53
2107    6    79.48    17.76
2107    7    37.19    25.15
2107    8    21.42    24.77
2107    9    52.73    16.95
2107   10    45.72    11.02
2107   11    97.62     6.73
2107   12   131.52     3.24
2108    1    80.17     1.95
2108    2    56.44     2.18
2108    3   116.78     5.82
2108    4    90.05     8.63
2108    5   239.01    11.72
2108    6   176.62    14.75
2108    7   112.61    18.14
2108    8    85.48    16.99
2108    9     3.17    18.03
2108   10    67.72    11.21
2108   11    83.06     4.77
2108   12    59.66     3.28
2109    1    73.97    -0.03
2109    2    57.05     5.62
2109    3    80.59     5.07
2109    4    35.36    13.91
2109    5   119.61    14.77
2109    6    44.84    16.75
2109    7    47.72    19.20
2109    8    19.95    19.88
2109    9    14.12    18.56
2109   10    25.22    10.13
2109   11    45.20     8.90
2109   12   103.84     3.25
2110    1    78.85     2.12
2110    2    52.09     1.49
2110    3    51.47     7.27
2110    4   114.72     9.13
2110    5   175.25    12.69
2110    6    69.67    14.94
2110    7    25.21    20.97
2110    8    28.81    20.97
2110    9    38.81    19.03
2110   10    71.83    12.15
2110   11    75.70     4.50
2110   12   101.37     3.16
2111    1   134.17    -0.31
2111    2    82.38     4.08
2111    3    93.64     6.07
2111    4    83.89     9.87
2111    5   163.85    13.83
2111    6    80.03    18.11
2111    7    88.51    20.07
2111    8     4.97    22.34
2111    9    63.04    18.50
2111   10    98.75     8.98
2111   11    51.90     4.16
2111   12   148.48     4.27
2112    1    96.05     2.11
2112    2   104.31     0.80
2112    3   102.63     6.14
2112    4   160.52     5.82
2112    5    75.90    11.81
2112    6    84.11    16.17
2112    7    41.17    21.36
2112    8    47.04    21.10
2112    9    52.48    18.78
2112   10    31.71    14.58
2112   11    54.42     7.32
2112   12    52.52     3.15
2113    1    70.52     0.95
2113    2    43.40     1.86
2113    3    89.94     5.33
2113    4    43.56    12.84
2113    5    79.14    14.80
2113    6    62.13    18.04
2113    7    59.94    22.99
2113    8     4.73    23.22
2113    9    23.68    19.36
2113   10    18.61    16.19
2113   11    85.21     8.42
2113   12   136.46     2.62
2114    1    44.04     3.24
2114    2    86.14     4.24
2114    3    61.00     6.86
2114    4    99.66     8.57
2114    5   149.86    13.77
2114    6   105.97    16.53
2114    7    86.86    20.66
2114    8    34.65    19.81
2114    9    13.80    19.11
2114   10     1.75    15.64
2114   11    43.44     9.79
2114   12   116.98     3.63
2115    1   106.00     2.21
2115    2   103.90     2.50
2115    3   115.28     7.34
2115    4    91.88    10.65
2115    5    64.90    16.80
2115    6    42.27    21.21
2115    7   114.87    18.74
2115    8    14.56    25.48
2115    9    56.68    17.49
2115   10    30.75    13.58
2115   11    76.81     8.72
2115   12   165.75     1.98
2116    1    65.34     1.66
2116    2    42.26     4.81
2116    3    88.24     5.15
2116    4   144.71     7.87
2116    5    89.49    13.53
2116    6   145.62    17.49
2116    7    41.37    21.35
2116    8    44.49    21.92
2116    9    10.98    18.30
2116   10    24.50    15.75
2116   11    55.23     6.10
2116   12    52.41     2.55
2117    1   140.41     0.86
2117    2    48.11     3.63
2117    3   112.53     4.91
2117    4   168.66     9.54
2117    5   170.62    14.06
2117    6    88.38    17.38
2117    7    94.03    19.49
2117    8    46.50    19.46
2117    9    36.97    18.80
2117   10    94.09    12.84
2117   11   111.91     7.52
2117   12    96.78     4.22
2118    1    54.50     2.47
2118    2    54.27     3.68
2118    3   103.63     6.21
2118    4    44.96    12.89
2118    5   137.81    11.54
2118    6   121.79    15.86
2118    7   136.94    19.33
2118    8    33.64    21.62
2118    9    79.77    17.50
2118   10    47.28    15.06
2118   11    85.28     4.32
2118   12    53.44     2.68
2119    1    83.71     2.71
2119    2    86.13     3.18
2119    3   151.86     3.96
2119    4    95.04    11.30
2119    5   185.19    11.27
2119    6   127.62    15.66
2119    7    11.64    16.85
2119    8    75.60    20.36
2119    9    44.94    18.98
2119   10    32.89    15.14
2119   11   138.37     7.07
2119   12    85.71     4.69
2120    1    57.51     2.10
2120    2    39.78     3.08
2120    3   106.98     6.23
2120    4    96.30    11.90
2120    5    91.65    15.94
2120    6   129.19    17.90
2120    7    47.27    19.84
2120    8     4.54    23.60
2120    9    11.12    19.68
2120   10    49.85    15.57
2120   11    69.45     7.10
2120   12   153.93     1.55
2121    1    53.61     3.74
2121    2   117.72     3.79
2121    3    70.76    10.03
2121    4   119.31     9.57
2121    5   189.39    10.91
2121    6    53.96    21.10
2121    7    79.90    21.89
2121    8    30.34    23.97
2121    9    38.18    19.33
2121   10    95.19    12.74
2121   11   120.06     5.61
2121   12    70.04     2.97
2122    1    55.27     3.86
2122    2    91.97     1.99
2122    3   113.03     6.47
2122    4   146.72     7.27
2122    5   163.64     9.88
2122    6    57.67    15.92
2122    7    17.41    17.41
2122    8    52.36    20.78
2122    9     4.02    21.85
2122   10    24.99    15.03
2122   11    25.03     4.85
2122   12    89.06     3.88
2123    1    50.20     1.77
2123    2    43.59     2.29
2123    3    79.21     6.82
2123    4   103.84    10.48
2123    5   144.61    12.48
2123    6    78.32    19.01
2123    7    31.94    20.90
2123    8    26.37    21.96
2123    9    47.03    19.04
2123   10   121.14     9.26
2123   11    54.62     6.83
2123   12    40.63     5.20
2124    1    60.57     0.55
2124    2    67.39     3.13
2124    3    83.38     7.81
2124    4    85.02    10.62
2124    5    72.99    13.49
2124    6   100.57    15.55
2124    7    64.33    20.24
2124    8    28.73    19.75
2124    9    16.92    21.29
2124   10   153.67    10.99
2124   11    99.40     6.92
2124   12    80.81     3.91
2125    1    58.12     1.55
2125    2    69.14     2.75
2125    3   118.80     5.67
2125    4   145.88     7.60
2125    5    97.67    13.96
2125    6    39.65    15.01
2125    7    70.41    17.88
2125    8    22.17    19.74
2125    9    19.29    17.38
2125   10    90.35     7.68
2125   11   122.66     7.23
2125   12    96.51     4.00
2126    1    46.82    -1.00
2126    2    47.35     3.23
2126    3   107.32     7.20
2126    4    98.95    12.85
2126    5    93.86    14.62
2126    6    78.67    18.75
2126    7    34.15    21.32
2126    8    15.41    22.72
2126    9    76.70    18.01
2126   10    27.42    13.93
2126   11    48.28     8.47
2126   12    76.25     5.91
2127    1   130.82     1.81
2127    2   133.76     2.33
2127    3    71.86     5.43
2127    4   140.24     8.03
2127    5   104.51    16.82
2127    6   133.28    16.40
2127    7    61.22    19.07
2127    8    65.18    18.33
2127    9    14.22    17.77
2127   10    10.47    13.01
2127   11   125.37     7.82
2127   12   177.22     0.24
2128    1    37.25    -3.31
2128    2    42.02     5.78
2128    3   107.27     1.52
2128    4   149.50     7.30
2128    5   105.54    11.25
2128    6   135.09    15.38
2128    7    34.56    21.80
2128    8    17.49    22.95
2128    9    27.14    20.93
2128   10   169.59    12.43
2128   11   116.64     5.92
2128   12    85.47     3.64
2129    1   117.05     0.16
2129    2    88.61     0.10
2129    3    87.19     4.15
2129    4   209.80     8.02
2129    5   124.47    12.08
2129    6   103.02    16.32
2129    7    62.59    18.62
2129    8    13.61    17.75
2129    9    48.40    16.72
2129   10    40.33    15.03
2129   11    60.10     8.17
2129   12    65.05     5.12
2130    1   122.37     0.81
2130    2    62.17     3.93
2130    3   147.24     3.12
2130    4    64.14    14.16
2130    5   163.68    13.14
2130    6    90.64    14.66
2130    7    52.90    22.29
2130    8    45.75    21.75
2130    9   108.59    13.06
2130   10    50.27    10.08
2130   11    71.27     5.05
2130   12    78.92     2.73
2131    1    59.67    -2.32
2131    2    52.29     4.69
2131    3   126.09     6.76
2131    4    98.12     9.43
2131    5   144.42    14.00
2131    6   109.65    18.00
2131    7    46.31    18.73
2131    8    11.81    22.27
2131    9     4.85    21.46
2131   10    38.58    15.21
2131   11    24.49     7.77
2131   12    42.10     3.22
2132    1    88.90     2.83
2132    2    67.92     2.77
2132    3    68.78     4.89
2132    4   136.48    10.60
2132    5   142.98    12.43
2132    6    36.15    17.22
2132    7   107.99    20.13
2132    8    15.52    23.42
2132    9    20.30    18.86
2132   10    31.11    15.10
2132   11     9.62    10.38
2132   12    66.00     3.88
2133    1   117.05    -1.24
2133    2    43.37     5.87
2133    3    47.90    10.13
2133    4   132.09     7.49
2133    5   155.51    15.08
2133    6   102.33    16.55
2133    7    12.20    22.93
2133    8    13.11    25.92
2133    9     5.94    19.98
2133   10    46.46    14.02
2133   11   104.70     8.42
2133   12   156.32     2.59
2134    1   125.33     3.51
2134    2    84.37     1.16
2134    3    44.98     6.11
2134    4   106.84     7.24
2134    5   157.31    13.53
2134    6   129.20    18.55
2134    7    69.19    19.61
2134    8    59.33    21.36
2134    9    33.79    17.70
2134   10    58.88    14.87
2134   11    69.85     6.60
2134   12    83.73     3.63
2135    1    58.22     1.40
2135    2   118.75    -1.12
2135    3   120.81     5.26
2135    4    64.12    10.83
2135    5   226.62    11.92
2135    6   100.24    15.84
2135    7    71.20    17.35
2135    8    67.23    19.53
2135    9    72.57    15.23
2135   10    28.21    12.75
2135   11    29.49     6.93
2135   12    99.18     3.72
2136    1    72.04     0.05
2136    2    81.31     3.44
2136    3    77.02     0.54
2136    4    28.71    12.17
2136    5   102.92    15.59
2136    6    53.00    17.33
2136    7    12.82    21.06
2136    8     1.62    25.64
2136    9     2.47    21.36
2136   10    41.98    15.67
2136   11    31.16     7.08
2136   12    46.19     4.20
2137    1    75.23     2.72
2137    2    70.08     3.53
2137    3    65.47     9.72
2137    4   115.59     9.03
2137    5   100.75    12.28
2137    6    34.63    17.01
2137    7    19.96    23.33
2137    8    57.41    21.31
2137    9    22.13    17.74
2137   10    88.49    11.83
2137   11    29.65     7.34
2137   12    75.98     4.73
2138    1    28.82     2.97
2138    2   102.29     5.37
2138    3    65.20     4.86
2138    4   122.64    10.44
2138    5   132.68    12.27
2138    6    46.57    18.05
2138    7    92.67    19.64
2138    8    10.21    23.41
2138    9    32.97    19.87
2138   10    46.06    10.97
2138   11    31.87     8.25
2138   12    54.12     2.59
2139    1   102.49     4.67
2139    2    25.04     4.20
2139    3    87.86     7.91
2139    4    57.38    11.03
2139    5   162.21    14.31
2139    6   128.06    18.74
2139    7    53.29    19.76
2139    8    38.83    22.51
2139    9    32.81    18.01
2139   10    13.37    11.83
2139   11    42.61     5.98
2139   12    86.41     4.93
2140    1    96.80    -0.39
2140    2    79.38     1.16
2140    3    71.93     7.14
2140    4   150.30     8.23
2140    5   102.14    13.85
2140    6    81.21    15.36
2140    7    26.80    22.06
2140    8    16.12    21.57
2140    9     5.66    19.21
2140   10    39.83    15.10
2140   11    82.41     4.06
2140   12   152.98    -0.41
2141    1    41.44     1.75
2141    2    55.74     3.15
2141    3   106.06     4.04
2141    4   139.94     8.35
2141    5   130.98    13.75
2141    6    95.00    15.79
2141    7    46.86    20.92
2141    8    48.33    19.64
2141    9    79.88    13.76
2141   10    41.34    13.31
2141   11   149.57     4.20
2141   12   101.24     2.84
2142    1    97.07     1.25
2142    2   131.49     2.37
2142    3    58.18     5.81
2142    4    85.84    12.85
2142    5   192.81    10.32
2142    6   206.82    13.92
2142    7    58.80    17.47
2142    8    70.17    18.81
2142    9    28.97    18.53
2142   10    44.83    12.93
2142   11    51.07     8.61
2142   12    73.89     3.08
2143    1    91.82     0.66
2143    2    39.85     4.57
2143    3    31.22     7.17
2143    4   120.18    10.46
2143    5   117.42    13.68
2143    6    94.52    18.41
2143    7    21.08    21.94
2143    8     5.24    23.85
2143    9    20.10    21.90
2143   10    31.18    13.45
2143   11   102.67     6.49
2143   12    90.83     2.88
2144    1    65.60    -1.30
2144    2   108.11     0.70
2144    3    76.11     5.86
2144    4   142.31     7.03
2144    5    52.80    15.72
2144    6    58.46    17.97
2144    7    15.78    21.57
2144    8    41.05    21.04
2144    9    24.07    17.38
2144   10    64.90     9.15
2144   11    54.80     4.18
2144   12    86.78     0.95
2145    1    32.37     3.86
2145    2    86.64     3.61
2145    3   123.63     7.08
2145    4   152.08     9.30
2145    5   135.28    10.89
2145    6   116.55    17.53
2145    7    29.92    18.94
2145    8    15.02    21.50
2145    9    80.17    19.91
2145   10    24.02    14.55
2145   11    68.68     7.37
2145   12   109.19     0.77
2146    1   100.50    -0.66
2146    2    77.48     0.65
2146    3    98.33     2.59
2146    4    68.45    13.07
2146    5   131.49    14.40
2146    6    56.26    19.40
2146    7    72.40    20.25
2146    8    12.17    23.59
2146    9    38.21    20.27
2146   10    57.11    12.99
2146   11    50.09     7.63
2146   12   124.84     1.88
2147    1   116.33     1.52
2147    2    43.70     3.21
2147    3    95.29     7.81
2147    4    75.50    10.27
2147    5    87.90    14.41
2147    6   116.77    16.47
2147    7    19.66    22.68
2147    8    37.34    22.22
2147    9    37.83    18.91
2147   10    18.88    14.76
2147   11    29.45     9.70
2147   12   100.64     3.23
2148    1    67.00     1.17
2148    2    95.61     0.44
2148    3   127.54     5.49
2148    4    57.95    10.12
2148    5   121.49    14.43
2148    6    77.55    18.51
2148    7    13.85    25.23
2148    8    18.83    24.55
2148    9    17.88    21.29
2148   10    57.24    12.49
2148   11   129.94     6.30
2148   12    79.06     4.17
2149    1   107.14    -3.33
2149    2   107.56     1.22
2149    3    82.85     1.32
2149    4    64.32    12.87
2149    5    44.47    14.73
2149    6    70.16    16.29
2149    7    22.28    19.45
2149    8    12.61    23.83
2149    9    91.04    18.74
2149   10    35.19    12.45
2149   11    42.77     9.53
2149   12    85.11     2.41
2150    1    30.19     0.30
2150    2    85.00     6.20
2150    3    94.44     6.90
2150    4   115.06     8.33
2150    5    57.20    17.54
2150    6   112.84    18.50
2150    7     7.32    23.72
2150    8     9.93    22.39
2150    9     5.49    20.61
2150   10    11.86    14.72
2150   11    51.43     8.57
2150   12    54.03     1.61
2151    1    76.64     1.63
2151    2    64.79     4.31
2151    3    66.35     6.77
2151    4    61.26    13.81
2151    5   128.24    14.33
2151    6    62.27    20.33
2151    7    19.32    20.71
2151    8     7.76    25.94
2151    9    58.06    16.89
2151   10    37.34    12.66
2151   11     3.75     8.00
2151   12    78.40     2.67
2152    1   151.09     0.68
2152    2    47.03     2.70
2152    3    55.18     5.36
2152    4    80.56    12.72
2152    5   114.89    13.32
2152    6   124.20    15.87
2152    7    36.69    21.69
2152    8     7.25    26.26
2152    9     1.81    22.22
2152   10   111.12    10.23
2152   11    76.02     7.02
2152   12   100.93     4.04
2153    1   111.28     2.07
2153    2    50.34     7.42
2153    3    89.27     5.76
2153    4    73.43    10.82
2153    5   185.11    12.16
2153    6    55.27    14.69
2153    7    63.03    22.14
2153    8    59.71    21.88
2153    9    38.13    16.60
2153   10    25.13    15.30
2153   11    36.57     9.25
2153   12    82.00     6.04
2154    1   200.75     0.03
2154    2    93.73     3.71
2154    3    74.12     7.42
2154    4   102.14    11.44
2154    5    70.29    11.30
2154    6    14.86    17.24
2154    7    18.50    22.16
2154    8    27.29    22.95
2154    9    78.56    16.08
2154   10    18.46    11.84
2154   11    57.85     8.66
2154   12    39.69     2.66
2155    1    99.24     2.99
2155    2    63.52     2.88
2155    3   115.62     6.44
2155    4    46.17    13.21
2155    5   137.39    10.84
2155    6    64.71    18.00
2155    7    45.70    22.69
2155    8     2.63    28.01
2155    9    40.84    19.55
2155   10   108.46    14.27
2155   11    56.65     6.82
2155   12    66.61    -0.38
2156    1   117.25     0.34
2156    2   115.59     2.65
2156    3   101.09     6.76
2156    4   116.34    13.61
2156    5   178.91    11.73
2156    6    72.07    17.17
2156    7    72.42    23.70
2156    8    21.52    25.59
2156    9     4.50    22.24
2156   10    15.70    13.73
2156   11    12.05    11.65
2156   12   122.61     3.73
2157    1    94.73     4.40
2157    2    45.40     4.95
2157    3   115.58     7.27
2157    4   108.81    10.00
2157    5   134.29    15.05
2157    6   116.39    16.34
2157    7    70.70    18.41
2157    8     4.68    23.73
2157    9   134.09    18.24
2157   10    32.08    12.58
2157   11    64.94     7.20
2157   12    90.42     2.97
2158    1   142.21     3.65
2158    2    37.68     4.37
2158    3   138.78     5.42
2158    4   145.80     7.57
2158    5   115.24    13.94
2158    6   105.50    15.60
2158    7    22.17    20.68
2158    8    24.52    22.89
2158    9    24.39    16.82
2158   10    56.29    11.56
2158   11   143.28     7.77
2158   12    59.02     2.23
2159    1    75.98     1.17
2159    2    78.30     0.91
2159    3   146.46     4.51
2159    4   167.94     5.42
2159    5   144.54    12.90
2159    6   126.78    17.35
2159    7    88.33    19.05
2159    8    50.91    22.11
2159    9    12.86    17.43
2159   10    53.20    14.20
2159   11    38.59     7.49
2159   12    40.36     1.53
2160    1    78.31     1.09
2160    2    74.27     4.48
2160    3    51.25     7.96
2160    4    45.65    13.25
2160    5   122.40    15.00
2160    6    71.28    18.39
2160    7    63.58    21.76
2160    8    16.15    20.09
2160    9    42.76    20.77
2160   10    15.78    14.98
2160   11    75.98     6.31
2160   12    99.50     0.54
2161    1    59.26    -0.12
2161    2    49.48     4.41
2161    3    83.72     7.85
2161    4   164.14     8.27
2161    5   122.21    14.14
2161    6   120.48    16.15
2161    7    73.90    19.45
2161    8    24.37    20.90
2161    9    10.08    21.58
2161   10    61.75    11.69
2161   11    58.93     9.27
2161   12    28.22     0.04
2162    1    29.39     0.46
2162    2   112.60     1.92
2162    3    64.23     7.07
2162    4   104.48    15.20
2162    5   137.98    14.50
2162    6    71.34    17.87
2162    7    31.87    20.31
2162    8    45.42    21.73
2162    9    44.03    16.97
2162   10    49.84    14.21
2162   11   136.20     7.11
2162   12    52.94     2.74
2163    1    60.54     2.67
2163    2   101.95     2.71
2163    3    89.92     6.27
2163    4   188.38     7.10
2163    5    91.40    11.11
2163    6   116.96    19.33
2163    7    57.72    18.40
2163    8    85.94    20.41
2163    9    28.90    19.72
2163   10    16.23    15.64
2163   11    61.63     7.54
2163   12    53.34     1.96
2164    1   106.07     2.33
2164    2    85.47     3.87
2164    3    76.12     8.86
2164    4    43.84    12.93
2164    5   114.38    14.56
2164    6    57.10    20.18
2164    7    79.57    23.21
2164    8    23.88    21.85
2164    9    33.00    18.63
2164   10    56.01    13.67
2164   11    34.39     7.25
2164   12    99.55     0.83
2165    1   104.31     1.89
2165    2    81.98     2.23
2165    3    83.65     8.29
2165    4   106.03    11.10
2165    5   111.31    13.93
2165    6    73.12    19.82
2165    7    12.01    22.20
2165    8    21.85    22.69
2165    9    50.89    17.15
2165   10    61.11    12.68
2165   11   133.02     7.39
2165   12    76.32     5.13
2166    1    40.46     1.80
2166    2    99.95     0.98
2166    3    57.95     7.70
2166    4    94.21    11.35
2166    5    99.03    16.13
2166    6   126.75    14.62
2166    7    32.41    20.67
2166    8     4.01    24.23
2166    9     8.02    23.00
2166   10    79.50    12.18
2166   11    75.29     7.71
2166   12    88.76     3.86
2167    1   102.77     2.45
2167    2    33.93     6.23
2167    3   144.14     7.69
2167    4   103.27     8.59
2167    5   148.67    12.93
2167    6    76.47    17.80
2167    7    45.80    21.85
2167    8    16.25    26.64
2167    9     7.96    21.96
2167   10     3.32    17.30
2167   11   108.19     4.95
2167   12    74.21     2.30
2168    1   115.30     2.00
2168    2   109.44     1.28
2168    3   153.03     4.77
2168    4   135.63     8.41
2168    5    86.38    14.33
2168    6   122.26    18.36
2168    7    34.43    21.64
2168    8    44.98    22.74
2168    9    16.15    20.10
2168   10    30.09    17.60
2168   11    24.46     7.26
2168   12    79.44     4.07
2169    1   120.92     2.04
2169    2    88.32     4.06
2169    3    59.09     7.22
2169    4    74.06    11.48
2169    5    84.71    14.40
2169    6    79.41    16.71
2169    7    11.34    23.28
2169    8    42.56    23.18
2169    9    47.46    17.70
2169   10    38.68    12.44
2169   11    35.27     7.77
2169   12    40.43     6.50
2170    1    53.59     1.46
2170    2    63.16     4.22
2170    3    57.99     6.47
2170    4    74.46     9.06
2170    5   150.51    13.09
2170    6    90.00    18.31
2170    7    65.38    21.37
2170    8    35.13    23.83
2170    9    16.34    22.53
2170   10    43.16    13.58
2170   11    35.23    10.41
2170   12    97.34     3.23
2171    1   109.86     1.12
2171    2   105.99     4.20
2171    3   146.61     3.71
2171    4    89.59    11.06
2171    5    71.50    15.11
2171    6    51.70    22.66
2171    7    68.61    22.07
2171    8    19.36    22.90
2171    9    11.85    22.48
2171   10    50.69    15.41
2171   11   118.99     8.68
2171   12   106.59     2.79
2172    1    43.32     2.08
2172    2   103.51     2.94
2172    3   102.69     5.08
2172    4    91.59    10.78
2172    5    60.49    13.90
2172    6   173.47    17.00
2172    7    56.62    19.55
2172    8    24.83    22.88
2172    9    18.02    19.48
2172   10    88.02    13.18
2172   11    79.19     4.37
2172   12    42.81     4.58
2173    1    90.77     1.87
2173    2    56.49     5.04
2173    3   112.91     6.54
2173    4    61.12    13.27
2173    5    94.46    13.74
2173    6    44.05    17.41
2173    7    25.50    23.84
2173    8    83.00    20.22
2173    9    14.30    18.90
2173   10    82.84    11.80
2173   11     6.05     7.58
2173   12   103.03     5.64
2174    1    98.00    -0.96
2174    2    98.56     5.33
2174    3    73.88     7.06
2174    4   149.64     8.84
2174    5   143.51    13.74
2174    6    55.60    18.67
2174    7    50.89    22.81
2174    8     4.19    21.19
2174    9     8.66    22.03
2174   10   115.14    13.51
2174   11   116.30     7.04
2174   12   118.49     2.11
2175    1    78.18     3.05
2175    2    55.92     7.10
2175    3   114.74     4.06
2175    4    89.39    10.45
2175    5   131.83    11.58
2175    6    35.18    17.93
2175    7   103.20    22.93
2175    8    42.16    18.90
2175    9    91.43    15.27
2175   10    31.22    11.23
2175   11    47.67     5.35
2175   12    69.80     4.04
2176    1   154.15     3.95
2176    2   123.11     0.43
2176    3   103.64     3.71
2176    4   160.14     7.47
2176    5   127.67    12.40
2176    6    58.97    19.44
2176    7    66.88    22.31
2176    8    51.72    22.51
2176    9    18.73    19.69
2176   10    33.29    11.13
2176   11    94.17     7.32
2176   12    40.46     6.82
2177    1    91.55     1.09
2177    2    27.34     7.46
2177    3    59.82     8.44
2177    4    78.19    11.90
2177    5    91.33    16.61
2177    6    34.06    18.74
2177    7    20.63    23.19
2177    8    26.03    23.49
2177    9    13.95    21.72
2177   10    65.32    13.92
2177   11    51.37    10.48
2177   12   158.35    -0.54
2178    1    88.48    -1.93
2178    2    37.49     4.18
2178    3    69.44     9.27
2178    4   104.05    11.77
2178    5   148.73    10.46
2178    6    97.12    15.16
2178    7    42.29    22.34
2178    8    36.76    19.57
2178    9    44.08    15.46
2178   10     8.12    12.30
2178   11   111.23     6.46
2178   12    81.82     3.13
2179    1    63.74     3.44
2179    2    72.03     4.35
2179    3   100.75     4.69
2179    4   112.02    11.07
2179    5   197.62    12.25
2179    6    94.66    15.91
2179    7    54.07    19.57
2179    8    61.05    19.39
2179    9    14.17    19.14
2179   10    84.42    12.09
2179   11    62.34    10.02
2179   12    42.44     3.13
2180    1    91.25     2.36
2180    2    84.62     1.26
2180    3   101.78     7.05
2180    4    89.87     7.99
2180    5    78.13    13.43
2180    6    96.12    19.30
2180    7    25.58    23.53
2180    8     3.31    26.15
2180    9    56.66    19.82
2180   10    88.09    11.47
2180   11   171.75     5.11
2180   12   118.23     2.93
2181    1   158.26    -0.03
2181    2    94.34     2.48
2181    3   102.39     8.03
2181    4   130.96     9.24
2181    5    92.83    12.02
2181    6    59.74    17.24
2181    7    28.06    21.08
2181    8    10.27    25.33
2181    9    31.79    16.16
2181   10    62.48    13.55
2181   11    25.81     9.45
2181   12   117.80     5.21
2182    1    57.24     3.22
2182    2    99.64     1.56
2182    3    76.84     6.32
2182    4    66.43    12.57
2182    5   119.07    14.75
2182    6    85.87    18.65
2182    7    41.35    22.77
2182    8     4.95    23.22
2182    9     4.66    20.28
2182   10    54.20    16.96
2182   11    85.05     7.64
2182   12    88.01     2.93
2183    1    91.46     0.86
2183    2    71.61     5.26
2183    3    84.65     8.03
2183    4   156.06    10.37
2183    5   104.36    13.92
2183    6    29.28    15.13
2183    7    74.54    20.34
2183    8    28.93    23.26
2183    9   109.73    15.17
2183   10    41.03    10.37
2183   11    29.02     9.99
2183   12    81.44     3.51
2184    1    75.95     1.56
2184    2    91.47     0.46
2184    3   101.98     6.19
2184    4    84.28    10.79
2184    5   146.18    10.62
2184    6    70.70    18.64
2184    7    68.01    21.84
2184    8    36.73    19.47
2184    9    51.28    18.68
2184   10    15.49    12.80
2184   11    53.16     8.49
2184   12    72.74     3.00
2185    1    94.95    -0.63
2185    2    65.11     3.41
2185    3   119.36     7.11
2185    4   137.11     8.92
2185    5    94.17    14.39
2185    6    69.73    17.32
2185    7   104.48    22.14
2185    8    19.11    24.22
2185    9     6.37    19.21
2185   10   119.06    13.13
2185   11    98.13     5.82
2185   12    26.71     2.51
2186    1    96.01    -3.66
2186    2    62.38     3.15
2186    3    61.20     8.11
2186    4    86.65    11.95
2186    5   130.28    12.92
2186    6    73.61    19.40
2186    7    31.71    21.29
2186    8     0.20    24.04
2186    9    21.27    21.55
2186   10    71.34    11.24
2186   11   107.70     6.08
2186   12    62.19     4.18
2187    1    73.59     3.37
2187    2    75.68     3.70
2187    3    96.13     4.83
2187    4   133.09     7.99
2187    5    54.48    14.42
2187    6   133.10    17.71
2187    7    60.01    17.76
2187    8    39.00    20.66
2187    9    21.51    23.30
2187   10    39.40    15.41
2187   11     8.38    10.82
2187   12    71.13     1.17
2188    1    91.17     5.54
2188    2   107.09     3.05
2188    3   105.56     7.12
2188    4    37.67    10.73
2188    5   155.78    15.43
2188    6    97.48    17.41
2188    7    36.65    20.37
2188    8    51.34    25.06
2188    9    25.77    20.39
2188   10    45.33    14.36
2188   11    23.49    10.67
2188   12   116.21     3.55
2189    1    20.51     1.01
2189    2    84.35     5.51
2189    3   136.97     6.65
2189    4   121.58     9.91
2189    5   136.24    11.36
2189    6   108.22    16.80
2189    7    56.09    21.02
2189    8    23.50    23.07
2189    9    35.36    18.21
2189   10   155.42     9.91
2189   11    86.71     4.10
2189   12    93.62     2.47
2190    1    65.18     2.09
2190    2    66.43     2.60
2190    3   141.21     4.25
2190    4    89.37    10.73
2190    5    78.13    12.04
2190    6    96.57    16.24
2190    7    57.03    20.09
2190    8     9.67    23.20
2190    9    14.92    21.19
2190   10    81.73    14.71
2190   11    61.64     6.89
2190   12    42.03     4.93
2191    1    50.00     2.88
2191    2    94.55     2.92
2191    3   122.02     6.19
2191    4    85.25    12.00
2191    5   144.58    14.44
2191    6    50.43    18.02
2191    7    42.19    17.87
2191    8    36.26    20.37
2191    9    31.22    17.61
2191   10    90.68    12.27
2191   11    69.11     6.68
2191   12    41.31     3.23
2192    1    36.16    -0.40
2192    2    53.02     4.03
2192    3    85.05     7.40
2192    4   143.22    10.48
2192    5   116.18    15.21
2192    6   124.78    17.28
2192    7    82.30    21.17
2192    8    45.74    18.73
2192    9    19.42    17.00
2192   10    41.89    12.97
2192   11    41.26     7.72
2192   12    83.81     2.53
2193    1    79.15     0.80
2193    2   109.73     2.33
2193    3    73.96     7.17
2193    4   141.70    10.04
2193    5   159.67    12.20
2193    6    50.99    16.55
2193    7   109.48    19.92
2193    8    60.42    22.05
2193    9    28.78    19.86
2193   10    82.38    12.07
2193   11   160.72     8.56
2193   12   154.90     1.41
2194    1   119.13    -5.22
2194    2    57.74    -0.21
2194    3    30.02     8.68
2194    4   106.65    11.46
2194    5    99.13    14.76
2194    6   160.62    15.34
2194    7    31.56    19.98
2194    8   102.79    21.29
2194    9    31.63    19.92
2194   10    28.82    14.55
2194   11   125.99     7.21
2194   12    41.34     4.64
2195    1   125.38     1.49
2195    2    98.00     3.81
2195    3   103.10     4.09
2195    4    76.54    11.12
2195    5   140.70    13.22
2195    6    45.22    17.65
2195    7    14.90    21.40
2195    8     9.83    24.37
2195    9    13.54    18.66
2195   10   124.17    11.16
2195   11    12.32     6.78
2195   12   103.80     5.50
2196    1    96.50     2.87
2196    2    83.14     0.64
2196    3    64.36     8.18
2196    4    76.65    11.61
2196    5    89.91    16.14
2196    6    81.85    19.11
2196    7    29.08    24.39
2196    8    16.82    25.18
2196    9    23.56    18.36
2196   10   115.23    11.23
2196   11     9.07     9.15
2196   12    53.36     3.74
2197    1    35.00     3.16
2197    2    70.98     4.15
2197    3    85.28     8.21
2197    4    89.62    10.23
2197    5   125.97    13.50
2197    6    56.03    17.60
2197    7    34.15    21.31
2197    8    25.66    23.76
2197    9    88.15    17.82
2197   10   112.01     9.91
2197   11   124.31     3.71
2197   12    39.89     5.26
2198    1    98.85     3.51
2198    2   120.93     0.71
2198    3    21.17     9.67
2198    4   155.56    10.42
2198    5    83.31    14.12
2198    6    83.98    17.08
2198    7    50.31    21.47
2198    8     4.25    23.51
2198    9     2.13    20.76
2198   10    18.41    12.61
2198   11    28.33     9.36
2198   12    53.14     4.69
2199    1    99.58     0.45
2199    2    78.97     0.50
2199    3   118.46     4.89
2199    4   189.92     6.42
2199    5    81.78    11.72
2199    6    81.67    19.17
2199    7    48.05    23.30
2199    8    65.28    22.83
2199    9     4.60    21.06
2199   10    45.11     9.95
2199   11   107.25     6.69
2199   12    74.90     2.16
2200    1    68.47     3.57
2200    2   105.57     4.36
2200    3   103.04     5.70
2200    4   118.06     9.34
2200    5   219.95    11.64
2200    6    66.19    17.33
2200    7    65.77    17.94
2200    8    79.85    19.42
2200    9    25.38    17.04
2200   10    28.49    12.33
2200   11    58.48     7.18
2200   12    41.03     1.69
2201    1   108.72     0.89
2201    2    70.20     0.92
2201    3    75.44     1.90
2201    4    98.10    13.74
2201    5   127.24    13.59
2201    6    93.75    18.83
2201    7    70.76    19.42
2201    8    36.15    21.95
2201    9    53.64    16.71
2201   10    31.16    14.70
2201   11    75.06     5.25
2201   12    96.07     3.62
2202    1    53.18     4.94
2202    2    68.65     0.65
2202    3    91.84     4.78
2202    4    74.80    11.02
2202    5   193.16    13.14
2202    6    94.12    14.01
2202    7    51.56    18.85
2202    8    55.69    21.04
2202    9     6.15    20.80
2202   10    52.42    13.58
2202   11   105.20     7.02
2202   12   104.19     3.09
2203    1    65.54     3.29
2203    2    39.77     4.73
2203    3   109.19     8.65
2203    4    45.14    11.46
2203    5   168.59    14.56
2203    6    92.96    16.32
2203    7    51.69    19.81
2203    8    67.58    21.54
2203    9    13.15    20.23
2203   10    34.30    13.51
2203   11    92.15     5.80
2203   12    55.83     4.55
2204    1    74.71     2.84
2204    2    92.53    -2.46
2204    3    83.85     7.71
2204    4   117.12     7.84
2204    5   143.00    13.94
2204    6    32.29    17.30
2204    7    70.66    23.39
2204    8    12.21    23.60
2204    9     6.62    19.35
2204   10    51.80    14.18
2204   11    83.45     7.14
2204   12    23.35     2.81
2205    1    51.90     2.34
2205    2    81.22     2.34
2205    3   111.59     4.80
2205    4    86.10    12.43
2205    5   157.66    11.81
2205    6    33.29    17.86
2205    7    90.07    19.25
2205    8    19.17    22.97
2205    9     4.08    22.09
2205   10    81.30    12.36
2205   11    36.44     9.21
2205   12   120.53     3.69
2206    1    58.04     0.02
2206    2    64.20     2.72
2206    3    99.49     5.31
2206    4    87.50    11.07
2206    5   147.94    15.22
2206    6   130.51    17.62
2206    7    20.98    22.16
2206    8    18.81    23.44
2206    9    65.53    16.99
2206   10    34.29    11.77
2206   11    38.70     8.60
2206   12   134.09     1.05
2207    1    81.18     1.31
2207    2    51.16     4.46
2207    3   135.17     3.53
2207    4    71.11    11.76
2207    5   161.84    14.90
2207    6   139.82    13.63
2207    7    60.76    18.62
2207    8    83.68    21.45
2207    9    26.38    20.68
2207   10    28.56    14.77
2207   11   111.10     5.37
2207   12   187.36     4.90
2208    1    87.97     2.04
2208    2    83.15     0.80
2208    3    27.97     6.58
2208    4   165.49     7.97
2208    5   149.75    11.94
2208    6   159.16    16.72
2208    7   113.90    17.88
2208    8    36.26    21.60
2208    9    53.78    16.25
2208   10    48.75    14.70
2208   11    43.32     8.93
2208   12    46.47     3.56
2209    1    81.51     3.78
2209    2    78.81     3.72
2209    3   135.36     3.29
2209    4   143.81     6.30
2209    5   151.92    12.08
2209    6    97.75    17.67
2209    7    18.32    18.21
2209    8    21.25    22.66
2209    9    33.50    17.92
2209   10    83.76    12.20
2209   11    45.02     7.06
2209   12   109.90     3.01
2210    1   109.99     0.91
2210    2    55.87     0.23
2210    3   103.03     4.09
2210    4    99.09    11.69
2210    5   135.00    12.53
2210    6    59.26    17.27
2210    7    72.73    22.63
2210    8     9.02    21.16
2210    9    22.16    20.94
2210   10    41.51    13.14
2210   11   178.62     5.64
2210   12    91.77     3.99
2211    1    20.81     3.46
2211    2    97.53     4.01
2211    3   128.80     2.33
2211    4    72.43     9.94
2211    5    90.58    14.92
2211    6    26.79    18.18
2211    7    52.41    18.88
2211    8    11.28    25.88
2211    9    26.00    16.93
2211   10    32.75    11.93
2211   11    75.01     5.40
2211   12    88.70     3.65
2212    1    90.95     1.13
2212    2    51.10     3.04
2212    3    79.16     3.86
2212    4   224.22     9.43
2212    5   158.14    13.15
2212    6    64.43    16.08
2212    7    38.24    19.53
2212    8    65.18    21.66
2212    9    22.70    17.89
2212   10    59.51    12.72
2212   11    43.25     9.89
2212   12    95.66     5.26
2213    1    72.37     1.58
2213    2    68.59     3.75
2213    3    91.15     6.95
2213    4   167.81     8.96
2213    5    85.38    12.25
2213    6    78.43    16.38
2213    7   105.99    19.18
2213    8    47.52    19.76
2213    9    36.99    18.01
2213   10    37.13    13.98
2213   11    57.14     4.12
2213   12    77.34     1.43
2214    1    65.27     3.25
2214    2   111.91     1.17
2214    3    87.47     4.60
2214    4   142.84    11.66
2214    5   129.40    12.37
2214    6   130.25    16.59
2214    7    36.29    20.84
2214    8    16.53    21.83
2214    9    29.48    22.82
2214   10    34.42    15.11
2214   11   141.03     7.50
2214   12    81.13     1.30
2215    1   103.92     2.35
2215    2    85.29     1.74
2215    3    72.33     7.36
2215    4   120.13     7.43
2215    5   141.57    13.38
2215    6    51.44    18.14
2215    7    16.75    25.10
2215    8    10.46    24.86
2215    9    26.98    21.27
2215   10    82.53    10.52
2215   11    42.55     7.18
2215   12   108.23    -0.25
2216    1   112.37    -1.18
2216    2    58.56     4.65
2216    3    45.69     7.27
2216    4   133.42     6.85
2216    5    92.74    13.14
2216    6    86.54    15.93
2216    7    23.32    22.50
2216    8    12.79    23.51
2216    9    17.25    15.83
2216   10    25.70    15.37
2216   11   147.16     5.40
2216   12    32.72     2.95
2217    1    57.80     4.06
2217    2    68.15     4.15
2217    3   101.52     5.38
2217    4    69.19    12.37
2217    5   140.86    10.49
2217    6    39.37    15.06
2217    7    19.25    20.25
2217    8    14.49    24.84
2217    9    65.75    20.16
2217   10    87.18    13.13
2217   11   140.34     5.14
2217   12   116.91     1.56
2218    1    77.60     1.69
2218    2    78.32     2.87
2218    3    94.88     4.39
2218    4    48.62     8.49
2218    5   111.37    14.55
2218    6   128.51    17.75
2218    7    56.65    21.33
2218    8   103.44    20.30
2218    9    40.74    20.05
2218   10    62.28    16.67
2218   11    53.67     7.22
2218   12    30.83     4.59
2219    1   109.36    -0.36
2219    2    89.89     5.51
2219    3   127.99     8.57
2219    4   121.10     8.26
2219    5   122.29    15.23
2219    6   129.50    18.89
2219    7    63.42    20.13
2219    8    24.37    21.88
2219    9     0.85    22.11
2219   10    65.50    12.80
2219   11    70.79     7.63
2219   12   151.03     1.30
2220    1    69.44     1.60
2220    2    86.78    -3.57
2220    3    88.17     5.15
2220    4    49.20    13.27
2220    5    67.67    17.33
2220    6   119.94    17.02
2220    7    36.97    21.25
2220    8    11.59    23.66
2220    9    89.07    17.75
2220   10    76.99     9.94
2220   11   154.94     6.13
2220   12    32.42     3.95
2221    1    50.17     0.19
2221    2    70.11     1.20
2221    3    50.48     8.65
2221    4   101.08     6.99
2221    5    73.76    15.03
2221    6   103.31    16.11
2221    7    89.14    22.05
2221    8    14.25    23.49
2221    9    56.18    18.10
2221   10    39.58    14.14
2221   11    43.97     7.43
2221   12    38.15     5.85
2222    1   106.18     1.04
2222    2    55.67     4.21
2222    3    46.44     3.15
2222    4    87.39     8.33
2222    5   115.70    16.27
2222    6    49.59    18.74
2222    7    20.10    20.62
2222    8    15.26    22.83
2222    9    53.31    14.85
2222   10    36.48    11.72
2222   11    31.08     8.60
2222   12   116.40     3.67
2223    1    64.10     0.46
2223    2   126.60    -0.73
2223    3    57.26     5.26
2223    4    41.47    12.16
2223    5   101.68    14.07
2223    6    58.34    17.31
2223    7     9.09    21.79
2223    8     2.34    24.53
2223    9    39.41    16.93
2223   10   117.19    11.69
2223   11    74.23     3.67
2223   12   142.48     1.53
2224    1    92.13    -4.19
2224    2    84.94     0.81
2224    3    18.21    10.10
2224    4   106.84    11.33
2224    5   140.15    14.68
2224    6    93.39    16.13
2224    7    49.21    21.91
2224    8    15.17    20.02
2224    9    52.43    17.41
2224   10    63.32    13.94
2224   11   133.57     5.83
2224   12   133.16     2.65
2225    1   104.36     3.02
2225    2    81.83     3.48
2225    3   112.76     5.79
2225    4    49.53    13.09
2225    5   138.80    10.17
2225    6    83.65    16.69
2225    7   102.40    19.00
2225    8    70.65    20.49
2225    9     0.01    17.04
2225   10   117.28    12.50
2225   11   112.03     3.77
2225   12    78.56     3.93
2226    1    41.95     2.70
2226    2    91.48     2.89
2226    3    50.42     7.12
2226    4    64.66    12.53
2226    5   134.14    14.50
2226    6   114.73    17.48
2226    7    55.42    19.16
2226    8    12.46    22.71
2226    9    59.68    17.57
2226   10    25.64    12.29
2226   11    25.40     8.12
2226   12    60.37     5.33
2227    1   116.96     1.29
2227    2   131.20     0.42
2227    3   115.80     5.18
2227    4    64.09    11.07
2227    5    96.07    16.97
2227    6   103.06    17.81
2227    7    40.31    20.76
2227    8    19.56    25.07
2227    9    51.39    17.96
2227   10    18.48    11.77
2227   11    54.49     5.74
2227   12    40.79     5.20
2228    1    37.17    -2.01
2228    2    42.99     5.06
2228    3    70.23     7.72
2228    4   173.45     7.43
2228    5   108.18    12.84
2228    6    85.95    16.84
2228    7    56.34    18.97
2228    8     5.30    21.28
2228    9     8.15    21.70
2228   10    20.12    13.73
2228   11    50.03     7.40
2228   12   123.80     3.80
2229    1   106.35    -1.58
2229    2    47.86    -3.47
2229    3    77.35     7.49
2229    4    73.41    11.40
2229    5    83.91    13.32
2229    6    64.35    20.57
2229    7     9.09    24.77
2229    8    36.78    25.05
2229    9    23.56    21.12
2229   10    56.27    13.77
2229   11    13.49    10.00
2229   12    47.75     4.76
2230    1    29.89     1.94
2230    2    46.41     3.24
2230    3    93.14     6.33
2230    4   168.67    11.41
2230    5   172.77    13.65
2230    6   153.23    17.26
2230    7    21.76    19.17
2230    8    47.36    23.09
2230    9     4.82    19.55
2230   10    38.47    13.80
2230   11    47.81     7.93
2230   12   175.31     5.00
2231    1    91.74     4.23
2231    2    40.34     5.35
2231    3    76.13     2.75
2231    4   125.30     7.66
2231    5   149.04    10.87
2231    6    69.99    17.04
2231    7    30.81    18.10
2231    8    52.28    22.44
2231    9     8.62    19.90
2231   10   144.32    12.44
2231   11   103.18     8.01
2231   12   142.93     2.14
2232    1    65.31    -1.47
2232    2   142.26    -0.07
2232    3   195.05     1.76
2232    4   148.66     8.77
2232    5    60.18    11.51
2232    6    12.59    19.18
2232    7    22.23    22.87
2232    8    45.91    24.83
2232    9    74.40    17.47
2232   10    89.91    10.07
2232   11    82.75     5.50
2232   12    77.43     2.41
2233    1    56.30     3.16
2233    2    47.65     3.32
2233    3    51.57     6.59
2233    4    99.40    10.84
2233    5    44.70    15.88
2233    6    21.54    20.80
2233    7    25.66    24.67
2233    8     9.86    23.50
2233    9    13.37    20.34
2233   10    59.42    15.83
2233   11    35.79     7.49
2233   12   112.77     3.14
2234    1    12.50     2.47
2234    2    83.05     3.23
2234    3    85.40     6.31
2234    4    51.07    12.97
2234    5   168.73    14.82
2234    6   175.64    18.11
2234    7    52.83    22.57
2234    8    16.05    23.16
2234    9     4.37    18.62
2234   10    41.13    15.05
2234   11    74.95     6.96
2234   12   147.80    -0.84
2235    1   137.55     2.61
2235    2    66.65     3.73
2235    3    99.45     2.96
2235    4    81.64    10.58
2235    5   190.80    14.17
2235    6   135.83    17.70
2235    7    57.77    21.92
2235    8    13.91    23.45
2235    9    16.97    20.96
2235   10    46.56    12.69
2235   11    86.52     8.76
2235   12   104.00     2.98
2236    1   120.14     2.16
2236    2   135.30     1.56
2236    3   100.95     4.60
2236    4   122.83     7.98
2236    5   122.48    16.52
2236    6    85.31    16.00
2236    7    41.24    20.12
2236    8    26.85    22.13
2236    9    36.41    20.12
2236   10    10.14    12.86
2236   11    91.52     5.66
2236   12     2.42     2.11
2237    1   116.13     4.62
2237    2   125.03     4.40
2237    3    45.01     5.19
2237    4    79.88    11.76
2237    5    88.95    13.35
2237    6   123.49    17.66
2237    7    28.71    22.12
2237    8    58.23    21.35
2237    9     4.77    17.36
2237   10    73.40    15.49
2237   11    87.46     1.57
2237   12   112.41     4.63
2238    1    82.05     3.37
2238    2    71.75     4.00
2238    3    86.59     6.25
2238    4    86.94    10.35
2238    5   123.65    12.32
2238    6   105.57    18.09
2238    7   108.58    20.34
2238    8    24.88    20.97
2238    9    14.06    20.12
2238   10     7.82    16.87
2238   11   106.72     7.75
2238   12   189.78     3.51
2239    1   110.26    -0.01
2239    2    86.00     0.80
2239    3    88.66     2.58
2239    4   120.13     7.43
2239    5   135.27    14.55
2239    6   137.63    15.47
2239    7    87.23    19.69
2239    8    27.01    18.50
2239    9    36.50    17.73
2239   10    44.22    12.24
2239   11   123.60     5.91
2239   12    95.14     1.84
2240    1    71.33     1.54
2240    2    70.70     4.29
2240    3    65.38     7.11
2240    4   163.07    10.24
2240    5   139.45    12.66
2240    6    49.52    17.00
2240    7    49.13    20.44
2240    8    91.70    18.46
2240    9     0.83    17.54
2240   10    51.50    10.41
2240   11    71.17     6.15
2240   12    67.53     3.96
2241    1    12.37     2.01
2241    2    74.55     2.82
2241    3    83.35     6.47
2241    4   134.35     8.80
2241    5   111.43    12.58
2241    6    75.81    15.15
2241    7    54.45    22.64
2241    8    19.07    23.90
2241    9    43.03    20.76
2241   10    74.89    10.91
2241   11    49.30     7.25
2241   12    87.41     1.19
2242    1    97.88     1.99
2242    2    39.03     4.54
2242    3    89.60     5.92
2242    4    91.62     9.55
2242    5   120.80    12.60
2242    6   100.59    16.49
2242    7    18.84    21.54
2242    8    24.80    24.46
2242    9    27.53    18.99
2242   10    80.31    13.07
2242   11    67.87     7.66
2242   12    56.08     4.09
2243    1   100.07     2.68
2243    2    79.57     2.81
2243    3    29.55     7.75
2243    4   128.73    12.63
2243    5   115.53    13.35
2243    6   102.88    15.62
2243    7    32.63    19.93
2243    8    27.97    20.16
2243    9    80.19    16.95
2243   10     5.39    14.92
2243   11   155.06     5.63
2243   12    66.28     2.41
2244    1    62.20     4.54
2244    2    56.91     4.55
2244    3    93.13     5.83
2244    4   142.48     8.53
2244    5   158.30    11.64
2244    6   109.11    17.23
2244    7    77.66    19.76
2244    8    64.42    21.20
2244    9     9.76    17.31
2244   10    85.07    11.72
2244   11    51.79     8.54
2244   12   136.95     5.36
2245    1   112.88     2.15
2245    2    57.28     3.72
2245    3    76.29     6.01
2245    4    61.20    12.54
2245    5   143.75    13.89
2245    6    95.84    16.46
2245    7    50.60    20.62
2245    8    55.59    23.19
2245    9    17.84    19.16
2245   10    78.45    11.45
2245   11    87.79     7.00
2245   12   126.54     2.52
2246    1   108.30     2.09
2246    2    26.50     2.86
2246    3   138.51     5.52
2246    4    87.97     9.40
2246    5    76.11    15.90
2246    6    67.42    18.72
2246    7    41.03    20.77
2246    8    53.41    21.29
2246    9    50.52    17.76
2246   10    37.81    12.91
2246   11    69.10     6.93
2246   12    72.65    -0.15
2247    1    86.11     2.79
2247    2    82.84     1.96
2247    3    75.56     4.95
2247    4    50.95    11.57
2247    5   142.51    15.15
2247    6    98.68    18.01
2247    7    17.61    21.78
2247    8     2.34    25.07
2247    9    31.24    20.71
2247   10    23.61    15.01
2247   11   119.49     7.09
2247   12   114.20     1.27
2248    1    78.80     2.91
2248    2   131.66     2.42
2248    3    77.09     6.83
2248    4   104.19    12.35
2248    5   140.00    13.39
2248    6    90.59    17.68
2248    7    38.18    21.46
2248    8    31.72    21.37
2248    9     9.23    20.38
2248   10    54.21    13.82
2248   11    34.69    10.57
2248   12    76.83     2.73
2249    1   102.41     0.10
2249    2    61.36     1.12
2249    3    98.82     6.72
2249    4   109.12    11.74
2249    5   132.74    10.46
2249    6   110.75    15.98
2249    7    52.05    20.20
2249    8     4.73    24.61
2249    9    40.32    20.26
2249   10    36.80    12.04
2249   11   105.02     2.61
2249   12    97.86     2.26
2250    1    30.27     2.70
2250    2    78.08     3.64
2250    3   106.36     7.20
2250    4    81.75    12.81
2250    5   137.89    11.29
2250    6    68.09    19.80
2250    7    68.73    22.11
2250    8    55.38    20.93
2250    9    49.46    17.72
2250   10     2.46    12.77
2250   11    85.31     5.99
2250   12    71.25     4.61
2251    1   114.33     2.92
2251    2    55.34     4.70
2251    3   110.75     6.37
2251    4   103.26    11.33
2251    5   101.52    15.51
2251    6    80.75    18.16
2251    7    12.10    20.61
2251    8     2.11    22.65
2251    9     1.61    22.23
2251   10    51.26    14.12
2251   11    73.96     7.46
2251   12   115.19     2.50
2252    1    55.03    -0.90
2252    2    80.97     2.14
2252    3    86.82     7.32
2252    4   117.43     9.74
2252    5    97.30    14.65
2252    6    42.15    19.46
2252    7    14.27    25.10
2252    8    20.00    25.40
2252    9     2.51    21.97
2252   10    63.24    14.64
2252   11    89.10     6.78
2252   12    78.48     4.31
2253    1   102.83     2.85
2253    2   132.80     2.58
2253    3   205.30     4.17
2253    4   171.51     6.73
2253    5    80.63    14.83
2253    6    78.75    14.40
2253    7    53.44    18.45
2253    8    59.95    21.71
2253    9    63.46    17.44
2253   10    88.68    13.37
2253   11   110.50     6.35
2253   12   108.74     1.34
2254    1   101.75     3.18
2254    2    36.90     6.84
2254    3    41.16     6.47
2254    4    77.45    12.12
2254    5   105.05    15.25
2254    6    66.29    20.23
2254    7    98.90    21.09
2254    8    19.59    22.77
2254    9    60.72    20.65
2254   10    69.03    12.70
2254   11    82.95     7.55
2254   12   202.59     4.24
2255    1   136.48     0.94
2255    2    76.88     6.02
2255    3   142.74     7.45
2255    4   114.82     9.20
2255    5   113.07    14.52
2255    6    96.75    17.29
2255    7   146.33    19.71
2255    8    44.37    20.71
2255    9    24.75    18.69
2255   10   136.30    12.23
2255   11    33.78     9.45
2255   12   106.73     1.58
2256    1    98.59     2.73
2256    2    90.63     2.12
2256    3    65.03     7.01
2256    4    64.05    11.96
2256    5   111.67    13.70
2256    6    48.26    17.76
2256    7    25.53    21.90
2256    8    10.51    24.84
2256    9    30.02    17.40
2256   10    34.71    14.05
2256   11   121.31     7.00
2256   12    56.48     2.25
2257    1   130.78     0.47
2257    2    42.81     3.10
2257    3   128.64     4.48
2257    4   108.18     9.24
2257    5   138.33    13.35
2257    6    31.53    19.69
2257    7     6.71    24.44
2257    8    51.46    21.33
2257    9    32.44    20.46
2257   10    35.51    12.33
2257   11    72.61     6.62
2257   12    34.88     4.12
2258    1    51.32     2.40
2258    2   101.45     2.17
2258    3   118.93     8.35
2258    4   138.80     9.81
2258    5    94.01    14.04
2258    6    24.97    18.95
2258    7    70.35    20.44
2258    8    27.43    23.42
2258    9    22.51    21.26
2258   10    43.89    15.79
2258   11    29.93     6.27
2258   12    72.29     3.95
2259    1   154.30     0.02
2259    2    39.92     4.74
2259    3    47.79     6.56
2259    4   158.06    10.20
2259    5    87.60    13.98
2259    6    34.79    16.04
2259    7    93.00    20.94
2259    8    59.40    20.63
2259    9    10.59    19.88
2259   10   109.89    11.00
2259   11   101.99     6.51
2259   12    62.93     3.41
2260    1    70.24     3.61
2260    2    64.92     3.71
2260    3    42.24     8.50
2260    4   154.04     8.70
2260    5    82.44    18.65
2260    6    71.63    17.02
2260    7    12.29    24.67
2260    8     4.20    23.86
2260    9    21.43    21.61
2260   10    63.24     9.39
2260   11    62.37     5.92
2260   12   126.55     5.14
2261    1    67.24     4.12
2261    2    55.76     5.03
2261    3    66.88     7.46
2261    4   152.71     9.96
2261    5    84.57    13.89
2261    6    95.91    17.66
2261    7    23.45    21.91
2261    8    30.61    21.25
2261    9    31.33    19.18
2261   10   124.51    11.08
2261   11   160.17     5.38
2261   12   176.18     1.17
2262    1    61.35     1.13
2262    2    41.24     4.12
2262    3    32.72     6.27
2262    4   109.61     8.96
2262    5    99.98    14.29
2262    6    86.91    19.72
2262    7    36.13    20.16
2262    8    66.04    22.90
2262    9    56.88    19.62
2262   10    11.77    12.90
2262   11    56.73    11.54
2262   12   144.44     2.73
2263    1     9.25     3.85
2263    2   127.99     4.90
2263    3   118.87     2.93
2263    4   101.31     8.81
2263    5    71.69    14.28
2263    6    25.57    17.53
2263    7    12.32    23.14
2263    8     5.09    25.67
2263    9    11.17    22.35
2263   10    30.22    14.40
2263   11    92.39     7.15
2263   12   102.53     3.34
2264    1    70.26     0.15
2264    2    60.94     1.19
2264    3    77.03     6.98
2264    4   126.99    10.37
2264    5   115.89    15.07
2264    6    66.38    17.52
2264    7    64.33    20.46
2264    8    18.73    23.30
2264    9    43.98    20.46
2264   10    35.44    15.39
2264   11   171.57     4.93
2264   12    55.87     5.90
2265    1    59.21     2.75
2265    2   128.19     2.01
2265    3    90.49     4.53
2265    4    92.34    11.07
2265    5   151.95    12.43
2265    6    71.28    14.81
2265    7    30.24    18.80
2265    8    86.01    20.53
2265    9     9.61    19.89
2265   10    14.12    15.13
2265   11    13.27    12.25
2265   12    84.09     5.26
2266    1   112.16     5.31
2266    2   113.98     3.08
2266    3    87.24     5.87
2266    4   128.49     9.08
2266    5   110.59    14.23
2266    6   125.16    16.14
2266    7    33.38    19.27
2266    8    21.77    22.31
2266    9   104.95    16.00
2266   10    61.02    12.53
2266   11   154.45     6.81
2266   12    91.76     3.90
2267    1    65.56     2.08
2267    2    64.39     5.90
2267    3    69.56     4.78
2267    4    56.42    11.40
2267    5   181.66    14.34
2267    6    53.30    17.79
2267    7    21.53    21.88
2267    8     5.76    26.24
2267    9    46.50    20.03
2267   10    60.23    13.26
2267   11    79.98     6.33
2267   12    48.44     2.76
2268    1   179.87    -1.45
2268    2    12.94     3.91
2268    3   133.88     6.79
2268    4    41.93    10.78
2268    5   104.10    15.56
2268    6    52.78    16.44
2268    7    15.28    26.43
2268    8    18.30    24.47
2268    9    81.00    17.93
2268   10    32.09    12.36
2268   11    38.89    10.73
2268   12    50.31     3.65
2269    1    61.73     1.42
2269    2    92.72     2.32
2269    3    53.57     6.05
2269    4    69.49    10.64
2269    5   167.76    10.93
2269    6    89.42    16.10
2269    7    69.54    20.69
2269    8    43.78    21.31
2269    9     5.94    19.86
2269   10    74.40    14.72
2269   11   108.02     6.31
2269   12   166.86     4.08
2270    1    94.77    -0.95
2270    2    92.47     0.80
2270    3   126.05     2.45
2270    4    86.85    10.47
2270    5   139.33    11.00
2270    6   120.15    16.34
2270    7   103.56    19.48
2270    8    61.21    21.14
2270    9    32.36    17.61
2270   10    37.83    13.49
2270   11    82.36     7.77
2270   12    33.42     4.42
2271    1   101.83     3.28
2271    2    66.53     1.67
2271    3   105.56     4.42
2271    4   129.29     7.45
2271    5    66.37    12.78
2271    6   113.26    14.61
2271    7    76.71    21.12
2271    8    53.54    24.14
2271    9    25.26    18.97
2271   10     1.67    16.09
2271   11   125.59     7.64
2271   12    51.66     2.07
2272    1     5.96     2.72
2272    2    30.69     5.36
2272    3   111.22     8.10
2272    4   112.24    11.92
2272    5   107.76    16.77
2272    6   101.12    20.67
2272    7    11.40    24.06
2272    8     6.77    25.69
2272    9    62.05    18.65
2272   10    44.84    14.73
2272   11   119.57     6.13
2272   12    68.29     2.26
2273    1   109.31    -1.70
2273    2   111.81     1.62
2273    3   127.80     4.81
2273    4   115.55     9.54
2273    5   114.62    16.51
2273    6    83.15    14.43
2273    7    31.34    18.37
2273    8    95.41    20.50
2273    9    18.75    16.58
2273   10    16.28    15.93
2273   11   120.94     7.25
2273   12    64.54     4.13
2274    1   110.48     1.95
2274    2    53.04     4.48
2274    3   141.57     8.62
2274    4    69.61    11.85
2274    5   124.01    13.45
2274    6    66.48    16.70
2274    7    57.40    19.19
2274    8    47.26    23.48
2274    9    42.89    18.52
2274   10    81.85    12.35
2274   11    75.29     4.36
2274   12    12.68     2.48
2275    1    71.26     2.74
2275    2    99.90     2.19
2275    3    89.14     5.67
2275    4   114.74    11.68
2275    5   109.44    14.18
2275    6   170.90    18.39
2275    7   110.19    19.58
2275    8    58.02    21.09
2275    9    65.76    16.15
2275   10    50.61    15.21
2275   11   153.41     6.80
2275   12    50.79     2.00
2276    1    94.53     2.35
2276    2   114.87     2.48
2276    3   145.71     1.38
2276    4    66.02     9.11
2276    5    61.00    15.70
2276    6    44.72    20.54
2276    7    30.27    21.74
2276    8     1.88    28.52
2276    9    13.25    21.49
2276   10    60.61    12.40
2276   11    55.28     9.23
2276   12    55.88     4.83
2277    1   112.28     2.03
2277    2    82.48     1.33
2277    3    82.80     5.04
2277    4   112.09    12.18
2277    5   144.37    15.56
2277    6   163.66    19.78
2277    7    87.93    21.70
2277    8    10.47    23.89
2277    9    35.13    19.95
2277   10    10.40    15.10
2277   11    79.50     8.13
2277   12    97.65     3.99
2278    1    70.58     1.99
2278    2    75.33     0.43
2278    3    72.62     7.36
2278    4    81.54    12.74
2278    5    74.56    14.50
2278    6    49.01    17.26
2278    7    35.36    22.81
2278    8     0.39    26.40
2278    9    13.34    21.67
2278   10    29.04    14.48
2278   11   109.65     6.78
2278   12    74.12     5.37
2279    1    81.15     1.90
2279    2   109.47     1.55
2279    3   124.46     7.31
2279    4    55.07     9.42
2279    5   128.47    15.04
2279    6    67.74    18.52
2279    7    28.44    24.59
2279    8    18.55    22.14
2279    9    56.46    17.36
2279   10    90.89    13.37
2279   11    74.71     6.59
2279   12   109.56     1.95
2280    1    93.44    -3.06
2280    2    20.61     1.26
2280    3    34.97     8.70
2280    4    87.29    11.74
2280    5   102.00    13.22
2280    6   184.91    17.53
2280    7    42.16    21.00
2280    8    54.12    23.30
2280    9    29.19    20.06
2280   10    41.83    14.31
2280   11   110.58     4.76
2280   12    21.65     5.71
2281    1    55.93     3.33
2281    2    53.85     3.65
2281    3    67.33     6.19
2281    4   136.61     9.73
2281    5    98.11    13.56
2281    6    78.79    16.50
2281    7    16.79    21.77
2281    8    19.52    22.62
2281    9    33.21    17.80
2281   10    74.91    13.67
2281   11   117.99     6.96
2281   12    51.05     3.43
2282    1    65.58     1.95
2282    2    78.77     1.80
2282    3    76.93     7.74
2282    4   111.64    12.57
2282    5   115.49    13.77
2282    6    70.02    17.00
2282    7    28.43    22.16
2282    8    25.90    21.94
2282    9    48.02    19.73
2282   10    30.60    15.15
2282   11    64.33     7.36
2282   12    87.13     6.09
2283    1   102.91    -0.97
2283    2    93.91     3.03
2283    3    81.24    10.38
2283    4   152.97     8.15
2283    5   149.89    13.08
2283    6    79.47    16.68
2283    7    63.11    22.49
2283    8   108.61    20.93
2283    9   152.81    16.40
2283   10    22.89    14.94
2283   11    57.17     7.82
2283   12    86.48     3.87
2284    1   128.17     0.95
2284    2    78.12     0.07
2284    3    88.69     5.24
2284    4    79.48    11.66
2284    5   163.08    12.77
2284    6    40.09    16.92
2284    7    17.52    22.47
2284    8     4.55    21.36
2284    9    59.46    18.23
2284   10    33.63    14.32
2284   11    37.83     7.11
2284   12    96.39     3.04
2285    1    89.51    -3.07
2285    2    51.30     2.07
2285    3    53.35     6.89
2285    4    42.62    12.06
2285    5    70.70    16.35
2285    6    89.99    18.75
2285    7    12.09    22.48
2285    8     0.91    25.25
2285    9    14.58    19.16
2285   10    74.23    12.49
2285   11    13.30     7.99
2285   12    39.47     4.67
2286    1   188.97     3.27
2286    2    71.56     4.92
2286    3    66.63     5.25
2286    4    74.25    12.46
2286    5   156.96    11.56
2286    6    87.68    16.57
2286    7    42.40    21.80
2286    8    22.33    23.12
2286    9    21.64    21.25
2286   10    86.33    10.74
2286   11    85.09     5.76
2286   12    48.78     2.36
2287    1    57.10     3.35
2287    2   158.73     2.55
2287    3   124.65     6.09
2287    4   150.43    10.05
2287    5    80.16    14.82
2287    6    84.22    15.65
2287    7    30.85    19.90
2287    8    28.77    22.27
2287    9    48.40    19.18
2287   10    73.17    12.89
2287   11    81.28     9.07
2287   12    96.93     1.00
2288    1    69.58     0.54
2288    2   104.81     3.22
2288    3    64.94     6.86
2288    4   105.76    10.39
2288    5    91.97    16.87
2288    6   136.94    20.10
2288    7    49.07    22.37
2288    8    13.00    23.85
2288    9    16.41    21.34
2288   10    17.64    14.25
2288   11   126.78     5.19
2288   12    17.52     3.23
2289    1    78.85     3.52
2289    2    68.42     3.97
2289    3   108.48     5.79
2289    4   108.96     9.02
2289    5    77.48    16.29
2289    6    44.80    19.93
2289    7    24.37    24.07
2289    8    76.48    22.04
2289    9     5.55    17.62
2289   10    32.08    14.57
2289   11    49.37     6.36
2289   12    64.64     5.61
2290    1   104.37     2.53
2290    2    77.66     6.72
2290    3   109.47     7.99
2290    4   173.91     9.29
2290    5   130.74    14.14
2290    6    82.11    15.34
2290    7    50.25    19.16
2290    8    26.92    18.98
2290    9    53.29    18.95
2290   10   110.89    11.30
2290   11    67.48     6.97
2290   12   109.27     5.36
2291    1    56.77     1.45
2291    2    72.54     6.20
2291    3    79.19     7.26
2291    4    71.16    11.42
2291    5   116.21    12.56
2291    6    80.32    16.64
2291    7    61.74    21.04
2291    8    37.70    22.19
2291    9    38.98    18.71
2291   10   124.69    11.87
2291   11    23.91     6.85
2291   12   102.94     5.97
2292    1   107.61     1.99
2292    2   110.41     3.80
2292    3    68.14     8.39
2292    4   147.14     9.23
2292    5    95.66    12.15
2292    6   129.26    18.13
2292    7    30.22    21.35
2292    8    36.58    21.31
2292    9     0.24    18.92
2292   10    36.74    13.53
2292   11   109.36     9.60
2292   12   115.25     5.43
2293    1    82.35    -0.03
2293    2    84.31     4.02
2293    3   153.31     6.96
2293    4   167.38     9.67
2293    5    96.02    14.86
2293    6   130.18    18.04
2293    7    69.91    19.23
2293    8    24.48    23.98
2293    9    43.10    21.30
2293   10    24.54    16.61
2293   11   138.62     7.11
2293   12    72.43     1.56
2294    1   124.64    -0.47
2294    2   142.80     4.11
2294    3    63.74     8.36
2294    4   129.34    10.41
2294    5   144.62    13.59
2294    6    56.67    19.30
2294    7    81.01    20.88
2294    8    54.29    21.07
2294    9    35.52    17.74
2294   10    45.88    12.77
2294   11    92.93     7.71
2294   12   144.24     1.82
2295    1    81.62     1.62
2295    2    58.46     6.08
2295    3    35.54    10.60
2295    4   124.75    11.01
2295    5    56.85    15.07
2295    6    59.29    20.21
2295    7    22.95    23.19
2295    8     1.26    26.87
2295    9    21.51    18.67
2295   10     7.08    14.32
2295   11    44.63     8.68
2295   12   103.13     2.61
2296    1    48.21    -2.81
2296    2    42.78     2.95
2296    3    89.22     8.00
2296    4   163.79     6.70
2296    5    56.12    13.99
2296    6    23.39    21.42
2296    7    87.15    24.57
2296    8    30.71    25.12
2296    9    61.10    18.49
2296   10    72.21    12.82
2296   11    77.74     8.85
2296   12    90.65     3.91
2297    1    65.44    -1.49
2297    2    65.17     2.20
2297    3   102.93     7.55
2297    4   132.53    12.31
2297    5   143.51    12.28
2297    6    85.04    19.72
2297    7   125.21    23.61
2297    8    23.06    24.17
2297    9    59.97    18.91
2297   10    26.83    11.84
2297   11   100.64     8.74
2297   12    79.60     4.58
2298    1   116.39     1.88
2298    2   106.89     1.90
2298    3    70.99     5.87
2298    4    52.93    12.57
2298    5   110.26    13.45
2298    6   121.90    17.91
2298    7    75.18    20.79
2298    8     4.37    24.31
2298    9    42.40    20.51
2298   10   148.13    12.35
2298   11    92.61     8.01
2298   12    51.96     1.91
2299    1    93.77     3.08
2299    2    79.09     2.07
2299    3    77.11     9.39
2299    4   101.15     8.92
2299    5    60.64    14.84
2299    6   144.88    15.17
2299    7    74.47    18.46
2299    8    67.25    21.37
2299    9    31.06    16.28
2299   10    36.19    15.03
2299   11    93.09     9.41
2299   12    84.87     4.66
2300    1   102.23     2.92
2300    2    94.87     2.14
2300    3   108.06     7.79
2300    4   209.60     8.12
2300    5   177.32    11.91
2300    6   114.29    14.79
2300    7    34.27    17.66
2300    8     6.30    19.26
2300    9    25.42    18.34
2300   10    17.41    14.08
2300   11    46.23     4.15
2300   12    82.24     2.64
