1859   12   142.85     7.76
1860    1   233.36     4.76
1860    2   119.99     4.35
1860    3    59.95    10.70
1860    4   119.31    10.31
1860    5    71.31    15.85
1860    6    13.69    19.02
1860    7    24.17    21.84
1860    8    94.87    21.79
1860    9   119.67    18.28
1860   10    85.98    16.66
1860   11   284.81    10.02
1860   12   326.08     6.17
1861    1   136.19     6.75
1861    2   208.84     4.15
1861    3   111.94     8.23
1861    4    89.38    11.89
1861    5    64.18    15.56
1861    6    20.61    19.63
1861    7    32.35    20.21
1861    8    80.56    21.26
1861    9    54.44    19.07
1861   10   165.90    16.57
1861   11   101.98    12.08
1861   12   196.52     8.81
1862    1   196.22     0.93
1862    2   351.53     0.98
1862    3   119.76     3.36
1862    4   148.96     9.22
1862    5    43.93    15.58
1862    6    21.21    18.22
1862    7    13.64    19.21
1862    8    21.49    20.65
1862    9   219.69    16.31
1862   10    24.12    18.09
1862   11    27.58    13.16
1862   12   314.00     6.51
1863    1   244.47     2.78
1863    2   118.94     4.06
1863    3   166.36     4.21
1863    4    61.44    10.25
1863    5    79.44    15.74
1863    6    89.15    18.09
1863    7    31.73    20.30
1863    8    78.22    20.80
1863    9    71.44    17.93
1863   10    31.83    17.98
1863   11   106.81    12.59
1863   12   236.24     6.38
1864    1   259.40     7.32
1864    2   161.38     4.93
1864    3   152.82    10.11
1864    4   110.14    11.97
1864    5    54.41    16.59
1864    6    21.40    18.85
1864    7    75.25    20.34
1864    8   141.69    20.72
1864    9    83.07    19.07
1864   10   118.73    17.02
1864   11   226.56    11.46
1864   12   165.74     7.57
1865    1   224.19     3.47
1865    2   142.68     5.82
1865    3   131.39     8.93
1865    4   222.11     8.51
1865    5    88.52    14.75
1865    6    52.69    16.50
1865    7    17.35    19.03
1865    8    45.78    20.36
1865    9    28.76    17.73
1865   10   185.97    13.39
1865   11   238.78    10.02
1865   12   105.04     6.90
1866    1   204.49     1.93
1866    2   108.47     4.83
1866    3   137.50     6.09
1866    4   101.84     8.94
1866    5    62.83    15.01
1866    6    28.37    18.97
1866    7    25.81    19.57
1866    8    66.42    21.50
1866    9   139.77    16.66
1866   10    43.94    12.66
1866   11   268.14     9.97
1866   12    63.77     7.75
1867    1   185.10     2.49
1867    2   103.72     3.53
1867    3   147.73     5.08
1867    4   107.85    11.16
1867    5    67.27    16.51
1867    6    35.65    18.01
1867    7    23.91    19.44
1867    8   101.00    21.89
1867    9   144.45    16.76
1867   10    51.15    17.22
1867   11    92.18    11.14
1867   12   226.58     4.35
1868    1   258.38     4.35
1868    2   141.78     3.93
1868    3   119.25     9.92
1868    4    99.39    10.83
1868    5    90.69    15.75
1868    6    45.34    18.94
1868    7    16.56    20.62
1868    8    55.97    20.11
1868    9    65.19    19.12
1868   10    94.86    17.50
1868   11   110.71     9.58
1868   12   248.79     8.70
1869    1   212.38     4.90
1869    2   195.71     3.72
1869    3   195.52     6.48
1869    4    58.05    12.23
1869    5    87.43    15.41
1869    6    40.72    19.28
1869    7    10.04    21.04
1869    8   101.51    22.05
1869    9   183.06    16.84
1869   10   201.82    12.99
1869   11   159.97     8.87
1869   12   123.30     5.51
1870    1   307.45     1.86
1870    2    58.70     6.64
1870    3   130.49     9.16
1870    4    46.07    13.48
1870    5    13.06    17.30
1870    6    33.10    20.55
1870    7    25.70    22.29
1870    8   101.95    21.47
1870    9    98.12    18.39
1870   10   185.26    15.27
1870   11   153.95    10.87
1870   12    85.99     7.69
1871    1   214.06     6.76
1871    2   128.04     6.31
1871    3    91.00     8.05
1871    4   135.30     9.54
1871    5   105.22    16.20
1871    6    40.42    20.12
1871    7    37.95    19.65
1871    8    16.56    23.32
1871    9   138.83    19.24
1871   10   239.36    14.99
1871   11   105.36    13.15
1871   12   367.23     5.45
1872    1   340.70     1.38
1872    2   171.57     3.05
1872    3   133.83     6.16
1872    4    50.18    12.75
1872    5   105.03    15.45
1872    6    41.91    19.35
1872    7    21.80    19.81
1872    8    73.17    21.29
1872    9   138.44    19.04
1872   10   207.24    15.34
1872   11   135.06    12.08
1872   12   301.59     5.70
1873    1   104.46     6.44
1873    2   274.84     1.93
1873    3    33.43     9.66
1873    4   102.63    10.70
1873    5    70.13    14.47
1873    6    52.34    18.91
1873    7    17.52    21.89
1873    8    73.86    20.30
1873    9   102.23    17.25
1873   10   132.20    16.83
1873   11   118.70    11.32
1873   12   292.45     6.15
1874    1   328.69     1.16
1874    2   104.43     7.44
1874    3    90.61     6.06
1874    4   149.29     9.77
1874    5    36.72    14.75
1874    6    29.03    18.99
1874    7    27.67    21.90
1874    8    47.68    22.45
1874    9    63.79    17.00
1874   10    73.93    17.34
1874   11   184.94    10.22
1874   12   232.39     7.03
1875    1    95.01     4.26
1875    2    77.85     7.07
1875    3    43.07     9.61
1875    4   108.72    12.37
1875    5    72.26    14.82
1875    6    85.92    18.53
1875    7    33.61    20.24
1875    8   147.93    21.54
1875    9   201.91    16.65
1875   10    41.90    17.02
1875   11    89.42    11.47
1875   12   103.68     6.58
1876    1   236.92     5.57
1876    2   120.11     6.20
1876    3   248.56     5.03
1876    4   131.39     7.33
1876    5    61.77    16.03
1876    6    11.65    20.05
1876    7     7.20    21.46
1876    8    87.42    20.61
1876    9   170.66    18.57
1876   10    94.09    17.84
1876   11   226.21     9.85
1876   12   235.15     7.16
1877    1    39.76     6.57
1877    2   134.44     8.21
1877    3   120.20     6.12
1877    4   101.17    11.04
1877    5    33.50    18.68
1877    6    57.26    19.65
1877    7    30.23    20.63
1877    8    18.65    22.18
1877    9   192.36    17.14
1877   10   185.87    14.84
1877   11   236.37    11.75
1877   12   270.19     7.85
1878    1   220.33     6.57
1878    2   157.39     4.84
1878    3   182.75     7.33
1878    4   134.52    10.21
1878    5    22.84    16.66
1878    6    33.90    20.58
1878    7    18.05    22.10
1878    8    86.87    20.96
1878    9    98.03    18.58
1878   10    33.73    18.59
1878   11    40.47    13.01
1878   12    42.22     7.55
1879    1   263.51     6.35
1879    2   120.05     5.61
1879    3    60.76     9.30
1879    4    86.08    13.31
1879    5   116.90    16.38
1879    6    29.46    19.49
1879    7    29.38    21.03
1879    8    55.95    20.15
1879    9   243.66    17.94
1879   10   201.88    11.43
1879   11    37.02    13.78
1879   12   245.75     5.22
1880    1   225.18     2.46
1880    2   113.56     6.76
1880    3    35.66    11.00
1880    4    69.73    12.79
1880    5    34.94    17.38
1880    6   161.95    18.25
1880    7    21.28    21.37
1880    8    73.64    20.19
1880    9    47.09    18.33
1880   10   201.79    16.04
1880   11   129.66    11.11
1880   12   273.32     7.89
1881    1   120.31     6.35
1881    2   189.46     6.34
1881    3   106.18     9.34
1881    4    93.17    11.66
1881    5    78.83    15.83
1881    6    59.81    19.66
1881    7    20.78    21.31
1881    8    44.25    21.31
1881    9    84.53    20.37
1881   10   176.06    17.47
1881   11   233.88    10.89
1881   12   161.55     7.21
1882    1   168.84     0.45
1882    2    46.37     5.59
1882    3    79.06     6.69
1882    4   100.18     8.94
1882    5    39.58    16.29
1882    6    17.46    20.05
1882    7    22.71    20.69
1882    8    10.75    22.93
1882    9   224.70    19.06
1882   10   230.08    15.69
1882   11   227.69    12.24
1882   12   240.11     6.70
1883    1   111.86     7.22
1883    2   187.13     5.94
1883    3   196.21     7.20
1883    4    68.17    11.63
1883    5   172.44    14.71
1883    6    32.58    18.52
1883    7    29.77    20.32
1883    8    52.15    21.16
1883    9   111.00    19.22
1883   10   173.04    15.20
1883   11   189.91    12.32
1883   12   128.81     8.76
1884    1   200.70     5.94
1884    2   182.41     4.86
1884    3    97.78     8.46
1884    4    81.06    11.66
1884    5   107.95    16.06
1884    6    60.02    19.43
1884    7    35.56    19.71
1884    8    42.69    20.74
1884    9   141.38    16.71
1884   10   114.42    13.40
1884   11    98.24    10.29
1884   12   139.78     6.10
1885    1   193.83     6.14
1885    2   241.10     2.38
1885    3    98.67     7.50
1885    4   156.70     8.55
1885    5    68.96    14.66
1885    6    43.21    18.46
1885    7    18.98    18.83
1885    8    21.67    21.04
1885    9   175.67    18.56
1885   10   116.92    15.62
1885   11    81.06    11.34
1885   12   100.40     7.24
1886    1   229.36     3.84
1886    2    52.67     8.04
1886    3    52.01    10.10
1886    4   170.35    10.32
1886    5    47.71    15.04
1886    6    38.22    20.59
1886    7    74.18    19.36
1886    8    52.23    20.38
1886    9   106.67    19.68
1886   10    92.98    16.74
1886   11   202.45     9.28
1886   12   142.08     6.74
1887    1   102.68     6.47
1887    2   175.64     7.13
1887    3   118.87     9.27
1887    4   113.37    13.23
1887    5    45.39    16.03
1887    6    27.84    19.11
1887    7    38.29    21.72
1887    8    50.95    22.16
1887    9   205.77    19.85
1887   10   103.56    15.78
1887   11    69.26     9.22
1887   12   350.13     6.16
1888    1   126.40     5.35
1888    2   134.34     7.39
1888    3   276.18     2.98
1888    4   141.16     7.02
1888    5    79.08    16.26
1888    6    15.99    19.16
1888    7    43.78    19.06
1888    8    90.22    18.98
1888    9   116.78    17.09
1888   10   293.97    11.64
1888   11   101.87    10.25
1888   12   103.07     6.72
1889    1   230.96     3.03
1889    2    55.36     7.76
1889    3   153.68    10.30
1889    4    93.88    10.62
1889    5    42.69    17.05
1889    6    49.96    19.29
1889    7    41.11    20.54
1889    8    32.84    21.67
1889    9   191.66    17.14
1889   10    92.18    17.37
1889   11   249.80    10.76
1889   12   200.01     7.15
1890    1   179.07     5.59
1890    2    91.74     6.33
1890    3   159.13     7.65
1890    4    29.61    14.04
1890    5    70.01    15.91
1890    6    15.66    20.93
1890    7   193.17    19.61
1890    8    12.36    21.24
1890    9   303.80    18.28
1890   10   210.97    15.04
1890   11   168.54    11.94
1890   12   168.88     6.25
1891    1   162.72     4.74
1891    2   166.56     2.77
1891    3   100.00     9.20
1891    4   149.79    12.83
1891    5    26.00    15.53
1891    6    62.70    17.89
1891    7    42.78    21.24
1891    8    67.84    20.54
1891    9   200.43    18.83
1891   10   135.21    17.55
1891   11   241.95     9.36
1891   12   201.38     3.91
1892    1   111.49     5.86
1892    2   151.10     3.76
1892    3   127.89     6.29
1892    4    92.40    11.32
1892    5    90.77    15.67
1892    6    30.88    19.54
1892    7    31.80    20.81
1892    8    43.22    20.23
1892    9   108.21    15.72
1892   10   186.44    12.63
1892   11   166.57     9.75
1892   12   107.07     7.47
1893    1    98.22     5.87
1893    2   160.11     5.48
1893    3   148.84     7.74
1893    4    96.23    11.47
1893    5   118.62    14.89
1893    6    16.86    17.78
1893    7    23.27    20.58
1893    8    43.68    20.85
1893    9    95.70    19.43
1893   10    40.91    18.27
1893   11   172.10     9.60
1893   12   361.31     3.52
1894    1   114.70     3.88
1894    2    49.95     4.71
1894    3    92.90     7.43
1894    4    54.64    11.02
1894    5    24.85    16.25
1894    6    19.96    21.20
1894    7     3.93    23.03
1894    8   105.55    21.68
1894    9   189.04    17.43
1894   10   188.26    13.40
1894   11   165.38    10.25
1894   12   148.02     4.96
1895    1   146.35     2.57
1895    2    52.14     8.17
1895    3   119.63     5.58
1895    4    40.17    13.53
1895    5    32.53    18.01
1895    6    22.76    18.89
1895    7    31.66    20.08
1895    8   135.91    21.25
1895    9   101.70    18.34
1895   10    85.18    17.29
1895   11   208.86    11.90
1895   12   218.73     7.17
1896    1   261.27     4.24
1896    2   113.58     6.84
1896    3   123.12     7.60
1896    4    84.07    13.54
1896    5   107.63    16.38
1896    6    12.64    20.55
1896    7     2.41    23.33
1896    8   122.90    22.06
1896    9    96.79    17.80
1896   10   121.11    17.55
1896   11   148.27    10.96
1896   12   272.47     6.59
1897    1   110.19     7.05
1897    2   172.74     5.59
1897    3   175.08     7.35
1897    4   113.43    11.58
1897    5    80.97    14.34
1897    6    33.71    19.72
1897    7    42.21    21.20
1897    8   197.71    20.27
1897    9   164.80    17.87
1897   10   191.99    13.53
1897   11   163.26    10.33
1897   12   304.49     6.60
1898    1   272.91     2.92
1898    2   136.23     3.94
1898    3   142.92     4.43
1898    4    73.14    10.74
1898    5    54.20    16.20
1898    6    14.51    19.10
1898    7    13.22    20.05
1898    8    21.95    21.89
1898    9    79.62    19.47
1898   10   161.31    15.98
1898   11   243.89    11.00
1898   12   262.96     7.21
1899    1   218.87     4.18
1899    2    85.72     7.25
1899    3   140.65     7.40
1899    4   120.47    12.42
1899    5    72.16    16.08
1899    6    45.23    19.46
1899    7    34.05    18.69
1899    8    60.52    21.29
1899    9   162.21    19.92
1899   10   125.26    15.29
1899   11   233.26     9.03
1899   12    85.78     8.61
1900    1   170.61     7.18
1900    2    22.58     7.99
1900    3   283.08     4.25
1900    4   132.11     9.64
1900    5    59.72    16.84
1900    6    35.64    19.59
1900    7    17.25    20.28
1900    8    88.81    20.39
1900    9    78.28    20.56
1900   10   205.19    14.93
1900   11    79.03    12.31
1900   12    95.24     7.87
1901    1   201.05     3.76
1901    2    91.47     4.96
1901    3   159.87     5.26
1901    4   126.47     9.59
1901    5    21.34    16.15
1901    6    35.95    18.40
1901    7     8.56    23.69
1901    8    76.11    20.92
1901    9    89.58    19.33
1901   10   103.67    17.73
1901   11   151.88     9.51
1901   12   209.44     8.28
1902    1    89.14     4.95
1902    2    90.23     6.10
1902    3   120.62     9.61
1902    4   133.98    11.41
1902    5    25.11    15.30
1902    6    36.65    18.91
1902    7    57.35    21.29
1902    8    84.03    21.68
1902    9   106.12    18.04
1902   10    95.81    15.68
1902   11   155.56     9.30
1902   12    77.82     7.58
1903    1    84.74     6.44
1903    2    78.85     7.53
1903    3    84.08     8.27
1903    4    83.68    14.22
1903    5    56.43    16.67
1903    6    69.85    19.35
1903    7    53.22    19.99
1903    8    52.68    21.09
1903    9   116.46    19.26
1903   10   160.91    15.48
1903   11   252.39     9.72
1903   12    28.23     8.34
1904    1   201.65     6.37
1904    2   123.21     8.45
1904    3   123.54     9.26
1904    4   124.16    12.88
1904    5    99.29    16.30
1904    6    20.48    19.16
1904    7     5.82    21.67
1904    8    60.37    23.11
1904    9    57.76    19.86
1904   10   132.26    14.83
1904   11   122.81    12.21
1904   12   216.14     6.45
1905    1   280.59     3.34
1905    2    88.31     7.54
1905    3   216.06     2.92
1905    4    32.76    11.55
1905    5    57.41    17.74
1905    6    55.60    19.14
1905    7    50.29    20.71
1905    8    10.58    22.15
1905    9   170.89    16.98
1905   10   143.33    14.79
1905   11   332.02     7.38
1905   12   250.64     5.43
1906    1   131.95     6.66
1906    2    98.89     8.65
1906    3   163.14     7.55
1906    4    66.00    12.05
1906    5    64.32    16.30
1906    6    12.35    19.34
1906    7    44.71    20.07
1906    8    34.70    19.90
1906    9   127.88    18.57
1906   10   153.23    15.68
1906   11   104.18    13.34
1906   12   191.52     7.66
1907    1   149.05     4.84
1907    2    81.20     3.44
1907    3    53.92    11.54
1907    4    84.81    13.44
1907    5    54.67    15.54
1907    6    59.46    18.43
1907    7    55.78    20.60
1907    8    44.70    21.55
1907    9   247.16    16.33
1907   10   131.97    14.57
1907   11   109.44    10.70
1907   12   126.19     9.23
1908    1   186.89     5.09
1908    2   141.93     6.65
1908    3   139.94     6.24
1908    4    46.18    12.90
1908    5   105.78    15.68
1908    6    11.34    19.15
1908    7    25.25    20.38
1908    8    85.31    21.13
1908    9   101.83    18.39
1908   10   135.49    15.39
1908   11    87.66    12.70
1908   12    76.81     7.52
1909    1   137.82     3.01
1909    2   185.32     1.69
1909    3   121.10     7.02
1909    4   114.82     9.26
1909    5    83.06    15.19
1909    6    19.92    17.89
1909    7    10.07    21.60
1909    8    48.19    19.69
1909    9   122.56    16.85
1909   10    76.75    15.53
1909   11   215.15     8.17
1909   12   289.58     4.67
1910    1   224.98     3.73
1910    2   118.85     2.24
1910    3   129.52     4.85
1910    4   105.79    10.65
1910    5    64.91    15.23
1910    6    15.56    20.18
1910    7    16.46    20.38
1910    8    35.46    21.01
1910    9   154.47    18.48
1910   10   324.40    12.49
1910   11   230.68     8.78
1910   12   120.33     9.02
1911    1   193.19     6.37
1911    2    99.84     7.52
1911    3   113.25     8.65
1911    4    19.53    12.61
1911    5    69.18    16.34
1911    6    61.86    19.13
1911    7    64.84    19.36
1911    8   109.25    20.11
1911    9   156.10    17.91
1911   10   108.25    15.63
1911   11   319.06    11.41
1911   12   120.29     7.38
1912    1   276.78     2.91
1912    2   132.22     1.25
1912    3    81.94     6.34
1912    4   153.76    10.72
1912    5    29.61    17.29
1912    6    46.26    19.92
1912    7    41.86    18.44
1912    8   132.25    19.39
1912    9    46.40    20.90
1912   10    97.54    12.80
1912   11   204.16     8.38
1912   12   137.21     6.49
1913    1   137.98     3.18
1913    2    96.55     3.53
1913    3   160.85     4.85
1913    4    90.06    10.62
1913    5    33.71    14.65
1913    6    33.11    17.57
1913    7    20.24    21.09
1913    8   131.75    20.85
1913    9   125.81    19.66
1913   10   198.06    15.06
1913   11    64.42    11.99
1913   12   157.22     8.34
1914    1   225.97     4.18
1914    2    82.16     7.37
1914    3   154.95     8.59
1914    4   150.33     7.88
1914    5    69.37    14.06
1914    6    47.94    17.03
1914    7    14.64    20.07
1914    8   157.20    20.20
1914    9    87.10    17.64
1914   10   178.72    14.62
1914   11   121.64     9.78
1914   12   177.19     6.66
1915    1   105.88     5.15
1915    2   156.03     3.12
1915    3    97.37     9.24
1915    4    88.42    12.47
1915    5    35.92    15.70
1915    6    17.34    20.90
1915    7    27.76    20.07
1915    8   112.76    19.96
1915    9   159.22    16.58
1915   10   124.34    13.51
1915   11   181.59     9.18
1915   12   131.91     6.78
1916    1   152.96     2.70
1916    2   130.84     5.55
1916    3    85.84    10.46
1916    4   115.78    10.77
1916    5    64.06    15.17
1916    6    55.32    20.26
1916    7    26.03    20.68
1916    8    95.66    19.81
1916    9    71.43    20.60
1916   10     5.94    19.95
1916   11   152.75    13.30
1916   12   318.70     7.48
1917    1   174.91     4.79
1917    2   109.40     5.78
1917    3   151.58     3.71
1917    4    72.67    10.07
1917    5    62.99    15.39
1917    6    11.54    19.25
1917    7     9.22    20.50
1917    8    63.20    20.66
1917    9   174.96    17.93
1917   10    86.15    15.76
1917   11   172.43    11.88
1917   12   289.80     7.21
1918    1   292.99     2.84
1918    2   101.70     5.23
1918    3   145.77     7.79
1918    4    90.49    11.94
1918    5    52.27    16.52
1918    6    52.66    19.42
1918    7    26.16    20.69
1918    8   106.06    21.20
1918    9   185.90    19.01
1918   10    83.33    15.40
1918   11   113.72    12.48
1918   12   318.68     6.34
1919    1    98.18     6.47
1919    2   170.92     4.49
1919    3   120.34     7.38
1919    4    82.54    13.72
1919    5    66.88    16.79
1919    6    80.71    20.14
1919    7    18.09    20.50
1919    8    91.02    20.59
1919    9    90.73    18.09
1919   10   139.54    16.06
1919   11    81.71    13.19
1919   12   208.03     6.14
1920    1   167.79     4.53
1920    2   134.34     2.75
1920    3   155.26     6.51
1920    4   117.54    11.90
1920    5    44.65    17.75
1920    6    71.30    18.27
1920    7    27.94    20.56
1920    8   131.23    20.27
1920    9   135.55    16.03
1920   10   130.84    14.48
1920   11   183.44     9.99
1920   12   151.27     9.48
1921    1   163.04     4.51
1921    2   253.92     1.08
1921    3   119.43     5.46
1921    4   118.06    10.28
1921    5    60.20    15.21
1921    6    57.07    18.20
1921    7    20.89    19.40
1921    8    62.04    20.31
1921    9    90.30    18.52
1921   10   127.83    14.46
1921   11   297.04     8.24
1921   12   148.89     5.87
1922    1   153.97     6.66
1922    2   152.46     2.70
1922    3    44.95     6.19
1922    4   120.12    10.60
1922    5    86.02    14.66
1922    6    34.97    18.83
1922    7    47.34    20.22
1922    8   109.58    20.16
1922    9   190.11    16.38
1922   10   127.42    13.24
1922   11    67.77    11.04
1922   12   246.01     6.56
1923    1   206.09     4.10
1923    2   246.85     2.47
1923    3   137.43     4.96
1923    4    91.19    11.74
1923    5    56.72    15.28
1923    6    31.45    17.80
1923    7    26.15    19.86
1923    8    47.93    21.45
1923    9    65.50    18.41
1923   10   225.68    14.39
1923   11   161.11     8.54
1923   12   143.47     6.87
1924    1    61.17     8.13
1924    2   196.90     2.09
1924    3   146.78     6.93
1924    4   100.11    10.95
1924    5    52.45    14.44
1924    6    60.76    19.29
1924    7    29.45    19.07
1924    8    21.61    20.90
1924    9   141.02    15.25
1924   10   205.46    12.11
1924   11   167.77     9.90
1924   12   137.14     4.49
1925    1   144.37     6.31
1925    2   103.60     7.36
1925    3   133.05     9.02
1925    4    86.09    13.21
1925    5    50.18    15.18
1925    6    22.75    19.05
1925    7    38.51    20.35
1925    8    33.61    21.44
1925    9   121.95    17.48
1925   10    99.64    15.68
1925   11   195.80    11.96
1925   12   179.69     8.99
1926    1   197.83     4.00
1926    2   122.10     4.34
1926    3   150.51     7.11
1926    4    68.24    12.09
1926    5    52.74    18.16
1926    6    46.94    20.52
1926    7    40.72    20.81
1926    8    57.62    21.04
1926    9   148.25    18.47
1926   10   127.29    12.55
1926   11   159.14    11.40
1926   12   111.60     6.41
1927    1   218.80     5.75
1927    2   163.76     4.43
1927    3   166.32     4.31
1927    4   103.96    11.10
1927    5    50.58    15.44
1927    6    59.08    19.59
1927    7    16.59    21.53
1927    8   106.96    21.42
1927    9   130.36    18.56
1927   10    68.58    18.82
1927   11   229.56    10.17
1927   12   320.17     5.02
1928    1   201.28     5.23
1928    2   114.04     7.91
1928    3   157.50     7.44
1928    4   124.70    10.84
1928    5    20.62    16.81
1928    6    24.29    20.68
1928    7    44.76    19.51
1928    8    43.54    19.86
1928    9    83.84    17.27
1928   10    11.22    18.90
1928   11    75.76    14.48
1928   12   279.55     5.23
1929    1   171.21     3.28
1929    2   251.06     2.38
1929    3   107.75    10.36
1929    4    70.24    11.95
1929    5    20.76    16.71
1929    6    19.82    20.33
1929    7    44.54    20.08
1929    8    76.48    20.79
1929    9    99.11    18.04
1929   10    70.14    18.23
1929   11   183.32     9.75
1929   12   151.47     6.33
1930    1   128.55     6.69
1930    2   170.73     4.86
1930    3   119.20     8.22
1930    4   150.58    10.80
1930    5    32.50    14.83
1930    6    16.60    19.58
1930    7    44.60    20.35
1930    8    20.79    22.28
1930    9   145.87    18.66
1930   10   184.29    16.28
1930   11   234.68    10.06
1930   12   276.89     3.59
1931    1   272.72     5.44
1931    2   129.46     3.55
1931    3    69.59     7.31
1931    4   122.09     8.17
1931    5   162.60    14.10
1931    6    43.43    18.05
1931    7    12.20    21.19
1931    8    44.07    20.62
1931    9   212.71    16.98
1931   10    68.05    17.37
1931   11   168.59    10.18
1931   12   248.43     7.58
1932    1   228.32     2.18
1932    2    86.66     6.31
1932    3   149.12     9.65
1932    4    77.43    12.13
1932    5    82.94    16.75
1932    6    35.30    19.17
1932    7    14.84    22.28
1932    8    77.49    20.89
1932    9   181.04    18.93
1932   10   217.01    12.65
1932   11   128.11     9.01
1932   12   143.79     7.42
1933    1   121.23     4.61
1933    2   203.84     3.78
1933    3   147.73     6.93
1933    4   134.47    10.50
1933    5    81.62    15.43
1933    6    13.64    19.19
1933    7    39.58    19.68
1933    8    37.38    20.04
1933    9   112.94    17.00
1933   10    58.78    16.41
1933   11   242.06     7.80
1933   12   193.34     4.29
1934    1    69.07     0.80
1934    2   149.84     4.04
1934    3   119.80     5.22
1934    4    70.04    10.60
1934    5    63.18    15.43
1934    6    51.30    18.39
1934    7    20.22    18.24
1934    8    62.02    19.42
1934    9   127.47    16.52
1934   10    40.54    17.60
1934   11   236.13    10.08
1934   12   273.15     3.08
1935    1   146.83     3.03
1935    2    70.31     7.46
1935    3    94.28     8.50
1935    4    95.15    10.98
1935    5    77.13    16.81
1935    6    30.87    19.32
1935    7    32.62    19.73
1935    8    77.81    20.18
1935    9    58.13    19.84
1935   10   138.38    16.87
1935   11    97.86    10.58
1935   12   237.04     4.99
1936    1   154.11     7.17
1936    2   248.61     4.28
1936    3    71.49     9.55
1936    4    86.91    10.13
1936    5    68.56    16.47
1936    6    52.36    20.25
1936    7    40.14    19.84
1936    8    77.10    21.75
1936    9   102.32    20.14
1936   10   113.68    16.14
1936   11   313.26     8.09
1936   12   183.97     7.02
1937    1   225.93     1.68
1937    2   101.00     3.54
1937    3    76.65     6.87
1937    4   140.94     7.90
1937    5    32.75    13.65
1937    6    32.07    18.37
1937    7    20.63    18.65
1937    8    60.75    19.96
1937    9    73.51    16.48
1937   10    74.50    15.68
1937   11   103.59    10.78
1937   12   362.24     3.99
1938    1    47.33     5.68
1938    2    48.86     7.89
1938    3   222.44     3.33
1938    4    51.89    11.94
1938    5    70.19    15.45
1938    6    53.55    19.79
1938    7    15.00    21.16
1938    8   111.22    18.10
1938    9    44.68    17.97
1938   10    24.10    17.88
1938   11   209.69    10.81
1938   12   181.73     9.94
1939    1   238.32     7.48
1939    2    93.96     7.26
1939    3   108.56    10.63
1939    4   179.17    11.53
1939    5   117.25    14.81
1939    6    21.67    19.85
1939    7    14.80    22.97
1939    8    21.19    20.97
1939    9   175.21    17.30
1939   10   274.28    12.89
1939   11    89.84    13.54
1939   12   249.23     7.19
1940    1   230.83     6.78
1940    2   243.16     5.87
1940    3   145.20     8.41
1940    4   162.46    12.06
1940    5    32.23    16.39
1940    6    28.74    19.94
1940    7    34.07    20.42
1940    8    65.43    21.31
1940    9   150.81    18.70
1940   10   267.37    12.66
1940   11   135.92    11.69
1940   12   267.52     4.86
1941    1   194.15     5.05
1941    2   157.15     2.57
1941    3    85.91     8.97
1941    4   187.99     9.70
1941    5   139.33    12.61
1941    6    18.05    17.31
1941    7    30.45    18.77
1941    8    15.34    20.44
1941    9   201.86    15.89
1941   10    33.72    17.76
1941   11   184.63     8.50
1941   12    40.18     6.28
1942    1   206.44     5.35
1942    2    47.50     7.53
1942    3    84.48     9.67
1942    4    20.93    13.64
1942    5   115.63    15.60
1942    6     8.82    19.95
1942    7    15.61    22.59
1942    8    45.41    19.83
1942    9   104.16    19.43
1942   10   209.39    14.76
1942   11   194.08    10.18
1942   12   245.24     7.13
1943    1   107.96     6.19
1943    2    44.33     8.41
1943    3    43.56    11.51
1943    4   155.51    10.28
1943    5    57.49    16.80
1943    6    21.79    18.91
1943    7    24.14    20.66
1943    8    40.92    21.15
1943    9    43.17    20.04
1943   10   206.50    17.05
1943   11   137.29     9.31
1943   12   308.94     4.75
1944    1   290.85     3.90
1944    2   121.69     5.86
1944    3   110.38     8.46
1944    4   121.92     8.65
1944    5    28.73    14.60
1944    6    24.09    18.09
1944    7    20.41    20.47
1944    8    51.70    20.50
1944    9   121.40    17.61
1944   10   182.63    13.47
1944   11   265.25     7.90
1944   12   159.88     5.21
1945    1   127.25     4.41
1945    2    83.02     5.61
1945    3    95.24     9.62
1945    4    79.43    11.34
1945    5    50.76    16.12
1945    6    35.48    18.36
1945    7     9.92    20.43
1945    8    39.66    20.25
1945    9   150.01    16.43
1945   10    66.83    15.18
1945   11   171.99    10.87
1945   12   254.63     6.15
1946    1   276.73     2.10
1946    2   165.65     5.59
1946    3    33.17     9.08
1946    4   132.79     8.08
1946    5    59.47    16.00
1946    6    64.64    17.79
1946    7    15.29    21.54
1946    8    61.47    20.33
1946    9   155.54    18.54
1946   10   111.85    16.01
1946   11    64.09    11.04
1946   12   166.15     8.67
1947    1   302.51     5.04
1947    2    82.74     8.46
1947    3   157.24     4.99
1947    4    82.39     9.88
1947    5    51.70    16.72
1947    6    16.93    19.68
1947    7    42.43    19.94
1947    8   117.52    20.27
1947    9    71.93    17.79
1947   10    45.07    17.07
1947   11   156.85     9.60
1947   12   185.19     6.38
1948    1   161.67     5.66
1948    2    70.75     3.63
1948    3   134.00     8.75
1948    4   117.33    11.48
1948    5   114.42    14.33
1948    6    59.67    15.51
1948    7    24.16    19.65
1948    8    38.48    20.62
1948    9   151.89    16.39
1948   10    49.45    15.24
1948   11    52.79    13.81
1948   12   170.10     7.58
1949    1   316.38     3.82
1949    2   113.97     4.10
1949    3   104.45     5.20
1949    4   118.17    11.69
1949    5    66.27    14.75
1949    6    31.75    19.83
1949    7    21.51    19.22
1949    8   102.36    19.87
1949    9    96.27    17.37
1949   10   173.40    16.38
1949   11   195.77     9.96
1949   12   209.19     4.97
1950    1   187.41     5.86
1950    2    81.94     8.12
1950    3   144.21     8.26
1950    4   213.65     6.27
1950    5    54.42    14.68
1950    6    34.84    16.99
1950    7    28.63    19.07
1950    8    47.00    20.94
1950    9    79.45    17.27
1950   10   172.93    15.76
1950   11   161.47     9.11
1950   12   264.15     7.32
1951    1   184.29     5.62
1951    2   181.20     1.30
1951    3   237.77     7.20
1951    4   118.14    10.14
1951    5    62.52    14.82
1951    6    17.02    17.79
1951    7    23.62    19.15
1951    8    30.54    19.53
1951    9   118.63    16.18
1951   10   121.13    15.82
1951   11    89.80    13.61
1951   12   147.60     7.96
1952    1   154.93     4.93
1952    2   149.27     5.29
1952    3   135.88     8.04
1952    4   147.50    10.65
1952    5   103.74    15.13
1952    6    72.96    19.07
1952    7    16.51    20.96
1952    8    53.56    20.39
1952    9    72.64    19.56
1952   10   141.21    16.74
1952   11   115.20    12.04
1952   12   101.42     8.32
1953    1   162.90     6.79
1953    2   158.92     5.11
1953    3   135.34     8.81
1953    4    98.78    10.43
1953    5    84.50    15.52
1953    6     4.84    21.32
1953    7    24.40    21.84
1953    8    41.02    20.76
1953    9    58.38    19.09
1953   10   206.45    15.11
1953   11   433.00     6.30
1953   12   145.88     7.00
1954    1   218.90     4.61
1954    2   156.66     7.85
1954    3   215.29     5.90
1954    4   115.80    11.54
1954    5    76.62    16.22
1954    6    46.24    19.23
1954    7    47.79    18.12
1954    8    36.37    18.98
1954    9    56.59    17.71
1954   10   118.40    17.35
1954   11   325.70     9.45
1954   12   219.52     7.61
1955    1   211.56     4.54
1955    2   163.40     6.49
1955    3   140.77     8.53
1955    4    72.68    12.90
1955    5    92.38    16.24
1955    6    24.70    18.61
1955    7    44.32    18.74
1955    8    27.03    20.61
1955    9   112.61    20.34
1955   10   104.60    17.04
1955   11   307.28    10.43
1955   12   225.19     6.06
1956    1    61.14     6.51
1956    2   129.55     7.18
1956    3   114.19     7.48
1956    4    78.13     8.72
1956    5   108.44    15.41
1956    6    57.50    20.11
1956    7    26.07    21.16
1956    8    43.02    20.26
1956    9   172.87    17.36
1956   10    36.57    17.90
1956   11   269.56    11.14
1956   12   182.27     7.30
1957    1    99.49     7.39
1957    2   170.67     5.47
1957    3    94.01     7.38
1957    4   109.52    13.56
1957    5    50.27    16.23
1957    6    62.45    17.01
1957    7    32.09    21.42
1957    8    56.00    21.88
1957    9   144.51    17.29
1957   10   115.40    15.41
1957   11   241.70     8.12
1957   12   135.11     6.61
1958    1   252.55     5.04
1958    2   148.52     3.29
1958    3   145.04     6.16
1958    4    39.03    12.22
1958    5    74.10    15.96
1958    6    66.18    18.53
1958    7    13.98    19.08
1958    8    25.88    21.65
1958    9   264.66    14.90
1958   10   197.04    13.16
1958   11   169.64    10.50
1958   12   191.34     7.26
1959    1   156.49     6.48
1959    2   165.46     3.08
1959    3   101.15     7.92
1959    4    63.75    12.63
1959    5    77.58    15.32
1959    6    38.78    19.53
1959    7    30.45    19.86
1959    8    51.50    19.80
1959    9   210.47    16.86
1959   10   177.34    14.13
1959   11   133.49    10.80
1959   12   162.33     7.06
1960    1   203.25     4.77
1960    2   154.61     5.25
1960    3    56.89     9.68
1960    4   107.36    11.23
1960    5   109.09    12.47
1960    6    25.31    18.32
1960    7    64.52    19.62
1960    8    31.08    19.07
1960    9    71.87    16.24
1960   10   100.94    15.18
1960   11   158.69     9.14
1960   12    73.68     5.83
1961    1    77.58     6.77
1961    2   216.31     2.08
1961    3   161.65     2.96
1961    4    80.27     9.58
1961    5   127.74    14.23
1961    6    44.35    17.29
1961    7    49.20    19.70
1961    8    20.33    21.01
1961    9   151.58    17.33
1961   10   171.96    10.17
1961   11   274.99     7.96
1961   12   333.60     3.51
1962    1    69.04     6.40
1962    2    52.72     5.76
1962    3   150.87     6.10
1962    4    63.97    12.21
1962    5    82.40    14.90
1962    6    25.84    18.06
1962    7    15.85    19.49
1962    8   134.24    18.75
1962    9    95.12    16.97
1962   10   124.01    16.45
1962   11   164.91    10.67
1962   12   166.42     7.13
1963    1   176.79     4.85
1963    2   194.92     5.97
1963    3   101.14     7.36
1963    4    87.47    10.74
1963    5    60.54    13.79
1963    6    24.09    20.01
1963    7    40.70    21.07
1963    8    63.52    19.70
1963    9    41.40    17.26
1963   10   109.66    13.07
1963   11   157.73    10.47
1963   12   215.85     7.28
1964    1   270.31     3.82
1964    2   157.66     2.69
1964    3   165.46     5.25
1964    4    85.00    11.94
1964    5    28.39    14.17
1964    6    15.78    17.18
1964    7    33.30    19.49
1964    8    60.36    19.88
1964    9    35.36    18.46
1964   10   120.62    15.59
1964   11    69.37    11.17
1964   12   200.64     6.22
1965    1   167.20     4.08
1965    2    97.41     6.90
1965    3   101.41     8.40
1965    4   109.50     9.44
1965    5    66.94    15.46
1965    6    16.86    20.07
1965    7    25.00    18.66
1965    8    16.06    19.67
1965    9   102.59    18.47
1965   10    91.24    15.48
1965   11   191.03     9.29
1965   12   127.76     6.19
1966    1   258.37     3.07
1966    2    96.29     4.45
1966    3   202.37     3.91
1966    4   166.38     8.75
1966    5    23.28    13.78
1966    6    11.56    18.68
1966    7    50.02    18.88
1966    8    39.01    19.41
1966    9   105.46    17.26
1966   10    68.32    13.71
1966   11    86.73    10.95
1966   12   169.89     6.98
1967    1   112.77     3.42
1967    2    71.34     6.68
1967    3    62.63    10.50
1967    4    93.69    12.03
1967    5    85.37    15.26
1967    6    33.92    19.18
1967    7    27.92    18.02
1967    8    62.69    19.06
1967    9   183.17    16.38
1967   10   152.29    13.75
1967   11    84.12    12.35
1967   12   142.42     8.08
1968    1   240.49     3.60
1968    2   109.82     5.46
1968    3   112.73    10.69
1968    4   141.29    10.75
1968    5    96.15    15.78
1968    6    52.65    19.43
1968    7    40.96    19.51
1968    8    90.11    17.65
1968    9    46.97    19.17
1968   10   130.63    15.21
1968   11   207.31    10.70
1968   12   261.12     4.76
1969    1   175.44     5.99
1969    2   154.96     1.77
1969    3   160.75     5.35
1969    4    95.14    10.59
1969    5    91.98    14.98
1969    6     7.90    19.56
1969    7    61.90    18.45
1969    8    37.20    19.18
1969    9   105.42    16.30
1969   10   121.96    14.37
1969   11    62.55    11.02
1969   12   176.43     6.58
1970    1    75.18     5.77
1970    2   136.45     3.90
1970    3   133.03     7.28
1970    4    49.60    10.52
1970    5    62.48    14.60
1970    6    34.17    16.88
1970    7    43.39    20.00
1970    8   110.34    20.00
1970    9    52.28    18.53
1970   10   155.04    15.40
1970   11   130.51    11.66
1970   12   187.97     6.82
1971    1   148.17     5.86
1971    2   196.08     3.48
1971    3   158.11     6.92
1971    4    97.84    10.40
1971    5    83.78    15.14
1971    6    55.01    17.09
1971    7    21.70    20.39
1971    8    45.86    20.21
1971    9    87.26    15.96
1971   10   136.28    15.19
1971   11   223.46     9.57
1971   12   196.09     7.10
1972    1    67.00     7.92
1972    2   271.35     3.87
1972    3   192.64     6.35
1972    4   112.76     9.99
1972    5   140.10    13.51
1972    6    19.07    16.03
1972    7    52.25    18.95
1972    8   101.02    18.35
1972    9    43.46    17.83
1972   10   110.58    16.82
1972   11   248.85    10.36
1972   12   186.89     8.84
1973    1   175.59     6.62
1973    2   241.45     4.86
1973    3   129.65     8.84
1973    4   130.72     8.05
1973    5    99.62    12.70
1973    6    35.29    16.72
1973    7    27.87    18.96
1973    8    30.30    19.04
1973    9    57.08    20.59
1973   10    66.86    16.48
1973   11    86.43    10.16
1973   12   128.06     8.16
1974    1   155.01     5.25
1974    2   122.09     7.97
1974    3   113.89     5.27
1974    4   109.62    11.55
1974    5    58.58    15.93
1974    6    56.86    19.21
1974    7    25.99    19.62
1974    8    25.20    22.18
1974    9   220.90    18.79
1974   10   364.39    12.39
1974   11   111.42     6.64
1974   12    39.32     7.42
1975    1   187.92     8.08
1975    2   142.29     5.23
1975    3   114.51     5.93
1975    4    73.66     9.42
1975    5    69.29    15.48
1975    6    19.12    18.75
1975    7    10.10    22.28
1975    8    74.62    21.19
1975    9   123.47    17.95
1975   10    84.81    17.81
1975   11   234.17     9.98
1975   12   235.91     6.63
1976    1   139.18     7.73
1976    2    74.33     4.21
1976    3   159.85     8.13
1976    4   118.93     8.60
1976    5    62.19    16.34
1976    6    23.28    19.28
1976    7    25.42    20.14
1976    8    39.10    20.53
1976    9   145.60    19.44
1976   10   101.00    15.49
1976   11   187.62    11.32
1976   12   133.67     9.80
1977    1   330.20     2.22
1977    2   156.36     4.73
1977    3   164.10     5.41
1977    4    68.56    12.84
1977    5    49.04    16.24
1977    6    89.05    18.71
1977    7    36.30    19.60
1977    8    77.67    20.02
1977    9    98.45    18.48
1977   10    85.28    17.24
1977   11   187.95     9.89
1977   12   154.69     7.86
1978    1   198.17     6.00
1978    2   170.35     4.45
1978    3   146.87     7.87
1978    4    50.03    12.33
1978    5    92.28    14.88
1978    6    48.32    20.08
1978    7    20.75    18.57
1978    8    41.12    18.27
1978    9   239.52    16.39
1978   10    60.59    13.44
1978   11   292.06    11.24
1978   12    33.25     9.64
1979    1   255.68     4.89
1979    2   141.80     3.12
1979    3   250.91     5.32
1979    4    71.52    11.46
1979    5   130.79    16.21
1979    6    52.16    18.88
1979    7    23.04    20.10
1979    8    23.41    19.23
1979    9    33.64    19.84
1979   10   150.75    15.87
1979   11    93.99    11.21
1979   12   296.60     7.75
1980    1   115.00     6.46
1980    2   117.06     7.06
1980    3   180.83     9.24
1980    4   152.66    10.53
1980    5    60.62    16.40
1980    6    44.46    18.88
1980    7    41.75    19.16
1980    8    36.70    20.73
1980    9    98.49    18.89
1980   10   221.78    14.82
1980   11   131.46     8.26
1980   12   182.95     5.91
1981    1   216.80     2.98
1981    2    85.27     8.45
1981    3   163.30     7.17
1981    4    50.77    10.61
1981    5    42.74    15.84
1981    6    50.44    19.18
1981    7    54.33    19.36
1981    8    40.80    21.04
1981    9    99.28    18.53
1981   10   103.95    17.48
1981   11   121.72    11.07
1981   12   293.70     4.36
1982    1   137.01     4.85
1982    2    48.57     7.28
1982    3    98.82     6.95
1982    4    68.10    12.81
1982    5   102.97    15.62
1982    6    18.49    18.84
1982    7    45.97    19.43
1982    8    27.92    21.25
1982    9   114.92    19.84
1982   10   105.55    15.17
1982   11   172.17     9.38
1982   12   379.94     4.46
1983    1   229.93     1.25
1983    2   100.48     7.03
1983    3   225.72     4.06
1983    4    58.47     9.69
1983    5    46.93    14.84
1983    6    29.01    17.78
1983    7    40.50    18.11
1983    8    47.87    18.59
1983    9    71.08    16.08
1983   10    65.14    14.97
1983   11    59.50     9.56
1983   12   263.67     4.43
1984    1   139.60     5.61
1984    2   174.23     4.30
1984    3   123.08     7.23
1984    4   135.94     8.30
1984    5    69.45    15.26
1984    6    42.35    18.49
1984    7    38.11    18.47
1984    8    44.76    19.21
1984    9    91.93    18.72
1984   10    90.56    16.64
1984   11   331.29     6.96
1984   12   208.16     3.95
1985    1   229.48     1.05
1985    2   127.95     6.20
1985    3    66.58     7.77
1985    4   188.99     9.72
1985    5    79.65    14.07
1985    6    15.30    20.02
1985    7    75.20    19.24
1985    8    51.49    20.43
1985    9   128.79    19.74
1985   10    34.17    19.12
1985   11   159.86    11.26
1985   12   132.88     8.56
1986    1   179.92     7.43
1986    2   174.04     5.86
1986    3   132.48     8.58
1986    4   159.09     9.97
1986    5    95.13    15.17
1986    6   108.09    18.31
1986    7    36.47    20.16
1986    8    56.87    18.49
1986    9   128.22    16.35
1986   10    43.33    17.29
1986   11   257.35    11.44
1986   12   182.00     8.15
1987    1   157.43     6.51
1987    2   193.74     2.75
1987    3    79.37     9.61
1987    4   104.19    10.29
1987    5    74.09    13.63
1987    6    40.58    18.62
1987    7    33.31    20.22
1987    8    54.37    18.80
1987    9    92.84    17.22
1987   10   117.33    16.70
1987   11   326.14    10.44
1987   12   131.14     8.89
1988    1   121.52     5.46
1988    2   196.41     3.59
1988    3   148.90     8.11
1988    4   102.18     8.98
1988    5    66.13    15.23
1988    6    28.21    18.99
1988    7    16.78    19.18
1988    8   106.76    20.49
1988    9   116.10    16.30
1988   10    39.18    16.51
1988   11    51.28    14.02
1988   12   230.40     7.67
1989    1   117.88     8.45
1989    2   198.73     2.48
1989    3   111.59     7.07
1989    4    96.48    11.15
1989    5    50.07    16.09
1989    6    37.10    18.62
1989    7    37.19    19.78
1989    8   163.07    18.56
1989    9    95.09    18.65
1989   10    71.11    16.92
1989   11   118.31    11.20
1989   12   149.17    10.25
1990    1   306.01     3.63
1990    2   258.40     2.13
1990    3   152.86     6.28
1990    4   142.36    10.66
1990    5    57.99    16.18
1990    6    49.18    16.65
1990    7    15.11    20.35
1990    8    25.19    19.53
1990    9    89.85    18.33
1990   10    45.10    16.79
1990   11   185.38    10.51
1990   12   201.95     4.77
1991    1   148.79     5.62
1991    2    87.25     7.28
1991    3   118.47     5.17
1991    4   101.25    10.18
1991    5    74.18    16.22
1991    6    10.45    18.95
1991    7     4.74    22.58
1991    8    61.02    20.95
1991    9   172.70    19.25
1991   10    68.06    17.39
1991   11   150.62    11.16
1991   12   106.58     6.65
1992    1   122.61     4.74
1992    2   187.22     7.55
1992    3   147.01     7.50
1992    4   135.95    12.86
1992    5    93.29    16.11
1992    6    46.28    19.05
1992    7    22.40    19.25
1992    8   104.40    19.52
1992    9    80.12    16.07
1992   10   186.34    15.13
1992   11   220.65     8.43
1992   12   130.88     6.47
1993    1    52.37     6.11
1993    2    91.49     7.87
1993    3    98.38     7.85
1993    4   140.29    10.47
1993    5    73.05    15.69
1993    6    23.01    19.11
1993    7    18.59    20.38
1993    8    88.75    19.78
1993    9   103.32    17.86
1993   10   126.92    17.73
1993   11   176.97     9.47
1993   12   251.33     5.40
1994    1   219.48     2.54
1994    2   144.77     2.81
1994    3    70.96     8.65
1994    4    76.55    11.74
1994    5    81.05    14.48
1994    6    55.10    19.18
1994    7    31.53    20.27
1994    8    20.09    21.58
1994    9   108.97    17.69
1994   10    31.27    18.67
1994   11   156.62     8.94
1994   12    96.78     8.01
1995    1    78.87     7.26
1995    2    90.69     6.43
1995    3   123.74    10.03
1995    4   101.48    10.93
1995    5    15.82    15.57
1995    6    27.08    20.35
1995    7    16.95    22.05
1995    8   139.60    20.32
1995    9    85.76    19.10
1995   10   134.65    13.10
1995   11    67.35    11.65
1995   12   118.00     6.59
1996    1   214.46     6.95
1996    2   130.81     5.72
1996    3   166.43     8.63
1996    4    85.13     9.35
1996    5    38.96    16.58
1996    6    40.91    18.49
1996    7    41.06    20.76
1996    8    81.39    19.88
1996    9    49.86    18.16
1996   10    75.88    17.77
1996   11   224.93    11.64
1996   12   299.14     5.13
1997    1   267.11     3.44
1997    2   182.58     4.84
1997    3   152.68     8.54
1997    4    76.60    12.32
1997    5    70.72    15.98
1997    6    35.94    18.77
1997    7     6.41    21.18
1997    8    91.18    19.35
1997    9   250.81    17.23
1997   10    96.49    16.87
1997   11   311.03     9.57
1997   12    67.74     9.07
1998    1    99.23     5.56
1998    2   227.82     5.15
1998    3   157.92     5.67
1998    4    98.93    12.96
1998    5    98.04    14.56
1998    6    39.37    19.66
1998    7     9.77    22.74
1998    8    72.45    21.31
1998    9   127.67    19.23
1998   10    64.41    17.95
1998   11   501.74    11.37
1998   12   168.51     8.98
1999    1   272.21     4.05
1999    2   186.22     7.84
1999    3   109.50     9.61
1999    4    87.49    11.54
1999    5   104.74    13.87
1999    6    19.81    19.24
1999    7    11.86    21.40
1999    8    14.77    21.81
1999    9   172.58    19.12
1999   10   109.61    17.32
1999   11   142.58    10.83
1999   12   161.85     8.93
2000    1   263.14     5.41
2000    2   172.22     4.48
2000    3   160.67     5.34
2000    4   117.50    12.28
2000    5   150.20    16.59
2000    6    41.99    18.22
2000    7    23.53    19.94
2000    8   113.14    20.28
2000    9   202.04    17.21
2000   10   158.98    14.41
2000   11   112.83     9.43
2000   12   236.93     5.66
2001    1   121.89     5.50
2001    2   149.40     6.12
2001    3   203.08     5.57
2001    4    68.48    12.53
2001    5    42.94    18.32
2001    6    19.23    20.03
2001    7    23.89    21.49
2001    8    27.18    21.24
2001    9   169.09    19.32
2001   10   205.46    15.61
2001   11   153.84    12.80
2001   12   212.35     6.33
2002    1   189.96     5.24
2002    2   114.70     4.93
2002    3   166.88     7.50
2002    4    54.41    12.30
2002    5    43.25    17.51
2002    6    45.47    22.10
2002    7    48.67    21.71
2002    8    80.63    20.20
2002    9    53.70    19.59
2002   10   150.07    17.76
2002   11    12.77    14.12
2002   12    77.26     9.95
2003    1   359.78     4.31
2003    2   128.22     7.84
2003    3   119.68     7.16
2003    4    89.84    11.12
2003    5    78.63    17.64
2003    6    16.31    19.94
2003    7    38.93    21.56
2003    8    73.35    21.92
2003    9    13.30    20.24
2003   10   125.91    17.52
2003   11    91.56    12.11
2003   12   263.88     6.56
2004    1   267.46     4.63
2004    2   185.97     5.54
2004    3    96.78     9.20
2004    4   142.96    11.89
2004    5    76.66    15.82
2004    6    43.29    20.48
2004    7    34.47    21.09
2004    8    78.74    21.21
2004    9   118.45    17.87
2004   10   155.14    14.13
2004   11   270.33     8.65
2004   12   149.31     9.06
2005    1   195.79     5.14
2005    2   243.32     4.44
2005    3    52.26     9.59
2005    4   122.02    13.05
2005    5    45.45    16.87
2005    6    26.65    19.45
2005    7    40.36    19.92
2005    8    72.94    20.55
2005    9   108.65    17.31
2005   10   196.27    13.83
2005   11   277.01     9.93
