2006    1    54.65     3.26
2006    2    61.41     3.64
2006    3    43.92     7.44
2006    4    40.43    12.50
2006    5    72.71    15.41
2006    6    61.44    19.04
2006    7     5.40    23.08
2006    8     0.12    23.42
2006    9    14.35    19.52
2006   10     7.43    14.09
2006   11   103.95     5.01
2006   12     6.10     3.98
2007    1    18.56     4.75
2007    2    18.76     5.85
2007    3    41.66     8.63
2007    4    31.05    13.35
2007    5    46.63    17.46
2007    6     7.60    21.27
2007    7     0.02    27.38
2007    8     7.61    21.52
2007    9     5.48    17.63
2007   10     3.61    14.07
2007   11    61.51     7.98
2007   12    61.24     2.59
2008    1     5.74     1.64
2008    2    31.24     3.91
2008    3    71.67     8.10
2008    4    60.75    10.77
2008    5    11.64    18.91
2008    6    40.05    20.83
2008    7     8.19    23.17
2008    8     1.82    23.62
2008    9     6.66    18.92
2008   10    23.56    14.32
2008   11    50.93     6.86
2008   12    89.17     4.84
2009    1    52.23     0.12
2009    2    35.77     4.56
2009    3    20.30     6.97
2009    4    46.14    10.90
2009    5    47.16    13.48
2009    6    62.28    18.77
2009    7    26.75    22.23
2009    8     1.06    22.75
2009    9    69.35    16.70
2009   10    33.21    13.48
2009   11    56.17     7.54
2009   12    85.95    -1.35
2010    1    27.85    -2.27
2010    2    15.69     2.77
2010    3    45.55     7.39
2010    4    58.87    11.96
2010    5    68.33    17.57
2010    6    68.07    19.79
2010    7    37.05    20.21
2010    8     2.73    22.48
2010    9    10.96    19.02
2010   10    10.94    13.68
2010   11     0.58     4.02
2010   12    55.92     3.38
2011    1    32.63     3.05
2011    2    36.34     0.60
2011    3    43.83     7.56
2011    4    47.02    13.29
2011    5    49.15    14.32
2011    6     4.77    20.57
2011    7    42.47    20.93
2011    8    21.64    21.76
2011    9    60.74    16.88
2011   10     0.93    13.64
2011   11    92.75     7.90
2011   12    35.79     5.63
2012    1    39.70    -0.31
2012    2    33.96     2.64
2012    3    36.78     7.65
2012    4    24.46    14.58
2012    5    29.10    16.35
2012    6    56.13    18.77
2012    7    52.63    22.67
2012    8     0.00    23.96
2012    9    12.26    18.51
2012   10    44.50    10.37
2012   11    22.18     2.91
2012   12    70.08     2.76
2013    1    33.87     1.57
2013    2     4.75     7.02
2013    3    36.69     7.65
2013    4    22.52    15.47
2013    5    45.74    16.94
2013    6    63.02    19.63
2013    7    39.88    23.23
2013    8    13.80    23.21
2013    9     6.70    20.64
2013   10    52.82     9.93
2013   11    28.80     9.96
2013   12    36.68     5.72
2014    1    80.82     0.71
2014    2     5.47     5.31
2014    3    55.54     7.68
2014    4    28.39    10.46
2014    5    67.72    16.14
2014    6    40.24    22.31
2014    7    53.61    24.34
2014    8     3.77    23.24
2014    9    17.04    20.08
2014   10    38.67    13.60
2014   11    23.18     8.45
2014   12    71.19     0.14
2015    1    21.18    -0.15
2015    2    36.15     5.47
2015    3    51.12     8.96
2015    4    34.10    14.67
2015    5    22.97    16.29
2015    6    26.51    19.70
2015    7     3.51    26.37
2015    8     0.19    24.91
2015    9     1.04    20.21
2015   10    19.95    14.82
2015   11    57.54    10.40
2015   12    56.07    -1.28
2016    1    27.70     3.58
2016    2    40.46    -0.60
2016    3   111.47     5.18
2016    4    85.43    11.22
2016    5   127.24    15.03
2016    6    39.16    20.71
2016    7    38.96    21.74
2016    8     2.67    22.44
2016    9    49.99    14.80
2016   10    32.03     8.81
2016   11    57.54    10.10
2016   12    18.62     6.78
2017    1    36.25    -4.26
2017    2    18.28     5.19
2017    3    56.35     6.61
2017    4    30.79    14.49
2017    5    16.38    16.34
2017    6    50.78    23.35
2017    7    43.34    23.70
2017    8     1.55    25.46
2017    9    18.59    20.79
2017   10    11.31    15.30
2017   11    35.21     5.64
2017   12    27.91     4.54
2018    1    44.20     3.89
2018    2    55.20     2.85
2018    3   108.19     6.53
2018    4    42.33    10.82
2018    5     8.06    16.60
2018    6    79.75    20.84
2018    7    16.88    22.51
2018    8     6.89    20.93
2018    9     0.00    20.52
2018   10    72.67    10.71
2018   11     9.00     5.47
2018   12    36.72     5.76
2019    1    18.76     3.29
2019    2    22.25     4.82
2019    3    43.85     8.32
2019    4     8.83     9.94
2019    5    30.51    18.30
2019    6    14.94    20.30
2019    7    15.44    23.64
2019    8    25.43    22.30
2019    9    26.36    19.42
2019   10    74.75     7.83
2019   11    28.84     5.82
2019   12    53.24    -1.01
2020    1    12.19    -3.24
2020    2    33.26     3.04
2020    3    21.22    10.44
2020    4    16.77    14.57
2020    5    31.54    19.08
2020    6     4.38    24.27
2020    7     3.99    25.39
2020    8     0.00    25.38
2020    9   112.29    18.38
2020   10     6.71    15.45
2020   11    40.25    10.04
2020   12    29.62     2.57
2021    1    21.98     3.47
2021    2    40.48    -0.36
2021    3    78.20     4.79
2021    4    25.14     8.89
2021    5   139.42    14.21
2021    6    60.22    18.46
2021    7    28.72    23.59
2021    8    26.93    22.75
2021    9     5.88    18.93
2021   10    12.08    13.03
2021   11    46.96     6.06
2021   12    23.40     3.07
2022    1    63.18     3.63
2022    2    40.67     3.48
2022    3    36.56     8.02
2022    4    80.53    10.88
2022    5    48.44    15.32
2022    6    40.62    21.57
2022    7    16.49    22.44
2022    8     1.67    22.21
2022    9     0.02    18.43
2022   10    60.71    11.36
2022   11    25.97     8.19
2022   12    16.03     6.60
2023    1    33.10    -0.86
2023    2     8.17     3.91
2023    3    57.67     7.16
2023    4    61.91    12.99
2023    5    24.03    16.89
2023    6    33.00    20.12
2023    7    14.88    23.86
2023    8    30.82    22.25
2023    9     0.88    20.24
2023   10    33.86    15.21
2023   11    33.93     8.26
2023   12    41.59     1.06
2024    1    23.67    -0.05
2024    2    44.39     6.28
2024    3    23.86    12.19
2024    4    64.91    10.12
2024    5    68.72    17.26
2024    6    24.54    22.42
2024    7     4.27    23.95
2024    8     1.37    24.13
2024    9    16.21    21.61
2024   10    45.36    13.54
2024   11    61.05     8.04
2024   12    41.87     5.55
2025    1    53.16     4.80
2025    2    39.26     4.57
2025    3    63.36     3.52
2025    4    44.53    14.11
2025    5    74.95    15.50
2025    6    17.09    20.32
2025    7    32.81    22.32
2025    8     9.05    22.65
2025    9     6.84    19.85
2025   10   111.84    11.59
2025   11    23.58    10.34
2025   12    54.66     4.55
2026    1    12.67     4.95
2026    2    22.18     4.20
2026    3    42.33     7.83
2026    4    35.26    14.41
2026    5    50.04    15.55
2026    6    24.57    20.54
2026    7     0.30    24.08
2026    8    33.29    23.23
2026    9    55.86    18.49
2026   10    63.03    13.59
2026   11   100.15     8.40
2026   12    38.23     0.73
2027    1    12.02    -0.83
2027    2    46.70     4.32
2027    3    38.38     6.70
2027    4    49.29    11.94
2027    5    69.88    14.64
2027    6    25.23    21.41
2027    7    15.67    24.88
2027    8    27.21    22.68
2027    9    27.33    18.71
2027   10    19.96    12.09
2027   11    53.65    10.50
2027   12    68.15     1.31
2028    1    11.68     0.20
2028    2    54.18     5.93
2028    3    41.88     6.10
2028    4    17.53    11.85
2028    5    24.42    18.62
2028    6    60.49    21.40
2028    7    13.93    23.93
2028    8    19.88    23.25
2028    9     0.00    18.26
2028   10    51.15    14.15
2028   11    28.73    10.62
2028   12    68.70     4.17
2029    1    32.53     4.39
2029    2    29.42     3.62
2029    3   111.28     2.66
2029    4    33.02    10.71
2029    5    65.55    17.67
2029    6    24.25    21.99
2029    7     3.64    24.06
2029    8     3.85    21.87
2029    9    46.94    18.20
2029   10    73.14    11.11
2029   11    16.80    11.11
2029   12    39.81     6.86
2030    1    28.46     5.93
2030    2    61.03     5.19
2030    3    36.85     5.76
2030    4    19.91    12.07
2030    5    40.20    18.59
2030    6     8.58    22.39
2030    7     2.95    23.75
2030    8    16.78    24.39
2030    9     0.71    20.36
2030   10    17.70    12.32
2030   11    47.51     8.27
2030   12    22.00     6.97
2031    1    33.64    -0.63
2031    2    15.24    -1.41
2031    3    54.99     7.19
2031    4     5.24    14.70
2031    5    17.91    19.44
2031    6     0.48    24.26
2031    7     4.45    26.01
2031    8     0.80    24.68
2031    9    65.95    18.39
2031   10    74.80    11.44
2031   11    33.46     7.48
2031   12    24.95     2.58
2032    1    53.55     1.37
2032    2    44.45     6.53
2032    3    10.06     9.43
2032    4    36.61    14.40
2032    5   108.44    14.85
2032    6    24.13    23.11
2032    7    37.79    23.55
2032    8    42.78    24.41
2032    9     7.07    20.09
2032   10     4.58    15.09
2032   11    27.28     8.84
2032   12    69.40     6.52
2033    1    10.20     1.30
2033    2    12.16     3.68
2033    3    34.11     9.77
2033    4    82.59    15.14
2033    5     5.60    18.88
2033    6     6.73    22.51
2033    7     0.11    28.59
2033    8     0.29    25.10
2033    9    18.15    19.73
2033   10    15.10    13.67
2033   11    24.30     9.59
2033   12    90.73    -0.35
2034    1    85.77     3.37
2034    2    70.28     1.21
2034    3    35.24     3.45
2034    4    51.02    13.61
2034    5   154.70    17.79
2034    6    12.35    19.91
2034    7    47.98    22.32
2034    8    19.86    21.66
2034    9    32.04    17.21
2034   10    15.79    15.84
2034   11    30.44    10.63
2034   12    24.58     4.99
2035    1    45.59     4.78
2035    2    72.34     4.12
2035    3    53.40     6.07
2035    4    38.42    14.03
2035    5    29.89    18.03
2035    6    30.24    21.35
2035    7     5.83    23.33
2035    8     0.11    25.37
2035    9     0.04    21.07
2035   10    12.66    14.29
2035   11    34.66     7.93
2035   12    44.31     1.59
2036    1    37.52    -0.22
2036    2    20.54     8.82
2036    3     5.62    14.08
2036    4    49.49    15.16
2036    5    62.31    16.98
2036    6     9.47    22.34
2036    7    46.65    24.98
2036    8     4.66    23.97
2036    9    17.67    19.02
2036   10    67.05    13.03
2036   11     7.07    11.08
2036   12    75.89     1.28
2037    1    27.19     2.83
2037    2    40.67     3.27
2037    3    21.18    10.15
2037    4     1.39    15.04
2037    5    88.21    15.12
2037    6    68.59    21.59
2037    7    15.66    21.79
2037    8     4.20    24.55
2037    9     0.01    20.33
2037   10     5.96    15.82
2037   11    67.71     9.19
2037   12    34.26     4.12
2038    1    45.56     3.45
2038    2    31.14     2.38
2038    3    30.54     6.99
2038    4    17.04    12.58
2038    5    16.17    16.53
2038    6    16.05    22.62
2038    7     2.69    25.56
2038    8    20.67    25.62
2038    9    29.55    18.65
2038   10    26.81    16.33
2038   11    30.87     9.19
2038   12    87.06     4.58
2039    1    49.84     1.72
2039    2    46.50     3.00
2039    3    26.04    11.27
2039    4    43.70    14.26
2039    5    50.84    16.14
2039    6    42.67    23.97
2039    7    20.36    25.12
2039    8     0.47    26.08
2039    9     3.94    22.49
2039   10    74.54    13.01
2039   11     6.32    11.78
2039   12    42.25     2.66
2040    1    72.79     3.63
2040    2    61.06     1.34
2040    3    27.21     7.96
2040    4    46.42    14.56
2040    5    82.41    16.61
2040    6    65.09    20.16
2040    7    17.10    22.36
2040    8    19.94    21.42
2040    9     1.24    18.01
2040   10     2.90    14.20
2040   11    76.16     7.43
2040   12    30.93     2.94
2041    1    29.68     2.42
2041    2    16.13     6.52
2041    3    59.17     6.08
2041    4   115.44    10.09
2041    5    28.29    16.68
2041    6    23.18    19.80
2041    7     5.75    25.01
2041    8    13.84    23.50
2041    9     0.00    21.91
2041   10    54.74    14.29
2041   11    24.95    10.37
2041   12    32.70     1.01
2042    1    17.00     1.94
2042    2    34.24     3.10
2042    3    51.95     5.86
2042    4     2.58    16.30
2042    5    35.33    16.15
2042    6     5.75    22.79
2042    7     0.03    27.49
2042    8     6.15    24.71
2042    9     5.63    22.53
2042   10    49.57    12.61
2042   11    12.49     7.53
2042   12    56.01     0.12
2043    1    14.09     0.95
2043    2    42.03     2.57
2043    3    53.17     9.29
2043    4    58.52    13.65
2043    5    23.02    18.53
2043    6    46.54    21.55
2043    7    16.93    25.17
2043    8    12.39    25.32
2043    9    49.00    18.99
2043   10    39.96    13.57
2043   11    65.45     8.99
2043   12    21.21     5.13
2044    1    29.78     4.80
2044    2    44.97     6.44
2044    3    16.94    11.09
2044    4    60.67     9.26
2044    5    59.86    15.53
2044    6    44.86    21.01
2044    7    26.74    22.38
2044    8     6.61    23.30
2044    9     9.71    20.80
2044   10     0.01    17.06
2044   11    22.96     8.74
2044   12    17.94     3.09
2045    1    60.98     6.85
2045    2    46.71     1.88
2045    3    27.41     7.80
2045    4    96.98    13.03
2045    5    52.50    17.59
2045    6    14.81    21.75
2045    7    21.15    25.30
2045    8     0.01    24.99
2045    9    24.49    20.46
2045   10    14.72    18.12
2045   11   133.27     6.35
2045   12    54.14     2.33
2046    1    44.75     1.99
2046    2    56.96     3.16
2046    3    55.80     8.32
2046    4    29.57    13.50
2046    5    61.32    14.81
2046    6    39.94    21.58
2046    7    10.22    23.38
2046    8     0.04    25.41
2046    9    66.18    17.94
2046   10    32.81    14.51
2046   11    66.66    10.43
2046   12    18.07     7.21
2047    1    55.05     3.57
2047    2    62.39     4.40
2047    3    78.32     8.95
2047    4    25.85    10.36
2047    5    34.31    18.12
2047    6    69.82    22.47
2047    7    13.72    25.50
2047    8     1.09    24.77
2047    9    40.78    17.98
2047   10     4.61    17.26
2047   11    39.07    10.55
2047   12    16.85     8.77
2048    1    21.73     7.18
2048    2   103.18     4.96
2048    3    75.91     9.97
2048    4    51.25    14.14
2048    5    56.49    17.99
2048    6    16.65    21.88
2048    7     2.26    25.11
2048    8    14.94    25.87
2048    9    30.02    20.76
2048   10     7.60    16.24
2048   11     6.48    13.68
2048   12    42.10     8.70
2049    1    31.89     5.06
2049    2    22.43     6.30
2049    3    42.06    11.02
2049    4    74.33    11.39
2049    5    36.58    19.71
2049    6    10.99    22.57
2049    7     4.46    28.44
2049    8     0.00    25.45
2049    9     0.00    21.02
2049   10    46.03    16.78
2049   11    41.87    12.32
2049   12    12.12     7.56
2050    1    84.42     2.77
2050    2    28.79     6.10
2050    3    51.41     8.69
2050    4    20.83    16.32
2050    5    42.48    17.57
2050    6    25.57    23.81
2050    7     3.04    27.46
2050    8     4.14    25.86
2050    9     6.42    20.40
2050   10     4.39    16.97
2050   11    28.29     9.81
2050   12    63.42     5.06
2051    1    80.56     2.09
2051    2    41.86     6.50
2051    3    58.34     9.39
2051    4    91.60    10.86
2051    5    77.54    17.62
2051    6    31.92    20.80
2051    7    20.93    24.15
2051    8     0.00    26.29
2051    9    11.41    22.65
2051   10    23.53    16.64
2051   11    14.00    12.30
2051   12    72.48     5.95
2052    1    15.53     2.97
2052    2    24.23     6.82
2052    3    39.74    12.46
2052    4    71.04    14.61
2052    5    24.93    18.46
2052    6    57.49    21.19
2052    7    10.86    26.04
2052    8    15.07    24.80
2052    9     7.81    21.79
2052   10    88.09    12.81
2052   11    58.64     8.72
2052   12    81.75     5.15
2053    1    30.77     2.10
2053    2    24.65     8.50
2053    3    19.85     9.44
2053    4    44.37    12.60
2053    5    42.49    17.81
2053    6    32.52    21.80
2053    7    37.88    24.87
2053    8     0.16    25.69
2053    9     0.02    22.79
2053   10    24.04    15.04
2053   11    61.13     8.48
2053   12    27.13     6.45
2054    1    48.76     2.68
2054    2    56.39     3.27
2054    3    54.82    10.02
2054    4    60.84    14.52
2054    5    47.92    16.83
2054    6    18.80    20.22
2054    7    15.72    24.51
2054    8     5.40    25.06
2054    9    25.38    16.90
2054   10    25.70    16.29
2054   11    15.52    11.55
2054   12    73.55     6.00
2055    1    50.66     5.78
2055    2     2.60     7.64
2055    3    22.36     8.81
2055    4     9.92    15.35
2055    5    41.36    20.36
2055    6    11.50    23.48
2055    7     0.00    29.05
2055    8    12.59    25.01
2055    9     0.21    21.64
2055   10    70.67    16.56
2055   11    52.31    10.98
2055   12   145.88     5.59
2056    1    87.78     6.65
2056    2    89.21     7.12
2056    3    91.30    10.76
2056    4    86.29    15.26
2056    5    39.90    20.01
2056    6    64.02    21.60
2056    7    25.29    24.74
2056    8     2.02    24.32
2056    9    12.07    18.36
2056   10     3.29    12.24
2056   11    30.65     9.84
2056   12    23.86     7.54
2057    1    37.38     7.97
2057    2    53.35     8.20
2057    3    20.28    11.55
2057    4   131.55    11.32
2057    5    16.98    18.31
2057    6    17.04    22.95
2057    7     7.87    26.42
2057    8     3.76    27.54
2057    9     6.03    21.65
2057   10     0.62    19.29
2057   11    33.97    10.88
2057   12    32.52     6.30
2058    1    49.64     5.81
2058    2    28.44     5.42
2058    3    50.87     9.35
2058    4    59.85    14.20
2058    5    31.72    17.37
2058    6    74.94    20.43
2058    7    19.86    23.63
2058    8    13.68    24.86
2058    9    11.99    18.80
2058   10    28.36    13.15
2058   11    26.41    11.82
2058   12    71.20     4.66
2059    1    78.49     2.12
2059    2    18.46     6.02
2059    3    17.39    10.44
2059    4    49.76    16.37
2059    5    25.15    17.73
2059    6    16.36    22.58
2059    7    17.75    25.02
2059    8     0.00    25.33
2059    9    16.30    22.45
2059   10    24.22    14.73
2059   11    42.71    12.41
2059   12    24.91     6.75
2060    1    13.90     1.88
2060    2    20.26     6.92
2060    3    42.19     8.25
2060    4    18.71    16.97
2060    5    21.03    20.44
2060    6    17.39    23.94
2060    7     0.65    27.20
2060    8     1.17    26.36
2060    9     4.19    22.09
2060   10     4.86    17.40
2060   11    82.79    11.02
2060   12    59.93     2.63
2061    1    43.19     4.63
2061    2   137.82     1.88
2061    3    28.72     8.11
2061    4    57.44    13.87
2061    5    35.18    18.49
2061    6    44.53    23.20
2061    7    27.97    25.71
2061    8     0.37    25.43
2061    9     0.68    21.52
2061   10    79.65    15.67
2061   11     7.19    12.50
2061   12    21.28     8.98
2062    1   107.90     2.77
2062    2    71.74     3.81
2062    3    33.62     8.37
2062    4    11.98    16.39
2062    5    13.37    20.16
2062    6    37.52    23.16
2062    7     0.00    27.59
2062    8     0.06    27.11
2062    9    44.71    20.84
2062   10    30.69    15.74
2062   11    55.58    11.96
2062   12    67.89     2.52
2063    1    40.93     4.72
2063    2    20.32     6.29
2063    3    67.97     8.12
2063    4    34.21    13.66
2063    5     3.90    20.91
2063    6    13.95    25.82
2063    7    29.27    27.29
2063    8     3.94    24.42
2063    9     2.11    20.64
2063   10    12.90    14.44
2063   11    42.48     7.43
2063   12    61.91     7.63
2064    1    54.93     4.52
2064    2    51.64     6.07
2064    3    46.16     5.48
2064    4    28.47    16.58
2064    5    32.04    18.10
2064    6    88.97    22.72
2064    7    79.36    25.01
2064    8    12.79    24.62
2064    9     5.87    20.31
2064   10    52.02    11.54
2064   11    37.77    11.80
2064   12    44.83     8.87
2065    1    29.83     3.82
2065    2    46.14     6.56
2065    3    16.11    10.06
2065    4    15.25    17.58
2065    5    69.81    19.00
2065    6    17.21    26.53
2065    7    40.51    26.09
2065    8     1.66    28.81
2065    9    27.03    23.83
2065   10    31.31    17.62
2065   11    67.50    11.91
2065   12    86.87     7.00
2066    1    66.74     3.60
2066    2    75.35     3.91
2066    3    50.52    10.45
2066    4    51.67    12.06
2066    5   140.19    19.43
2066    6    43.21    21.36
2066    7    18.52    23.87
2066    8     3.59    23.29
2066    9    15.28    20.73
2066   10    10.92    14.70
2066   11    43.74    11.89
2066   12    59.65     7.09
2067    1    22.44     9.73
2067    2    47.92     4.74
2067    3    29.18    10.81
2067    4    11.27    14.93
2067    5    38.59    20.39
2067    6     0.70    26.63
2067    7    14.58    29.34
2067    8     0.02    27.37
2067    9    13.86    21.98
2067   10    42.96    14.99
2067   11    31.25    10.61
2067   12    12.37     8.45
2068    1    25.59     7.63
2068    2    27.43     6.98
2068    3    56.22     9.51
2068    4    57.91    14.90
2068    5    26.79    20.59
2068    6    10.55    22.35
2068    7     9.72    26.20
2068    8     0.00    28.77
2068    9     0.00    23.08
2068   10    59.22    17.22
2068   11    83.95    11.34
2068   12    37.17     5.85
2069    1    56.24     6.55
2069    2    61.37     6.85
2069    3    53.41     8.24
2069    4    59.10    14.90
2069    5   195.37    17.43
2069    6    49.52    22.61
2069    7    29.66    23.70
2069    8     8.75    23.24
2069    9    57.48    18.44
2069   10     8.55    14.73
2069   11   105.43    10.29
2069   12    56.05     4.29
2070    1    25.49     5.42
2070    2     5.49     8.25
2070    3    35.35     7.97
2070    4    58.82    15.51
2070    5    51.43    20.25
2070    6    37.86    21.09
2070    7    31.71    24.64
2070    8     0.23    26.21
2070    9     0.00    21.38
2070   10     2.19    19.20
2070   11    27.56     7.74
2070   12    63.95     5.09
2071    1    56.11     4.37
2071    2    46.92     9.33
2071    3    81.78     7.62
2071    4     4.41    15.47
2071    5    45.39    19.97
2071    6     2.75    23.62
2071    7     6.20    29.07
2071    8     0.00    28.85
2071    9     0.00    23.43
2071   10    24.88    18.16
2071   11   135.10    10.65
2071   12    45.38     5.94
2072    1    46.81     6.35
2072    2    43.47     7.80
2072    3    13.01    11.72
2072    4    18.01    15.92
2072    5    61.41    20.46
2072    6    44.17    24.29
2072    7    22.00    26.14
2072    8     1.14    28.24
2072    9     9.48    22.37
2072   10    15.52    17.80
2072   11    28.38     9.24
2072   12    59.19     2.82
2073    1    35.02    -1.09
2073    2    60.19     4.74
2073    3     8.17    13.42
2073    4    52.41    17.19
2073    5    18.56    19.89
2073    6     4.77    25.87
2073    7     9.60    28.69
2073    8     5.61    26.99
2073    9     1.31    23.30
2073   10    80.15    15.99
2073   11    40.10    10.84
2073   12    12.22     9.97
2074    1    56.44     6.65
2074    2    69.12     6.62
2074    3    31.25    13.23
2074    4    38.61    17.47
2074    5    22.54    19.47
2074    6    12.71    23.84
2074    7     0.00    27.57
2074    8     0.15    27.35
2074    9     1.33    23.75
2074   10     2.52    16.13
2074   11    42.66    12.25
2074   12    45.16     8.65
2075    1    24.53     5.06
2075    2    38.47     9.20
2075    3    45.11    12.55
2075    4    62.44    16.49
2075    5    66.39    20.04
2075    6    24.28    23.83
2075    7     1.37    27.04
2075    8     0.00    28.84
2075    9     0.66    21.35
2075   10    26.77    20.25
2075   11    31.62    10.47
2075   12    15.29     7.48
2076    1    27.58     5.23
2076    2    64.75     7.97
2076    3   118.42     8.43
2076    4    25.62    15.86
2076    5    23.23    21.01
2076    6    71.74    24.18
2076    7     2.57    26.26
2076    8     0.40    26.47
2076    9     3.56    24.58
2076   10     1.22    18.75
2076   11    63.51     8.41
2076   12    33.27     9.54
2077    1   117.91     1.02
2077    2    16.13    10.49
2077    3    45.32     7.09
2077    4    95.98    12.14
2077    5   100.99    18.72
2077    6    43.77    22.05
2077    7     6.77    26.30
2077    8    11.74    25.09
2077    9     0.00    21.06
2077   10    19.02    18.99
2077   11    58.92     8.72
2077   12    57.77     5.80
2078    1    84.86     2.38
2078    2    16.98     7.10
2078    3    70.48    10.58
2078    4   123.32    16.96
2078    5     3.75    19.17
2078    6    15.92    23.69
2078    7     0.00    29.59
2078    8     0.00    27.56
2078    9     6.66    22.65
2078   10     1.76    18.57
2078   11    72.99     9.27
2078   12    45.16     8.33
2079    1    20.91     9.00
2079    2   113.69     8.52
2079    3    14.27    13.32
2079    4    60.52    14.47
2079    5    51.37    19.36
2079    6    10.43    24.13
2079    7     8.65    28.17
2079    8    11.78    28.90
2079    9     0.02    23.68
2079   10    35.69    17.33
2079   11    32.78     8.66
2079   12    26.86     9.91
2080    1    34.79     2.97
2080    2    17.03     6.82
2080    3    68.12    10.38
2080    4    55.23    16.84
2080    5   117.25    20.35
2080    6    23.10    23.54
2080    7    11.59    27.89
2080    8     2.30    26.88
2080    9     0.00    25.96
2080   10   133.51    16.33
2080   11    33.89    14.15
2080   12    49.71     7.75
2081    1    11.29     5.24
2081    2    29.10     6.00
2081    3    63.83     9.05
2081    4    46.74    16.36
2081    5    19.56    19.33
2081    6    20.31    23.96
2081    7    33.58    26.76
2081    8    21.57    26.18
2081    9     0.00    23.07
2081   10     2.13    17.78
2081   11    34.99    12.18
2081   12    12.67     9.22
2082    1    51.35     7.06
2082    2    40.65     7.73
2082    3    68.10     9.28
2082    4    73.69    14.28
2082    5    17.90    21.39
2082    6    20.94    23.16
2082    7    19.09    28.33
2082    8     2.83    25.21
2082    9     0.00    25.23
2082   10    36.05    21.02
2082   11    69.56    12.18
2082   12     7.82    10.04
2083    1    58.75     9.16
2083    2   131.06     9.28
2083    3    90.81     8.94
2083    4    30.98    16.55
2083    5    14.48    19.43
2083    6    30.32    24.07
2083    7    24.07    28.63
2083    8    10.61    27.28
2083    9     1.17    24.94
2083   10     4.37    19.78
2083   11    44.23    15.98
2083   12    33.14     7.71
2084    1    48.18     4.53
2084    2    27.19    10.42
2084    3     4.64    12.10
2084    4    20.29    17.46
2084    5    48.03    21.28
2084    6     2.88    26.41
2084    7     0.01    29.27
2084    8     0.01    28.41
2084    9     1.14    22.47
2084   10     1.56    18.18
2084   11    92.06    13.03
2084   12    91.14     8.20
2085    1    27.56     8.63
2085    2    55.39     9.66
2085    3     8.98    13.55
2085    4    14.82    17.40
2085    5   111.93    18.96
2085    6    50.83    23.10
2085    7     6.86    28.51
2085    8     0.00    26.92
2085    9     0.00    25.63
2085   10    46.85    18.26
2085   11    22.40    10.89
2085   12    80.28     7.61
2086    1   106.57     3.32
2086    2    36.53    10.16
2086    3    43.66    13.59
2086    4    46.96    17.10
2086    5    92.98    19.74
2086    6    16.24    25.22
2086    7     6.55    26.92
2086    8     0.18    28.74
2086    9    39.43    22.37
2086   10    12.63    18.39
2086   11    16.26    15.54
2086   12    11.67     9.54
2087    1    41.58     5.50
2087    2    23.57     7.09
2087    3    27.34    11.43
2087    4    70.88    14.88
2087    5    31.49    20.75
2087    6     6.10    26.62
2087    7     0.00    30.40
2087    8     0.10    28.33
2087    9     0.00    24.69
2087   10    16.17    17.89
2087   11    46.52    10.69
2087   12    41.88     7.27
2088    1    61.72     7.92
2088    2    78.29     7.72
2088    3     3.84    14.12
2088    4    95.19    18.23
2088    5    52.66    21.95
2088    6     3.22    25.56
2088    7    10.19    27.71
2088    8     0.00    29.48
2088    9    26.21    22.81
2088   10    18.76    19.02
2088   11    26.16    11.51
2088   12    45.41     6.75
2089    1    40.46     3.64
2089    2    64.70     6.10
2089    3   116.30     8.00
2089    4    43.02    17.75
2089    5    89.42    18.31
2089    6    21.27    24.98
2089    7    26.35    26.72
2089    8     0.23    26.51
2089    9     5.43    24.54
2089   10    33.06    19.35
2089   11    70.04    11.07
2089   12    38.38     9.46
2090    1    73.22     4.17
2090    2    86.62     6.62
2090    3   103.97     9.12
2090    4    27.56    18.27
2090    5    32.08    19.66
2090    6    54.35    23.15
2090    7    19.02    27.47
2090    8     0.00    29.39
2090    9     0.00    28.29
2090   10    35.51    18.42
2090   11    13.14    12.54
2090   12    26.53    10.43
2091    1    16.04     7.42
2091    2    31.91     8.34
2091    3    35.94    12.31
2091    4     6.16    17.94
2091    5     7.73    22.91
2091    6    16.38    25.97
2091    7     0.22    29.25
2091    8     0.00    32.92
2091    9     1.04    22.83
2091   10     0.37    21.94
2091   11    35.91    13.50
2091   12    33.52     8.72
2092    1    93.88     3.95
2092    2    63.45     7.68
2092    3    16.05    10.48
2092    4    13.74    17.10
2092    5    76.84    19.10
2092    6    19.88    25.83
2092    7     0.81    30.51
2092    8     0.00    29.42
2092    9     2.50    25.56
2092   10     4.28    20.23
2092   11    66.23    11.67
2092   12    11.24    12.29
2093    1    39.04     5.41
2093    2    16.20     5.40
2093    3    25.21    10.84
2093    4    10.00    16.12
2093    5    38.50    21.43
2093    6     4.73    26.52
2093    7     0.04    30.62
2093    8     0.24    27.69
2093    9     1.62    24.14
2093   10    18.46    15.65
2093   11    24.76     9.63
2093   12    51.61     6.64
2094    1     5.22     8.58
2094    2    17.60    10.62
2094    3    15.63     9.84
2094    4    56.70    13.00
2094    5    65.06    24.25
2094    6    18.46    26.60
2094    7     3.78    30.25
2094    8     0.72    28.62
2094    9     8.92    23.35
2094   10    14.46    19.02
2094   11    60.74    15.91
2094   12    60.35     6.20
2095    1    31.03     9.30
2095    2    46.64     7.47
2095    3    58.63    11.43
2095    4     9.65    14.78
2095    5     8.25    18.29
2095    6    17.27    26.88
2095    7     0.04    28.90
2095    8     8.53    26.65
2095    9    44.49    23.99
2095   10    51.38    17.14
2095   11    25.74    12.42
2095   12    22.43     4.09
2096    1    23.03     8.01
2096    2    74.10     8.16
2096    3     6.38    14.84
2096    4    43.97    16.62
2096    5     7.92    23.62
2096    6    20.26    26.24
2096    7     3.77    32.03
2096    8     1.52    30.57
2096    9    17.87    26.73
2096   10    14.20    15.58
2096   11    33.70    13.62
2096   12    23.10     9.45
2097    1    72.61     6.64
2097    2    45.63     5.52
2097    3    33.45     9.52
2097    4    29.83    17.40
2097    5    53.58    19.23
2097    6    43.36    26.70
2097    7    11.01    29.13
2097    8     0.00    29.33
2097    9     0.00    24.93
2097   10     5.56    16.83
2097   11    59.88    12.92
2097   12    40.68     7.92
2098    1    29.06     6.32
2098    2    31.77     8.90
2098    3    50.23     9.13
2098    4    87.13    16.28
2098    5   127.65    18.78
2098    6    39.12    25.45
2098    7     9.63    28.42
2098    8     0.95    27.68
2098    9    11.90    21.25
2098   10     1.05    18.75
2098   11    40.55    13.52
2098   12    27.66    10.28
2099    1    28.01     4.81
2099    2    66.67     7.34
2099    3    92.29    10.26
2099    4    99.22    12.66
2099    5    44.64    21.06
2099    6    12.83    25.21
2099    7     3.70    27.97
2099    8     1.83    28.38
2099    9     1.53    25.03
2099   10    13.78    17.72
2099   11     3.46    13.31
2099   12    24.79     8.22
2100    1    35.52     7.63
2100    2    59.15     7.48
2100    3    41.74    15.08
2100    4    46.74    16.30
2100    5   119.54    18.39
2100    6    20.10    25.14
2100    7     5.90    28.30
2100    8    14.41    28.98
2100    9     0.78    25.27
2100   10   155.37    18.52
2100   11    19.65    13.44
2100   12    42.34    13.92
