2006    1    46.45    -2.46
2006    2    32.61    -3.95
2006    3    73.14     0.63
2006    4    75.34     7.90
2006    5   219.92    12.10
2006    6   118.22    16.04
2006    7   102.80    18.72
2006    8    41.64    16.65
2006    9    96.94    14.00
2006   10    52.82     9.28
2006   11    76.57     3.86
2006   12    61.91    -3.08
2007    1    36.51    -3.02
2007    2    47.29    -1.87
2007    3    59.82    -0.25
2007    4    29.20     5.69
2007    5   161.39    11.86
2007    6    84.35    17.62
2007    7   185.34    17.48
2007    8    13.14    20.87
2007    9    66.46    12.62
2007   10   134.97     6.34
2007   11    33.12     1.50
2007   12    62.37    -4.36
2008    1    34.19    -6.60
2008    2    36.68    -5.65
2008    3    14.99     2.53
2008    4   109.80     8.69
2008    5   244.34    14.57
2008    6   271.75    12.43
2008    7   118.12    19.70
2008    8    78.98    20.17
2008    9    66.14    13.75
2008   10    21.68     8.11
2008   11    23.93     1.57
2008   12    12.03    -1.59
2009    1    42.06    -4.65
2009    2    40.70    -6.02
2009    3    53.35     0.26
2009    4    68.90     2.88
2009    5    92.85     9.36
2009    6   233.10    14.11
2009    7   126.08    18.26
2009    8    60.16    18.88
2009    9    36.89    13.43
2009   10    41.48     8.48
2009   11    95.25    -0.16
2009   12    51.56    -1.77
2010    1    87.50    -4.48
2010    2    29.57    -3.95
2010    3    43.90     3.01
2010    4   123.47     7.59
2010    5   155.12     9.86
2010    6   186.04    16.48
2010    7    52.89    16.71
2010    8   103.74    18.53
2010    9    46.07    12.75
2010   10    82.14     4.21
2010   11    62.78     0.35
2010   12    30.04    -2.17
2011    1    53.65    -4.71
2011    2    20.93   -10.48
2011    3    46.25     0.72
2011    4   152.77     3.54
2011    5    54.28    10.74
2011    6   183.43    15.26
2011    7   188.25    17.49
2011    8    36.42    18.71
2011    9    67.03    13.36
2011   10    66.01     7.01
2011   11    77.90     0.90
2011   12    87.32    -6.77
2012    1    57.62    -9.68
2012    2    55.26    -3.01
2012    3    72.73    -1.90
2012    4    79.37     5.73
2012    5   168.08    10.49
2012    6   146.44    14.01
2012    7   227.49    17.23
2012    8    64.36    15.85
2012    9    72.27    11.36
2012   10   106.74     4.75
2012   11    66.61     2.56
2012   12    36.63    -0.31
2013    1    77.87    -5.27
2013    2    59.59    -4.72
2013    3    60.91    -1.99
2013    4    67.97     5.07
2013    5   159.14    10.18
2013    6   213.90    14.21
2013    7   154.79    18.37
2013    8    77.76    16.22
2013    9    46.85    13.17
2013   10    75.75     7.20
2013   11    93.63     1.16
2013   12   106.84    -5.03
2014    1    39.01    -5.69
2014    2    37.04    -4.80
2014    3    68.29    -4.63
2014    4   139.28     2.47
2014    5   149.38    11.36
2014    6   176.17    16.93
2014    7   139.77    19.20
2014    8   166.55    18.01
2014    9    75.42    11.50
2014   10    69.59     8.66
2014   11    55.65     0.56
2014   12    69.90    -2.36
2015    1    97.83    -6.43
2015    2    23.76    -6.71
2015    3    40.07     0.20
2015    4   108.62     6.84
2015    5   221.64    11.13
2015    6   234.88    15.43
2015    7   216.62    17.17
2015    8   130.39    17.02
2015    9    79.79    11.45
2015   10    32.07     9.72
2015   11    64.51     2.76
2015   12    58.61    -5.92
2016    1    64.65    -3.77
2016    2    45.41    -4.05
2016    3   114.85    -0.66
2016    4    86.69     6.19
2016    5    87.44    11.73
2016    6   163.25    19.41
2016    7   187.84    16.76
2016    8    30.90    17.38
2016    9    49.42    12.38
2016   10    79.41     7.54
2016   11    72.73     0.50
2016   12    10.98    -5.91
2017    1    34.10    -4.95
2017    2    44.91    -2.20
2017    3    59.86     2.71
2017    4    61.63     6.12
2017    5   113.12    12.26
2017    6   229.40    17.22
2017    7   158.55    18.98
2017    8    53.17    19.44
2017    9    82.36    13.50
2017   10   194.32     5.68
2017   11   104.06     1.91
2017   12    45.70    -2.53
2018    1    48.98    -1.01
2018    2    44.99    -2.28
2018    3    84.75     4.77
2018    4   195.16     4.23
2018    5   117.59     9.18
2018    6   253.24    18.00
2018    7   214.79    18.38
2018    8    47.81    17.70
2018    9   108.65    10.79
2018   10    80.90     6.35
2018   11    64.09     0.86
2018   12    35.96    -2.39
2019    1    20.87    -1.37
2019    2    28.64     1.60
2019    3    72.47     0.45
2019    4    85.37     5.87
2019    5   151.69    11.77
2019    6   189.85    14.01
2019    7   147.79    18.33
2019    8    66.21    16.73
2019    9    42.06    15.33
2019   10   120.52     7.18
2019   11    50.95     0.78
2019   12    84.44    -3.07
2020    1    55.37    -4.12
2020    2   119.41    -5.18
2020    3    62.97    -0.34
2020    4    51.03     5.28
2020    5   199.95    10.15
2020    6   181.27    18.55
2020    7   184.32    16.20
2020    8    47.86    18.63
2020    9    48.21    12.78
2020   10    73.63     7.96
2020   11    71.75     0.16
2020   12    67.40    -0.96
2021    1    30.13    -4.24
2021    2    51.09    -0.49
2021    3    64.50     0.09
2021    4    90.97     7.33
2021    5   212.13    11.68
2021    6   263.76    16.65
2021    7   242.04    17.78
2021    8    70.03    17.19
2021    9    70.25    13.82
2021   10    56.09     6.26
2021   11    66.79    -1.38
2021   12    52.59    -3.69
2022    1    68.58    -3.48
2022    2    91.01    -3.31
2022    3    26.31     4.11
2022    4    63.67     9.75
2022    5   163.13    12.53
2022    6   151.76    17.10
2022    7   153.48    19.46
2022    8    44.59    17.63
2022    9    46.60    12.08
2022   10    53.30     6.64
2022   11    71.68     0.84
2022   12    57.46    -2.21
2023    1    42.94    -1.54
2023    2    37.72    -4.31
2023    3    69.02    -0.97
2023    4    62.57     6.87
2023    5   251.75    10.07
2023    6   247.84    15.77
2023    7   214.09    18.61
2023    8   160.31    15.95
2023    9    53.10    13.23
2023   10    88.08     5.45
2023   11    36.80     2.92
2023   12    76.82    -7.71
2024    1    91.61    -1.87
2024    2    26.19    -6.37
2024    3    62.76     2.51
2024    4    78.78     4.70
2024    5   182.33     9.35
2024    6   175.10    14.12
2024    7   134.43    18.28
2024    8   114.92    15.16
2024    9    88.50    13.31
2024   10    36.51    10.22
2024   11    55.72    -0.94
2024   12    40.77    -4.95
2025    1    22.62    -5.61
2025    2    11.99    -3.06
2025    3    75.57    -1.16
2025    4    52.26     6.18
2025    5   193.16    13.11
2025    6   243.64    13.11
2025    7   233.46    18.13
2025    8    97.17    19.55
2025    9    38.26    15.05
2025   10    56.83     7.83
2025   11    52.54     3.75
2025   12    65.28    -4.30
2026    1    60.14    -6.54
2026    2    39.93    -7.10
2026    3    28.09     3.42
2026    4    68.11     6.29
2026    5   184.58    10.22
2026    6   209.36    15.57
2026    7   247.19    17.53
2026    8   149.31    16.29
2026    9    82.02    13.51
2026   10    44.42     8.55
2026   11    71.67     3.62
2026   12    46.22    -3.27
2027    1    36.62    -0.45
2027    2    23.62    -1.61
2027    3    68.70    -0.36
2027    4   101.55     8.97
2027    5   133.22     9.73
2027    6   127.42    13.77
2027    7   169.54    21.99
2027    8    66.27    18.62
2027    9   137.45    11.90
2027   10    50.21     6.61
2027   11    74.15     2.27
2027   12    80.82    -3.91
2028    1    99.15    -6.47
2028    2     8.89    -2.51
2028    3    51.68     4.36
2028    4    70.10     7.44
2028    5   171.84    10.61
2028    6   156.62    18.73
2028    7   222.29    20.61
2028    8    53.83    18.42
2028    9    56.68    13.24
2028   10   122.18     1.69
2028   11    29.26     2.49
2028   12    74.43     0.89
2029    1    89.31    -2.91
2029    2   100.64    -5.11
2029    3   162.30    -2.46
2029    4   135.66     5.08
2029    5   272.11     9.94
2029    6   214.05    14.57
2029    7   115.43    19.01
2029    8   125.52    18.09
2029    9    89.81    12.38
2029   10   113.19     6.54
2029   11    61.35    -0.18
2029   12    93.09    -4.21
2030    1    65.74    -2.06
2030    2    29.59    -1.64
2030    3    29.90     4.95
2030    4    60.70     9.20
2030    5   194.83    10.44
2030    6   139.18    16.39
2030    7   171.38    19.28
2030    8    55.55    16.09
2030    9    65.91    11.86
2030   10    53.25     7.73
2030   11    56.76     2.53
2030   12    67.28    -2.46
2031    1     6.73    -2.81
2031    2    17.47    -0.69
2031    3    99.61     1.12
2031    4   106.17     7.20
2031    5   120.10    10.73
2031    6   261.18    17.72
2031    7   156.17    19.62
2031    8    57.75    18.63
2031    9    42.67    13.31
2031   10    63.44     7.66
2031   11    84.58     3.04
2031   12    53.21    -5.65
2032    1    95.49    -6.33
2032    2    70.46    -2.59
2032    3    27.03    -0.46
2032    4    56.41     6.47
2032    5   110.72    14.71
2032    6   220.78    14.05
2032    7   184.38    19.01
2032    8    81.51    16.11
2032    9    57.01    15.40
2032   10    85.72     5.32
2032   11    75.64     2.34
2032   12    76.06    -0.39
2033    1    70.92    -1.70
2033    2    54.51    -1.87
2033    3    36.80     0.11
2033    4   132.68     5.89
2033    5   163.39    11.31
2033    6   125.21    16.00
2033    7   150.91    17.77
2033    8    93.15    18.97
2033    9    94.43    11.30
2033   10    77.96     7.19
2033   11    61.27     1.27
2033   12    71.79    -2.00
2034    1    90.89    -8.03
2034    2    41.29    -2.35
2034    3    79.74    -2.01
2034    4    82.61     6.31
2034    5   218.67    10.73
2034    6   254.98    17.86
2034    7   148.68    19.99
2034    8   134.41    14.10
2034    9    60.18    11.79
2034   10    97.95     8.85
2034   11    55.24     3.21
2034   12    68.61    -2.25
2035    1    67.33    -8.83
2035    2    30.25    -3.16
2035    3    80.26     0.09
2035    4   138.71     4.69
2035    5    95.00     9.38
2035    6    62.00    15.65
2035    7   126.00    19.25
2035    8   131.04    16.12
2035    9    40.70    13.31
2035   10    53.43     8.91
2035   11    41.07     2.75
2035   12    64.89    -1.79
2036    1    33.23    -2.99
2036    2    62.59    -6.57
2036    3    34.12     1.49
2036    4    52.35     3.76
2036    5    69.98     9.40
2036    6   157.52    17.64
2036    7   171.52    20.81
2036    8    78.24    18.05
2036    9    25.65    14.75
2036   10    51.24     5.74
2036   11    41.13    -1.38
2036   12    99.87    -3.03
2037    1    65.30    -5.61
2037    2    46.36    -3.21
2037    3    72.27     3.91
2037    4    71.21     7.32
2037    5   143.22    12.76
2037    6   160.57    16.72
2037    7   114.42    19.42
2037    8    48.22    15.94
2037    9    57.19    13.42
2037   10    17.29     7.49
2037   11   123.73     3.10
2037   12   111.27    -1.54
2038    1    65.02    -5.12
2038    2    37.18    -4.64
2038    3    32.89     0.84
2038    4   137.42     1.64
2038    5   105.46    13.85
2038    6   153.07    20.25
2038    7   167.24    17.60
2038    8    65.40    18.56
2038    9    98.45    16.01
2038   10   170.58     5.89
2038   11    92.23     4.41
2038   12    56.79    -3.39
2039    1    33.23    -4.18
2039    2    30.25    -1.38
2039    3    67.16    -0.39
2039    4    85.23     5.92
2039    5   110.06    12.46
2039    6   297.71    17.16
2039    7   289.28    17.01
2039    8    57.00    15.78
2039    9    76.16    11.81
2039   10    85.39     9.49
2039   11    71.76     1.53
2039   12    71.54    -5.79
2040    1    18.11    -2.28
2040    2    76.08    -0.70
2040    3    89.72    -2.46
2040    4    42.56     7.64
2040    5   182.77     8.22
2040    6   210.93    14.32
2040    7   296.65    17.66
2040    8    63.31    17.43
2040    9    64.23    11.99
2040   10    64.98     9.97
2040   11    97.27    -0.66
2040   12    63.61    -3.08
2041    1    50.32    -6.54
2041    2    19.83    -1.91
2041    3    97.77    -0.82
2041    4   104.37     5.66
2041    5   200.53    12.52
2041    6   228.30    18.10
2041    7   125.69    21.81
2041    8   110.47    17.52
2041    9    78.31    11.19
2041   10    84.98     8.23
2041   11    80.06     3.99
2041   12   102.54    -5.69
2042    1    50.30    -3.20
2042    2    51.64    -2.30
2042    3    51.13    -2.49
2042    4    94.13     7.51
2042    5   129.95    10.92
2042    6   171.88    17.37
2042    7   139.75    19.55
2042    8    26.48    16.28
2042    9    50.47    13.43
2042   10   105.25     7.01
2042   11   116.05    -0.44
2042   12    98.47    -6.35
2043    1   102.31    -4.93
2043    2    13.29    -6.47
2043    3    77.51     0.74
2043    4   107.25     7.33
2043    5   151.96    11.48
2043    6   178.17    15.77
2043    7   381.72    17.17
2043    8   125.85    15.51
2043    9    28.21    12.91
2043   10    91.08     8.67
2043   11    40.78     2.40
2043   12    59.35    -3.82
2044    1    55.08    -1.74
2044    2    71.15    -1.27
2044    3    59.80     5.06
2044    4   103.95     1.73
2044    5   102.77    12.28
2044    6   270.49    14.85
2044    7   234.88    15.72
2044    8    80.27    16.83
2044    9    61.17    12.70
2044   10   102.70     7.03
2044   11    65.15     3.11
2044   12    35.28    -0.46
2045    1    61.25    -1.92
2045    2    80.38    -4.80
2045    3    33.88     0.97
2045    4   113.40     6.04
2045    5   235.85     9.47
2045    6   234.77    14.85
2045    7   255.79    18.05
2045    8    66.45    19.02
2045    9    32.16    14.18
2045   10    25.52    10.89
2045   11    45.72     4.85
2045   12    82.02    -1.06
2046    1    62.09    -5.94
2046    2    70.83    -7.36
2046    3    31.16     0.17
2046    4   136.49     5.64
2046    5    87.31    11.61
2046    6   237.71    15.54
2046    7   195.40    18.22
2046    8   102.39    18.92
2046    9    55.88    13.79
2046   10    96.37     5.48
2046   11    20.96     0.13
2046   12    46.54    -6.73
2047    1    74.01    -7.32
2047    2    20.31    -2.23
2047    3    58.90     1.25
2047    4    56.69     5.62
2047    5   143.43    13.86
2047    6   209.39    16.17
2047    7   138.55    21.24
2047    8    63.95    17.37
2047    9   131.03    11.89
2047   10   101.32     6.85
2047   11    48.98     0.58
2047   12    43.23    -4.69
2048    1    62.74    -4.42
2048    2    62.05    -2.56
2048    3    38.42     1.15
2048    4   144.80     8.13
2048    5   125.63    12.19
2048    6   215.86    14.60
2048    7   160.27    19.27
2048    8   105.44    18.55
2048    9    20.12    12.31
2048   10    80.29     5.24
2048   11    12.54     2.83
2048   12    49.99    -2.87
2049    1    75.49    -4.82
2049    2    39.53    -0.80
2049    3    43.92     1.19
2049    4   116.88     7.99
2049    5   196.99    13.91
2049    6   199.65    16.55
2049    7   202.47    17.47
2049    8    22.53    18.71
2049    9    74.83    15.57
2049   10     9.91     7.97
2049   11    52.18     3.49
2049   12    48.97     0.55
2050    1    35.39     0.18
2050    2    46.21    -3.02
2050    3   112.11     1.62
2050    4   162.63     3.65
2050    5   182.20    11.58
2050    6   269.33    15.03
2050    7   100.29    19.49
2050    8    37.43    18.04
2050    9    63.01    12.61
2050   10   103.72     8.66
2050   11   125.90     3.42
2050   12    60.19    -1.41
2051    1    38.26    -3.63
2051    2    39.40    -0.25
2051    3    64.97     3.24
2051    4    98.88     0.96
2051    5   105.57    10.19
2051    6   183.56    15.48
2051    7   263.30    17.25
2051    8    62.59    16.70
2051    9    85.79    13.41
2051   10    46.94     7.75
2051   11    55.62     0.61
2051   12    72.54    -4.63
2052    1    32.28    -0.39
2052    2    38.39     0.12
2052    3    57.85     2.62
2052    4   152.38     6.31
2052    5   172.91    11.33
2052    6   212.55    17.98
2052    7   149.78    19.07
2052    8    76.93    16.43
2052    9    13.45    15.61
2052   10    78.62     9.42
2052   11    85.45     2.43
2052   12    65.65    -1.94
2053    1    53.75    -4.39
2053    2    29.96    -5.56
2053    3    77.81     1.85
2053    4    93.78     8.40
2053    5   129.05    11.51
2053    6   175.16    16.28
2053    7   224.31    19.98
2053    8    43.93    19.02
2053    9    55.89    15.00
2053   10    94.75    11.06
2053   11    47.50     1.63
2053   12    65.38    -0.40
2054    1    96.93    -3.46
2054    2    45.49    -2.59
2054    3    44.88    -1.54
2054    4   126.54     6.17
2054    5   133.55     9.97
2054    6   186.18    17.73
2054    7   234.65    15.92
2054    8    80.28    17.25
2054    9    73.82    11.06
2054   10    19.43     9.64
2054   11    49.00     0.63
2054   12    52.21    -5.62
2055    1    58.31    -5.27
2055    2    40.63    -4.56
2055    3    51.78     1.54
2055    4    93.54     8.80
2055    5   223.91    12.28
2055    6   166.56    18.06
2055    7    91.99    18.02
2055    8    52.99    17.42
2055    9    24.77    10.33
2055   10    98.31     8.85
2055   11    69.66     2.31
2055   12    64.61    -3.31
2056    1    48.75    -5.10
2056    2    25.41    -3.65
2056    3    37.69     3.61
2056    4   232.86     5.81
2056    5   228.45    12.07
2056    6   144.45    16.34
2056    7   378.16    17.35
2056    8    99.60    17.20
2056    9    99.11    13.81
2056   10    68.33     7.19
2056   11   110.53     4.00
2056   12    45.92    -2.81
2057    1    49.29    -3.69
2057    2    61.90    -4.54
2057    3    80.24     1.57
2057    4   140.02     4.23
2057    5   208.58    11.62
2057    6   232.42    14.35
2057    7   224.83    15.51
2057    8   116.18    16.77
2057    9   110.90    12.01
2057   10    37.00     4.97
2057   11    72.22    -2.31
2057   12    49.25    -3.35
2058    1    46.04   -10.85
2058    2    25.04    -1.58
2058    3    85.87     1.39
2058    4   100.70     5.75
2058    5   221.21     9.96
2058    6   151.98    15.44
2058    7   228.90    19.73
2058    8    63.52    17.77
2058    9    68.54    13.17
2058   10   161.30     4.52
2058   11    29.65     1.83
2058   12    45.80    -2.71
2059    1    25.49    -1.47
2059    2    27.32    -5.56
2059    3    92.03    -1.09
2059    4    87.01     4.12
2059    5    75.51    13.20
2059    6   151.61    17.11
2059    7   161.86    17.71
2059    8    90.48    16.81
2059    9    25.61    13.44
2059   10    93.66     7.20
2059   11    69.24     2.88
2059   12    71.32    -0.03
2060    1    92.99    -4.37
2060    2    37.53    -0.62
2060    3    25.82     3.25
2060    4   119.82     3.88
2060    5   203.04    10.05
2060    6   359.93    12.55
2060    7   237.93    18.82
2060    8    77.77    16.99
2060    9    81.59    11.99
2060   10    94.63     6.15
2060   11    25.86    -0.16
2060   12    37.65    -3.95
2061    1    42.38    -6.31
2061    2    23.69    -2.74
2061    3    16.16     5.20
2061    4   131.23     7.52
2061    5   214.20    10.99
2061    6   183.35    16.18
2061    7   159.50    17.12
2061    8   131.32    17.76
2061    9   101.02    13.43
2061   10    50.20     7.84
2061   11    57.89     0.37
2061   12    59.46    -1.29
2062    1    32.59    -4.63
2062    2    44.50    -2.68
2062    3    99.38    -1.08
2062    4   129.07     7.79
2062    5   162.53    10.79
2062    6   256.52    14.79
2062    7   176.39    18.25
2062    8   135.81    17.00
2062    9    16.98    15.86
2062   10    99.68     9.45
2062   11    61.69     2.98
2062   12    18.90    -1.97
2063    1    43.37    -0.97
2063    2    91.05    -2.68
2063    3    37.71    -2.31
2063    4    87.68     7.52
2063    5   252.36    12.50
2063    6   215.79    15.66
2063    7   159.90    17.69
2063    8   116.20    16.98
2063    9    73.71    13.70
2063   10    84.21     5.87
2063   11    64.50     2.44
2063   12    65.50    -5.38
2064    1    53.07    -3.98
2064    2    77.20    -3.53
2064    3    63.35    -2.86
2064    4   108.86     3.88
2064    5   141.19     9.42
2064    6   334.28    15.73
2064    7   158.89    17.93
2064    8    73.75    15.70
2064    9    37.50    14.92
2064   10    76.23     5.58
2064   11    67.22     0.68
2064   12    50.66    -1.73
2065    1   110.27    -6.58
2065    2    38.13    -4.78
2065    3    45.40     2.78
2065    4   112.92     5.58
2065    5    90.70    11.29
2065    6   258.00    14.65
2065    7   159.37    18.18
2065    8   114.07    17.35
2065    9    97.63    10.36
2065   10    41.35     7.37
2065   11    44.26     0.43
2065   12    23.31     0.45
2066    1    30.24    -5.36
2066    2    54.74    -5.13
2066    3    95.06     1.74
2066    4    50.61     8.18
2066    5   194.12    12.22
2066    6   301.42    16.48
2066    7   226.48    18.27
2066    8    30.39    19.52
2066    9    43.57    13.02
2066   10    82.62     9.32
2066   11    36.62     5.09
2066   12   113.02    -0.45
2067    1    30.31    -6.03
2067    2    27.91     0.21
2067    3    45.22     3.42
2067    4    73.12     7.19
2067    5   192.01    11.36
2067    6   211.33    14.38
2067    7   215.18    17.53
2067    8    69.48    17.36
2067    9    52.55    12.35
2067   10    45.92     9.60
2067   11    51.11     1.41
2067   12    55.82     1.18
2068    1    21.99    -3.51
2068    2    51.39    -0.34
2068    3    56.97     3.57
2068    4    88.98     9.46
2068    5    95.53    13.56
2068    6   175.55    18.13
2068    7   152.35    19.38
2068    8    38.72    21.35
2068    9    31.37    15.79
2068   10    95.23     8.97
2068   11    71.48     0.35
2068   12    57.75    -1.18
2069    1    41.83    -1.05
2069    2    27.79     0.43
2069    3    36.23     5.31
2069    4    52.65     5.98
2069    5   158.98    11.86
2069    6   198.62    15.87
2069    7   183.40    20.54
2069    8   102.86    16.81
2069    9    95.71    11.92
2069   10    91.63     7.30
2069   11    52.47     2.52
2069   12    70.15    -1.90
2070    1    36.32    -5.75
2070    2    24.71    -2.32
2070    3    48.72     5.18
2070    4   172.44     7.89
2070    5    96.78    13.18
2070    6   165.92    18.95
2070    7   208.13    19.47
2070    8    56.09    19.05
2070    9    39.03    12.39
2070   10    56.08     7.31
2070   11    26.49     5.55
2070   12    70.68    -1.18
2071    1    46.65    -2.35
2071    2     5.34    -2.94
2071    3    85.32     1.21
2071    4   100.51     8.72
2071    5   174.75    10.71
2071    6   194.36    14.67
2071    7   209.93    15.87
2071    8    91.85    17.57
2071    9    47.53    15.19
2071   10    31.91     7.29
2071   11    22.17     0.88
2071   12    52.64    -3.06
2072    1    58.30    -1.74
2072    2    48.94    -0.58
2072    3    73.51     3.84
2072    4   112.37     8.59
2072    5   189.26    12.01
2072    6   174.91    17.12
2072    7    81.67    20.91
2072    8   104.41    16.38
2072    9   108.26    13.83
2072   10   112.05     6.93
2072   11   187.19     2.18
2072   12    56.34    -1.78
2073    1    53.71    -1.97
2073    2    29.82    -1.25
2073    3    53.77     2.39
2073    4    81.71     6.15
2073    5   164.78    13.41
2073    6   307.22    14.25
2073    7   200.32    20.43
2073    8    46.39    17.92
2073    9   114.43    13.40
2073   10   195.33     8.21
2073   11    57.80     0.47
2073   12    65.76    -0.92
2074    1    39.69    -1.11
2074    2    43.76    -4.07
2074    3    70.26    -1.20
2074    4    74.31     5.41
2074    5   204.27    10.59
2074    6   108.38    18.46
2074    7   185.96    19.52
2074    8    87.78    18.74
2074    9    27.79    10.89
2074   10    40.73     6.79
2074   11    72.74     2.29
2074   12    36.00    -1.16
2075    1    35.59    -2.04
2075    2    81.03    -1.35
2075    3    59.15     0.63
2075    4    83.92     6.68
2075    5    79.73    12.26
2075    6   256.33    16.87
2075    7   232.88    17.94
2075    8    77.52    18.74
2075    9    52.49    13.62
2075   10    95.48     6.81
2075   11    68.38     1.89
2075   12    42.57    -0.56
2076    1    36.46    -2.85
2076    2    36.15    -3.66
2076    3    65.97     2.94
2076    4    74.83    11.60
2076    5   336.38    10.06
2076    6   133.75    16.61
2076    7   165.29    20.87
2076    8   126.96    17.36
2076    9   173.57    13.08
2076   10   147.18     3.88
2076   11    77.85     2.12
2076   12    62.82    -0.93
2077    1    48.85    -2.58
2077    2    48.35    -3.91
2077    3    22.02     4.83
2077    4   108.00     6.38
2077    5   103.98    12.32
2077    6   242.00    16.99
2077    7   197.39    17.94
2077    8    48.02    18.71
2077    9   119.09    11.64
2077   10    91.54     7.75
2077   11    67.51    -0.11
2077   12    83.24    -4.00
2078    1    82.70    -3.60
2078    2    67.85    -5.05
2078    3    44.18    -2.32
2078    4   120.67     6.22
2078    5   294.26    11.59
2078    6   337.66    14.24
2078    7   197.75    18.27
2078    8   153.14    16.72
2078    9    46.20    13.58
2078   10    87.59     4.05
2078   11    24.44    -5.15
2078   12    40.80    -5.70
2079    1    28.16    -3.90
2079    2    40.08    -1.17
2079    3    44.12     3.03
2079    4   154.57     6.69
2079    5   210.51    12.80
2079    6   263.59    15.58
2079    7   180.89    18.81
2079    8    54.54    15.28
2079    9    27.82    12.10
2079   10    25.74     8.89
2079   11    76.78     2.70
2079   12    93.84    -5.01
2080    1   107.00    -7.23
2080    2    51.58    -3.10
2080    3    38.36    -0.98
2080    4   126.58     2.48
2080    5   151.33    11.52
2080    6   157.62    15.89
2080    7   105.21    20.45
2080    8   118.86    16.39
2080    9    89.16    12.53
2080   10    61.69     8.11
2080   11    47.33     1.43
2080   12    21.32    -1.88
2081    1    36.49    -4.57
2081    2    27.76    -1.04
2081    3    85.78     3.36
2081    4   113.89     8.43
2081    5   198.02     9.79
2081    6   178.22    17.95
2081    7   214.06    19.30
2081    8   112.02    18.27
2081    9   109.25    13.74
2081   10    61.56    10.66
2081   11    54.14     2.21
2081   12    37.04    -3.28
2082    1    46.67    -5.03
2082    2    22.25    -2.15
2082    3    44.61     4.26
2082    4   236.35     9.94
2082    5   147.13    11.84
2082    6   181.17    16.08
2082    7   121.03    17.83
2082    8    62.56    18.48
2082    9    47.50    13.99
2082   10    54.62     8.30
2082   11    55.04    -0.33
2082   12    71.37    -0.14
2083    1    46.12    -1.99
2083    2    53.42    -2.44
2083    3   131.19    -1.23
2083    4    46.81     6.47
2083    5   157.16     9.55
2083    6   202.37    17.45
2083    7   199.30    16.92
2083    8    61.81    15.21
2083    9    47.41    13.73
2083   10    45.60     6.79
2083   11    73.69     4.46
2083   12    75.01    -3.87
2084    1    32.85    -4.58
2084    2    19.45     1.60
2084    3    44.56     2.64
2084    4   150.15     8.01
2084    5   279.21    11.89
2084    6   210.87    18.07
2084    7   241.60    18.56
2084    8    95.98    17.30
2084    9    31.13    14.87
2084   10     1.52    10.95
2084   11    78.49     2.85
2084   12    14.30     0.22
2085    1   122.82    -4.39
2085    2    20.63    -1.19
2085    3    97.18    -4.15
2085    4   101.95     6.01
2085    5   208.45    11.51
2085    6   258.60    14.18
2085    7   185.28    18.45
2085    8   101.80    16.89
2085    9    48.43    14.32
2085   10   157.27     8.66
2085   11    65.03     2.64
2085   12    33.48    -4.96
2086    1    49.44    -2.70
2086    2    28.84    -3.29
2086    3    48.88     2.33
2086    4   140.79     7.96
2086    5   117.69    12.18
2086    6   204.77    14.88
2086    7   167.58    19.72
2086    8    94.05    16.29
2086    9    93.34    14.95
2086   10    43.25     8.99
2086   11   137.62     1.67
2086   12    32.42    -5.67
2087    1    93.24    -5.41
2087    2    45.03     0.70
2087    3    70.27     4.52
2087    4   195.38     7.64
2087    5   159.92    11.37
2087    6   251.46    16.08
2087    7   219.83    18.01
2087    8   124.29    14.63
2087    9    50.47    10.52
2087   10    52.33     7.15
2087   11    28.74     3.52
2087   12    47.27     0.16
2088    1    50.13    -1.05
2088    2    41.95     1.33
2088    3     7.77     2.89
2088    4   123.33     6.12
2088    5   239.10    10.80
2088    6   256.95    15.83
2088    7   124.36    16.27
2088    8    68.42    15.81
2088    9   127.07    11.20
2088   10   136.55     5.68
2088   11    61.84     1.99
2088   12    66.86    -0.21
2089    1    44.79    -2.73
2089    2    76.47    -3.60
2089    3   114.14    -3.41
2089    4    83.31     3.82
2089    5   155.38    13.24
2089    6   174.00    14.55
2089    7    82.97    17.08
2089    8    91.19    15.99
2089    9    39.09    15.46
2089   10    23.21     9.22
2089   11    55.47     1.33
2089   12    45.82     0.59
2090    1    94.26    -5.62
2090    2    53.74    -3.93
2090    3    74.85     0.89
2090    4   166.13     0.15
2090    5    99.70    12.67
2090    6   236.13    15.08
2090    7   196.92    18.48
2090    8   141.91    17.76
2090    9   117.47    10.87
2090   10    72.93     7.16
2090   11   156.47     0.43
2090   12    58.59    -1.42
2091    1    72.24    -4.45
2091    2    19.90     0.72
2091    3    53.31     1.47
2091    4   130.96     7.77
2091    5   232.56    15.00
2091    6    94.87    15.79
2091    7    81.74    16.03
2091    8    77.81    16.93
2091    9    30.12    12.87
2091   10    32.39     9.49
2091   11   111.73     3.36
2091   12    74.59    -0.26
2092    1    38.87    -3.74
2092    2    43.61    -2.83
2092    3    56.31    -0.85
2092    4   171.36     3.98
2092    5   166.63    11.38
2092    6   170.81    17.56
2092    7   339.11    18.89
2092    8    93.62    19.13
2092    9    61.14    11.89
2092   10    69.51     8.68
2092   11   127.78     0.93
2092   12   110.64    -3.09
2093    1    48.89    -3.19
2093    2    46.84    -2.49
2093    3    40.44    -2.76
2093    4   114.32     8.31
2093    5   169.46    11.13
2093    6   133.86    16.11
2093    7   208.44    19.95
2093    8   109.32    18.82
2093    9    50.76    13.36
2093   10    83.55     7.33
2093   11    86.36     1.93
2093   12    52.96    -0.27
2094    1    21.96    -0.48
2094    2    73.85    -0.60
2094    3    42.02     5.13
2094    4   123.37     7.17
2094    5   234.70    11.11
2094    6   157.26    16.04
2094    7   273.19    16.12
2094    8    88.41    18.07
2094    9   124.76    13.20
2094   10    53.71     7.79
2094   11    77.97     2.56
2094   12    25.05     2.67
2095    1    60.42    -3.51
2095    2    29.32    -3.38
2095    3    99.24     2.58
2095    4    54.66     6.83
2095    5   219.80    11.52
2095    6   261.88    14.45
2095    7   108.14    16.84
2095    8    35.44    16.89
2095    9    63.29    13.86
2095   10    61.86     5.60
2095   11    94.69     2.26
2095   12    83.47     0.05
2096    1   103.56    -5.58
2096    2    75.90    -0.79
2096    3    80.91     0.02
2096    4    68.54     6.47
2096    5   188.50    12.95
2096    6   251.99    16.49
2096    7   171.26    19.04
2096    8   103.48    17.46
2096    9    37.51    14.21
2096   10    55.50     5.85
2096   11    66.79     3.05
2096   12   137.40    -7.02
2097    1    79.21    -4.43
2097    2     8.16    -2.58
2097    3    54.92     1.48
2097    4    35.52    10.02
2097    5   100.73    12.96
2097    6   147.51    15.13
2097    7   162.93    19.27
2097    8    99.20    16.21
2097    9    86.62     7.65
2097   10   126.94     6.41
2097   11    29.40     4.04
2097   12    50.04     1.11
2098    1    55.39    -2.90
2098    2    61.88    -0.63
2098    3    42.93    -0.10
2098    4   144.24     6.88
2098    5   277.42    10.82
2098    6   386.62    17.28
2098    7   265.24    18.26
2098    8    56.66    19.00
2098    9    88.74    12.42
2098   10   126.65     4.40
2098   11    58.27     0.71
2098   12    87.93    -6.19
2099    1    18.54    -7.19
2099    2    14.66    -5.44
2099    3    64.16     1.17
2099    4   153.75     4.59
2099    5   143.23    11.09
2099    6   138.98    15.37
2099    7   222.53    18.00
2099    8    83.79    18.85
2099    9    54.81    16.11
2099   10    77.66     6.72
2099   11    39.28     4.39
2099   12    43.45    -0.52
2100    1    35.56    -4.13
2100    2    64.35    -4.49
2100    3    50.62    -2.44
2100    4    85.52     9.22
2100    5   211.20    11.86
2100    6   178.40    15.33
2100    7    94.69    17.72
2100    8   124.23    15.27
2100    9    69.01    14.44
2100   10    65.31     7.76
2100   11    66.03     1.24
2100   12    75.30    -3.27
