2006    1    35.54     1.35
2006    2    71.86    -1.49
2006    3    72.06     2.76
2006    4    58.81     9.82
2006    5    91.57    14.53
2006    6   127.42    19.09
2006    7    19.77    23.27
2006    8    88.06    19.92
2006    9    88.66    16.24
2006   10    52.80    14.42
2006   11    30.47     5.92
2006   12    54.90     0.29
2007    1    16.78     0.60
2007    2    57.13     0.98
2007    3   105.99     4.00
2007    4    41.37    10.13
2007    5    70.07    16.24
2007    6    77.40    23.04
2007    7    58.42    21.58
2007    8   133.24    19.79
2007    9    49.89    16.36
2007   10    22.33    12.89
2007   11    25.32     7.88
2007   12    15.94     3.93
2008    1    72.61     1.43
2008    2    89.54    -0.56
2008    3    62.78     5.75
2008    4    84.18     7.68
2008    5    19.15    15.84
2008    6    46.43    21.34
2008    7    41.85    22.42
2008    8    42.89    22.86
2008    9    87.67    17.20
2008   10    90.20    12.08
2008   11    38.10     5.28
2008   12   160.79    -4.55
2009    1    75.79    -4.79
2009    2    19.52    -4.98
2009    3    57.40    -0.59
2009    4    85.84     8.54
2009    5    68.91    13.78
2009    6    62.47    20.57
2009    7    99.13    20.85
2009    8    50.90    21.00
2009    9    49.95    17.02
2009   10    46.04    12.06
2009   11    54.71     8.61
2009   12    47.69     3.27
2010    1    45.74     2.02
2010    2    60.01     0.79
2010    3    42.95     2.77
2010    4    35.70    10.13
2010    5    86.91    15.98
2010    6    71.73    21.32
2010    7    10.38    24.18
2010    8    34.22    22.79
2010    9    26.45    20.10
2010   10    57.22    13.63
2010   11    71.25     6.72
2010   12    17.08     4.51
2011    1    46.55     1.86
2011    2    52.12     2.56
2011    3    80.31     5.22
2011    4   106.55    11.60
2011    5    42.55    16.94
2011    6    81.77    20.86
2011    7    92.77    21.54
2011    8    63.28    22.75
2011    9    76.96    17.29
2011   10    48.32    13.45
2011   11    57.36     6.66
2011   12    25.46     1.90
2012    1    29.92     0.84
2012    2    35.24    -0.73
2012    3    94.72     3.29
2012    4    69.72     9.42
2012    5   111.69    15.98
2012    6     6.22    22.38
2012    7    41.11    23.42
2012    8     6.27    23.41
2012    9    25.88    18.50
2012   10    60.38    13.09
2012   11    20.73     8.16
2012   12    75.21     3.58
2013    1    49.42    -0.20
2013    2    26.84     4.28
2013    3    58.89     5.28
2013    4   131.07     7.29
2013    5    82.51    15.67
2013    6    57.20    20.44
2013    7    97.46    22.63
2013    8    89.66    20.18
2013    9   213.89    17.10
2013   10    73.04    12.93
2013   11    20.11     9.34
2013   12    80.43     1.41
2014    1    42.50    -0.93
2014    2    35.06     2.86
2014    3    49.25     7.52
2014    4    60.58     9.96
2014    5    76.78    15.42
2014    6     7.85    22.31
2014    7     4.95    25.05
2014    8    78.48    19.75
2014    9    61.75    16.74
2014   10    38.08    13.73
2014   11     5.22     8.37
2014   12    37.04     3.47
2015    1    41.25    -0.35
2015    2    64.06     3.89
2015    3    25.26     7.19
2015    4    83.98    10.10
2015    5   137.23    15.65
2015    6    79.06    20.26
2015    7    85.78    22.93
2015    8   129.52    20.87
2015    9    67.24    16.87
2015   10    13.67    13.31
2015   11   116.77     7.60
2015   12    36.13     3.03
2016    1    51.07     1.34
2016    2    23.60     0.24
2016    3    93.38     8.11
2016    4    72.73    12.38
2016    5    65.80    17.23
2016    6    58.47    21.20
2016    7   121.74    21.56
2016    8    81.62    21.48
2016    9    63.80    17.08
2016   10    28.94    14.02
2016   11    35.55     7.01
2016   12    36.73     3.32
2017    1    44.55    -0.22
2017    2    37.24    -0.50
2017    3    83.78     3.63
2017    4    62.37    10.62
2017    5   102.50    15.29
2017    6    64.00    20.21
2017    7    17.08    23.10
2017    8    22.41    21.23
2017    9    78.33    16.61
2017   10    92.66    12.48
2017   11   118.90     4.73
2017   12    60.48    -2.37
2018    1    24.00     0.80
2018    2    36.48     2.05
2018    3    75.14     5.71
2018    4    31.78     8.35
2018    5    43.73    14.69
2018    6    95.61    21.65
2018    7    34.69    22.74
2018    8   117.95    20.17
2018    9    80.15    17.35
2018   10   111.37    13.82
2018   11    62.34     7.22
2018   12    17.83     3.02
2019    1    12.39     3.92
2019    2    32.19     2.26
2019    3   108.31     7.05
2019    4    70.14     7.63
2019    5    90.24    16.76
2019    6    86.36    21.00
2019    7    62.42    23.85
2019    8    45.35    22.93
2019    9    91.80    17.61
2019   10    27.73    13.89
2019   11    45.98     6.46
2019   12    21.79     4.50
2020    1    35.89     0.13
2020    2    42.65     0.73
2020    3    98.11     5.19
2020    4    27.59     9.49
2020    5    33.09    16.63
2020    6    55.91    22.93
2020    7    43.96    24.32
2020    8    14.73    24.25
2020    9    58.49    19.72
2020   10    89.26    12.99
2020   11   100.98     7.73
2020   12    41.83     1.83
2021    1    39.73     0.25
2021    2    50.14     2.12
2021    3    94.18     1.60
2021    4    54.48     6.22
2021    5    98.55    15.03
2021    6   114.68    19.03
2021    7    11.16    23.21
2021    8    52.33    22.03
2021    9    68.75    17.10
2021   10    26.72    13.93
2021   11    40.70     9.34
2021   12    41.68     5.20
2022    1    29.01     3.75
2022    2    47.15     4.22
2022    3    38.98     5.64
2022    4    71.28    13.61
2022    5   105.97    14.91
2022    6   141.86    20.59
2022    7    32.24    23.18
2022    8    28.71    23.31
2022    9    82.06    18.41
2022   10    51.28    14.74
2022   11    95.55     7.15
2022   12     9.77     4.09
2023    1    35.90     3.38
2023    2    66.90     3.55
2023    3   130.54     2.76
2023    4    25.10    10.80
2023    5    53.77    17.11
2023    6    60.28    21.83
2023    7    97.54    22.43
2023    8    15.94    23.86
2023    9   117.57    19.16
2023   10    92.33    10.71
2023   11    41.27     8.02
2023   12    69.80     1.91
2024    1    31.14    -2.41
2024    2    50.09     2.88
2024    3    60.18     4.95
2024    4    84.03    11.42
2024    5    99.29    14.72
2024    6    51.67    20.81
2024    7   107.93    21.71
2024    8     6.42    23.61
2024    9   102.31    17.44
2024   10    49.11    13.28
2024   11    82.56     7.60
2024   12    40.66     5.43
2025    1    38.46     1.58
2025    2    24.89     5.78
2025    3    43.66     7.02
2025    4    79.17     9.19
2025    5    74.79    17.19
2025    6   107.14    23.17
2025    7     2.98    23.42
2025    8    46.13    23.67
2025    9    79.36    17.91
2025   10    75.06    12.81
2025   11    44.89     9.68
2025   12    98.25     3.97
2026    1    48.26     2.66
2026    2    34.26     4.91
2026    3    78.48     7.67
2026    4    55.55    11.38
2026    5    86.32    15.58
2026    6    75.50    21.46
2026    7    46.96    24.38
2026    8    76.67    21.91
2026    9    61.68    17.87
2026   10   156.98    14.37
2026   11    52.99     6.78
2026   12    46.28     1.63
2027    1    39.81     2.47
2027    2    51.65     2.80
2027    3    54.51     7.45
2027    4    48.53     9.23
2027    5    39.77    17.91
2027    6    94.21    21.38
2027    7    51.02    23.44
2027    8    32.76    21.32
2027    9    62.43    20.19
2027   10    68.71    15.03
2027   11    29.64    10.93
2027   12     8.77     4.68
2028    1    46.72     1.04
2028    2    54.36    -0.72
2028    3    59.80     1.98
2028    4    91.01     9.66
2028    5    56.80    17.87
2028    6    41.05    21.83
2028    7     3.30    24.30
2028    8    73.59    21.80
2028    9   131.60    16.49
2028   10    70.10    14.45
2028   11    54.77     7.08
2028   12    16.07     2.92
2029    1    43.96    -0.66
2029    2    30.31     0.07
2029    3    46.54     5.64
2029    4    71.30     7.87
2029    5    24.06    15.55
2029    6    76.71    22.57
2029    7    67.36    22.67
2029    8    31.45    22.91
2029    9   106.01    17.47
2029   10    96.38    13.72
2029   11    17.29     8.95
2029   12    39.02    -0.59
2030    1    23.71     2.75
2030    2    57.39    -0.00
2030    3    48.41     4.65
2030    4   105.85    10.00
2030    5   103.71    13.76
2030    6    31.29    21.98
2030    7    74.68    23.14
2030    8    10.34    24.23
2030    9   101.24    17.78
2030   10    65.98    15.90
2030   11   108.25     7.51
2030   12    68.75     4.02
2031    1    60.96    -0.26
2031    2    11.12     2.79
2031    3    99.93     2.90
2031    4   107.94     8.24
2031    5    99.04    15.47
2031    6    78.06    18.46
2031    7    12.02    22.88
2031    8    58.75    23.09
2031    9    40.03    19.12
2031   10   143.09    13.05
2031   11   122.04     2.91
2031   12    31.65     5.77
2032    1    51.22    -2.12
2032    2    29.87     1.04
2032    3   126.01     5.00
2032    4    63.02    10.62
2032    5    47.58    15.33
2032    6    72.98    19.77
2032    7    23.21    26.03
2032    8    66.10    22.40
2032    9    29.82    16.27
2032   10    81.47    12.43
2032   11    91.09     5.47
2032   12    33.28     2.78
2033    1    33.82     2.51
2033    2    74.60     0.07
2033    3    33.84     6.36
2033    4   103.13     9.10
2033    5    82.50    15.17
2033    6   127.49    21.71
2033    7    34.66    24.39
2033    8    27.35    23.10
2033    9    59.35    18.54
2033   10   118.69    14.18
2033   11    42.95     7.19
2033   12    36.10     3.59
2034    1    13.68     3.73
2034    2    27.56     2.26
2034    3   101.61     7.24
2034    4   109.04     7.04
2034    5    65.57    16.10
2034    6    42.69    23.27
2034    7    77.36    23.07
2034    8    65.70    22.89
2034    9    80.46    17.72
2034   10    58.40    13.76
2034   11     7.87     7.12
2034   12    60.03     1.76
2035    1    15.22     2.39
2035    2    50.73    -0.08
2035    3    40.00     1.12
2035    4    34.92    12.13
2035    5    86.99    16.00
2035    6    60.60    22.40
2035    7    35.40    24.13
2035    8    45.79    24.39
2035    9    45.79    18.70
2035   10    77.58    13.58
2035   11    82.39     6.82
2035   12    36.86     3.26
2036    1    22.03     2.00
2036    2    53.77     2.63
2036    3    60.25     6.94
2036    4    34.37    12.66
2036    5    73.42    16.74
2036    6    85.38    22.18
2036    7    38.39    23.44
2036    8    61.31    23.80
2036    9    52.60    20.32
2036   10   107.39    11.73
2036   11    21.11     9.83
2036   12    27.43     4.41
2037    1    44.42     3.29
2037    2    60.59     1.34
2037    3   107.31     7.01
2037    4   109.77    11.93
2037    5   105.08    14.33
2037    6     7.97    23.35
2037    7    22.07    24.53
2037    8    51.44    23.43
2037    9    72.09    18.16
2037   10    60.69    12.21
2037   11    47.98     9.84
2037   12    31.77     4.24
2038    1    39.11    -0.03
2038    2    23.44     6.39
2038    3    49.87     5.29
2038    4    73.25     7.96
2038    5    39.92    18.02
2038    6    88.49    22.25
2038    7    64.29    22.06
2038    8    57.82    21.86
2038    9    76.37    17.87
2038   10    39.69    14.48
2038   11    95.16     7.35
2038   12    58.16     3.67
2039    1    26.84     2.62
2039    2    36.39     5.17
2039    3    81.14     4.43
2039    4    89.30     9.82
2039    5    23.16    17.38
2039    6    57.98    23.30
2039    7     1.74    25.56
2039    8    35.51    25.14
2039    9    80.03    19.86
2039   10   100.14    14.00
2039   11    38.47     7.13
2039   12    34.07     3.93
2040    1    31.60     2.36
2040    2    66.50     1.64
2040    3    93.68     5.74
2040    4    97.02     9.82
2040    5   115.89    13.77
2040    6    26.74    22.77
2040    7    30.03    24.48
2040    8    62.71    22.54
2040    9    70.57    17.37
2040   10   121.62    13.71
2040   11    10.06     7.50
2040   12    14.35     4.13
2041    1    67.25     2.11
2041    2    49.79     1.98
2041    3   108.41     5.09
2041    4    42.76    13.80
2041    5   105.83    15.71
2041    6     8.13    23.23
2041    7    76.65    23.83
2041    8    96.51    21.81
2041    9    92.49    17.77
2041   10    49.21    11.69
2041   11    67.00     8.76
2041   12    50.78     2.32
2042    1    49.00     3.37
2042    2    38.00     4.94
2042    3    99.75     7.63
2042    4    28.59    12.41
2042    5   137.16    15.99
2042    6   102.38    20.85
2042    7    15.46    26.65
2042    8    42.25    24.16
2042    9    54.37    19.63
2042   10    79.55    14.00
2042   11    40.10     7.87
2042   12    17.66     1.71
2043    1    26.09     0.61
2043    2    36.67     5.01
2043    3    96.31     4.60
2043    4   100.19    10.53
2043    5    52.01    18.06
2043    6    94.44    23.39
2043    7    88.62    23.66
2043    8    16.02    22.62
2043    9   112.60    19.27
2043   10    80.47    13.55
2043   11    48.74     9.98
2043   12    66.08     4.23
2044    1    37.70     0.23
2044    2    64.36     3.23
2044    3    66.37     5.02
2044    4    93.10    10.03
2044    5   123.11    15.63
2044    6    59.39    21.34
2044    7    43.39    23.96
2044    8   128.32    24.26
2044    9    36.13    17.47
2044   10    78.95    14.56
2044   11    70.88     4.96
2044   12    37.73     1.30
2045    1    35.62     2.81
2045    2    57.31     4.44
2045    3    86.82     7.94
2045    4    99.39    11.74
2045    5   146.39    15.74
2045    6    46.82    22.57
2045    7    21.01    23.71
2045    8    49.05    22.69
2045    9    73.67    16.70
2045   10   107.00    11.72
2045   11    38.34     8.44
2045   12    45.50     2.78
2046    1    37.23     3.32
2046    2    43.19     6.60
2046    3    89.63     6.88
2046    4    67.00    13.61
2046    5    68.66    15.23
2046    6   154.03    22.77
2046    7    63.82    22.41
2046    8    47.89    23.11
2046    9    80.03    19.78
2046   10    54.48    14.18
2046   11    34.11     7.56
2046   12    40.02     1.93
2047    1    14.86     4.37
2047    2    24.04     4.61
2047    3    83.24     4.15
2047    4   102.77    11.57
2047    5    50.42    17.93
2047    6    78.35    23.05
2047    7    30.51    24.26
2047    8    52.61    23.04
2047    9    66.19    19.51
2047   10    36.68    18.10
2047   11    80.78     8.84
2047   12    19.77     5.17
2048    1    53.52     2.37
2048    2    56.98     1.65
2048    3    71.69     6.50
2048    4    32.83    16.17
2048    5   122.39    17.26
2048    6    31.77    25.29
2048    7    13.40    26.80
2048    8    60.48    23.81
2048    9    95.05    18.18
2048   10    89.21    11.76
2048   11    24.47     9.34
2048   12    25.82     3.73
2049    1    37.16     0.23
2049    2    37.36     1.76
2049    3    90.30     8.75
2049    4    63.64    12.80
2049    5    64.61    18.73
2049    6    71.43    22.94
2049    7    12.49    26.55
2049    8    19.60    24.35
2049    9    48.63    19.78
2049   10    90.21    15.93
2049   11     4.07    11.43
2049   12    41.33     6.35
2050    1    53.14     1.59
2050    2    16.21     4.64
2050    3   115.62     5.82
2050    4    90.07     9.26
2050    5    79.58    14.19
2050    6    48.70    23.36
2050    7    43.56    24.60
2050    8    29.07    22.38
2050    9    66.55    18.87
2050   10   101.86    12.45
2050   11    47.33     8.81
2050   12    55.85     1.38
2051    1    87.52     0.63
2051    2    42.67     3.19
2051    3    57.12     2.84
2051    4    53.62     8.70
2051    5    12.49    17.29
2051    6     9.30    25.14
2051    7    86.10    25.83
2051    8    42.97    24.39
2051    9    99.50    20.29
2051   10   156.10     9.85
2051   11    71.82     6.42
2051   12    49.32     5.46
2052    1    43.35    -2.16
2052    2    31.59    -3.41
2052    3    53.86     3.36
2052    4    57.78    10.99
2052    5    24.84    19.07
2052    6   107.30    23.29
2052    7   109.50    23.88
2052    8    51.44    24.19
2052    9    41.17    20.63
2052   10    78.30    12.62
2052   11    60.33     6.49
2052   12    75.91     2.15
2053    1    58.42     1.73
2053    2    52.78    -0.59
2053    3    97.43     4.38
2053    4    48.44    11.65
2053    5    55.65    16.52
2053    6    74.11    22.13
2053    7    36.58    25.87
2053    8    12.51    25.29
2053    9    67.59    20.23
2053   10   108.15    11.03
2053   11    47.22     7.77
2053   12    38.82     1.28
2054    1    42.14     3.46
2054    2    48.92     0.70
2054    3    14.53     7.08
2054    4    77.39    11.00
2054    5    83.05    18.87
2054    6    48.35    24.33
2054    7     7.26    25.93
2054    8    76.73    24.99
2054    9    51.61    20.18
2054   10   108.88    14.16
2054   11    63.13     7.89
2054   12    73.96     3.74
2055    1    26.73     2.06
2055    2    58.70     1.47
2055    3    28.94     3.93
2055    4    73.18     9.65
2055    5    95.14    19.34
2055    6    39.31    22.84
2055    7    25.07    27.80
2055    8    28.76    25.82
2055    9    30.17    20.99
2055   10    40.94    16.12
2055   11    44.70     9.38
2055   12    40.08     3.84
2056    1    50.37    -1.62
2056    2    94.92     1.37
2056    3   142.50     3.67
2056    4   102.58    10.46
2056    5    52.19    15.96
2056    6    25.16    23.05
2056    7    15.14    27.21
2056    8    28.89    24.86
2056    9    97.77    20.03
2056   10    45.47    14.91
2056   11    79.19    11.74
2056   12    32.32     3.49
2057    1    23.50     1.14
2057    2    53.12     2.54
2057    3    52.07     8.33
2057    4    74.96    11.55
2057    5    39.48    19.71
2057    6    54.12    25.77
2057    7    23.40    26.62
2057    8    88.87    24.60
2057    9    23.25    21.37
2057   10    85.89    14.76
2057   11    30.66     9.38
2057   12    68.72     4.96
2058    1    32.50     2.89
2058    2    70.25     1.98
2058    3    70.97     7.14
2058    4    70.10    11.37
2058    5    80.66    16.07
2058    6    55.64    24.50
2058    7    10.22    28.80
2058    8    25.68    25.07
2058    9   138.08    19.41
2058   10    15.56    15.05
2058   11    23.85     9.06
2058   12    80.54     2.31
2059    1    34.41     2.85
2059    2    69.95     2.10
2059    3    74.00     6.60
2059    4    74.87    12.66
2059    5    79.24    18.07
2059    6    30.81    24.55
2059    7     2.28    28.73
2059    8    12.18    26.19
2059    9    94.82    21.87
2059   10    40.03    15.80
2059   11   138.88     7.04
2059   12    31.11     3.24
2060    1    59.32    -2.02
2060    2    55.73    -2.79
2060    3    25.51     2.50
2060    4    68.88    12.27
2060    5    51.13    16.48
2060    6   121.39    20.71
2060    7    36.10    26.75
2060    8    55.10    23.41
2060    9    56.26    19.94
2060   10    54.28    16.38
2060   11   110.31     7.38
2060   12    27.87     3.46
2061    1    42.04     6.11
2061    2    37.28     5.87
2061    3   111.04     6.43
2061    4    80.76    12.92
2061    5    43.36    19.67
2061    6   102.43    23.51
2061    7    35.90    26.27
2061    8    29.52    25.59
2061    9    43.98    20.41
2061   10    93.77    16.02
2061   11    37.82    12.53
2061   12    60.52     5.07
2062    1    20.79     4.79
2062    2    57.30     5.25
2062    3    95.29     4.61
2062    4   104.14    10.72
2062    5    65.88    16.78
2062    6    44.19    23.99
2062    7    42.26    27.09
2062    8    67.08    25.57
2062    9    80.51    19.18
2062   10    83.03    15.58
2062   11    30.73     9.42
2062   12    47.56     4.12
2063    1    85.86     3.14
2063    2    45.84     1.98
2063    3    50.96     7.36
2063    4    68.70    12.18
2063    5    49.62    18.19
2063    6    67.35    24.47
2063    7    65.25    27.14
2063    8    60.64    24.86
2063    9    71.96    20.74
2063   10    58.50    16.12
2063   11   106.29     9.19
2063   12    42.70     7.06
2064    1    44.45     5.31
2064    2    74.21     4.01
2064    3   108.07     6.75
2064    4    73.18     9.29
2064    5    80.68    19.80
2064    6    17.71    26.73
2064    7    60.45    26.61
2064    8    35.39    26.54
2064    9   118.15    20.33
2064   10    71.82    15.82
2064   11    40.93    10.20
2064   12     9.45     6.13
2065    1    90.73     0.80
2065    2    63.04     1.91
2065    3    70.55     9.29
2065    4    60.35    15.14
2065    5   114.85    17.98
2065    6     3.26    25.45
2065    7    11.10    27.98
2065    8    32.93    25.23
2065    9    72.03    19.31
2065   10    91.15    15.09
2065   11    12.47    10.15
2065   12    36.11     4.27
2066    1    34.02     3.85
2066    2    42.18     3.94
2066    3    85.02     6.10
2066    4    38.28    12.49
2066    5    43.46    20.17
2066    6    42.52    25.76
2066    7    17.89    27.49
2066    8    12.04    26.36
2066    9    92.01    19.82
2066   10    93.98    15.12
2066   11    17.96     9.36
2066   12    34.47     5.23
2067    1    22.99     4.75
2067    2    62.46     4.94
2067    3    38.59     7.77
2067    4     1.85    13.80
2067    5    37.67    20.37
2067    6    92.84    24.80
2067    7    55.45    27.18
2067    8    99.15    25.42
2067    9   121.39    21.68
2067   10   120.00    15.70
2067   11   138.22     8.10
2067   12    49.99     5.07
2068    1    42.24     1.75
2068    2    98.03     4.85
2068    3    81.93     9.01
2068    4   103.91    10.71
2068    5    69.15    20.38
2068    6    41.52    24.20
2068    7    12.08    27.53
2068    8    26.04    26.63
2068    9    67.04    19.29
2068   10    95.86    17.20
2068   11    97.90     8.72
2068   12    46.54     4.45
2069    1    58.68     3.55
2069    2    66.41     4.25
2069    3   115.19     2.74
2069    4    46.80    13.45
2069    5   110.17    19.88
2069    6    89.44    23.07
2069    7    46.22    27.16
2069    8    60.32    25.43
2069    9    72.70    21.07
2069   10   120.53    15.35
2069   11    70.38     9.03
2069   12    17.76     7.90
2070    1    48.03     4.69
2070    2    51.43     6.36
2070    3    79.21     9.43
2070    4    53.44    12.71
2070    5    50.34    19.43
2070    6    86.53    25.83
2070    7    31.49    26.86
2070    8    26.73    25.48
2070    9    32.77    19.42
2070   10    91.28    15.42
2070   11    59.49     9.01
2070   12    70.08     5.59
2071    1    17.72     5.91
2071    2    75.46     0.92
2071    3    37.18     8.07
2071    4    86.97    13.68
2071    5    79.76    16.37
2071    6    89.24    22.87
2071    7    58.38    25.43
2071    8    84.33    24.02
2071    9    93.96    19.03
2071   10   113.98    15.79
2071   11    21.08     9.09
2071   12    37.71     2.66
2072    1    32.40     3.44
2072    2    47.03     8.50
2072    3    76.31     7.58
2072    4    98.95    11.54
2072    5    67.88    18.64
2072    6    19.99    25.83
2072    7    45.31    28.07
2072    8    10.03    27.54
2072    9    39.56    22.08
2072   10    48.47    16.47
2072   11    38.35     8.76
2072   12    36.83     4.43
2073    1    25.56     1.26
2073    2    56.88     6.90
2073    3    54.44    10.29
2073    4   123.15    15.13
2073    5   101.82    17.76
2073    6    99.59    23.06
2073    7     5.90    27.13
2073    8     5.90    27.39
2073    9    79.68    20.41
2073   10    34.18    17.11
2073   11    85.50    12.18
2073   12    27.47     7.72
2074    1    29.89     4.97
2074    2    66.21     8.15
2074    3   117.72     9.17
2074    4   101.06    10.56
2074    5    73.39    20.53
2074    6    79.42    25.37
2074    7    20.76    26.82
2074    8    34.55    26.60
2074    9   138.15    19.13
2074   10    41.11    15.82
2074   11    43.57    13.75
2074   12   136.88     2.82
2075    1    51.42     3.51
2075    2    35.80     5.98
2075    3    30.75    10.10
2075    4   130.41    10.96
2075    5    58.92    16.29
2075    6    13.21    28.66
2075    7    28.18    28.66
2075    8    24.38    27.09
2075    9    40.38    21.95
2075   10   105.85    15.54
2075   11    86.52     8.73
2075   12    40.08     6.01
2076    1    54.96     3.04
2076    2    55.19     8.13
2076    3   113.22    10.10
2076    4   115.06    10.02
2076    5    91.93    16.48
2076    6    23.97    26.14
2076    7     5.62    30.21
2076    8    27.22    27.52
2076    9    48.64    22.44
2076   10   175.89    16.47
2076   11    56.11    10.47
2076   12    58.12     3.62
2077    1    82.42     4.36
2077    2    29.04     6.63
2077    3    99.20     8.06
2077    4   119.98    11.77
2077    5    61.69    19.15
2077    6     0.13    28.82
2077    7     3.42    29.28
2077    8    51.27    27.08
2077    9    68.51    20.43
2077   10    69.99    13.98
2077   11    44.67    12.18
2077   12    60.68     7.33
2078    1    35.02     6.61
2078    2   104.19     5.43
2078    3    94.35     7.51
2078    4    54.08    13.34
2078    5    45.10    21.73
2078    6    94.97    26.07
2078    7    78.57    27.29
2078    8    50.74    26.06
2078    9    49.62    21.45
2078   10   104.59    16.06
2078   11    87.87    13.02
2078   12    39.54     5.06
2079    1    49.96     4.88
2079    2    52.51     8.66
2079    3    61.98     9.12
2079    4    86.72    12.35
2079    5    52.48    21.36
2079    6    83.55    23.83
2079    7    39.39    27.54
2079    8     5.39    28.94
2079    9    69.02    21.37
2079   10   136.70    18.78
2079   11    63.00     8.63
2079   12   100.35     3.99
2080    1    47.79     3.08
2080    2    72.14     0.67
2080    3    60.61     8.71
2080    4    75.98     9.64
2080    5    38.66    17.95
2080    6    11.03    27.23
2080    7    17.05    28.65
2080    8    21.12    26.79
2080    9   107.74    21.47
2080   10    30.48    17.31
2080   11    47.61     9.10
2080   12    66.10     5.20
2081    1    70.16     4.99
2081    2    91.97     3.63
2081    3    65.49     8.07
2081    4   123.12    12.27
2081    5    65.83    18.66
2081    6    74.36    25.01
2081    7    25.87    27.12
2081    8    40.49    27.44
2081    9    47.44    20.93
2081   10   102.89    13.83
2081   11    49.11    10.95
2081   12    86.01     3.59
2082    1    58.34     2.40
2082    2    52.94     3.81
2082    3    66.70    10.00
2082    4   106.34    14.26
2082    5   107.32    19.37
2082    6   120.87    22.97
2082    7     4.21    29.66
2082    8    62.47    26.48
2082    9    92.70    20.79
2082   10    74.78    15.11
2082   11    49.81     7.81
2082   12    66.03     6.36
2083    1    56.25     5.70
2083    2    18.50     5.46
2083    3    40.38     7.30
2083    4    59.07    14.69
2083    5    69.05    19.46
2083    6    46.72    25.55
2083    7    80.47    27.03
2083    8     5.45    26.91
2083    9    48.32    22.89
2083   10   112.47    15.64
2083   11    10.49    11.72
2083   12    11.76     7.20
2084    1    51.61     4.72
2084    2    73.05     6.51
2084    3    73.06     9.15
2084    4    67.62    18.55
2084    5   115.94    19.01
2084    6    66.83    25.29
2084    7    61.55    27.82
2084    8    13.85    27.29
2084    9   109.80    22.18
2084   10   134.66    14.41
2084   11    28.87    11.25
2084   12    15.91     8.62
2085    1    64.97     2.98
2085    2    81.14     3.85
2085    3    97.35     8.07
2085    4    79.94    10.11
2085    5   104.36    17.39
2085    6    60.65    25.76
2085    7     9.87    28.85
2085    8    25.75    27.55
2085    9    78.27    20.68
2085   10   136.52    13.38
2085   11    91.81    10.08
2085   12    68.48     6.52
2086    1   123.55     1.29
2086    2    35.59     2.28
2086    3    55.72     7.40
2086    4    70.71    17.53
2086    5    52.58    19.84
2086    6    66.03    25.46
2086    7     4.72    29.75
2086    8   104.01    25.08
2086    9   114.26    21.15
2086   10    14.48    19.55
2086   11    54.20     9.43
2086   12    37.80     6.60
2087    1    34.73     3.04
2087    2    27.87     6.46
2087    3    75.42     9.05
2087    4    75.68    13.88
2087    5    77.73    21.63
2087    6    28.35    28.67
2087    7    26.88    29.89
2087    8    13.74    27.57
2087    9    90.54    21.02
2087   10    26.29    15.46
2087   11    22.20    11.73
2087   12    39.01     8.00
2088    1    66.18     4.57
2088    2    41.39     8.87
2088    3    75.33    12.73
2088    4    95.02    13.57
2088    5    38.40    20.81
2088    6    73.54    26.32
2088    7    75.83    27.64
2088    8    39.25    26.91
2088    9    23.66    23.21
2088   10   122.60    16.33
2088   11    20.24    11.51
2088   12    42.73     6.76
2089    1    42.68     2.04
2089    2    54.43     4.79
2089    3   109.14     6.07
2089    4   125.26    12.66
2089    5   109.47    19.91
2089    6    26.53    27.58
2089    7   120.87    27.20
2089    8     1.86    27.34
2089    9   155.37    22.13
2089   10    98.52    15.43
2089   11    91.25     7.39
2089   12    47.59     4.23
2090    1    68.67     3.65
2090    2    70.00     5.63
2090    3   125.44    10.98
2090    4    40.41    15.01
2090    5   104.68    19.60
2090    6    22.11    28.02
2090    7     4.35    31.57
2090    8    68.32    28.56
2090    9   100.72    20.66
2090   10    79.68    19.05
2090   11    49.88    12.50
2090   12    50.47     6.86
2091    1    87.13     1.69
2091    2    57.07     7.67
2091    3    80.58     7.92
2091    4    66.24    14.44
2091    5    57.72    21.33
2091    6     2.95    29.20
2091    7     1.80    30.81
2091    8    18.74    26.90
2091    9    62.05    23.58
2091   10    39.40    19.16
2091   11    25.50    11.76
2091   12    84.24     6.43
2092    1    42.93     3.00
2092    2    56.29     6.15
2092    3    81.90     9.09
2092    4    98.57    14.25
2092    5    51.41    20.59
2092    6    63.76    24.99
2092    7     2.33    31.66
2092    8    34.56    27.41
2092    9    87.58    21.92
2092   10    66.40    20.23
2092   11    89.36    12.71
2092   12    22.49     6.25
2093    1    59.51     5.76
2093    2    73.26     7.70
2093    3    67.84    10.11
2093    4    69.21    16.08
2093    5    68.55    21.68
2093    6   141.99    25.84
2093    7    34.04    28.39
2093    8    41.68    27.37
2093    9    88.36    21.06
2093   10    63.94    19.12
2093   11    47.19    12.49
2093   12    36.60     7.06
2094    1    91.34     4.99
2094    2    64.51     4.54
2094    3    82.41     8.25
2094    4    77.87    12.75
2094    5    60.14    21.67
2094    6    68.68    26.83
2094    7    33.51    28.07
2094    8     6.90    29.37
2094    9    68.27    22.01
2094   10    38.53    18.51
2094   11    59.93    11.05
2094   12    76.51     5.51
2095    1    41.44     4.13
2095    2    76.54     6.08
2095    3    41.80     5.02
2095    4    66.90    13.25
2095    5    82.92    21.28
2095    6    22.47    28.33
2095    7     7.75    31.39
2095    8    72.26    28.52
2095    9    65.13    22.61
2095   10   108.81    17.70
2095   11    17.63     8.48
2095   12    75.27     7.30
2096    1    47.50     4.93
2096    2    62.63     5.42
2096    3    97.69     8.80
2096    4    99.99    15.66
2096    5    54.97    22.15
2096    6    10.44    27.51
2096    7     8.02    32.66
2096    8    16.00    28.55
2096    9    55.32    21.71
2096   10    75.49    17.35
2096   11    77.32     9.46
2096   12    62.87     8.73
2097    1    39.28     2.46
2097    2    39.38     5.30
2097    3    72.91     3.78
2097    4    45.45    12.80
2097    5    23.27    21.50
2097    6    46.93    26.87
2097    7     0.62    30.41
2097    8    11.97    28.13
2097    9    36.56    22.91
2097   10   148.22    15.83
2097   11    84.44    11.94
2097   12    74.19     5.55
2098    1    60.15     3.23
2098    2    55.70     2.58
2098    3    71.29    10.91
2098    4    28.00    16.39
2098    5   135.06    20.13
2098    6    36.94    27.80
2098    7    12.65    29.11
2098    8    82.10    27.39
2098    9    98.09    21.61
2098   10    63.67    17.09
2098   11   100.39    11.54
2098   12    55.76     7.80
2099    1    50.08     4.89
2099    2    39.74     5.83
2099    3    67.58    10.90
2099    4    65.02    16.56
2099    5   109.06    19.01
2099    6     5.23    29.84
2099    7    53.03    29.90
2099    8    51.09    28.31
2099    9    93.14    22.83
2099   10   138.68    16.02
2099   11    32.01    13.20
2099   12    37.05     7.99
