2006    1    25.46     2.86
2006    2    17.17     4.48
2006    3     9.20     3.53
2006    4    57.24    15.25
2006    5    36.71    19.48
2006    6    27.40    26.17
2006    7    31.11    31.71
2006    8    11.12    30.29
2006    9     5.75    23.97
2006   10     7.12    16.33
2006   11    19.86     7.32
2006   12    29.16     1.34
2007    1    22.32     1.17
2007    2    24.99     3.26
2007    3    31.49     5.15
2007    4    21.81    16.63
2007    5    15.37    21.40
2007    6    10.60    28.35
2007    7     9.80    31.40
2007    8    15.32    26.09
2007    9    12.24    20.61
2007   10    22.95    10.52
2007   11    49.79     4.02
2007   12    28.13    -0.45
2008    1    11.07     3.39
2008    2     4.38     3.62
2008    3    26.06     9.12
2008    4    21.09    14.87
2008    5    22.59    23.40
2008    6   101.85    21.94
2008    7    39.07    29.14
2008    8    38.49    23.97
2008    9    35.65    17.44
2008   10    24.72    11.95
2008   11    67.30     5.24
2008   12    23.03     0.40
2009    1    21.39     3.49
2009    2    37.07     2.88
2009    3    40.83     2.06
2009    4    79.90    14.71
2009    5    74.80    14.76
2009    6    24.39    25.18
2009    7    28.58    29.08
2009    8    56.00    24.52
2009    9    18.34    21.50
2009   10    19.40    13.36
2009   11    56.46     8.64
2009   12    24.84     2.71
2010    1    21.07     4.04
2010    2    13.91     1.88
2010    3    32.34     9.12
2010    4    34.78    11.52
2010    5    28.54    19.12
2010    6    27.94    27.45
2010    7    60.96    28.94
2010    8    16.79    26.70
2010    9    13.86    22.47
2010   10    48.45    11.61
2010   11    26.64     2.56
2010   12    30.23     2.51
2011    1    20.79     3.96
2011    2    10.00     6.74
2011    3    58.77     6.01
2011    4    69.05     9.14
2011    5   106.76    15.87
2011    6    42.49    23.11
2011    7     9.46    28.07
2011    8     5.59    27.43
2011    9     5.57    24.85
2011   10     2.12    17.51
2011   11    25.15     9.07
2011   12    21.35     2.69
2012    1    21.89     0.91
2012    2     2.54    -4.12
2012    3    10.00    10.57
2012    4    43.40    12.55
2012    5    23.97    20.63
2012    6    30.78    25.03
2012    7    41.66    29.65
2012    8    56.73    24.92
2012    9    15.50    21.42
2012   10    53.78    10.55
2012   11    14.87     6.78
2012   12    39.59     2.98
2013    1    15.96     1.34
2013    2    15.70     7.30
2013    3    43.01     8.49
2013    4   128.21    12.68
2013    5    52.82    18.87
2013    6    54.82    25.41
2013    7    52.00    29.09
2013    8    44.05    25.74
2013    9    19.78    20.04
2013   10    44.42     9.42
2013   11    86.54     0.49
2013   12    41.45     2.40
2014    1    29.54    -1.82
2014    2    19.55     4.17
2014    3    34.76     3.06
2014    4    30.86    13.17
2014    5    63.57    16.74
2014    6    42.42    24.51
2014    7    28.72    29.76
2014    8    15.63    27.31
2014    9    29.88    23.18
2014   10    49.58    11.88
2014   11    30.94     7.42
2014   12    24.75    -1.83
2015    1     2.37     2.47
2015    2    15.11     4.31
2015    3    56.04     2.66
2015    4    35.73    12.70
2015    5    98.70    16.04
2015    6    42.06    24.88
2015    7    63.68    29.45
2015    8    56.81    25.29
2015    9    56.05    20.76
2015   10    28.36    13.34
2015   11    59.07     2.39
2015   12    86.15     0.96
2016    1    39.14     1.29
2016    2    18.15     1.74
2016    3    57.27     4.99
2016    4    32.80    11.40
2016    5    58.58    15.73
2016    6    33.42    23.31
2016    7    31.72    27.05
2016    8    14.40    28.64
2016    9    18.99    22.71
2016   10    18.13    13.69
2016   11    43.69     4.55
2016   12    26.00     5.38
2017    1    21.11     2.16
2017    2     8.13     2.51
2017    3    18.89     5.95
2017    4    51.26    15.11
2017    5    22.68    21.30
2017    6    73.97    22.99
2017    7    32.31    27.49
2017    8    26.85    27.32
2017    9    22.90    22.07
2017   10    32.02    10.69
2017   11    27.52     5.23
2017   12    57.84     1.41
2018    1    19.28    -0.60
2018    2     7.48     4.68
2018    3    58.03    11.17
2018    4    61.85    10.61
2018    5    13.67    21.61
2018    6    93.67    24.83
2018    7    21.06    28.89
2018    8    12.31    27.33
2018    9     0.56    25.05
2018   10    36.12    12.36
2018   11    58.23     5.95
2018   12    17.90     3.48
2019    1     6.92     3.37
2019    2    30.01     4.49
2019    3    33.82     6.01
2019    4    47.74    13.82
2019    5    41.46    18.88
2019    6    24.28    27.34
2019    7     7.64    31.55
2019    8    34.65    26.34
2019    9     8.92    23.78
2019   10    13.50    16.39
2019   11     9.99     9.55
2019   12    37.67     5.25
2020    1    36.94     0.64
2020    2    11.67     4.20
2020    3    25.31     7.67
2020    4    14.05    11.22
2020    5    44.11    22.37
2020    6    19.26    26.28
2020    7    48.12    27.91
2020    8    16.93    24.40
2020    9    29.51    19.55
2020   10    20.43    16.35
2020   11    30.03     6.09
2020   12    45.03    -1.16
2021    1     2.58    -0.20
2021    2    14.86     1.07
2021    3    28.35     9.21
2021    4    81.11    13.63
2021    5    20.40    19.75
2021    6    32.15    28.78
2021    7    33.00    31.47
2021    8    25.37    26.36
2021    9     7.82    21.33
2021   10    16.21    13.60
2021   11    35.58     8.76
2021   12    11.03     3.51
2022    1    31.61     4.01
2022    2    19.17     2.07
2022    3    41.00     4.81
2022    4   132.34    12.84
2022    5    37.53    16.72
2022    6   114.95    23.51
2022    7    11.09    31.08
2022    8    18.78    28.17
2022    9    37.09    20.73
2022   10    65.26    11.35
2022   11    56.86    -1.26
2022   12     9.10     1.91
2023    1    29.11    -2.30
2023    2    10.91     4.33
2023    3    10.39     9.85
2023    4    12.47    15.48
2023    5    71.83    18.89
2023    6    27.20    28.81
2023    7    14.80    29.68
2023    8    21.17    28.15
2023    9    23.96    22.78
2023   10    42.25    11.06
2023   11    52.27     4.91
2023   12    48.11     0.15
2024    1    24.94    -1.17
2024    2    12.92     3.00
2024    3    36.67     5.33
2024    4    62.23    13.57
2024    5    59.19    18.29
2024    6    44.78    27.46
2024    7    20.84    30.13
2024    8     5.15    29.59
2024    9    51.70    18.74
2024   10    21.05    12.22
2024   11    45.32     5.29
2024   12    76.04    -0.44
2025    1    29.82    -1.41
2025    2    16.99     2.41
2025    3    29.05     7.90
2025    4    38.39    10.35
2025    5    47.52    20.30
2025    6    17.27    29.73
2025    7    17.32    27.75
2025    8    27.48    27.04
2025    9    24.85    23.66
2025   10    16.62    15.25
2025   11     8.75     3.73
2025   12    15.18     1.11
2026    1    26.63    -5.51
2026    2    19.68     5.15
2026    3    68.76     6.76
2026    4    18.51    15.90
2026    5     4.66    22.82
2026    6    12.37    27.36
2026    7     8.60    31.92
2026    8    27.18    25.80
2026    9     3.27    25.53
2026   10   101.45     8.89
2026   11    12.94     6.45
2026   12     5.13     0.44
2027    1    47.45     0.92
2027    2    57.10    -0.56
2027    3    63.98     6.52
2027    4    44.76     8.13
2027    5    34.67    17.38
2027    6    75.68    22.09
2027    7    23.21    28.79
2027    8    23.84    24.87
2027    9    32.11    22.02
2027   10    18.94    10.90
2027   11    31.44     2.62
2027   12     7.25     3.62
2028    1    28.27     3.11
2028    2     3.84     7.39
2028    3    19.62     8.70
2028    4     7.81    16.28
2028    5    18.93    25.26
2028    6   119.84    26.78
2028    7    57.04    29.37
2028    8    12.08    28.42
2028    9    39.53    22.49
2028   10     6.07     9.18
2028   11     7.61     5.30
2028   12    52.84    -0.31
2029    1    38.17     2.22
2029    2    34.15     3.77
2029    3    59.32     7.59
2029    4    62.88    14.32
2029    5    50.33    18.24
2029    6    44.02    23.86
2029    7    22.25    28.50
2029    8    29.21    25.84
2029    9    29.86    18.70
2029   10    14.50    16.43
2029   11    10.85     7.37
2029   12    35.86     3.85
2030    1    40.39    -3.81
2030    2     4.14    -2.09
2030    3    16.56     8.49
2030    4    24.06    13.02
2030    5    17.93    23.85
2030    6   106.03    23.83
2030    7    49.71    30.17
2030    8    33.53    26.68
2030    9     2.24    24.71
2030   10    10.51    16.43
2030   11    28.47     7.21
2030   12    18.17     1.46
2031    1    40.13     1.50
2031    2    25.35     4.31
2031    3    33.12     8.10
2031    4    16.13    17.10
2031    5    16.49    18.24
2031    6     5.32    31.47
2031    7    46.09    33.54
2031    8    25.46    26.73
2031    9    19.76    24.45
2031   10    28.69    16.59
2031   11    50.09     6.45
2031   12    50.41    -1.90
2032    1    20.04    -3.22
2032    2     4.12     2.69
2032    3    19.65     9.22
2032    4    59.01    13.37
2032    5    43.95    18.54
2032    6    41.05    27.07
2032    7    84.13    28.86
2032    8    20.89    28.45
2032    9    17.81    22.25
2032   10    37.75    12.26
2032   11    19.85     8.87
2032   12    44.55    -0.37
2033    1     4.17    -1.17
2033    2     7.15     3.51
2033    3    45.36     8.17
2033    4    43.40    12.00
2033    5    84.49    15.71
2033    6    33.34    26.28
2033    7    31.77    29.81
2033    8     2.81    27.08
2033    9    25.83    22.11
2033   10    53.03    11.44
2033   11    19.98     8.07
2033   12    44.43     1.19
2034    1    24.45     0.43
2034    2     9.96     4.60
2034    3    46.94     9.21
2034    4    86.32    10.56
2034    5    30.87    20.66
2034    6    90.37    26.69
2034    7    45.96    29.46
2034    8    22.51    24.31
2034    9    31.95    20.74
2034   10     3.79    13.15
2034   11    45.41     6.36
2034   12    40.20     1.76
2035    1    42.26     4.31
2035    2    14.24     6.28
2035    3    28.04     6.74
2035    4    24.23    12.80
2035    5    51.94    17.53
2035    6    14.28    27.85
2035    7    10.19    34.03
2035    8    15.89    27.75
2035    9    13.77    22.10
2035   10    46.45    13.22
2035   11    67.08     5.18
2035   12    36.38     5.17
2036    1    18.40     4.43
2036    2     8.23     6.04
2036    3    28.70    11.01
2036    4    14.96    16.62
2036    5    38.37    24.54
2036    6    29.07    29.59
2036    7    22.33    29.85
2036    8    12.19    27.01
2036    9    15.01    22.09
2036   10    22.83    16.04
2036   11    13.57     6.85
2036   12    31.22     1.34
2037    1    24.67    -0.03
2037    2    12.69     5.53
2037    3    34.44     4.55
2037    4    21.99    15.05
2037    5    24.26    21.22
2037    6    65.52    26.30
2037    7    18.36    28.09
2037    8    38.89    26.22
2037    9    12.32    22.48
2037   10     3.36    17.28
2037   11    26.14     4.73
2037   12    34.87     2.08
2038    1    44.70     3.50
2038    2    31.12     0.93
2038    3    30.82     5.50
2038    4    51.60    17.87
2038    5    12.84    20.29
2038    6    42.78    26.55
2038    7    22.30    31.56
2038    8    11.72    26.91
2038    9     2.16    26.86
2038   10    96.30    10.67
2038   11    32.03     8.77
2038   12    18.10     5.15
2039    1    29.07     4.84
2039    2    16.70     2.78
2039    3    81.74     7.74
2039    4     5.38    18.45
2039    5    88.67    15.41
2039    6    23.20    26.11
2039    7    28.59    32.22
2039    8    16.25    27.11
2039    9    25.43    18.95
2039   10    39.17    12.76
2039   11    86.93     4.60
2039   12    68.83     4.24
2040    1    18.80     4.61
2040    2    35.47     3.82
2040    3    73.24     7.46
2040    4    29.43    13.09
2040    5    51.75    20.42
2040    6    45.09    26.51
2040    7    12.66    32.03
2040    8    17.78    30.19
2040    9    17.85    20.45
2040   10    38.48    12.52
2040   11     2.79     0.52
2040   12    42.30     2.30
2041    1    26.52    -3.37
2041    2    36.29    -0.27
2041    3    30.30     7.15
2041    4    46.58    11.98
2041    5    25.17    21.76
2041    6    26.71    26.38
2041    7    19.57    27.03
2041    8    11.25    30.41
2041    9    59.64    18.60
2041   10    11.96    15.73
2041   11    24.40     8.96
2041   12    18.93     2.96
2042    1    39.34     2.06
2042    2    36.12    -4.16
2042    3    29.04     8.15
2042    4    34.80    11.66
2042    5    35.30    24.22
2042    6    48.59    25.37
2042    7    57.94    27.30
2042    8    28.21    26.80
2042    9    45.86    20.20
2042   10    71.31     3.68
2042   11    14.23     3.22
2042   12    11.48     1.48
2043    1    15.20     1.35
2043    2    15.56     0.53
2043    3    21.96     5.19
2043    4    37.75    11.75
2043    5    61.41    17.44
2043    6    29.66    26.63
2043    7    23.31    31.92
2043    8    15.61    26.11
2043    9    33.89    21.66
2043   10    33.15    12.06
2043   11    53.83     6.07
2043   12    45.50     1.84
2044    1    65.29    -1.76
2044    2    36.32    -0.10
2044    3    11.19     7.63
2044    4    58.64    13.77
2044    5    48.41    20.16
2044    6    20.25    29.21
2044    7    60.44    29.24
2044    8    21.32    24.56
2044    9    10.69    18.47
2044   10    79.87    10.70
2044   11    29.23     4.23
2044   12    47.83    -0.63
2045    1    33.95    -4.02
2045    2    42.68     5.23
2045    3    41.13     6.43
2045    4    39.32    13.18
2045    5    63.33    18.02
2045    6    38.26    25.54
2045    7     0.64    32.94
2045    8     5.42    27.43
2045    9    12.98    21.73
2045   10    19.30    14.21
2045   11    31.83     3.55
2045   12    38.01     1.28
2046    1    14.62     1.07
2046    2    31.80     0.40
2046    3    25.00     4.79
2046    4    90.22    10.98
2046    5    30.15    19.55
2046    6    42.73    29.87
2046    7    24.58    28.80
2046    8    32.31    27.43
2046    9    11.48    23.74
2046   10    38.47    11.99
2046   11    34.49     7.92
2046   12    25.65     0.08
2047    1    15.90     2.81
2047    2    10.68     1.77
2047    3    41.68    13.30
2047    4    54.59    12.16
2047    5    83.41    19.02
2047    6    56.12    28.30
2047    7    28.99    29.23
2047    8     3.35    31.35
2047    9     7.94    21.70
2047   10    64.68    12.69
2047   11    66.62     4.64
2047   12    35.44     3.12
2048    1    38.56    -0.82
2048    2    36.14     2.74
2048    3    39.74     8.23
2048    4    56.81    14.16
2048    5    53.21    17.62
2048    6    82.07    22.85
2048    7    38.76    30.59
2048    8    20.10    26.05
2048    9    37.41    17.99
2048   10    25.29    13.62
2048   11    56.58     5.88
2048   12    25.33     3.91
2049    1    53.04     3.74
2049    2    29.15     6.91
2049    3    48.31     3.10
2049    4   118.09    12.35
2049    5   154.62    18.16
2049    6   110.57    23.66
2049    7    29.14    27.97
2049    8     8.75    27.99
2049    9    36.72    18.96
2049   10    47.59     9.04
2049   11    38.37     6.32
2049   12    39.10     1.39
2050    1    37.78     0.89
2050    2    20.19     3.49
2050    3    43.63     6.85
2050    4    71.66    13.46
2050    5    21.69    20.90
2050    6    60.09    24.97
2050    7    44.08    27.36
2050    8    32.35    25.54
2050    9     9.56    22.29
2050   10    26.86    13.45
2050   11    47.38     6.51
2050   12    47.86     4.48
2051    1    13.55     3.29
2051    2    14.06     4.81
2051    3    36.49     9.40
2051    4    22.57    15.93
2051    5    88.17    22.89
2051    6    27.18    29.74
2051    7    34.76    30.77
2051    8    25.61    27.69
2051    9     2.50    25.44
2051   10    66.26    12.50
2051   11    20.27     7.46
2051   12    82.52    -1.11
2052    1    49.62     1.16
2052    2    22.59     1.03
2052    3    72.77     6.76
2052    4    69.75    11.94
2052    5    62.25    16.67
2052    6    37.73    25.31
2052    7    54.88    31.14
2052    8    13.81    26.98
2052    9    47.92    18.89
2052   10    12.67    14.00
2052   11    42.16     1.66
2052   12    49.35     0.45
2053    1    15.44     1.73
2053    2    30.53     1.15
2053    3    30.58     6.97
2053    4    41.57    15.75
2053    5    79.47    20.00
2053    6    47.60    23.89
2053    7    36.35    27.86
2053    8    18.25    28.43
2053    9    17.38    19.80
2053   10    64.51    13.01
2053   11    25.18     7.20
2053   12    21.48     2.09
2054    1    54.30     1.15
2054    2    40.17     1.71
2054    3    34.91     4.70
2054    4    22.63    12.32
2054    5    61.37    20.77
2054    6     4.58    28.72
2054    7    50.78    30.24
2054    8     3.54    27.91
2054    9    37.42    21.09
2054   10    26.76    10.55
2054   11    32.41     6.51
2054   12    63.27     4.35
2055    1    26.11     3.41
2055    2     3.56     3.96
2055    3    46.36     7.39
2055    4    65.28    14.78
2055    5    45.03    18.24
2055    6    34.07    27.53
2055    7    27.99    30.46
2055    8    18.35    28.99
2055    9    13.49    23.63
2055   10     8.09    11.52
2055   11    32.51     9.85
2055   12    63.03     4.84
2056    1    22.04     2.53
2056    2    35.99     4.47
2056    3    63.17     7.28
2056    4    62.17    11.44
2056    5    73.83    19.01
2056    6    33.63    26.90
2056    7    41.70    29.64
2056    8    11.15    30.30
2056    9     2.15    22.68
2056   10    14.40    16.15
2056   11    59.62     8.80
2056   12    16.74     4.17
2057    1    27.09    -1.75
2057    2    38.39     3.81
2057    3    26.04     7.71
2057    4    74.72    16.29
2057    5    50.35    20.12
2057    6    21.80    26.14
2057    7    18.47    28.80
2057    8    41.72    25.74
2057    9     3.41    22.17
2057   10    62.34     9.55
2057   11    25.08     8.16
2057   12    46.75     3.40
2058    1    32.72    -1.22
2058    2    22.19     4.73
2058    3    42.10     7.50
2058    4    33.85    13.20
2058    5    69.95    16.13
2058    6    16.99    26.91
2058    7    23.58    31.74
2058    8    21.13    26.40
2058    9    16.64    21.55
2058   10     9.32    16.27
2058   11    27.01     6.65
2058   12    49.49    -2.25
2059    1     8.74     3.13
2059    2    12.30     5.83
2059    3     3.72    10.10
2059    4    30.06    15.39
2059    5    35.12    20.71
2059    6    36.57    28.32
2059    7    66.05    26.41
2059    8    11.12    28.08
2059    9     4.78    21.63
2059   10    35.43    16.13
2059   11    24.37     8.63
2059   12    34.84     0.91
2060    1     9.95    -0.20
2060    2    20.48     3.20
2060    3    34.06     9.95
2060    4    51.35    15.81
2060    5    24.44    23.60
2060    6    39.89    30.30
2060    7    24.75    31.06
2060    8    20.16    26.24
2060    9    48.33    21.99
2060   10    12.23    14.58
2060   11    23.66     4.22
2060   12    24.72     3.40
2061    1    71.82    -1.91
2061    2     5.29     0.31
2061    3    40.36     8.35
2061    4    75.66    13.63
2061    5    25.31    21.16
2061    6    11.78    31.01
2061    7    34.05    31.48
2061    8    28.17    27.87
2061    9    21.02    23.99
2061   10    57.68    11.78
2061   11    57.28     7.71
2061   12    48.09     4.71
2062    1    25.68    -1.28
2062    2    20.49     4.52
2062    3    71.41     6.00
2062    4    30.94    14.73
2062    5    32.22    21.70
2062    6    87.17    23.95
2062    7    33.27    28.24
2062    8    14.22    27.13
2062    9    31.23    22.24
2062   10    31.67    11.96
2062   11    36.17     9.66
2062   12    45.92     3.72
2063    1    17.51     3.57
2063    2    16.41     4.64
2063    3    37.12     9.75
2063    4    24.77    13.77
2063    5    94.33    22.14
2063    6    38.50    23.66
2063    7    40.01    27.28
2063    8    33.66    27.85
2063    9    14.75    19.53
2063   10    46.38    13.78
2063   11    55.28     5.90
2063   12    33.47     4.11
2064    1    18.36    -1.06
2064    2    32.56     0.88
2064    3    36.82     7.83
2064    4    46.03    14.37
2064    5    42.71    22.54
2064    6    92.56    28.72
2064    7    19.38    27.22
2064    8     9.99    26.02
2064    9     4.21    22.36
2064   10     2.65    18.84
2064   11    34.36     9.21
2064   12    75.23     1.89
2065    1    49.71    -2.64
2065    2    42.42     2.00
2065    3    58.88     2.79
2065    4    22.33    16.52
2065    5   106.67    16.68
2065    6    40.19    24.55
2065    7    24.62    31.61
2065    8    18.76    28.90
2065    9    10.22    23.13
2065   10     0.64    18.28
2065   11    67.82     3.95
2065   12    56.37     2.00
2066    1    28.05    -2.14
2066    2    23.75    -1.86
2066    3     7.37     8.86
2066    4    71.78    11.77
2066    5    53.46    19.11
2066    6    53.38    26.91
2066    7    22.99    29.54
2066    8     9.73    27.35
2066    9     4.61    26.70
2066   10    43.09    14.16
2066   11    15.12     6.72
2066   12    45.73     2.77
2067    1    19.64     4.03
2067    2    44.18     6.39
2067    3     7.81    10.06
2067    4    45.63     9.32
2067    5    11.88    21.20
2067    6    31.87    26.08
2067    7    36.50    30.88
2067    8    55.90    25.36
2067    9    20.38    24.77
2067   10    23.79    15.28
2067   11    24.84     4.72
2067   12    64.19    -2.03
2068    1    18.65    -0.07
2068    2     7.49     5.71
2068    3    62.86     4.56
2068    4     9.73    13.09
2068    5    64.99    19.88
2068    6    66.74    27.77
2068    7    30.30    29.46
2068    8    16.71    26.54
2068    9     6.98    23.78
2068   10    69.53    11.37
2068   11    34.08     5.17
2068   12    52.11     6.70
2069    1    30.04     2.02
2069    2    11.57     1.32
2069    3     9.42     2.87
2069    4    22.84    17.17
2069    5    41.81    20.13
2069    6    17.87    26.96
2069    7    21.13    30.08
2069    8     2.76    29.71
2069    9    23.78    24.66
2069   10    17.39    20.29
2069   11    22.20     7.87
2069   12    54.67     1.66
2070    1    41.23     2.82
2070    2    23.27     4.66
2070    3    19.25     8.09
2070    4    26.91    13.20
2070    5    60.77    17.79
2070    6    15.72    28.83
2070    7    62.42    29.12
2070    8     2.73    29.59
2070    9    21.50    21.64
2070   10    20.33    17.55
2070   11    43.28     7.17
2070   12    68.98    -3.55
2071    1    26.82     1.30
2071    2     7.37     6.90
2071    3    24.73     7.46
2071    4    20.50    16.38
2071    5    29.96    24.53
2071    6   101.84    29.29
2071    7    21.05    26.44
2071    8    30.15    27.45
2071    9     9.62    26.67
2071   10    10.23    20.15
2071   11    35.01     8.72
2071   12    26.73     5.27
2072    1    69.79     4.21
2072    2    29.23     6.45
2072    3    53.80     4.90
2072    4    90.52    12.87
2072    5    34.08    19.41
2072    6    44.29    26.25
2072    7    83.03    27.48
2072    8    25.33    28.26
2072    9     2.38    22.13
2072   10     6.29    19.56
2072   11    18.14     8.41
2072   12    31.49     1.83
2073    1    22.70    -0.15
2073    2    12.45     4.33
2073    3    19.60    12.53
2073    4    29.77    18.36
2073    5    41.34    18.85
2073    6    62.90    27.36
2073    7    21.55    32.43
2073    8    23.23    29.03
2073    9    12.56    25.93
2073   10    45.87    14.60
2073   11    75.93     6.35
2073   12    23.46     1.72
2074    1    54.51     2.94
2074    2    28.82     5.51
2074    3    63.60     7.54
2074    4    65.53    10.38
2074    5    42.44    20.77
2074    6    33.97    26.84
2074    7    35.32    29.37
2074    8    13.96    28.76
2074    9    35.98    20.68
2074   10    26.28    15.14
2074   11    32.23     6.41
2074   12    37.58     4.37
2075    1    39.62     0.87
2075    2    32.05     3.74
2075    3    22.71     5.69
2075    4    46.05    13.80
2075    5    31.91    18.30
2075    6    39.35    22.63
2075    7    62.25    26.83
2075    8    10.17    28.21
2075    9    24.24    22.93
2075   10    43.86    11.28
2075   11     8.05     5.07
2075   12    55.39     4.73
2076    1    22.45     1.51
2076    2    24.02     0.73
2076    3    48.38     5.60
2076    4   120.48    10.77
2076    5    54.25    20.37
2076    6    65.78    26.92
2076    7    19.85    29.52
2076    8    66.94    27.42
2076    9    27.76    19.01
2076   10    68.76    12.50
2076   11    15.59     9.96
2076   12    50.43     2.72
2077    1    33.85    -0.30
2077    2    10.03     4.32
2077    3    57.61     5.28
2077    4    28.80    11.15
2077    5   106.13    19.05
2077    6    55.50    23.83
2077    7    24.32    30.83
2077    8    23.54    27.93
2077    9    35.76    23.43
2077   10    62.64    17.07
2077   11    62.16     8.25
2077   12    41.71     4.47
2078    1     9.37    -1.32
2078    2    30.88     2.08
2078    3    93.98     1.25
2078    4    90.89    11.20
2078    5    27.58    19.89
2078    6    24.36    24.97
2078    7    21.10    30.53
2078    8    16.45    25.78
2078    9    15.19    21.08
2078   10    22.82    17.70
2078   11    13.37    10.42
2078   12    30.29     1.07
2079    1    43.70     2.85
2079    2    49.61     6.01
2079    3    61.28     7.16
2079    4    22.84    17.90
2079    5    35.63    24.19
2079    6    39.38    25.46
2079    7    45.29    30.07
2079    8     5.09    29.08
2079    9     9.04    22.59
2079   10    13.02    17.52
2079   11    39.41     6.46
2079   12    36.88    -4.01
2080    1    48.16     1.91
2080    2    56.83     1.93
2080    3    24.96    -2.44
2080    4   107.74    11.59
2080    5    52.79    20.57
2080    6    46.04    27.51
2080    7    25.15    32.54
2080    8    59.21    28.02
2080    9    30.81    23.70
2080   10    64.70    11.31
2080   11    80.13     8.77
2080   12    29.10     5.03
2081    1    18.40     2.98
2081    2    20.56     6.79
2081    3    18.15    10.58
2081    4    74.80    14.34
2081    5    68.55    20.14
2081    6    17.25    27.24
2081    7    52.72    28.47
2081    8    12.60    29.98
2081    9    20.76    23.04
2081   10    77.33    14.76
2081   11   103.91     2.20
2081   12    33.66     3.33
2082    1    34.70     0.76
2082    2    28.73     6.81
2082    3    27.07     8.89
2082    4    33.55    17.70
2082    5    77.86    18.41
2082    6   104.22    24.98
2082    7    26.14    32.85
2082    8    35.64    26.82
2082    9    14.65    23.96
2082   10    39.61    10.10
2082   11    78.22     6.14
2082   12    20.56    -5.36
2083    1    13.45    -1.46
2083    2    45.06     1.24
2083    3    66.17     6.85
2083    4    36.36    16.47
2083    5   159.39    19.31
2083    6    46.06    24.49
2083    7    21.07    30.98
2083    8     2.29    28.09
2083    9   119.95    18.18
2083   10     5.89    13.23
2083   11    55.67     6.75
2083   12    44.02    -7.04
2084    1    26.40     2.40
2084    2    31.81     4.79
2084    3    31.38     6.41
2084    4    40.24    17.48
2084    5    42.25    17.46
2084    6    22.47    25.12
2084    7    26.53    31.24
2084    8     7.01    27.08
2084    9    13.65    21.54
2084   10    49.44    13.28
2084   11    68.58     0.72
2084   12    23.08     3.29
2085    1    30.19     2.00
2085    2    16.34     5.04
2085    3    47.52    10.74
2085    4    70.04    13.56
2085    5    31.99    22.21
2085    6    36.00    25.53
2085    7    29.55    31.76
2085    8     9.87    27.91
2085    9    64.37    21.55
2085   10    11.11    13.16
2085   11    46.13     8.72
2085   12    65.45     0.76
2086    1    70.10     4.70
2086    2    25.96     7.58
2086    3    12.22     8.22
2086    4    35.64    16.28
2086    5    24.29    22.45
2086    6    54.14    26.20
2086    7    41.73    28.87
2086    8     5.01    29.29
2086    9    29.83    21.33
2086   10   106.60    14.83
2086   11    34.55     6.74
2086   12    28.72     2.41
2087    1    21.12     5.81
2087    2    28.21    -1.82
2087    3    20.01     4.48
2087    4    39.94    13.55
2087    5    52.72    19.38
2087    6    35.33    28.87
2087    7    11.68    31.76
2087    8    69.28    25.80
2087    9    13.86    22.78
2087   10    51.33    15.66
2087   11    42.24     3.70
2087   12    22.63     6.21
2088    1    26.79     2.08
2088    2     6.59     5.52
2088    3    59.43     7.59
2088    4    83.29    15.50
2088    5    53.77    20.41
2088    6    64.06    28.94
2088    7    33.38    30.46
2088    8    25.22    29.66
2088    9    27.07    24.06
2088   10    55.91    10.25
2088   11    28.41     8.08
2088   12    17.27     6.06
2089    1    25.30     1.65
2089    2     8.49     4.42
2089    3    70.38     9.66
2089    4    56.86    11.61
2089    5    31.87    24.02
2089    6    89.23    24.63
2089    7    43.22    27.69
2089    8    53.41    28.15
2089    9    26.89    22.91
2089   10    60.24    14.49
2089   11    10.21     9.72
2089   12    23.81     5.17
2090    1    58.44     1.50
2090    2    24.01     6.84
2090    3    51.28     8.36
2090    4    30.25    13.89
2090    5    41.49    20.98
2090    6    32.68    29.15
2090    7    13.41    31.70
2090    8     7.48    29.47
2090    9    13.44    20.86
2090   10    48.68    14.02
2090   11    36.34     7.83
2090   12    37.86     5.03
2091    1    28.50     4.31
2091    2    20.09     4.48
2091    3    74.46     6.70
2091    4    42.47    15.39
2091    5    33.56    19.63
2091    6    76.82    23.14
2091    7    72.33    28.99
2091    8    39.95    26.49
2091    9    31.80    20.22
2091   10    49.72    13.73
2091   11    99.32     0.51
2091   12    15.61     2.69
2092    1    26.41     3.30
2092    2    10.58     5.93
2092    3    37.50    11.43
2092    4    63.12    15.20
2092    5    94.20    19.06
2092    6    29.62    24.38
2092    7    62.94    28.62
2092    8    42.72    28.75
2092    9    24.42    21.17
2092   10    63.19    11.50
2092   11    86.48     5.01
2092   12    40.56     5.72
2093    1    33.49     5.43
2093    2    47.86     2.66
2093    3    55.78     2.83
2093    4    73.69    15.31
2093    5    28.23    20.79
2093    6   125.46    23.90
2093    7    14.36    29.34
2093    8    24.19    27.35
2093    9     8.78    24.65
2093   10    13.04    18.67
2093   11    46.80     6.87
2093   12    17.59    -6.83
2094    1     9.03     5.34
2094    2    40.29    -0.82
2094    3    39.79     7.39
2094    4    44.35    16.17
2094    5    50.05    22.77
2094    6    70.78    26.04
2094    7    22.79    31.52
2094    8     3.96    28.49
2094    9    17.87    23.48
2094   10     5.64    14.52
2094   11   105.19     8.20
2094   12    28.94     1.27
2095    1    21.33     1.53
2095    2    35.88     6.59
2095    3    38.81     8.18
2095    4   101.31    13.41
2095    5    34.77    20.34
2095    6    39.18    26.66
2095    7    11.84    29.64
2095    8    13.29    28.80
2095    9    17.18    22.91
2095   10    90.20    13.93
2095   11    32.33     7.22
2095   12    29.36    -3.31
2096    1    41.77     1.65
2096    2    16.99     4.83
2096    3     2.59     7.49
2096    4    93.10    12.82
2096    5    37.43    21.09
2096    6    20.93    28.38
2096    7    32.21    29.48
2096    8     8.27    28.34
2096    9    23.97    23.55
2096   10    22.30    13.46
2096   11    63.32     7.90
2096   12    32.18     4.91
2097    1    38.28    -2.07
2097    2    29.64     5.31
2097    3    34.24     5.18
2097    4    13.49    15.63
2097    5    21.94    25.51
2097    6    45.12    26.89
2097    7    44.23    28.79
2097    8     7.97    27.36
2097    9    87.57    19.95
2097   10    66.73    12.22
2097   11     4.41     5.13
2097   12    30.29    -1.25
2098    1    19.15     1.25
2098    2    18.74     4.62
2098    3    22.52     9.16
2098    4    45.71    15.35
2098    5    71.09    22.11
2098    6    38.53    27.05
2098    7    14.00    29.11
2098    8    46.58    26.37
2098    9    10.46    20.40
2098   10    43.75    12.86
2098   11     6.22     6.76
2098   12    74.83     4.68
2099    1    24.45     3.02
2099    2     2.91     5.87
2099    3    55.07     9.13
2099    4    41.04    14.26
2099    5    32.47    23.91
2099    6    25.65    26.85
2099    7    49.48    31.17
2099    8    13.98    28.79
2099    9    39.20    24.96
2099   10     4.64    15.79
2099   11    56.27     6.46
2099   12    33.79     1.37
2100    1    29.37     1.71
2100    2    29.22     2.50
2100    3    40.02    11.53
2100    4    68.07    13.59
2100    5   122.47    17.43
2100    6    43.93    21.44
2100    7    11.16    29.49
2100    8    36.29    27.94
2100    9    13.60    24.70
2100   10    60.50    14.56
2100   11    28.81     5.48
2100   12    14.87     5.39
