2006    1    23.62    -2.20
2006    2    85.78    -0.38
2006    3    75.58     5.83
2006    4   114.06    10.28
2006    5   148.66    16.72
2006    6   100.43    18.09
2006    7    44.23    22.14
2006    8    78.37    20.57
2006    9   150.83    15.03
2006   10   134.20    10.78
2006   11    58.20     7.04
2006   12    20.85     4.11
2007    1    49.08    -0.80
2007    2    36.59     0.81
2007    3    94.63     4.20
2007    4   108.96     9.01
2007    5   233.83    12.55
2007    6    85.78    18.91
2007    7    75.18    21.52
2007    8    27.58    22.12
2007    9    64.55    18.25
2007   10    85.34    12.78
2007   11    90.62     6.60
2007   12    37.25     1.58
2008    1    70.49    -0.12
2008    2    78.59    -0.88
2008    3    74.63     4.03
2008    4   106.00    13.27
2008    5    53.69    16.66
2008    6   132.69    19.79
2008    7    59.94    21.63
2008    8    23.23    21.19
2008    9   109.54    14.73
2008   10   105.58    11.86
2008   11    57.59     6.85
2008   12    70.00     1.99
2009    1   102.94    -4.46
2009    2    34.42    -3.10
2009    3    72.10     6.63
2009    4   146.37     8.89
2009    5   114.13    16.95
2009    6   201.19    19.59
2009    7    70.11    20.99
2009    8    23.53    21.77
2009    9    51.56    17.55
2009   10   124.73    11.59
2009   11    37.26     6.66
2009   12    56.16     0.91
2010    1    35.97    -1.52
2010    2    29.05    -1.73
2010    3    67.38     6.27
2010    4   112.40    11.87
2010    5   159.04    15.99
2010    6    20.56    21.91
2010    7    40.28    23.12
2010    8    83.62    19.39
2010    9    73.23    17.13
2010   10    89.23     8.93
2010   11    36.51     4.68
2010   12    22.21     0.59
2011    1    49.16    -1.92
2011    2    33.39     2.09
2011    3    79.74     8.07
2011    4    89.64    10.87
2011    5   154.38    16.01
2011    6    32.78    20.87
2011    7    39.38    22.14
2011    8    16.27    20.84
2011    9   125.90    16.13
2011   10    66.85    12.78
2011   11   135.49     5.30
2011   12    31.72     3.02
2012    1    66.17    -1.69
2012    2    54.16     0.49
2012    3    54.24     4.38
2012    4   138.51    10.56
2012    5   173.36    15.72
2012    6   122.57    20.93
2012    7    59.51    21.78
2012    8    32.80    21.71
2012    9   127.49    14.54
2012   10   108.17    10.41
2012   11    61.77     5.88
2012   12    64.67     0.62
2013    1    11.22     2.20
2013    2    39.26     4.67
2013    3   113.74     8.05
2013    4   159.38     9.77
2013    5   144.66    17.40
2013    6   141.67    20.31
2013    7    50.78    22.61
2013    8   105.48    21.27
2013    9    23.71    19.64
2013   10    50.77    15.45
2013   11    46.34     6.70
2013   12    37.17     0.30
2014    1    26.32    -2.09
2014    2    34.78     3.60
2014    3    72.31     6.77
2014    4   122.71    12.94
2014    5   173.72    16.64
2014    6   175.53    20.48
2014    7    62.33    21.13
2014    8    54.36    22.35
2014    9   106.94    15.84
2014   10    42.58    11.54
2014   11    71.65     3.66
2014   12    35.12     2.84
2015    1    63.69    -2.12
2015    2    45.25    -1.06
2015    3    42.24     7.29
2015    4    71.18    10.30
2015    5   205.07    13.46
2015    6   106.88    20.00
2015    7    59.77    22.22
2015    8    39.66    21.81
2015    9   189.08    17.49
2015   10   124.75    10.70
2015   11    41.37     7.56
2015   12    36.74     1.60
2016    1    22.42    -3.68
2016    2    47.43    -0.06
2016    3    57.81     4.01
2016    4    60.16     7.97
2016    5   218.33    15.27
2016    6    57.11    20.54
2016    7    63.59    23.04
2016    8   149.84    20.65
2016    9    76.49    17.11
2016   10    61.04    13.91
2016   11   104.51     5.55
2016   12    59.31     3.76
2017    1    20.67     0.71
2017    2    30.37     3.33
2017    3    90.48     5.75
2017    4   149.26     7.67
2017    5    70.40    15.35
2017    6   161.67    20.53
2017    7    64.98    22.62
2017    8    68.31    21.41
2017    9    90.43    18.19
2017   10    90.97    13.00
2017   11    13.21     5.83
2017   12    49.09     2.68
2018    1    95.13    -0.85
2018    2    37.79    -0.49
2018    3    59.35     9.12
2018    4    74.87    13.04
2018    5   123.73    17.43
2018    6    23.43    20.85
2018    7    94.39    22.30
2018    8    25.78    22.27
2018    9    17.90    19.70
2018   10   102.96    11.84
2018   11   101.35     5.11
2018   12    30.29     2.85
2019    1    75.30    -2.85
2019    2    55.87    -0.58
2019    3    61.47     5.15
2019    4   150.72     6.24
2019    5   141.27    16.77
2019    6    91.94    20.23
2019    7    19.14    23.69
2019    8    56.57    22.28
2019    9    69.38    18.00
2019   10    79.27    14.47
2019   11    30.38     8.51
2019   12    37.51     1.71
2020    1    26.23     1.94
2020    2    71.35    -0.12
2020    3    49.85     6.33
2020    4   131.29    10.20
2020    5   254.86    15.48
2020    6   191.74    19.33
2020    7    52.43    22.95
2020    8    65.27    21.11
2020    9   188.26    16.55
2020   10   113.70    11.35
2020   11    52.97     8.61
2020   12    80.85     2.74
2021    1    38.81    -0.16
2021    2    36.74     4.12
2021    3   104.94     6.18
2021    4   107.86    12.20
2021    5    61.58    18.86
2021    6   157.00    20.77
2021    7    61.93    22.48
2021    8    51.55    22.88
2021    9   131.96    16.87
2021   10    94.60     9.88
2021   11    20.62     8.41
2021   12    39.91     2.32
2022    1    31.61     1.94
2022    2    88.76    -1.45
2022    3    63.33     7.39
2022    4   121.02     8.53
2022    5    81.24    16.67
2022    6    63.65    21.25
2022    7   101.50    22.00
2022    8    28.26    21.93
2022    9    34.51    16.35
2022   10   174.65    11.14
2022   11    12.90     8.04
2022   12    67.75     3.84
2023    1    85.45     0.73
2023    2   101.09     1.59
2023    3   134.07     5.51
2023    4   176.63    12.06
2023    5   190.80    15.80
2023    6   133.68    19.31
2023    7    57.83    22.65
2023    8    83.60    21.45
2023    9   130.49    17.42
2023   10    51.57    14.82
2023   11    59.06     5.36
2023   12    44.43     3.70
2024    1    41.90     0.05
2024    2    61.17    -0.31
2024    3   103.36     4.09
2024    4   133.73    10.44
2024    5   172.94    16.88
2024    6   174.50    19.51
2024    7   103.68    22.74
2024    8    71.81    22.12
2024    9   177.18    17.37
2024   10    88.15    11.82
2024   11    45.22     8.42
2024   12    42.86     1.58
2025    1    47.20    -4.41
2025    2    42.97     0.42
2025    3    57.62     7.96
2025    4    72.90    10.04
2025    5    72.73    17.49
2025    6   150.22    19.87
2025    7    72.08    21.83
2025    8    19.42    21.35
2025    9    82.95    18.62
2025   10   120.38    13.11
2025   11    57.75     7.53
2025   12    31.56     2.70
2026    1    44.69     1.33
2026    2    35.73     1.71
2026    3   100.57     6.14
2026    4   100.73    13.52
2026    5   117.98    14.99
2026    6    54.90    21.82
2026    7    30.04    24.14
2026    8    25.69    22.97
2026    9    75.35    19.50
2026   10   101.92    15.10
2026   11    72.37     7.28
2026   12    51.07     3.81
2027    1    76.52    -0.58
2027    2    52.36     0.87
2027    3   138.11     2.74
2027    4   132.92    12.30
2027    5   158.29    18.09
2027    6   143.19    21.03
2027    7    45.11    22.47
2027    8    28.48    21.87
2027    9    52.84    18.53
2027   10   238.12     9.85
2027   11    22.37     6.58
2027   12    36.69     3.46
2028    1    36.96     0.06
2028    2    91.00     2.06
2028    3   123.70     6.40
2028    4   152.27    10.47
2028    5   142.52    15.94
2028    6   143.33    20.74
2028    7   135.08    22.41
2028    8    39.97    21.38
2028    9    93.28    17.53
2028   10   109.20    13.25
2028   11   142.00     9.51
2028   12    56.77     2.01
2029    1    25.04     2.38
2029    2    70.78     1.27
2029    3   157.71     6.13
2029    4    83.26     9.21
2029    5   162.41    15.61
2029    6    32.61    22.02
2029    7    20.49    23.22
2029    8    45.87    22.76
2029    9    86.38    16.59
2029   10    47.81    13.09
2029   11    92.16     6.87
2029   12    65.63     3.10
2030    1    39.58     0.03
2030    2    75.07     3.11
2030    3    78.73     7.96
2030    4   129.62    11.54
2030    5   181.29    15.27
2030    6    30.85    21.71
2030    7   173.83    23.26
2030    8   102.78    20.84
2030    9   131.89    17.51
2030   10   169.93    10.05
2030   11    43.69     6.25
2030   12    18.19     2.40
2031    1    49.81     2.67
2031    2    69.39     4.74
2031    3   163.67     5.39
2031    4    90.04    10.32
2031    5   141.07    17.97
2031    6    46.79    21.61
2031    7    50.46    23.50
2031    8   156.74    22.31
2031    9   109.35    16.91
2031   10    90.44    11.63
2031   11   102.62     5.53
2031   12    23.24     2.00
2032    1    64.88    -1.52
2032    2    25.91     2.93
2032    3   101.34     5.18
2032    4    86.23    11.89
2032    5   222.86    14.58
2032    6   104.79    20.00
2032    7    55.94    23.86
2032    8    17.38    23.08
2032    9    96.15    18.59
2032   10   108.04    12.86
2032   11    29.67     6.91
2032   12    22.26     3.09
2033    1    46.65    -1.43
2033    2    24.00     2.32
2033    3   124.57     7.70
2033    4   134.38    14.28
2033    5    89.32    19.49
2033    6   119.15    21.02
2033    7    82.32    23.33
2033    8   105.18    21.53
2033    9    63.25    17.22
2033   10   145.71    14.05
2033   11    31.37     8.11
2033   12    27.89     3.43
2034    1    36.65     3.13
2034    2   110.02     0.44
2034    3    87.54     5.55
2034    4   133.45     9.99
2034    5    66.14    17.31
2034    6    68.48    22.49
2034    7    10.98    24.78
2034    8    44.05    21.52
2034    9    48.45    21.31
2034   10   150.84    13.40
2034   11    72.94     8.27
2034   12    42.97     2.80
2035    1    55.46     0.20
2035    2    29.76     4.14
2035    3   114.80     8.63
2035    4    88.73    10.27
2035    5   184.53    16.69
2035    6   180.90    21.28
2035    7    93.31    22.73
2035    8    36.72    21.59
2035    9    78.57    18.36
2035   10   100.69    11.88
2035   11    97.76     4.83
2035   12    29.58     2.19
