2006    1    43.81    -0.20
2006    2   100.26     0.56
2006    3   120.34     5.39
2006    4   187.33     8.73
2006    5   165.45    16.38
2006    6   175.52    18.45
2006    7    41.24    23.25
2006    8    51.83    22.80
2006    9   110.18    17.07
2006   10   109.99    12.38
2006   11    40.75     7.91
2006   12    41.66    -0.52
2007    1    62.37    -3.83
2007    2    55.77    -4.13
2007    3    89.67     0.65
2007    4   220.88     8.16
2007    5   151.63    15.15
2007    6   102.89    19.10
2007    7    72.91    22.04
2007    8    58.24    23.42
2007    9    89.76    18.40
2007   10   124.75    10.90
2007   11   113.92     6.36
2007   12    81.57     0.97
2008    1    43.68    -0.38
2008    2    64.22    -1.78
2008    3    64.52     1.06
2008    4   168.86    11.26
2008    5   149.90    16.49
2008    6    98.42    18.01
2008    7    96.16    21.72
2008    8   163.03    21.48
2008    9   111.29    17.41
2008   10    74.01    12.33
2008   11    63.04     5.29
2008   12    71.14     0.10
2009    1    31.49    -1.03
2009    2    46.32    -4.37
2009    3    79.20     1.41
2009    4   204.21     9.72
2009    5   312.21    13.84
2009    6   100.28    19.75
2009    7   158.70    21.37
2009    8    45.46    20.25
2009    9    72.41    19.87
2009   10   147.02    10.72
2009   11    52.97     2.10
2009   12    43.94    -2.40
2010    1    38.15    -0.92
2010    2    27.57     0.28
2010    3   147.74     4.84
2010    4   162.78    11.54
2010    5   266.38    13.34
2010    6   186.53    18.85
2010    7   107.40    22.21
2010    8    51.47    23.43
2010    9   124.90    18.34
2010   10   100.17    12.20
2010   11    74.49     5.75
2010   12    25.89     1.62
2011    1    13.95    -1.06
2011    2    37.69     1.75
2011    3    95.48     4.09
2011    4   171.18    10.34
2011    5   128.09    16.06
2011    6   165.60    19.76
2011    7    56.44    23.89
2011    8    48.01    23.77
2011    9    85.49    16.86
2011   10    46.04    14.85
2011   11    59.35     5.01
2011   12    49.26     2.71
2012    1    42.05    -1.45
2012    2    24.40    -1.66
2012    3    99.18     3.39
2012    4   201.17     8.06
2012    5   206.69    13.75
2012    6   184.60    16.85
2012    7   117.71    21.36
2012    8    76.39    21.32
2012    9    55.60    17.67
2012   10    73.22    10.99
2012   11    58.04     7.44
2012   12    80.54     2.28
2013    1    41.08    -3.03
2013    2    51.03    -0.42
2013    3   170.10     5.14
2013    4   216.68    10.03
2013    5   240.56    15.19
2013    6    90.15    21.65
2013    7    53.61    21.53
2013    8    71.67    23.01
2013    9   133.26    17.75
2013   10    83.65    11.08
2013   11    80.52     5.39
2013   12    36.89    -0.04
2014    1    51.28     0.47
2014    2    52.62     0.25
2014    3    77.29     5.43
2014    4   164.48    10.26
2014    5   223.41    16.23
2014    6   184.28    19.28
2014    7    98.94    19.79
2014    8   107.11    22.32
2014    9    67.17    18.15
2014   10   102.85    10.76
2014   11    65.99     6.13
2014   12    55.40    -0.06
2015    1    44.02     1.41
2015    2    47.72     0.90
2015    3   131.01     2.79
2015    4   144.04     9.77
2015    5   244.04    13.96
2015    6   182.05    18.47
2015    7    69.03    23.13
2015    8   106.05    22.69
2015    9   153.74    15.12
2015   10    81.31    10.45
2015   11    92.33     4.12
2015   12    62.82    -0.20
2016    1    43.52     0.13
2016    2    74.21     1.45
2016    3    77.74     4.80
2016    4   206.79     5.52
2016    5   144.56    15.76
2016    6    60.55    21.27
2016    7    96.95    21.94
2016    8    75.02    21.57
2016    9    57.33    18.53
2016   10    86.47    12.30
2016   11    66.77     6.08
2016   12    28.08    -0.63
2017    1    54.32     0.59
2017    2    24.06     1.99
2017    3   169.09     4.94
2017    4   195.21    10.26
2017    5   199.02    14.55
2017    6    71.47    19.86
2017    7    33.31    22.34
2017    8    52.57    21.93
2017    9   133.49    17.91
2017   10    95.66    10.89
2017   11    76.91     7.49
2017   12    53.14     2.88
2018    1    19.17    -0.53
2018    2    45.22     2.50
2018    3   106.35     7.30
2018    4   264.69     8.99
2018    5   159.96    16.00
2018    6    41.08    21.36
2018    7    53.12    20.93
2018    8    48.45    22.53
2018    9    55.87    18.58
2018   10    55.35    12.04
2018   11    19.84     5.94
2018   12    21.47     5.59
2019    1    15.65    -0.09
2019    2    33.56     1.62
2019    3   135.98     6.76
2019    4   161.50    11.21
2019    5   197.83    16.11
2019    6    53.10    21.00
2019    7   136.22    22.38
2019    8    61.57    23.76
2019    9   134.27    16.64
2019   10    95.89    11.02
2019   11   100.81     5.46
2019   12    63.34     1.30
2020    1    35.66    -1.03
2020    2    52.51     1.90
2020    3   108.46     4.60
2020    4   218.94    11.61
2020    5   190.70    14.78
2020    6   136.92    19.71
2020    7    86.85    23.42
2020    8   121.03    22.51
2020    9   111.39    19.08
2020   10    24.06     9.47
2020   11    99.75     6.48
2020   12    43.39     2.90
2021    1    49.97     0.97
2021    2    92.77     1.71
2021    3   131.00     3.71
2021    4   148.58     9.73
2021    5   283.93    15.25
2021    6    84.15    22.26
2021    7    51.84    25.54
2021    8    71.00    22.73
2021    9    58.23    19.66
2021   10   137.74    11.21
2021   11    35.51     4.66
2021   12    47.98     1.94
2022    1    29.98    -0.31
2022    2    24.50    -1.13
2022    3    98.31     3.50
2022    4   140.04    11.31
2022    5   191.30    15.54
2022    6   203.41    19.22
2022    7    45.02    23.14
2022    8   106.95    22.50
2022    9    36.14    20.84
2022   10    85.78    14.42
2022   11    66.19     5.26
2022   12    50.30     0.56
2023    1    32.14     1.12
2023    2    47.44     1.70
2023    3    91.72     3.92
2023    4   169.89     9.78
2023    5   154.35    17.47
2023    6   153.59    19.54
2023    7    63.35    22.62
2023    8    89.42    21.30
2023    9    47.19    18.56
2023   10    73.86    12.44
2023   11    40.82     9.01
2023   12    35.49     2.57
2024    1    32.07    -2.42
2024    2    59.37     2.55
2024    3    99.31     6.05
2024    4   136.03    10.56
2024    5   191.59    15.57
2024    6   136.75    19.60
2024    7    22.88    24.15
2024    8   103.87    21.60
2024    9   118.18    17.57
2024   10    92.87    13.04
2024   11    61.80     7.58
2024   12    28.42     3.68
2025    1    39.04    -1.39
2025    2    38.28     1.60
2025    3   102.35     3.35
2025    4   194.60     8.45
2025    5   213.53    15.50
2025    6    92.51    22.12
2025    7    46.52    24.92
2025    8    38.96    24.02
2025    9   143.65    16.08
2025   10    90.01    13.30
2025   11    63.11     6.88
2025   12    26.24     0.36
2026    1    45.23     1.13
2026    2    36.56    -0.85
2026    3    96.05     3.71
2026    4   189.23     9.86
2026    5   167.93    14.85
2026    6    88.70    20.90
2026    7   118.29    22.36
2026    8   119.30    20.84
2026    9    28.66    21.77
2026   10   113.14    11.36
2026   11    32.39     7.87
2026   12    65.49     0.04
2027    1    40.70    -2.67
2027    2    50.54     1.58
2027    3    66.18     4.70
2027    4   139.60    11.25
2027    5   150.54    16.94
2027    6   237.16    19.04
2027    7    26.23    25.17
2027    8   113.57    21.34
2027    9    79.92    19.12
2027   10    81.95    13.44
2027   11    24.19     8.28
2027   12    46.81     2.27
2028    1    65.90     1.86
2028    2    47.47    -2.27
2028    3   124.69     5.70
2028    4   215.67     8.83
2028    5   185.35    16.07
2028    6   128.69    19.13
2028    7    57.92    24.28
2028    8    77.91    23.78
2028    9    98.79    17.25
2028   10    91.28    12.42
2028   11    13.78     7.38
2028   12    34.98     1.61
2029    1    12.56     1.35
2029    2    66.74     1.69
2029    3   149.91     7.72
2029    4   165.36    11.49
2029    5   271.17    14.71
2029    6   140.44    20.52
2029    7   106.42    22.25
2029    8    96.46    22.70
2029    9   136.05    15.84
2029   10    62.73    10.67
2029   11    22.05     8.46
2029   12    48.60     5.12
2030    1    36.37    -0.14
2030    2    86.43     3.01
2030    3    97.36     4.85
2030    4   187.21     9.56
2030    5   137.62    15.44
2030    6    99.09    21.83
2030    7    41.47    22.27
2030    8    68.85    22.29
2030    9    75.43    19.61
2030   10    71.90    14.54
2030   11    49.79     7.73
2030   12    49.79     1.73
2031    1    55.97    -1.82
2031    2    52.93     0.47
2031    3    94.11     4.32
2031    4   230.07    10.05
2031    5   266.72    13.66
2031    6    42.17    22.59
2031    7    45.81    23.60
2031    8    28.75    23.97
2031    9    37.03    20.41
2031   10    97.22    12.75
2031   11    32.27     6.90
2031   12    41.74     2.83
2032    1    49.06    -0.39
2032    2    25.86    -0.25
2032    3    71.99     6.90
2032    4   238.24    11.46
2032    5   246.38    14.55
2032    6   141.72    20.55
2032    7    88.47    24.35
2032    8   140.60    22.82
2032    9   119.65    17.72
2032   10   132.03    13.18
2032   11    86.71     6.29
2032   12    66.49     2.34
2033    1    28.75     2.48
2033    2    63.82     3.11
2033    3    88.50     6.57
2033    4   217.33    12.46
2033    5   221.13    16.01
2033    6   186.73    19.65
2033    7   133.66    22.38
2033    8   130.45    21.99
2033    9    78.68    17.99
2033   10    36.45    15.01
2033   11    59.48     9.07
2033   12    49.95     4.64
2034    1    68.47     2.44
2034    2    65.46     3.17
2034    3   110.05     5.22
2034    4   190.95    10.95
2034    5   248.13    15.29
2034    6   186.35    18.42
2034    7    36.97    24.97
2034    8    47.51    22.88
2034    9   247.18    17.48
2034   10    76.19    11.81
2034   11    50.53     5.09
2034   12    24.11     1.62
2035    1    59.47    -0.58
2035    2    45.35     1.78
2035    3   115.54     5.64
2035    4   158.73    10.82
2035    5   163.88    17.71
2035    6    69.01    21.49
2035    7    89.63    22.68
2035    8    28.78    24.68
2035    9    46.21    20.14
2035   10   142.91    12.62
2035   11    47.00     7.18
2035   12    49.95     1.35
2036    1    70.37    -0.89
2036    2    18.44     2.27
2036    3   145.11     4.83
2036    4   159.47     8.28
2036    5   164.25    17.05
2036    6   120.28    20.24
2036    7    61.69    24.66
2036    8    52.91    23.71
2036    9    79.95    18.81
2036   10    85.19    14.75
2036   11    78.39     8.80
2036   12    13.17     4.21
2037    1    54.06    -0.51
2037    2    74.86     1.71
2037    3    43.07     6.96
2037    4   165.49    11.23
2037    5   250.65    15.83
2037    6    94.86    19.77
2037    7    18.37    25.93
2037    8    80.50    23.28
2037    9   127.77    18.03
2037   10   124.68    12.21
2037   11   100.52     4.40
2037   12    43.78     1.88
2038    1    75.89    -1.13
2038    2    49.74     0.32
2038    3   157.71     5.35
2038    4   163.54    10.68
2038    5   256.36    15.43
2038    6   210.54    20.41
2038    7    65.81    23.63
2038    8    89.60    23.09
2038    9    75.76    20.02
2038   10   117.60    15.00
2038   11    30.06     8.78
2038   12    48.14     2.46
2039    1    94.40    -2.18
2039    2    52.06     0.46
2039    3   171.60     5.00
2039    4   206.96     9.33
2039    5   239.93    15.60
2039    6   150.52    20.19
2039    7    30.19    24.44
2039    8   144.09    22.22
2039    9    56.53    20.32
2039   10    81.41    14.89
2039   11    78.69     7.42
2039   12    29.04     2.03
2040    1    37.77    -0.01
2040    2    52.30     0.80
2040    3   115.77     3.78
2040    4   120.75    13.07
2040    5   206.72    14.96
2040    6    88.00    19.87
2040    7    20.35    25.24
2040    8    63.36    23.14
2040    9   148.34    19.07
2040   10    90.98    12.71
2040   11    18.68     7.09
2040   12    46.77     3.14
2041    1    26.82     2.48
2041    2    91.74     3.28
2041    3   131.23     5.90
2041    4    83.01    12.13
2041    5   122.00    16.79
2041    6    77.30    21.87
2041    7    24.91    25.18
2041    8    19.60    25.02
2041    9   107.41    17.82
2041   10    84.06    15.13
2041   11    55.29     7.46
2041   12    87.46     3.59
2042    1    50.02     2.91
2042    2    36.34     4.61
2042    3   141.49     8.14
2042    4   235.73     9.44
2042    5   215.00    15.47
2042    6   107.13    20.67
2042    7    74.84    24.27
2042    8   149.43    23.79
2042    9    83.38    20.22
2042   10   130.78    13.60
2042   11    81.36     8.34
2042   12    55.66     2.07
2043    1    26.12     0.97
2043    2    73.27     2.57
2043    3    80.46     5.50
2043    4   319.33    13.46
2043    5   233.48    17.11
2043    6   102.16    22.09
2043    7    86.47    23.77
2043    8   110.50    22.68
2043    9    82.54    20.06
2043   10    85.22    14.41
2043   11    66.74     7.38
2043   12    63.43     3.75
2044    1    55.64     1.71
2044    2    39.72     3.59
2044    3   183.85     4.35
2044    4   119.03    11.19
2044    5   184.72    17.48
2044    6    71.70    23.00
2044    7    62.97    24.78
2044    8    69.90    23.66
2044    9    75.60    20.72
2044   10    52.72    10.68
2044   11    37.95     6.72
2044   12    27.40     3.86
2045    1   103.43    -1.24
2045    2    47.39    -2.70
2045    3    64.43     5.00
2045    4   152.26    13.02
2045    5   275.99    15.36
2045    6   110.45    20.92
2045    7    43.76    23.85
2045    8    49.93    23.06
2045    9   113.50    18.08
2045   10    96.12    11.80
2045   11    44.47     6.67
2045   12    50.36     3.47
2046    1    40.98     2.61
2046    2    69.05     2.72
2046    3   100.28     6.74
2046    4   187.81    12.17
2046    5   154.29    17.44
2046    6   147.42    19.21
2046    7    32.00    23.87
2046    8    38.68    25.56
2046    9    86.71    20.29
2046   10    76.61    13.52
2046   11     9.02     6.56
2046   12    67.16     3.10
2047    1    62.95    -2.87
2047    2    40.19    -0.24
2047    3    72.99     7.86
2047    4   129.21    13.60
2047    5   273.25    15.49
2047    6    90.15    20.10
2047    7    14.78    26.22
2047    8    38.04    24.86
2047    9    54.91    21.52
2047   10    98.65    13.90
2047   11    52.49     8.10
2047   12    27.35     1.64
2048    1    30.58     0.63
2048    2    89.60     2.85
2048    3    89.99     5.51
2048    4   130.60    11.16
2048    5   219.49    15.71
2048    6   145.55    21.54
2048    7    93.21    23.65
2048    8    92.04    22.88
2048    9   117.46    19.22
2048   10    84.95    12.37
2048   11    54.71     6.20
2048   12    42.17     0.38
2049    1    38.51    -2.20
2049    2    60.32     0.27
2049    3    79.17     3.78
2049    4   177.79     6.74
2049    5   221.41    15.84
2049    6    41.16    22.90
2049    7    31.35    26.85
2049    8    38.92    26.14
2049    9    66.25    19.75
2049   10   126.70    15.62
2049   11    68.80     8.02
2049   12    20.98     4.57
2050    1    56.06    -3.04
2050    2    44.44    -0.21
2050    3   152.87     9.67
2050    4   138.55    10.05
2050    5   190.29    14.04
2050    6    59.77    21.03
2050    7    25.58    24.04
2050    8    38.18    25.77
2050    9   149.88    19.34
2050   10    53.04    13.92
2050   11    51.85     6.86
2050   12    55.95     2.36
2051    1    39.47     2.67
2051    2    81.91     3.78
2051    3    76.93     8.52
2051    4   203.05    12.18
2051    5   302.39    15.56
2051    6   122.13    19.36
2051    7    77.21    22.76
2051    8    24.29    24.32
2051    9    72.29    20.71
2051   10   126.91    12.18
2051   11    38.60     7.78
2051   12    26.46     2.22
2052    1    39.91     0.85
2052    2    84.10     2.59
2052    3   142.58     5.92
2052    4   178.52    12.59
2052    5   127.74    17.74
2052    6   236.41    19.40
2052    7    37.67    25.55
2052    8    30.71    24.24
2052    9   100.72    19.25
2052   10    76.30    13.72
2052   11    48.10     7.29
2052   12    51.92     1.22
2053    1    35.17     1.00
2053    2    83.98     2.93
2053    3   144.54     4.74
2053    4   181.17    10.06
2053    5   140.67    17.78
2053    6   205.12    20.19
2053    7    65.57    24.61
2053    8    61.23    23.43
2053    9    91.50    21.44
2053   10    93.89    15.48
2053   11    91.93     8.87
2053   12    70.71     2.10
2054    1    38.22    -2.38
2054    2    99.24     1.66
2054    3   121.10     4.78
2054    4   269.74     9.16
2054    5   229.84    15.72
2054    6    89.96    21.49
2054    7   137.16    24.14
2054    8    72.70    23.15
2054    9   197.21    19.72
2054   10   161.32    13.18
2054   11    47.08     7.53
2054   12    48.62     1.81
2055    1    51.95     2.02
2055    2    36.89     2.03
2055    3   122.01     5.51
2055    4   187.92    10.61
2055    5   195.48    17.59
2055    6    58.48    22.83
2055    7    98.33    25.10
2055    8    56.60    23.65
2055    9    98.55    19.36
2055   10   126.11    14.59
2055   11    88.43     8.23
2055   12    23.25    -1.79
2056    1    13.76    -4.07
2056    2    24.86     3.20
2056    3   131.67     6.06
2056    4   208.85    12.36
2056    5   268.08    15.21
2056    6    72.15    22.10
2056    7    27.73    25.26
2056    8    46.27    24.14
2056    9    60.53    20.92
2056   10   100.19    13.85
2056   11    40.58     8.82
2056   12    68.25     0.99
2057    1    80.74    -2.43
2057    2    39.69    -2.06
2057    3    68.51     5.22
2057    4   200.46     9.68
2057    5   144.44    15.94
2057    6   110.15    21.18
2057    7    43.87    23.67
2057    8     8.80    24.67
2057    9    80.57    18.98
2057   10    52.71    13.63
2057   11    34.82     7.57
2057   12    62.12    -0.68
2058    1    48.79     0.08
2058    2    62.28     3.25
2058    3    84.47     7.42
2058    4   258.60    13.42
2058    5   176.02    16.55
2058    6    59.04    23.04
2058    7    31.70    24.64
2058    8    61.30    24.80
2058    9    67.41    21.17
2058   10    98.31    15.72
2058   11   114.33     8.40
2058   12    25.43     1.77
2059    1    69.71    -1.12
2059    2    39.66     0.86
2059    3   118.13     6.94
2059    4   154.40    12.61
2059    5   171.63    16.25
2059    6   107.36    22.16
2059    7    76.88    24.80
2059    8    31.20    24.99
2059    9    71.52    19.41
2059   10   117.14    13.79
2059   11    73.05     8.40
2059   12    33.05     3.38
2060    1    77.55     3.18
2060    2    76.43     2.14
2060    3    57.28     5.98
2060    4   170.80    10.67
2060    5   188.47    17.93
2060    6   147.89    21.82
2060    7    64.90    24.30
2060    8    39.89    24.12
2060    9   143.76    16.54
2060   10   115.39    12.97
2060   11    79.71     8.59
2060   12    58.11    -0.64
2061    1   102.73    -0.82
2061    2   100.40     3.24
2061    3   169.73     6.78
2061    4   214.20     9.55
2061    5   144.12    16.60
2061    6    90.63    22.48
2061    7    46.67    24.13
2061    8    55.06    22.51
2061    9    89.92    19.49
2061   10    87.83    13.71
2061   11    50.47     7.26
2061   12    49.92     2.01
2062    1    12.68     2.46
2062    2    53.42     2.85
2062    3   128.85     5.34
2062    4   169.69    13.69
2062    5   168.41    17.12
2062    6    94.90    21.04
2062    7    85.44    23.92
2062    8    34.83    23.94
2062    9    88.74    19.31
2062   10    77.25    11.35
2062   11    36.41     5.96
2062   12    16.52     3.39
2063    1    28.26    -1.09
2063    2    53.82     2.92
2063    3   188.34     6.55
2063    4   279.24    11.84
2063    5   153.18    16.75
2063    6    77.52    21.71
2063    7    46.60    24.64
2063    8    78.60    23.52
2063    9    89.68    21.66
2063   10    87.14    13.55
2063   11    70.07     8.16
2063   12    21.66     1.83
2064    1    57.56     0.18
2064    2    62.83     3.31
2064    3   151.40     5.08
2064    4   182.84    10.03
2064    5   175.64    18.08
2064    6   138.54    20.00
2064    7    66.09    22.80
2064    8    31.74    22.91
2064    9    35.53    22.14
2064   10   120.49    13.79
2064   11    69.96     9.86
2064   12    55.92     3.26
2065    1    63.16     3.50
2065    2    60.18     4.33
2065    3   131.44     4.55
2065    4   209.48    10.48
2065    5   141.57    17.78
2065    6   167.61    20.41
2065    7    90.54    23.63
2065    8    26.99    24.79
2065    9   150.74    19.88
2065   10   201.54    14.52
2065   11    49.78     5.98
2065   12    38.65     3.08
2066    1    24.71     1.53
2066    2    78.39     3.40
2066    3   126.29     8.59
2066    4   219.61    11.07
2066    5   156.05    17.01
2066    6    95.05    23.08
2066    7    46.24    26.44
2066    8    20.34    25.35
2066    9    87.27    19.04
2066   10    89.09    14.75
2066   11    72.54     5.68
2066   12    66.14     0.71
2067    1    23.82    -2.05
2067    2    25.65    -0.49
2067    3   117.05     5.23
2067    4   118.71    14.42
2067    5    76.43    19.43
2067    6    26.48    23.91
2067    7    42.82    26.97
2067    8    21.74    25.79
2067    9    24.86    20.87
2067   10   128.23    12.73
2067   11    47.37     6.03
2067   12    55.90     2.84
2068    1    24.70     3.91
2068    2    86.65     2.76
2068    3   114.14     7.37
2068    4   156.81    12.55
2068    5   196.13    18.40
2068    6    64.67    22.16
2068    7    16.18    24.93
2068    8    57.91    24.26
2068    9   138.62    19.24
2068   10    64.96    12.96
2068   11    76.18     8.26
2068   12    18.26     1.49
2069    1    60.81    -1.74
2069    2    57.66    -3.49
2069    3    92.64     4.04
2069    4   115.79    15.18
2069    5   141.35    18.75
2069    6   122.28    21.25
2069    7    44.67    26.48
2069    8    51.69    24.18
2069    9    92.72    20.54
2069   10   107.02    13.96
2069   11    32.40     8.64
2069   12    40.93     5.67
2070    1    92.51    -0.73
2070    2    20.62    -0.92
2070    3    93.16     7.46
2070    4   116.65    12.67
2070    5   172.47    17.20
2070    6    73.90    21.37
2070    7    59.04    25.43
2070    8    38.51    26.49
2070    9    48.36    23.37
2070   10   124.95    13.71
2070   11    59.29     5.20
2070   12    36.54     2.35
2071    1     6.78     0.97
2071    2   118.00     0.67
2071    3    67.47     6.51
2071    4   138.79    13.09
2071    5   198.90    17.24
2071    6   146.24    20.75
2071    7    43.74    24.25
2071    8    30.34    23.42
2071    9   126.31    19.92
2071   10   117.10    13.59
2071   11   128.20     7.24
2071   12    82.31     4.39
2072    1    27.17     2.88
2072    2    69.80    -0.13
2072    3    77.80     1.99
2072    4   203.38     9.78
2072    5   165.59    16.82
2072    6    84.48    22.49
2072    7    17.19    26.00
2072    8    17.67    27.22
2072    9   127.68    20.10
2072   10    58.60    12.85
2072   11    71.49     8.79
2072   12    66.91     2.28
2073    1    88.80    -0.24
2073    2    33.62     3.63
2073    3   146.62     9.52
2073    4   142.37    11.90
2073    5   214.07    17.46
2073    6    47.48    21.54
2073    7    48.85    25.26
2073    8    64.80    24.06
2073    9    61.12    20.96
2073   10    48.35    15.80
2073   11    50.60     9.66
2073   12    24.81     6.05
2074    1    61.38     1.99
2074    2    59.93     0.34
2074    3    70.51     5.77
2074    4   123.19    14.12
2074    5    96.78    20.08
2074    6    72.17    24.10
2074    7    44.91    24.99
2074    8    21.91    27.39
2074    9    16.80    22.67
2074   10   100.72    14.50
2074   11    77.01     8.89
2074   12    49.12     4.13
2075    1    53.71    -0.98
2075    2    59.70     3.48
2075    3   112.22     8.55
2075    4   155.28    13.52
2075    5   119.23    19.97
2075    6   167.49    21.98
2075    7    20.18    26.59
2075    8    32.11    27.17
2075    9   119.12    18.65
2075   10    75.63    13.89
2075   11    32.31     8.60
2075   12    19.94     4.18
2076    1    54.86     1.91
2076    2    67.76     3.66
2076    3    95.86     9.15
2076    4   324.67    12.49
2076    5   154.72    19.14
2076    6   124.60    20.40
2076    7    35.37    24.07
2076    8    14.77    26.87
2076    9    83.46    19.20
2076   10    74.58    13.93
2076   11    47.91     7.81
2076   12    30.64     4.54
2077    1    57.80     1.79
2077    2    88.51     0.31
2077    3    92.87     6.12
2077    4   215.27    11.52
2077    5   292.16    15.43
2077    6    97.93    20.99
2077    7    16.56    26.18
2077    8    31.16    26.18
2077    9    75.89    21.32
2077   10    84.52    15.02
2077   11    49.83     9.67
2077   12    49.82     3.86
2078    1    28.11     0.16
2078    2    48.31     3.58
2078    3   164.94     8.62
2078    4   190.61     9.03
2078    5   228.85    16.64
2078    6    77.70    23.57
2078    7    62.70    26.27
2078    8    80.54    24.82
2078    9    53.83    20.49
2078   10   123.94    10.76
2078   11    33.30     5.90
2078   12    60.85     4.46
2079    1    51.10    -2.20
2079    2    58.58     1.40
2079    3    87.25     6.55
2079    4   187.67    12.77
2079    5   128.29    19.45
2079    6   163.34    20.03
2079    7    54.59    24.28
2079    8    58.92    23.26
2079    9    96.64    18.41
2079   10    94.03    15.69
2079   11    59.42     6.19
2079   12    33.99     2.05
2080    1    59.68     2.36
2080    2    45.76     1.77
2080    3   120.36     9.01
2080    4   165.23    14.18
2080    5   222.56    16.48
2080    6   132.46    22.85
2080    7    54.16    24.80
2080    8    47.37    24.16
2080    9    13.55    22.05
2080   10    82.73    16.50
2080   11    42.05     8.63
2080   12    48.03    -0.30
2081    1    43.12     0.84
2081    2    28.68     4.79
2081    3   100.61     9.93
2081    4   184.11    11.49
2081    5   163.49    18.14
2081    6    87.56    22.23
2081    7    13.57    24.90
2081    8    82.95    24.30
2081    9    89.59    18.99
2081   10    75.31    14.22
2081   11    31.99     8.45
2081   12    32.96     1.34
2082    1    12.96     3.52
2082    2    64.89     4.15
2082    3   106.22    10.50
2082    4   100.48    14.89
2082    5   165.58    18.22
2082    6   126.52    22.07
2082    7    56.33    24.75
2082    8    75.51    23.50
2082    9   156.51    19.00
2082   10    87.01    13.69
2082   11    33.48     7.70
2082   12    80.74     2.41
2083    1    45.94    -1.38
2083    2    60.84     2.73
2083    3   191.33     6.35
2083    4   142.23    10.64
2083    5   168.97    18.76
2083    6   123.64    21.70
2083    7    23.39    27.02
2083    8   108.55    23.13
2083    9    83.12    20.33
2083   10   115.72    15.01
2083   11    46.63    10.29
2083   12    64.74     5.89
2084    1    52.68     1.75
2084    2    53.32    -1.14
2084    3   116.94     8.03
2084    4   219.00    10.99
2084    5   333.26    16.06
2084    6   135.18    20.33
2084    7    92.10    23.83
2084    8    40.47    22.82
2084    9    58.59    19.21
2084   10    61.87    13.79
2084   11   126.12     5.81
2084   12    52.02     2.42
2085    1    26.70     0.75
2085    2    82.65    -1.33
2085    3    90.32     3.41
2085    4   115.28    13.82
2085    5   202.52    16.48
2085    6   100.66    21.94
2085    7    53.69    24.06
2085    8   127.09    22.69
2085    9    82.71    18.95
2085   10    79.50    14.67
2085   11    95.72     9.05
2085   12    20.80     1.36
2086    1    50.46     3.10
2086    2    88.72     4.48
2086    3   138.66     8.36
2086    4   275.48    11.45
2086    5   192.01    17.70
2086    6   136.62    19.30
2086    7    21.26    23.48
2086    8    42.61    24.41
2086    9    57.14    20.67
2086   10    70.45    16.63
2086   11    87.14     7.17
2086   12    48.43     4.33
2087    1    26.47     2.18
2087    2    69.48     4.79
2087    3    92.68     5.88
2087    4   204.84    12.40
2087    5   196.69    17.24
2087    6    60.26    23.71
2087    7    24.37    26.78
2087    8    20.68    26.33
2087    9    27.79    19.64
2087   10    93.34    15.66
2087   11    45.04     6.32
2087   12    67.38     2.13
2088    1    22.24    -0.45
2088    2    38.35     4.37
2088    3    67.46     9.62
2088    4   129.08    13.71
2088    5   197.35    19.17
2088    6    40.14    24.23
2088    7    66.85    25.40
2088    8    19.16    26.28
2088    9    68.72    19.48
2088   10    90.64    13.31
2088   11    49.78    10.00
2088   12    44.60     3.03
2089    1    35.05    -1.05
2089    2    36.28     1.93
2089    3   142.35     4.39
2089    4   209.23    12.41
2089    5   203.66    16.08
2089    6   189.34    21.47
2089    7    51.90    24.31
2089    8    84.36    24.09
2089    9   135.54    19.34
2089   10    68.50    13.77
2089   11    48.66     9.39
2089   12    78.47     0.12
2090    1    42.71     3.11
2090    2    53.46     2.40
2090    3   115.28     6.15
2090    4   225.63    11.34
2090    5   186.29    16.11
2090    6   109.09    22.16
2090    7    65.71    24.42
2090    8    17.49    27.21
2090    9   122.25    21.33
2090   10    52.01    14.24
2090   11    51.68     5.29
2090   12    28.32     3.19
2091    1    27.07    -0.77
2091    2    36.04    -0.55
2091    3   158.78     8.35
2091    4   183.87    12.40
2091    5   185.59    17.35
2091    6    60.55    20.50
2091    7    48.14    25.41
2091    8    13.01    26.91
2091    9    68.86    21.86
2091   10    99.39    14.16
2091   11    69.20     7.29
2091   12    71.01     2.82
2092    1    33.17     3.60
2092    2    62.60     4.42
2092    3   124.23     7.42
2092    4   150.87    13.75
2092    5    95.29    20.03
2092    6    79.33    22.79
2092    7    27.79    26.61
2092    8    22.13    27.26
2092    9    43.41    20.45
2092   10   116.65    15.28
2092   11    33.65     9.10
2092   12    59.45     0.09
2093    1    67.91     3.40
2093    2    74.03     2.89
2093    3    71.07     7.66
2093    4   217.80    13.38
2093    5   209.16    17.17
2093    6   176.82    20.29
2093    7    34.78    25.26
2093    8    36.17    24.13
2093    9    80.02    20.74
2093   10    66.30    13.87
2093   11    16.28     7.95
2093   12    59.09     4.49
2094    1    48.62    -0.60
2094    2    76.65     2.04
2094    3   124.07     6.85
2094    4   192.83    12.85
2094    5   309.65    15.15
2094    6   163.88    19.89
2094    7    45.08    25.81
2094    8    29.13    25.53
2094    9    54.63    20.69
2094   10    57.66    14.33
2094   11    80.05     8.95
2094   12    43.23     2.84
2095    1    80.12     0.66
2095    2    60.55     0.92
2095    3   106.78     4.99
2095    4   107.78    11.31
2095    5   241.75    16.02
2095    6    86.90    22.52
2095    7    24.95    25.81
2095    8    22.53    26.48
2095    9    38.14    20.80
2095   10   145.13    12.38
2095   11    60.11     5.07
2095   12    45.26     1.75
2096    1    41.37    -0.51
2096    2    64.72     3.18
2096    3   105.72     2.64
2096    4    87.08    13.35
2096    5   353.75    14.45
2096    6   108.00    21.99
2096    7    78.74    25.86
2096    8    56.33    24.00
2096    9    52.06    21.52
2096   10    78.49    15.19
2096   11    41.86     7.99
2096   12    35.56     2.23
2097    1    49.57    -0.92
2097    2    39.97    -0.16
2097    3   112.14     7.13
2097    4   163.11    13.06
2097    5   189.04    18.52
2097    6   114.47    22.23
2097    7    60.54    25.31
2097    8    40.12    24.52
2097    9    59.06    20.24
2097   10    76.89    15.45
2097   11    44.53     9.16
2097   12    66.23     2.69
2098    1    45.52     1.95
2098    2    56.02     2.18
2098    3   123.35     6.13
2098    4   158.33    12.92
2098    5   172.53    17.23
2098    6    93.86    22.34
2098    7    67.65    25.42
2098    8   127.06    24.01
2098    9    53.70    19.02
2098   10   168.42    12.17
2098   11    52.43     5.90
2098   12    24.48     2.96
2099    1    96.31    -0.23
2099    2    74.89    -0.24
2099    3    66.70     4.41
2099    4   234.08    10.77
2099    5   219.77    17.67
2099    6   126.34    22.07
2099    7    51.31    24.82
2099    8    47.99    25.02
2099    9   114.97    19.28
2099   10    63.26    14.99
2099   11   148.07     7.42
2099   12    48.49     1.92
2100    1    73.35     1.25
2100    2    28.08     0.00
2100    3   136.06     6.86
2100    4   204.60     9.78
2100    5   208.97    16.88
2100    6   106.88    20.85
2100    7    37.03    24.47
2100    8    22.31    24.53
2100    9    78.38    19.74
2100   10    48.01    14.37
2100   11    42.48     8.74
2100   12    76.01     5.00
