2006    1    63.00     2.15
2006    2    50.56     1.34
2006    3    79.04     8.26
2006    4   144.88    11.47
2006    5   160.30    20.54
2006    6    63.58    23.42
2006    7    22.60    28.84
2006    8    58.94    25.69
2006    9   112.18    19.33
2006   10    37.97    14.61
2006   11    62.30    10.02
2006   12    71.31     0.60
2007    1    62.33    -1.04
2007    2    42.40    -0.86
2007    3    79.67     5.35
2007    4    89.88    11.12
2007    5   163.77    17.96
2007    6    63.18    23.94
2007    7    68.41    26.12
2007    8    32.83    26.14
2007    9    19.00    21.29
2007   10    89.01    12.23
2007   11    80.42     6.87
2007   12    68.00     2.04
2008    1    31.40     1.38
2008    2    36.97     0.90
2008    3    33.96     4.95
2008    4    77.62    12.99
2008    5   111.77    21.35
2008    6   105.07    22.22
2008    7    79.65    25.05
2008    8    66.17    24.09
2008    9    94.94    19.65
2008   10   111.87    12.84
2008   11    45.61     6.76
2008   12    45.99     2.72
2009    1    44.19     3.44
2009    2    73.22    -0.92
2009    3   112.14     6.47
2009    4   128.17    11.89
2009    5   194.43    17.53
2009    6   143.68    23.72
2009    7    45.34    25.65
2009    8    35.48    25.21
2009    9    34.84    22.51
2009   10    63.08    11.42
2009   11    43.60     2.74
2009   12    59.87    -1.60
2010    1    79.17     0.03
2010    2    38.13     2.60
2010    3    89.45     5.51
2010    4   191.03    13.64
2010    5   144.47    17.80
2010    6   186.89    22.06
2010    7    44.70    27.53
2010    8    74.32    26.14
2010    9   126.64    20.99
2010   10    43.22    14.22
2010   11    70.39     6.82
2010   12    59.35     2.46
2011    1    20.78     1.35
2011    2    50.80     4.38
2011    3   127.84     3.89
2011    4   105.75    11.32
2011    5    98.01    19.69
2011    6    99.56    23.24
2011    7    37.63    26.71
2011    8    11.93    25.61
2011    9    46.25    18.80
2011   10    85.31    17.21
2011   11    83.91     5.83
2011   12    39.09     4.41
2012    1    49.26     0.64
2012    2    37.76     0.75
2012    3    73.21     5.26
2012    4    63.87     9.15
2012    5   175.79    17.42
2012    6    83.68    20.44
2012    7    24.41    25.51
2012    8    16.65    24.92
2012    9    41.72    19.82
2012   10    67.51    11.27
2012   11    30.66     8.88
2012   12    60.39     3.60
2013    1    38.83    -1.11
2013    2    49.90     3.55
2013    3    83.24     9.07
2013    4   103.62    12.29
2013    5    56.71    19.89
2013    6    66.04    26.53
2013    7    17.82    27.74
2013    8    44.16    25.86
2013    9    89.62    19.54
2013   10    42.24    13.07
2013   11    94.98     7.32
2013   12    76.21     2.55
2014    1    70.14     2.69
2014    2    44.15     4.06
2014    3    69.34     7.46
2014    4   148.84    12.69
2014    5   103.16    19.34
2014    6    63.82    24.97
2014    7    68.45    25.63
2014    8    63.23    25.32
2014    9    48.26    19.55
2014   10    40.06    11.64
2014   11    21.02     9.39
2014   12    29.27     1.68
2015    1    64.97     3.97
2015    2    49.21     2.85
2015    3    57.40     5.18
2015    4    91.95    11.02
2015    5    81.55    18.84
2015    6   110.68    23.50
2015    7    40.85    28.50
2015    8    51.27    25.90
2015    9    91.18    16.99
2015   10    36.95    11.99
2015   11    46.35     6.37
2015   12    30.34     2.48
2016    1   104.51     0.64
2016    2    91.27     1.56
2016    3    58.20     6.17
2016    4    45.57     7.57
2016    5   150.66    18.86
2016    6    63.57    24.48
2016    7    50.17    26.77
2016    8    21.05    25.80
2016    9    88.18    20.45
2016   10    67.97    14.04
2016   11    79.05     7.62
2016   12    41.59     1.96
2017    1    82.15     2.48
2017    2    39.05     5.61
2017    3    70.93     5.01
2017    4    71.39    12.27
2017    5    99.94    18.37
2017    6    47.50    24.60
2017    7    16.71    27.49
2017    8    25.46    25.92
2017    9   153.71    19.39
2017   10    14.48    12.52
2017   11    66.20     7.09
2017   12    57.13     4.13
2018    1    43.42     0.71
2018    2    76.81     5.13
2018    3    95.64     8.18
2018    4   134.44    12.34
2018    5   135.23    20.14
2018    6    78.41    22.54
2018    7    26.10    25.81
2018    8    21.52    25.65
2018    9    48.32    19.65
2018   10    67.64    12.48
2018   11    36.90     6.35
2018   12    53.42     6.15
2019    1    28.30     1.90
2019    2    36.62     3.35
2019    3    70.86     6.30
2019    4   107.90    12.08
2019    5    96.46    19.79
2019    6    65.49    24.02
2019    7    78.56    26.05
2019    8    54.52    25.81
2019    9    41.06    18.50
2019   10    41.55    10.62
2019   11    78.33     7.17
2019   12    43.95     2.96
2020    1    22.57     3.55
2020    2    89.99     5.59
2020    3    46.48     7.21
2020    4   113.32    14.91
2020    5   149.39    19.47
2020    6   134.70    23.66
2020    7    28.71    28.05
2020    8    35.81    26.30
2020    9    19.49    22.26
2020   10    30.91    10.58
2020   11    59.27     7.41
2020   12    41.65     4.89
2021    1    54.37     2.88
2021    2    80.20     2.94
2021    3    45.96     5.42
2021    4    94.31    12.41
2021    5   131.02    20.38
2021    6    93.33    26.37
2021    7    58.05    28.29
2021    8    70.00    26.74
2021    9    53.38    22.28
2021   10    57.30    13.57
2021   11    43.57     5.50
2021   12    81.60     3.18
2022    1    58.91     0.39
2022    2    23.38     1.65
2022    3    63.12     4.32
2022    4    75.85    11.94
2022    5    66.03    20.36
2022    6    49.83    25.68
2022    7    39.65    27.45
2022    8    62.53    26.52
2022    9    48.88    24.03
2022   10   108.98    16.12
2022   11    82.84     4.77
2022   12    94.30     0.73
2023    1    63.23     3.44
2023    2    44.04     5.41
2023    3    60.69     3.25
2023    4    96.05    12.84
2023    5   143.72    20.46
2023    6    81.05    24.20
2023    7    24.89    26.93
2023    8    16.41    25.02
2023    9    40.59    19.71
2023   10    49.75    13.54
2023   11    50.76     9.39
2023   12    31.20     5.48
2024    1    30.94     0.45
2024    2    49.54     6.10
2024    3    80.20     5.43
2024    4    64.94    11.58
2024    5   189.85    20.72
2024    6    81.61    24.32
2024    7    12.19    29.82
2024    8    38.44    26.05
2024    9    41.90    20.63
2024   10    85.42    15.01
2024   11    34.96     7.90
2024   12    32.28     6.67
2025    1    72.80     0.79
2025    2    66.06     0.50
2025    3   111.44     3.35
2025    4    84.34    11.21
2025    5   124.11    19.44
2025    6    50.67    27.10
2025    7    24.56    30.17
2025    8    23.92    27.96
2025    9    70.28    18.21
2025   10    20.92    15.31
2025   11    63.91     8.13
2025   12    78.61     2.55
2026    1    52.18     4.30
2026    2    81.35     0.70
2026    3    94.49     4.66
2026    4    62.60    11.54
2026    5   101.88    18.48
2026    6    79.63    25.25
2026    7    52.92    26.21
2026    8    62.44    24.49
2026    9    16.27    24.04
2026   10    52.46    12.04
2026   11    33.05    10.57
2026   12    57.36     0.31
2027    1    76.64     0.99
2027    2    68.64     4.09
2027    3   109.65     6.24
2027    4    62.57    13.18
2027    5   120.63    21.07
2027    6    63.51    24.88
2027    7    70.53    28.70
2027    8    57.27    25.41
2027    9    31.14    20.47
2027   10    56.84    15.91
2027   11    68.69     9.37
2027   12    32.11     4.51
2028    1    58.16     3.19
2028    2    72.91    -0.79
2028    3    86.25     4.20
2028    4    97.71    10.95
2028    5   295.17    19.17
2028    6   118.36    22.48
2028    7    40.07    27.86
2028    8    61.50    25.70
2028    9    51.91    19.21
2028   10    64.25    11.69
2028   11    11.74    10.16
2028   12    21.20     4.57
2029    1    27.38     5.27
2029    2    87.98     3.69
2029    3    97.12    10.69
2029    4    70.80    16.06
2029    5   151.80    19.17
2029    6   102.91    24.69
2029    7    15.58    28.15
2029    8    48.87    26.01
2029    9    76.81    18.34
2029   10    67.32    12.19
2029   11     5.00    10.62
2029   12    52.78     5.74
2030    1    17.65     2.01
2030    2    64.28     4.87
2030    3    78.53     6.47
2030    4   131.88    12.30
2030    5   151.14    19.86
2030    6   113.49    25.27
2030    7     6.87    27.58
2030    8    50.77    25.25
2030    9    93.03    21.46
2030   10    38.89    16.25
2030   11    52.98     9.45
2030   12    46.70     4.28
2031    1    76.45     0.88
2031    2    55.90     3.50
2031    3    51.38     6.92
2031    4   119.84    13.10
2031    5   137.42    17.49
2031    6    72.24    26.23
2031    7    48.18    27.32
2031    8    17.97    27.58
2031    9    22.49    23.07
2031   10    17.20    14.54
2031   11    44.30     8.01
2031   12    42.60     5.34
2032    1    25.44     2.22
2032    2    20.05     4.88
2032    3    54.94    10.91
2032    4   123.09    14.57
2032    5   153.21    19.68
2032    6    82.96    25.74
2032    7    72.19    28.51
2032    8    32.79    26.01
2032    9    22.32    20.99
2032   10    86.73    14.20
2032   11    59.08     7.43
2032   12    93.41     3.79
2033    1    57.64     4.34
2033    2    50.19     5.70
2033    3    51.54     9.30
2033    4   185.72    15.91
2033    5   119.72    19.20
2033    6    79.83    25.20
2033    7   100.52    27.24
2033    8    77.05    25.70
2033    9    64.12    19.24
2033   10    27.14    16.30
2033   11    30.22    11.62
2033   12    45.02     7.76
2034    1    47.71     3.93
2034    2    27.12     5.98
2034    3   105.16     7.65
2034    4   113.65    14.19
2034    5   162.37    19.42
2034    6    92.70    23.50
2034    7    27.64    29.07
2034    8    30.04    26.73
2034    9    57.83    19.72
2034   10    60.45    12.68
2034   11    58.24     5.93
2034   12    47.99     4.50
2035    1    61.23     1.17
2035    2    49.86     7.30
2035    3    35.22     7.77
2035    4    81.52    11.82
2035    5   143.25    21.72
2035    6    39.41    25.21
2035    7    78.74    27.69
2035    8    28.64    28.22
2035    9    85.60    20.93
2035   10    40.40    13.66
2035   11   103.82     8.04
2035   12    89.53     3.63
2036    1    71.08    -2.17
2036    2    11.94     5.06
2036    3    45.55     4.45
2036    4   121.53     9.38
2036    5   161.87    20.58
2036    6   111.53    24.46
2036    7    24.92    27.99
2036    8    29.81    28.32
2036    9    51.73    21.97
2036   10    58.00    15.56
2036   11    46.70    10.37
2036   12    12.88     6.71
2037    1    60.34     2.90
2037    2    70.81     4.07
2037    3    73.86     8.40
2037    4   110.46    11.20
2037    5   191.67    18.71
2037    6    61.27    24.32
2037    7    18.11    29.66
2037    8    59.84    25.74
2037    9    42.75    19.93
2037   10   123.72    13.74
2037   11   109.99     4.60
2037   12    65.00     4.37
2038    1    96.35     0.24
2038    2    77.98     3.58
2038    3    94.34     5.75
2038    4   160.59     9.57
2038    5   154.59    18.07
2038    6   126.33    24.58
2038    7    26.97    28.27
2038    8    26.96    27.26
2038    9    58.84    21.43
2038   10    57.01    15.64
2038   11    43.44    11.12
2038   12    49.95     4.88
2039    1    44.96     0.86
2039    2    60.09     3.67
2039    3    75.19     7.63
2039    4    99.43    10.92
2039    5   154.87    19.38
2039    6    77.27    24.11
2039    7    14.68    28.21
2039    8    60.35    25.46
2039    9    45.38    22.66
2039   10    58.08    17.00
2039   11    55.76     8.25
2039   12    40.03     4.50
2040    1    66.93     0.81
2040    2    48.26     2.50
2040    3    87.93     4.55
2040    4   161.30    15.36
2040    5    82.14    19.16
2040    6    28.38    25.56
2040    7    13.89    29.90
2040    8    29.81    27.23
2040    9    86.44    21.22
2040   10    51.82    15.40
2040   11    28.37     9.16
2040   12    38.94     3.36
2041    1    47.15     5.42
2041    2    49.38     1.59
2041    3    69.02     6.99
2041    4   100.82    14.70
2041    5   158.12    20.80
2041    6    55.58    25.99
2041    7    43.13    27.03
2041    8    31.04    26.97
2041    9   130.89    18.55
2041   10    24.61    16.75
2041   11    48.22     9.48
2041   12    64.31     4.72
2042    1    30.54     4.77
2042    2    36.67     7.33
2042    3    86.46    11.04
2042    4   149.61    12.74
2042    5   254.92    20.07
2042    6   128.78    24.58
2042    7    52.67    28.74
2042    8    97.46    26.75
2042    9    87.49    22.35
2042   10    54.60    13.89
2042   11    59.34    10.71
2042   12    95.90     3.70
2043    1    41.64     4.08
2043    2    78.98     3.67
2043    3    69.78     7.71
2043    4   190.50    16.57
2043    5   164.78    22.01
2043    6    96.69    25.61
2043    7    44.17    27.67
2043    8    42.11    27.57
2043    9   125.12    22.04
2043   10    89.11    16.71
2043   11    40.90     9.42
2043   12    76.71     3.65
2044    1    57.06     2.64
2044    2    62.33     3.80
2044    3    69.36     5.46
2044    4   116.51    14.82
2044    5   103.40    20.58
2044    6    45.14    26.87
2044    7   151.37    27.40
2044    8    13.46    25.88
2044    9    43.20    22.23
2044   10    31.48    11.15
2044   11    10.33     8.82
2044   12    86.00     6.38
2045    1    68.23    -0.57
2045    2    34.14     0.17
2045    3    47.68     7.91
2045    4   106.60    14.77
2045    5   193.42    17.31
2045    6    58.02    24.96
2045    7     7.81    28.75
2045    8     7.47    27.74
2045    9   147.11    18.69
2045   10   100.35    12.70
2045   11    41.98     7.57
2045   12    41.22     4.56
2046    1    42.46     5.12
2046    2    38.72     4.31
2046    3    47.96     8.49
2046    4   199.63    15.09
2046    5    85.99    22.12
2046    6   116.40    23.83
2046    7    17.34    27.98
2046    8    45.46    27.85
2046    9     7.62    22.04
2046   10    83.86    13.89
2046   11     9.29     8.37
2046   12    39.86     3.36
2047    1    61.26    -1.00
2047    2    37.04     1.38
2047    3    72.34     9.99
2047    4   124.32    15.76
2047    5   156.52    19.82
2047    6    50.44    24.82
2047    7    11.83    31.98
2047    8    13.59    29.58
2047    9    93.15    23.54
2047   10    61.03    14.62
2047   11    37.08     8.84
2047   12    48.69     3.23
2048    1    33.46     3.83
2048    2    42.18     5.05
2048    3    44.63     6.91
2048    4    19.48    13.78
2048    5   148.59    19.99
2048    6    65.77    26.33
2048    7    34.82    29.66
2048    8    40.03    26.63
2048    9    47.05    22.17
2048   10    92.55    14.04
2048   11    47.74     7.18
2048   12    32.09     1.93
2049    1    74.62    -0.77
2049    2    56.03     2.51
2049    3    57.61     6.57
2049    4    32.86    10.04
2049    5   113.68    21.35
2049    6    35.63    28.38
2049    7    30.81    30.65
2049    8    34.11    29.91
2049    9    45.94    21.93
2049   10    48.47    18.02
2049   11    71.89    10.81
2049   12    41.80     6.39
2050    1    45.02    -2.41
2050    2    46.26     2.31
2050    3   118.44     9.41
2050    4   152.71    11.23
2050    5    98.07    17.21
2050    6    49.58    25.66
2050    7    17.09    29.18
2050    8    14.32    29.83
2050    9    32.69    21.46
2050   10    23.38    15.61
2050   11    57.23     7.07
2050   12    68.41     2.63
2051    1    41.28     5.36
2051    2    34.78     4.32
2051    3    65.87     9.79
2051    4   109.36    14.31
2051    5   119.70    20.06
2051    6    91.25    23.31
2051    7    27.04    28.80
2051    8    15.07    27.92
2051    9    69.04    22.89
2051   10    21.68    13.73
2051   11    72.01     7.93
2051   12    38.65     3.97
2052    1    36.73     5.30
2052    2    36.48     3.99
2052    3    79.08     7.00
2052    4   103.23    15.34
2052    5   161.36    21.20
2052    6   165.59    23.24
2052    7    39.33    28.83
2052    8    28.80    27.66
2052    9    49.51    21.37
2052   10    29.36    15.09
2052   11    43.16     7.79
2052   12    34.93     1.66
2053    1    69.32     3.73
2053    2    56.42     4.13
2053    3    36.75     6.77
2053    4   106.02    12.30
2053    5   128.88    21.91
2053    6   151.44    24.42
2053    7    61.42    28.68
2053    8    48.54    26.99
2053    9    41.55    24.79
2053   10    39.24    17.55
2053   11    89.89     9.43
2053   12    85.48     3.12
2054    1    46.94     0.62
2054    2    60.32     3.54
2054    3    66.84     6.75
2054    4    67.28    10.91
2054    5   248.89    20.41
2054    6    72.03    26.11
2054    7    35.11    28.19
2054    8    43.98    26.93
2054    9    68.61    22.01
2054   10    54.81    14.40
2054   11    63.62     9.14
2054   12    30.50     3.89
2055    1    56.74     2.85
2055    2    44.91     3.46
2055    3    69.59     7.48
2055    4    99.80    14.34
2055    5   179.20    20.41
2055    6    92.48    28.25
2055    7    81.13    28.04
2055    8    52.73    26.47
2055    9    58.81    22.31
2055   10    67.31    16.94
2055   11   102.19     8.25
2055   12    80.05     0.18
2056    1    12.25    -1.99
2056    2    38.01     6.26
2056    3    82.78     7.58
2056    4   175.77    13.90
2056    5   156.27    18.39
2056    6    59.19    25.23
2056    7    62.85    27.47
2056    8    72.35    27.83
2056    9    42.87    22.17
2056   10    86.22    16.44
2056   11    90.10     9.97
2056   12    47.35     1.33
2057    1    60.40    -1.19
2057    2    55.33     1.35
2057    3    63.40     6.79
2057    4    94.55    11.53
2057    5    97.38    19.58
2057    6    72.55    24.40
2057    7    43.59    25.98
2057    8    11.16    28.15
2057    9    20.64    20.90
2057   10    70.49    13.76
2057   11    32.52     9.19
2057   12    46.30     1.15
2058    1    69.48     2.82
2058    2   104.35     6.04
2058    3    57.61     7.41
2058    4   164.35    15.10
2058    5   113.52    19.71
2058    6    37.87    28.09
2058    7    26.03    29.00
2058    8    18.41    28.12
2058    9    39.58    22.94
2058   10    64.95    17.45
2058   11    61.62     8.17
2058   12    41.32     4.69
2059    1    67.47     0.52
2059    2    10.60     5.28
2059    3    54.06     9.75
2059    4   121.19    14.39
2059    5   185.97    20.02
2059    6    50.98    27.26
2059    7    35.50    28.78
2059    8    29.32    27.94
2059    9    87.27    22.04
2059   10    87.83    14.36
2059   11    71.09     8.81
2059   12    64.40     5.51
2060    1    84.16     3.38
2060    2   101.12     4.39
2060    3    78.40     7.31
2060    4   102.01    13.70
2060    5    91.76    22.98
2060    6   163.15    27.54
2060    7    48.37    29.28
2060    8    50.00    28.29
2060    9    40.58    18.16
2060   10    66.98    13.64
2060   11    40.50     9.64
2060   12    78.99     0.70
2061    1    63.63    -1.72
2061    2    71.47     5.92
2061    3    82.65     7.83
2061    4   171.04    11.49
2061    5   160.44    20.10
2061    6    85.09    25.98
2061    7    37.03    28.67
2061    8    32.69    25.65
2061    9    82.87    21.80
2061   10    34.77    14.53
2061   11    47.20     9.27
2061   12    95.91     4.57
2062    1    14.34     6.21
2062    2    45.53     3.24
2062    3    52.65     6.64
2062    4   131.30    16.16
2062    5   229.72    21.00
2062    6    61.32    25.23
2062    7    39.35    28.17
2062    8    33.48    27.18
2062    9    63.14    21.10
2062   10    32.22    12.26
2062   11    27.39     7.55
2062   12    44.55     4.63
2063    1    27.88     0.48
2063    2    72.73     1.36
2063    3    70.02     6.19
2063    4   159.36    14.91
2063    5   101.40    21.46
2063    6    42.35    25.06
2063    7    12.59    30.27
2063    8    38.43    28.29
2063    9    60.47    23.46
2063   10    34.68    15.39
2063   11    78.83     8.67
2063   12    62.47     3.25
2064    1    56.24     1.08
2064    2    44.40     5.35
2064    3    71.42     5.14
2064    4    57.32    12.19
2064    5   167.90    21.17
2064    6    79.42    24.94
2064    7    20.70    28.88
2064    8    59.96    26.77
2064    9    13.76    24.75
2064   10    20.03    15.18
2064   11    33.84    11.21
2064   12    40.26     4.79
2065    1    96.10     5.54
2065    2    78.54     5.03
2065    3    76.13     5.46
2065    4    90.31    13.67
2065    5    99.29    22.75
2065    6    99.03    24.75
2065    7    45.07    29.58
2065    8    30.01    28.01
2065    9    68.59    22.80
2065   10    64.52    16.13
2065   11    54.27     8.90
2065   12    86.76     3.94
2066    1    54.46     4.31
2066    2    73.38     1.71
2066    3    47.34     9.80
2066    4    67.87    14.65
2066    5    71.80    22.34
2066    6    69.97    27.30
2066    7    37.18    30.59
2066    8     4.89    28.26
2066    9    71.36    21.03
2066   10    35.38    15.00
2066   11    16.16     5.96
2066   12    46.79     0.59
2067    1    92.70    -0.71
2067    2    54.17     0.89
2067    3    64.59     5.19
2067    4   177.59    17.10
2067    5    70.18    22.93
2067    6    32.57    27.47
2067    7    51.41    30.33
2067    8    10.83    28.69
2067    9    52.73    22.65
2067   10    55.14    13.78
2067   11    70.26     8.59
2067   12    74.37     4.78
2068    1    56.36     5.09
2068    2    47.24     2.79
2068    3   120.49     8.21
2068    4    98.91    13.13
2068    5    78.71    22.86
2068    6    42.81    26.28
2068    7     5.75    29.79
2068    8    31.23    27.66
2068    9   134.06    20.58
2068   10    46.34    13.48
2068   11    13.36    10.30
2068   12    75.29     3.21
2069    1    62.50    -1.49
2069    2    37.26    -1.52
2069    3    73.64     6.42
2069    4   121.88    18.12
2069    5   118.29    21.82
2069    6    40.68    26.19
2069    7    55.73    28.81
2069    8    17.63    28.58
2069    9    54.51    22.65
2069   10    73.15    14.31
2069   11    17.46     9.94
2069   12    30.99     8.03
2070    1    29.21     1.93
2070    2    40.66     4.86
2070    3   104.74     9.85
2070    4    66.48    15.25
2070    5   197.80    20.91
2070    6    65.33    25.76
2070    7    37.34    29.73
2070    8    17.03    28.93
2070    9    37.92    26.05
2070   10    83.74    12.92
2070   11    65.15     4.41
2070   12    47.30     4.03
2071    1    40.70     5.22
2071    2    57.52     0.69
2071    3    56.40     6.96
2071    4    97.06    13.53
2071    5    81.32    21.74
2071    6    75.31    26.68
2071    7    28.50    30.09
2071    8    47.76    28.38
2071    9    87.32    21.45
2071   10    82.65    15.71
2071   11    54.88     9.02
2071   12    92.86     5.05
2072    1    47.14     5.10
2072    2    57.10     2.37
2072    3    94.01     3.19
2072    4   116.11    12.95
2072    5   200.59    20.75
2072    6    49.49    26.18
2072    7     8.60    31.45
2072    8    27.71    29.66
2072    9    61.83    21.34
2072   10    80.99    13.41
2072   11    18.71    10.84
2072   12    65.62     1.97
2073    1    63.11     1.95
2073    2    25.21     3.78
2073    3   107.73    10.36
2073    4    75.24    14.12
2073    5   183.22    20.60
2073    6    33.79    26.59
2073    7    56.49    30.18
2073    8    18.47    28.00
2073    9    55.79    23.32
2073   10    80.83    16.67
2073   11    20.94    11.22
2073   12    21.85     8.36
2074    1    38.66     3.58
2074    2    69.45    -0.24
2074    3    90.27     6.96
2074    4    65.93    15.88
2074    5   155.49    23.34
2074    6    43.97    27.55
2074    7    49.25    29.09
2074    8    17.72    29.74
2074    9    20.98    24.52
2074   10   103.92    15.18
2074   11    44.35     9.41
2074   12    54.91     6.08
2075    1    33.24     1.94
2075    2    43.78     5.35
2075    3    52.90     7.30
2075    4    85.93    14.63
2075    5   169.20    21.99
2075    6    92.41    25.72
2075    7    22.45    28.13
2075    8    23.93    29.31
2075    9   123.73    19.73
2075   10    87.43    14.86
2075   11    41.91     8.98
2075   12    16.58     6.17
2076    1    69.84     3.43
2076    2    41.29     5.08
2076    3    59.94    10.47
2076    4    90.25    14.22
2076    5   120.94    23.63
2076    6   152.45    24.50
2076    7    39.19    29.74
2076    8     9.76    30.99
2076    9     4.97    22.06
2076   10    91.27    15.15
2076   11    39.28     9.60
2076   12    41.83     7.34
2077    1    41.89     4.17
2077    2    57.30     2.15
2077    3    75.85     8.71
2077    4    98.28    12.41
2077    5    90.93    20.12
2077    6    49.10    27.75
2077    7    15.19    30.23
2077    8    47.49    29.33
2077    9    82.66    22.98
2077   10    75.88    15.08
2077   11    41.76    10.01
2077   12    79.75     5.38
2078    1    49.85     2.73
2078    2    34.72     4.13
2078    3   105.75     9.50
2078    4    39.08    11.41
2078    5    94.62    19.41
2078    6    37.03    29.36
2078    7    77.75    30.06
2078    8    54.33    29.36
2078    9    67.02    21.07
2078   10    51.18    11.13
2078   11    38.43     7.15
2078   12    55.95     6.40
2079    1    59.06    -0.05
2079    2    33.11     4.80
2079    3    81.73     8.40
2079    4    24.88    15.19
2079    5   164.09    23.42
2079    6   119.11    23.57
2079    7    14.73    28.78
2079    8    34.81    26.98
2079    9    75.77    19.52
2079   10    34.41    17.51
2079   11    40.21     6.04
2079   12    34.39     3.32
2080    1   104.43     2.70
2080    2    67.52     3.51
2080    3    63.97     8.63
2080    4    99.20    16.36
2080    5    97.63    20.77
2080    6   173.91    26.50
2080    7    71.62    27.32
2080    8    53.52    28.41
2080    9    15.84    25.60
2080   10    40.58    19.05
2080   11    19.98    11.12
2080   12    77.57     2.58
2081    1    56.33     3.60
2081    2    23.31     7.89
2081    3    51.37    10.85
2081    4    37.41    14.12
2081    5   119.43    22.16
2081    6    96.78    25.57
2081    7    17.19    28.68
2081    8    48.92    27.86
2081    9   110.98    19.87
2081   10    84.71    16.09
2081   11    83.95     9.53
2081   12    51.55     3.38
2082    1    61.45     4.87
2082    2    33.54     3.39
2082    3    65.12    10.61
2082    4    52.88    16.71
2082    5    76.33    20.83
2082    6    23.46    26.77
2082    7    28.70    30.19
2082    8    53.82    28.61
2082    9    72.04    22.30
2082   10    85.83    15.13
2082   11    45.61     8.88
2082   12    55.75     4.32
2083    1    30.56     1.40
2083    2    76.95     4.43
2083    3    70.71     5.46
2083    4    86.14    13.06
2083    5   190.79    22.85
2083    6   117.38    25.37
2083    7    46.61    28.39
2083    8    99.44    25.63
2083    9    86.69    22.24
2083   10    61.09    17.37
2083   11    54.98    12.14
2083   12    85.69     7.30
2084    1    35.07     4.32
2084    2    40.90     3.11
2084    3   120.43     9.87
2084    4    58.74    14.61
2084    5   142.83    20.45
2084    6    87.31    25.68
2084    7    97.75    28.06
2084    8    44.56    26.55
2084    9    96.85    20.17
2084   10    12.78    15.38
2084   11    67.11     6.93
2084   12    86.30     2.43
2085    1    48.80     1.70
2085    2    69.39    -2.74
2085    3    52.49     5.62
2085    4   129.51    13.88
2085    5   143.29    20.41
2085    6   105.06    26.22
2085    7    37.32    26.39
2085    8    42.91    26.38
2085    9    64.00    21.23
2085   10    78.53    16.42
2085   11    71.85    10.35
2085   12    49.36     3.16
2086    1    58.20     3.73
2086    2    81.94     4.22
2086    3    77.21     9.91
2086    4   131.24    12.49
2086    5   152.83    21.64
2086    6   111.63    23.14
2086    7    29.18    28.54
2086    8    54.06    27.12
2086    9    27.27    23.45
2086   10    27.03    17.19
2086   11    36.55     6.84
2086   12    71.41     6.42
2087    1    21.43     5.10
2087    2   114.12     6.16
2087    3    22.01     7.13
2087    4   106.05    15.64
2087    5   140.74    21.64
2087    6    11.89    27.38
2087    7     3.05    31.13
2087    8     8.05    30.10
2087    9    24.67    21.30
2087   10    52.40    17.20
2087   11    79.80     7.31
2087   12    42.70     1.08
2088    1    34.74     1.71
2088    2    40.46     6.42
2088    3    29.70    11.25
2088    4    99.80    14.83
2088    5   140.16    22.21
2088    6   104.71    26.31
2088    7    32.66    30.61
2088    8    46.04    27.73
2088    9    59.24    21.46
2088   10    14.98    14.37
2088   11   119.42    10.58
2088   12    33.90     2.86
2089    1    19.90     1.06
2089    2    37.98     4.74
2089    3    56.55     5.59
2089    4    89.99    13.99
2089    5    95.20    19.80
2089    6    53.86    27.01
2089    7    42.19    30.20
2089    8    45.43    28.86
2089    9    65.61    23.52
2089   10    73.28    15.51
2089   11    84.44    11.57
2089   12    45.84     0.12
2090    1    86.99     6.84
2090    2   113.38     2.62
2090    3   108.88     7.32
2090    4   181.08    13.54
2090    5   157.02    18.70
2090    6    93.04    26.50
2090    7    41.14    29.02
2090    8    11.65    29.97
2090    9    72.03    22.74
2090   10    65.49    15.58
2090   11    50.04     5.79
2090   12    53.76     5.04
2091    1    66.58     0.96
2091    2     8.32     4.03
2091    3   132.86    11.14
2091    4   161.05    14.55
2091    5    66.06    20.79
2091    6    24.94    25.31
2091    7    26.91    29.37
2091    8     4.88    29.81
2091    9    30.89    23.92
2091   10    38.31    16.01
2091   11    53.23     9.56
2091   12    76.98     1.06
2092    1    44.01     4.49
2092    2    61.19     4.79
2092    3    71.97     5.53
2092    4    69.47    15.05
2092    5    72.38    24.19
2092    6    63.20    27.21
2092    7    17.33    29.70
2092    8    87.76    28.05
2092    9    31.89    21.07
2092   10    51.60    17.83
2092   11    22.93    10.82
2092   12    47.70     2.47
2093    1    59.88     5.28
2093    2    85.46     3.36
2093    3    59.77     9.06
2093    4   166.49    13.31
2093    5   129.84    21.48
2093    6    71.19    24.94
2093    7    19.97    31.12
2093    8     3.85    29.04
2093    9    69.06    22.18
2093   10    25.52    15.82
2093   11    34.09     9.67
2093   12    30.70     5.36
2094    1    52.93     2.90
2094    2    45.11     3.35
2094    3    44.41     8.01
2094    4    94.02    14.24
2094    5   188.45    18.29
2094    6    96.90    24.58
2094    7    19.09    29.90
2094    8    10.30    29.24
2094    9    30.24    22.50
2094   10    21.60    14.59
2094   11    30.09    10.27
2094   12    57.23     3.52
2095    1    78.83    -0.55
2095    2    59.30     1.72
2095    3    86.97     6.65
2095    4   100.19    13.22
2095    5   110.46    20.51
2095    6    31.13    28.61
2095    7    13.16    31.15
2095    8    43.14    27.70
2095    9    46.28    23.50
2095   10    75.82    13.74
2095   11    78.94     5.32
2095   12    42.56     3.46
2096    1    34.25     2.47
2096    2    66.73     4.34
2096    3    52.41     4.38
2096    4    80.67    15.05
2096    5    66.10    20.05
2096    6    64.27    26.42
2096    7    71.35    28.71
2096    8    52.68    28.95
2096    9   122.51    23.41
2096   10    80.94    15.60
2096   11    53.27     7.41
2096   12    72.05     4.61
2097    1    43.85     1.03
2097    2    42.10     5.47
2097    3    64.93     7.71
2097    4    60.29    13.84
2097    5   126.82    23.56
2097    6   106.26    26.90
2097    7    42.37    28.57
2097    8    28.85    28.69
2097    9    69.19    23.43
2097   10    85.55    16.15
2097   11    33.76    11.61
2097   12    88.81     4.14
2098    1    59.20     3.49
2098    2    74.52     2.07
2098    3    91.34     6.84
2098    4   151.32    14.84
2098    5   146.48    21.32
2098    6   191.26    24.72
2098    7    51.56    27.98
2098    8    49.27    25.86
2098    9    40.90    20.89
2098   10    61.14    12.50
2098   11    61.57     6.63
2098   12    50.92     4.06
2099    1    97.17    -0.32
2099    2   107.09     1.12
2099    3    92.82     5.79
2099    4    39.41    13.83
2099    5    95.70    21.95
2099    6   113.91    25.68
2099    7    15.08    30.40
2099    8    28.42    27.45
2099    9    84.27    21.14
2099   10    64.56    15.96
2099   11    90.38     7.28
2099   12    38.57     4.07
2100    1    60.64     3.91
2100    2    93.59     1.33
2100    3   129.57     8.49
2100    4   129.91    11.93
2100    5   114.14    19.99
2100    6   106.74    24.05
2100    7    16.45    28.82
2100    8    15.16    27.52
2100    9    52.53    20.61
2100   10    47.20    15.05
2100   11    46.45     8.42
2100   12    89.12     2.83
