2006    1    45.37     3.89
2006    2    69.00     3.21
2006    3    69.43     8.48
2006    4   105.86    12.83
2006    5    30.73    22.04
2006    6    40.29    25.41
2006    7     9.63    30.59
2006    8    30.42    27.87
2006    9    85.27    21.10
2006   10    25.04    16.59
2006   11    56.25    12.44
2006   12    58.58     2.80
2007    1    55.40     0.37
2007    2    47.31     0.35
2007    3    95.48     6.68
2007    4    76.47    12.44
2007    5    69.55    19.48
2007    6    21.72    24.88
2007    7    22.76    28.26
2007    8    24.83    27.72
2007    9     8.75    22.68
2007   10   110.97    14.01
2007   11    73.99     8.50
2007   12    63.51     3.81
2008    1    37.91     2.48
2008    2    49.93     2.53
2008    3    23.73     5.57
2008    4    80.40    13.57
2008    5    20.69    21.91
2008    6    48.63    25.36
2008    7    27.50    28.18
2008    8    34.96    27.48
2008    9    34.54    21.86
2008   10   126.68    14.96
2008   11    66.19     8.90
2008   12    50.39     4.17
2009    1    25.57     5.22
2009    2    53.44     1.04
2009    3    70.16     7.68
2009    4    66.39    13.57
2009    5    83.07    19.29
2009    6    36.14    27.11
2009    7    25.64    28.41
2009    8     5.02    27.97
2009    9     9.25    24.22
2009   10    63.53    13.27
2009   11    43.80     4.58
2009   12    68.02    -0.46
2010    1    65.37     0.99
2010    2    32.11     3.19
2010    3    91.91     6.42
2010    4    95.17    14.87
2010    5    32.37    19.91
2010    6    72.60    23.95
2010    7    15.66    30.10
2010    8    13.91    29.14
2010    9    19.89    23.65
2010   10    47.32    16.52
2010   11    82.23     9.09
2010   12    40.37     4.24
2011    1     8.80     3.72
2011    2    23.91     5.44
2011    3    83.66     6.12
2011    4    90.49    12.87
2011    5    17.05    20.50
2011    6    39.50    25.70
2011    7    34.10    29.17
2011    8     6.43    26.93
2011    9    42.84    20.61
2011   10    41.99    18.23
2011   11    82.88     8.02
2011   12    23.23     5.67
2012    1    39.44     1.61
2012    2    17.65     1.31
2012    3    57.95     5.46
2012    4    33.17     9.15
2012    5    79.66    18.78
2012    6    40.65    23.18
2012    7    43.82    26.51
2012    8    23.22    26.00
2012    9    33.15    22.53
2012   10    64.42    13.34
2012   11    50.85    10.88
2012   12    52.83     5.58
2013    1    26.50     0.75
2013    2    40.28     4.69
2013    3    65.30     9.63
2013    4    31.70    12.92
2013    5    17.62    21.13
2013    6    13.20    29.25
2013    7     7.51    30.10
2013    8     9.64    28.39
2013    9    67.92    21.40
2013   10    33.56    14.64
2013   11    75.17     9.23
2013   12    66.48     4.50
2014    1    53.63     4.55
2014    2    43.26     5.33
2014    3    57.03     8.25
2014    4    66.29    13.74
2014    5    68.63    20.60
2014    6    39.09    27.29
2014    7    33.39    28.77
2014    8    49.92    27.83
2014    9    12.89    21.97
2014   10    43.25    12.55
2014   11    20.73    10.15
2014   12    42.14     3.36
2015    1    53.65     4.67
2015    2    43.15     4.97
2015    3    34.03     6.39
2015    4    63.17    11.38
2015    5    34.38    20.42
2015    6    97.41    25.43
2015    7    11.23    30.40
2015    8    16.99    29.11
2015    9   109.88    19.22
2015   10    48.92    13.97
2015   11    43.37     8.36
2015   12    27.93     4.50
2016    1    92.94     2.52
2016    2    65.64     3.07
2016    3    57.83     6.81
2016    4    85.33     7.72
2016    5    75.43    20.48
2016    6    21.47    26.68
2016    7    14.89    29.52
2016    8     6.27    28.49
2016    9    43.81    22.13
2016   10   104.48    16.18
2016   11    95.65     9.87
2016   12    38.24     3.83
2017    1    47.88     4.14
2017    2    29.91     6.55
2017    3    99.20     6.34
2017    4    39.78    12.46
2017    5    47.13    20.02
2017    6    16.95    25.76
2017    7     9.43    29.48
2017    8    11.68    27.88
2017    9    80.20    21.03
2017   10     3.51    14.06
2017   11    68.58     8.97
2017   12    50.11     6.28
2018    1    30.87     3.00
2018    2    50.86     5.54
2018    3    68.86     9.35
2018    4    50.26    13.69
2018    5    19.19    21.75
2018    6    35.33    25.79
2018    7    11.58    28.87
2018    8    12.10    27.80
2018    9    17.13    22.20
2018   10    51.12    14.79
2018   11    33.15     8.42
2018   12    30.48     7.63
2019    1    31.46     4.27
2019    2    21.11     4.15
2019    3    54.69     7.56
2019    4    82.48    12.64
2019    5    23.05    20.84
2019    6    30.84    26.58
2019    7    33.78    29.14
2019    8    28.85    27.21
2019    9    41.64    20.85
2019   10    71.43    12.88
2019   11   106.91     9.54
2019   12    53.03     4.88
2020    1    14.60     5.91
2020    2    58.23     7.08
2020    3    27.18     8.06
2020    4    80.41    15.94
2020    5    24.74    20.26
2020    6    54.45    27.05
2020    7    37.67    30.89
2020    8    27.86    28.98
2020    9    21.17    24.81
2020   10    26.15    13.18
2020   11    46.62     8.97
2020   12    36.59     5.98
2021    1    40.16     4.99
2021    2    71.68     4.41
2021    3    57.98     5.58
2021    4    67.49    13.78
2021    5    49.90    20.84
2021    6    23.82    29.14
2021    7    22.73    30.68
2021    8    34.02    28.53
2021    9    18.30    23.83
2021   10    45.60    15.28
2021   11    52.61     7.59
2021   12    52.90     4.18
2022    1    48.83     2.73
2022    2    11.06     2.55
2022    3    55.38     4.73
2022    4    64.09    12.06
2022    5    24.92    21.44
2022    6    32.02    28.06
2022    7    13.23    30.31
2022    8    24.69    28.98
2022    9    25.94    26.13
2022   10    87.29    18.58
2022   11   107.70     6.82
2022   12    83.72     2.87
2023    1    42.60     4.25
2023    2    38.95     6.55
2023    3    41.09     4.30
2023    4    59.18    13.64
2023    5    31.47    22.17
2023    6    28.21    26.58
2023    7    19.82    29.24
2023    8     2.65    27.51
2023    9    47.83    22.07
2023   10    36.54    14.97
2023   11    32.52    11.16
2023   12    42.58     7.71
2024    1    14.90     2.87
2024    2    37.35     7.25
2024    3    86.11     6.74
2024    4    33.49    11.88
2024    5    45.11    21.89
2024    6    17.55    27.65
2024    7     3.20    32.55
2024    8    17.52    28.13
2024    9    21.85    22.97
2024   10   132.71    16.85
2024   11    43.60     9.45
2024   12    18.28     8.68
2025    1    52.88     2.74
2025    2    53.40     2.51
2025    3    64.58     4.77
2025    4    85.20    12.37
2025    5    61.65    20.11
2025    6    16.50    28.63
2025    7     7.87    32.25
2025    8    11.11    29.17
2025    9    54.71    20.63
2025   10    17.21    16.61
2025   11    50.73     9.56
2025   12    64.27     5.01
2026    1    43.75     5.61
2026    2    53.43     2.11
2026    3    77.06     6.16
2026    4    59.64    11.62
2026    5    72.92    19.69
2026    6    45.80    27.02
2026    7    12.05    29.19
2026    8    23.42    27.29
2026    9    19.44    25.56
2026   10    48.39    13.44
2026   11    19.94    12.38
2026   12   102.02     3.01
2027    1    61.04     1.66
2027    2    57.28     5.47
2027    3    95.82     6.64
2027    4    83.42    13.10
2027    5    46.08    21.63
2027    6    21.40    26.58
2027    7    13.39    30.68
2027    8    21.65    28.05
2027    9    21.87    22.40
2027   10    38.58    17.09
2027   11    37.65    11.08
2027   12    33.15     6.37
2028    1    72.91     5.16
2028    2    55.20     1.62
2028    3    83.76     4.95
2028    4    91.40    11.68
2028    5   127.61    21.21
2028    6    26.38    25.41
2028    7    10.41    30.56
2028    8    25.86    28.46
2028    9    39.20    21.28
2028   10    61.89    13.28
2028   11     8.96    12.07
2028   12    17.32     7.28
2029    1    22.30     6.89
2029    2    55.53     4.95
2029    3    69.66    11.65
2029    4    50.92    16.97
2029    5    51.85    21.66
2029    6    22.71    26.91
2029    7    10.90    30.88
2029    8    46.93    27.57
2029    9    38.90    20.73
2029   10    85.80    14.25
2029   11     5.27    11.68
2029   12    41.22     7.57
2030    1    22.12     4.02
2030    2    46.85     6.09
2030    3    40.30     7.60
2030    4    58.49    13.56
2030    5    77.65    22.04
2030    6    37.48    28.59
2030    7     8.33    29.87
2030    8    16.78    27.80
2030    9    52.32    24.15
2030   10    33.49    18.50
2030   11    30.21    11.43
2030   12    39.70     5.54
2031    1    36.63     2.60
2031    2    64.09     4.72
2031    3    35.25     7.49
2031    4    86.44    13.93
2031    5    67.08    18.98
2031    6    19.41    28.80
2031    7    20.33    29.80
2031    8    14.41    30.08
2031    9    18.53    25.28
2031   10    33.91    16.85
2031   11    44.24     9.76
2031   12    43.37     7.13
2032    1    26.23     4.38
2032    2     2.54     5.92
2032    3    30.49    11.95
2032    4    46.40    16.86
2032    5    74.59    22.88
2032    6    44.70    28.23
2032    7    15.55    32.11
2032    8    16.34    29.19
2032    9    13.04    23.40
2032   10    67.81    16.58
2032   11    64.17     9.63
2032   12    50.45     5.19
2033    1    37.29     6.01
2033    2    52.06     7.45
2033    3    31.41     9.83
2033    4    74.04    16.96
2033    5    57.15    21.43
2033    6    44.46    26.45
2033    7    52.67    29.79
2033    8    34.71    27.83
2033    9    41.89    21.40
2033   10    29.88    18.04
2033   11    16.00    13.54
2033   12    55.52     9.82
2034    1    43.86     5.98
2034    2    20.12     7.48
2034    3    67.83     9.06
2034    4    42.28    15.83
2034    5   108.78    20.97
2034    6    42.89    26.53
2034    7    17.28    31.66
2034    8    14.49    28.75
2034    9    35.70    21.93
2034   10    40.65    15.10
2034   11    52.56     7.76
2034   12    32.98     6.03
2035    1    48.98     3.54
2035    2    15.80     8.71
2035    3    55.04     9.01
2035    4    54.79    12.89
2035    5    27.68    22.18
2035    6    20.45    27.27
2035    7    30.17    30.88
2035    8     4.53    31.71
2035    9    50.28    23.43
2035   10    53.15    15.36
2035   11    70.72    10.00
2035   12    65.84     5.44
2036    1    73.24    -0.94
2036    2    15.81     6.16
2036    3    58.13     5.34
2036    4    73.19    10.90
2036    5    41.58    21.67
2036    6    51.46    26.87
2036    7    23.47    30.63
2036    8    12.35    29.74
2036    9    31.12    23.94
2036   10    38.21    17.25
2036   11    50.27    12.16
2036   12     4.00     9.06
2037    1    40.92     5.72
2037    2    56.79     5.49
2037    3    59.55     8.85
2037    4    74.04    12.57
2037    5   132.63    20.70
2037    6    24.27    27.01
2037    7     4.91    32.37
2037    8    27.04    28.71
2037    9    42.93    21.62
2037   10    79.94    15.90
2037   11   106.36     6.82
2037   12    59.18     5.80
2038    1    63.91     2.08
2038    2    66.70     4.88
2038    3    59.47     6.65
2038    4   111.96    11.29
2038    5    47.19    19.58
2038    6    67.03    26.70
2038    7    15.03    30.49
2038    8     4.60    29.55
2038    9    29.86    23.24
2038   10    44.60    17.34
2038   11    39.30    13.03
2038   12    36.33     7.45
2039    1    34.37     2.49
2039    2    49.80     4.00
2039    3    57.93     8.72
2039    4    80.93    11.49
2039    5    80.62    21.50
2039    6    47.98    26.78
2039    7    13.06    31.42
2039    8    28.70    28.79
2039    9    18.30    24.38
2039   10    27.17    18.18
2039   11    48.21    10.23
2039   12    21.11     6.71
2040    1    67.63     2.93
2040    2    32.60     3.50
2040    3    97.96     6.35
2040    4   107.81    16.55
2040    5    66.52    21.03
2040    6    19.63    28.25
2040    7     5.14    30.70
2040    8    13.14    29.10
2040    9    53.97    23.49
2040   10    31.55    16.93
2040   11    30.99    11.50
2040   12    43.25     5.92
2041    1    36.13     7.01
2041    2    82.10     2.46
2041    3    22.57     8.07
2041    4    52.73    16.51
2041    5    85.13    21.89
2041    6    18.44    27.88
2041    7    11.26    29.41
2041    8     6.67    28.93
2041    9    20.57    20.86
2041   10    10.82    18.33
2041   11    51.24    11.81
2041   12    57.17     7.14
2042    1    27.99     6.46
2042    2    28.59     8.66
2042    3    75.70    11.55
2042    4   111.31    13.87
2042    5   123.32    21.79
2042    6    62.00    27.43
2042    7    13.06    32.17
2042    8    34.92    29.73
2042    9    42.17    24.49
2042   10    62.51    16.31
2042   11    46.57    13.21
2042   12    97.20     6.12
2043    1    23.98     5.83
2043    2    77.35     5.15
2043    3    50.01     9.45
2043    4    98.54    18.43
2043    5    62.77    23.98
2043    6    24.73    28.84
2043    7    20.19    30.89
2043    8     9.32    30.66
2043    9    79.77    24.13
2043   10    33.54    19.04
2043   11    32.22    11.95
2043   12    94.91     5.79
2044    1    37.56     3.77
2044    2    55.41     4.11
2044    3    47.97     6.82
2044    4    66.30    16.45
2044    5    35.90    21.78
2044    6    29.34    28.95
2044    7    13.63    31.32
2044    8    17.74    29.09
2044    9    16.46    24.32
2044   10    20.02    14.04
2044   11     1.92    11.08
2044   12    45.44     7.84
2045    1    75.25     1.00
2045    2    19.84     1.91
2045    3    52.62     7.80
2045    4    52.44    15.67
2045    5   115.60    19.30
2045    6    33.24    27.03
2045    7     3.32    31.17
2045    8     7.06    30.94
2045    9   122.47    21.86
2045   10    58.25    14.88
2045   11    21.31     9.68
2045   12    50.87     6.66
2046    1    39.53     6.64
2046    2    41.17     5.18
2046    3    45.04     8.79
2046    4    70.73    16.39
2046    5    29.20    23.91
2046    6    59.82    26.52
2046    7    10.10    29.66
2046    8    19.61    29.93
2046    9     6.13    24.15
2046   10    73.51    15.51
2046   11     6.57    10.00
2046   12    52.39     5.00
2047    1    54.27     0.53
2047    2    30.33     2.32
2047    3    31.91    10.33
2047    4    90.76    16.44
2047    5    28.21    21.84
2047    6    12.71    27.72
2047    7     5.34    33.26
2047    8    17.99    31.26
2047    9    31.10    25.53
2047   10    89.88    16.31
2047   11    45.36    11.03
2047   12    39.08     5.65
2048    1    20.60     5.58
2048    2    45.27     6.17
2048    3    25.09     7.59
2048    4    13.92    13.74
2048    5    77.81    20.64
2048    6    34.85    28.43
2048    7    23.01    32.01
2048    8    49.15    28.80
2048    9    20.55    22.93
2048   10    88.87    16.06
2048   11    73.91     8.80
2048   12    45.35     3.74
2049    1    57.58     0.61
2049    2    54.60     3.54
2049    3    46.37     7.33
2049    4    33.40    10.34
2049    5    44.67    21.95
2049    6     7.20    29.14
2049    7    15.74    32.80
2049    8    14.78    31.89
2049    9    39.32    24.05
2049   10    48.97    19.52
2049   11    47.33    12.78
2049   12    20.31     8.10
2050    1    38.12    -1.63
2050    2    57.31     4.27
2050    3    60.89     9.26
2050    4    97.56    13.63
2050    5    75.09    18.31
2050    6    20.67    26.18
2050    7    12.06    30.28
2050    8    11.48    30.67
2050    9    33.93    22.16
2050   10    26.87    17.37
2050   11    74.87     9.08
2050   12    42.44     4.64
2051    1    27.47     7.48
2051    2    38.76     5.34
2051    3    35.89    10.38
2051    4    98.35    14.49
2051    5   100.09    21.53
2051    6    47.69    25.72
2051    7    12.46    31.47
2051    8     5.26    30.03
2051    9    76.64    24.86
2051   10    52.17    16.08
2051   11    37.93    10.34
2051   12    21.69     5.97
2052    1    24.29     6.87
2052    2    42.62     6.00
2052    3    69.68     7.87
2052    4    70.48    15.60
2052    5    38.97    23.32
2052    6    71.45    26.57
2052    7     5.63    32.40
2052    8    14.82    30.06
2052    9    28.69    23.52
2052   10    14.16    16.74
2052   11    39.85    10.32
2052   12    77.88     4.47
2053    1    65.62     4.89
2053    2    64.90     5.10
2053    3    40.79     6.91
2053    4    86.02    13.09
2053    5    43.53    23.42
2053    6    75.05    27.27
2053    7    21.21    30.53
2053    8    47.70    29.51
2053    9     6.24    25.98
2053   10    26.39    18.79
2053   11    71.14    11.66
2053   12    55.51     5.20
2054    1    47.20     2.89
2054    2    59.44     5.21
2054    3    64.66     7.80
2054    4    59.88    12.01
2054    5    59.14    22.12
2054    6    22.60    28.83
2054    7    13.29    31.45
2054    8    26.36    28.92
2054    9    76.46    23.82
2054   10    47.03    15.76
2054   11    66.32    11.89
2054   12    35.23     6.14
2055    1    49.11     4.57
2055    2    51.92     4.90
2055    3    65.66     7.92
2055    4    41.92    14.82
2055    5    62.37    21.49
2055    6    11.94    30.27
2055    7    19.64    31.80
2055    8    20.09    29.31
2055    9    22.88    24.56
2055   10    76.77    18.50
2055   11    93.13    10.24
2055   12    57.50     2.05
2056    1     6.39     0.05
2056    2    31.03     7.69
2056    3    44.06     8.56
2056    4    80.62    15.85
2056    5    44.32    20.86
2056    6    35.82    27.85
2056    7    22.40    29.89
2056    8   111.78    29.42
2056    9    24.84    23.87
2056   10    39.31    18.25
2056   11    73.74    12.46
2056   12    57.42     3.08
2057    1    48.67     0.39
2057    2    52.02     3.46
2057    3    58.32     7.70
2057    4    91.25    12.86
2057    5    47.42    21.24
2057    6    31.20    26.80
2057    7    29.79    28.18
2057    8    10.29    28.77
2057    9    25.36    22.72
2057   10    58.93    15.69
2057   11    33.84    11.37
2057   12    37.70     3.07
2058    1    48.30     4.39
2058    2    69.20     7.19
2058    3    34.89     8.23
2058    4   104.76    15.38
2058    5    70.13    21.28
2058    6    13.12    29.28
2058    7    15.66    30.16
2058    8    10.96    29.18
2058    9    10.44    24.57
2058   10    39.56    19.21
2058   11    68.28    10.56
2058   12    23.64     5.86
2059    1    55.79     2.44
2059    2    12.65     6.01
2059    3    30.46    10.07
2059    4    83.16    15.77
2059    5    63.62    21.42
2059    6    29.88    29.38
2059    7    20.72    31.46
2059    8    11.75    30.43
2059    9    55.07    25.12
2059   10   102.29    16.40
2059   11    51.27    10.73
2059   12    65.51     7.26
2060    1    49.85     4.57
2060    2    53.33     5.85
2060    3    70.55     7.62
2060    4    60.51    15.02
2060    5    26.45    23.69
2060    6    18.81    30.12
2060    7    18.68    31.85
2060    8    18.92    31.08
2060    9    53.26    20.85
2060   10    74.24    15.72
2060   11    45.32    11.48
2060   12    66.64     2.31
2061    1    80.94     0.60
2061    2    44.07     7.28
2061    3   101.89     8.46
2061    4   114.72    12.35
2061    5    80.10    21.69
2061    6    22.53    28.40
2061    7     9.13    31.40
2061    8    22.45    27.40
2061    9    25.19    23.85
2061   10    35.22    15.60
2061   11    48.47    11.17
2061   12    98.11     6.08
2062    1     9.41     7.74
2062    2    38.26     4.75
2062    3    48.93     7.33
2062    4    72.95    17.14
2062    5    61.73    23.51
2062    6    28.45    28.57
2062    7     8.71    31.60
2062    8    11.33    29.81
2062    9    30.27    23.30
2062   10    31.94    14.62
2062   11    28.02     9.42
2062   12    32.13     6.35
2063    1    24.83     1.52
2063    2    62.12     2.73
2063    3   118.41     6.65
2063    4    50.07    15.45
2063    5    34.36    22.51
2063    6    27.86    28.12
2063    7     2.61    32.64
2063    8    26.97    30.71
2063    9    64.04    25.08
2063   10    43.62    17.40
2063   11    71.11     9.93
2063   12    42.25     4.20
2064    1    33.09     2.51
2064    2    27.95     6.24
2064    3    60.79     6.41
2064    4    60.18    12.80
2064    5   116.55    21.82
2064    6    44.24    26.31
2064    7    12.37    30.97
2064    8    27.99    29.80
2064    9     4.65    25.92
2064   10    18.69    16.73
2064   11    34.32    12.71
2064   12    51.51     7.64
2065    1    72.19     7.70
2065    2    56.99     6.41
2065    3    80.73     6.98
2065    4    42.73    13.92
2065    5    69.81    23.86
2065    6    35.40    27.43
2065    7    14.21    31.71
2065    8    16.84    31.09
2065    9    14.78    24.86
2065   10    64.82    17.29
2065   11    60.30    11.38
2065   12    78.97     5.39
2066    1    45.45     6.01
2066    2    62.21     3.28
2066    3    51.83    10.53
2066    4    57.00    15.10
2066    5    47.37    23.30
2066    6    28.63    29.01
2066    7    23.73    32.21
2066    8     2.96    29.57
2066    9    55.75    22.92
2066   10    46.77    16.15
2066   11    42.72     8.07
2066   12    48.93     2.29
2067    1    78.78     0.14
2067    2    42.67     2.66
2067    3    53.47     5.70
2067    4    88.51    17.65
2067    5    19.31    24.42
2067    6    15.40    29.33
2067    7    24.93    32.05
2067    8     8.13    29.71
2067    9    47.66    24.52
2067   10    45.52    15.92
2067   11    66.26    11.23
2067   12    80.97     6.98
2068    1    33.02     5.97
2068    2    33.79     4.29
2068    3    85.77     8.16
2068    4   124.08    14.45
2068    5    16.64    23.24
2068    6    13.82    27.42
2068    7     3.61    31.65
2068    8    35.59    29.17
2068    9    54.00    22.54
2068   10    29.18    15.39
2068   11     8.21    11.42
2068   12    63.79     4.41
2069    1    51.06    -0.38
2069    2    34.54    -0.80
2069    3    47.08     6.84
2069    4   103.32    17.98
2069    5    72.29    23.09
2069    6    28.97    28.16
2069    7    12.52    31.89
2069    8     9.72    30.85
2069    9    78.25    25.11
2069   10    90.65    16.46
2069   11    26.65    11.76
2069   12    18.46    10.06
2070    1    21.85     4.24
2070    2    32.31     5.94
2070    3    77.72    10.71
2070    4    37.45    15.14
2070    5    76.49    23.03
2070    6    13.87    28.11
2070    7     6.99    32.61
2070    8    10.61    31.34
2070    9    18.59    28.14
2070   10   113.88    15.21
2070   11    61.27     6.10
2070   12    41.21     5.56
2071    1    25.34     6.12
2071    2    61.15     2.60
2071    3    44.91     7.76
2071    4    64.04    13.83
2071    5    54.37    21.95
2071    6    48.75    27.60
2071    7    11.35    30.87
2071    8    27.71    30.64
2071    9    33.08    23.07
2071   10    54.83    17.52
2071   11    55.48    10.75
2071   12    64.83     6.91
2072    1    27.57     6.13
2072    2    56.90     4.53
2072    3    76.84     4.47
2072    4    86.52    14.06
2072    5    85.10    22.66
2072    6    23.03    28.17
2072    7     5.85    32.70
2072    8     4.17    31.45
2072    9    59.39    24.15
2072   10    82.97    15.20
2072   11    13.30    12.13
2072   12    69.26     3.76
2073    1    79.97     3.39
2073    2    25.01     4.35
2073    3    64.91    10.82
2073    4    60.89    13.59
2073    5    86.19    21.26
2073    6     6.21    28.48
2073    7    17.75    32.05
2073    8    21.64    30.15
2073    9    14.56    24.26
2073   10    90.72    18.23
2073   11    24.73    12.99
2073   12    13.10    10.36
2074    1    36.68     5.79
2074    2    52.40     2.61
2074    3    46.06     8.80
2074    4    71.79    16.92
2074    5    78.05    25.26
2074    6    21.32    29.00
2074    7     9.22    32.05
2074    8    14.85    31.97
2074    9     7.22    26.49
2074   10   106.25    16.81
2074   11    28.83    10.65
2074   12    38.56     7.66
2075    1    41.61     3.64
2075    2    41.75     6.35
2075    3    68.01     8.00
2075    4    58.26    15.35
2075    5    83.64    23.16
2075    6    34.30    28.85
2075    7    17.91    30.00
2075    8    10.14    30.70
2075    9    68.53    22.13
2075   10   103.92    16.57
2075   11    38.40    10.45
2075   12    24.70     7.71
2076    1    38.93     5.14
2076    2    24.19     6.28
2076    3    36.96    10.89
2076    4   109.52    15.13
2076    5    25.89    24.62
2076    6    58.67    27.81
2076    7    10.76    31.76
2076    8     7.71    31.53
2076    9     2.50    23.83
2076   10    63.43    16.71
2076   11    34.84    11.31
2076   12    26.42     9.29
2077    1    34.95     5.99
2077    2    67.50     4.14
2077    3    30.39     9.84
2077    4    53.04    12.91
2077    5    61.29    21.50
2077    6     8.65    30.71
2077    7     7.05    32.88
2077    8    21.07    31.64
2077    9    43.51    25.12
2077   10    74.66    16.43
2077   11    45.71    11.36
2077   12    77.08     7.16
2078    1    27.25     4.23
2078    2    59.54     4.61
2078    3    56.69    10.46
2078    4    51.41    11.73
2078    5    85.92    20.28
2078    6    11.40    29.85
2078    7    22.36    32.42
2078    8    13.87    31.70
2078    9    11.74    24.27
2078   10    71.70    13.49
2078   11    45.81     9.14
2078   12    35.51     7.70
2079    1    49.96     0.97
2079    2    35.79     5.73
2079    3    88.34     9.94
2079    4    54.22    14.18
2079    5    58.34    24.62
2079    6    51.28    26.43
2079    7    18.05    30.90
2079    8    15.14    28.87
2079    9    36.41    21.14
2079   10    22.19    18.15
2079   11    42.07     8.56
2079   12    19.32     5.37
2080    1    77.22     4.05
2080    2    38.43     5.25
2080    3    70.19     9.37
2080    4    45.95    16.93
2080    5    47.50    21.30
2080    6    34.65    29.36
2080    7    34.62    30.94
2080    8    22.48    30.93
2080    9     7.24    26.80
2080   10    42.08    20.10
2080   11    26.62    12.74
2080   12    51.59     4.43
2081    1    53.32     4.70
2081    2    14.56     9.09
2081    3    36.00    10.94
2081    4    40.16    14.92
2081    5    68.77    23.13
2081    6    41.95    28.19
2081    7     6.90    30.86
2081    8    18.45    29.84
2081    9   104.89    21.90
2081   10    78.93    17.11
2081   11    91.35    11.57
2081   12    35.12     5.62
2082    1    38.04     6.68
2082    2    37.45     4.61
2082    3    44.54    11.23
2082    4    40.25    16.63
2082    5    49.47    22.67
2082    6     9.69    28.24
2082    7     8.68    32.49
2082    8    16.43    31.58
2082    9    52.24    24.31
2082   10    86.24    16.30
2082   11    31.24    10.53
2082   12    40.22     6.08
2083    1    32.88     3.44
2083    2    63.24     5.56
2083    3    79.61     6.60
2083    4    67.64    14.67
2083    5    25.69    24.57
2083    6    27.54    28.62
2083    7    20.33    31.25
2083    8    35.70    29.07
2083    9    34.04    25.12
2083   10    72.81    18.95
2083   11    74.97    13.82
2083   12    77.19     9.18
2084    1    24.02     6.16
2084    2    28.16     4.25
2084    3    86.71     9.68
2084    4    82.06    14.67
2084    5    85.04    21.96
2084    6    24.17    27.79
2084    7    24.69    31.28
2084    8     9.37    29.62
2084    9    44.47    23.23
2084   10     9.30    17.38
2084   11    80.07     8.48
2084   12    75.68     2.95
2085    1    34.18     3.18
2085    2    69.24    -1.14
2085    3    43.82     6.61
2085    4   104.54    14.99
2085    5    54.13    21.57
2085    6    41.31    29.19
2085    7    50.96    28.05
2085    8    29.99    28.81
2085    9    51.20    23.64
2085   10    60.09    18.73
2085   11    44.78    12.43
2085   12    30.02     5.85
2086    1    52.50     5.33
2086    2    54.35     5.91
2086    3    59.33    10.75
2086    4    81.19    13.04
2086    5    49.29    23.70
2086    6    79.81    26.56
2086    7    21.35    31.45
2086    8    24.80    29.40
2086    9    15.51    26.06
2086   10    42.98    19.18
2086   11    52.19     8.24
2086   12    65.74     7.40
2087    1    13.31     6.67
2087    2    72.13     7.16
2087    3    17.24     7.29
2087    4    88.34    16.10
2087    5    42.85    22.99
2087    6     7.42    29.85
2087    7     2.16    32.50
2087    8     1.78    31.77
2087    9    68.82    23.66
2087   10    20.55    18.42
2087   11    50.07     9.34
2087   12    55.96     2.60
2088    1    23.57     2.67
2088    2    31.06     7.43
2088    3    19.90    10.80
2088    4    89.75    15.92
2088    5    52.64    22.92
2088    6    56.77    28.82
2088    7     6.21    34.34
2088    8    18.18    30.60
2088    9    37.80    24.03
2088   10    18.47    15.65
2088   11    84.87    12.66
2088   12    52.77     4.96
2089    1    22.60     1.96
2089    2    28.53     5.99
2089    3    57.52     6.45
2089    4    64.20    14.87
2089    5    80.81    21.57
2089    6    45.93    28.53
2089    7    28.16    32.56
2089    8    17.28    31.32
2089    9    36.97    25.65
2089   10    58.73    18.16
2089   11    71.22    13.79
2089   12    48.81     2.28
2090    1    54.31     8.54
2090    2   110.67     4.09
2090    3    83.50     7.78
2090    4    59.85    15.64
2090    5    98.71    20.81
2090    6    20.84    27.82
2090    7    12.13    32.42
2090    8     6.99    32.28
2090    9    38.87    24.25
2090   10    74.22    17.60
2090   11    51.74     8.00
2090   12    50.08     6.38
2091    1    36.55     3.60
2091    2    18.02     5.13
2091    3    88.54    12.56
2091    4    80.50    15.88
2091    5    36.45    22.86
2091    6    17.66    27.84
2091    7    10.70    32.25
2091    8    10.07    31.51
2091    9    36.47    26.20
2091   10    39.26    18.41
2091   11    50.45    11.99
2091   12    79.38     2.78
2092    1    40.83     5.92
2092    2    34.31     6.69
2092    3    71.76     6.49
2092    4    50.69    14.85
2092    5    29.26    24.94
2092    6    23.88    28.74
2092    7    13.70    31.44
2092    8    11.61    31.42
2092    9    11.89    23.19
2092   10    38.33    19.52
2092   11    30.00    12.58
2092   12    72.68     4.72
2093    1    31.28     6.66
2093    2    63.46     5.48
2093    3    38.44    10.28
2093    4   169.68    14.49
2093    5    53.73    22.34
2093    6    47.06    27.05
2093    7    10.12    32.68
2093    8     1.39    30.65
2093    9    39.43    24.68
2093   10    38.74    18.33
2093   11    38.54    12.01
2093   12    45.17     7.83
2094    1    45.76     4.99
2094    2    43.21     4.60
2094    3    34.68     8.72
2094    4    51.74    14.90
2094    5   135.35    19.62
2094    6    72.01    26.97
2094    7    12.35    31.42
2094    8     2.53    31.22
2094    9    12.49    24.65
2094   10    53.11    16.12
2094   11    20.27    11.95
2094   12    52.64     5.82
2095    1    72.24     2.35
2095    2    64.27     4.18
2095    3    55.33     8.27
2095    4    90.28    14.84
2095    5    28.76    22.26
2095    6    24.08    30.01
2095    7     4.43    32.75
2095    8    13.24    30.17
2095    9    22.28    24.48
2095   10    51.48    15.46
2095   11    72.64     7.88
2095   12    56.79     6.17
2096    1    25.32     4.34
2096    2    46.86     5.22
2096    3    45.46     5.48
2096    4    58.41    15.96
2096    5    28.84    21.49
2096    6    30.09    28.27
2096    7    20.62    32.39
2096    8    21.36    30.95
2096    9    35.36    25.07
2096   10    98.44    16.71
2096   11    37.39     8.82
2096   12    57.14     5.94
2097    1    33.11     3.16
2097    2    22.79     6.62
2097    3    73.00     8.33
2097    4    59.11    14.38
2097    5     9.43    24.74
2097    6    32.60    29.79
2097    7    26.94    31.11
2097    8    23.23    30.47
2097    9    46.76    25.09
2097   10    48.42    18.02
2097   11    31.02    13.69
2097   12    74.28     6.50
2098    1    63.68     5.67
2098    2    56.64     3.90
2098    3    89.72     8.40
2098    4    81.10    15.05
2098    5    65.28    22.91
2098    6    46.08    27.39
2098    7    19.13    29.71
2098    8    33.28    27.85
2098    9     8.92    22.53
2098   10    76.59    14.31
2098   11    51.15     8.69
2098   12    46.83     5.79
2099    1   106.01     1.25
2099    2    66.98     2.34
2099    3    49.05     7.33
2099    4    23.15    14.45
2099    5    76.19    23.50
2099    6    26.12    28.49
2099    7    16.26    32.60
2099    8    22.52    29.46
2099    9    63.70    23.15
2099   10    47.18    17.68
2099   11   106.95     9.65
2099   12    39.26     6.61
2100    1    45.98     5.93
2100    2    59.63     2.77
2100    3    65.21     9.79
2100    4   104.97    13.57
2100    5    58.11    21.89
2100    6    43.21    27.32
2100    7    14.77    31.43
2100    8     3.60    30.01
2100    9    12.65    22.65
2100   10    36.43    17.55
2100   11    51.33    10.28
2100   12    78.68     4.34
