2006    1    34.23     2.46
2006    2    74.21     0.33
2006    3    61.10     5.57
2006    4    60.73     9.59
2006    5   141.79    13.64
2006    6    29.58    20.58
2006    7     3.32    31.23
2006    8     0.65    25.96
2006    9    18.83    19.16
2006   10    55.11     6.08
2006   11    98.13     6.09
2006   12    47.86     4.12
2007    1    50.72    -3.22
2007    2    54.83     1.02
2007    3    24.70     6.91
2007    4     6.48    15.12
2007    5    24.81    17.75
2007    6    36.43    22.69
2007    7     2.29    30.24
2007    8    15.83    27.84
2007    9     0.24    24.80
2007   10    54.37    11.43
2007   11    79.71     5.21
2007   12    39.96     0.15
2008    1    96.07    -0.84
2008    2    46.74     0.15
2008    3    52.74     2.50
2008    4    94.42     7.22
2008    5    86.01    11.89
2008    6    40.25    20.46
2008    7    16.65    27.42
2008    8    18.50    26.25
2008    9     4.78    23.17
2008   10    69.68    10.89
2008   11    35.22     5.85
2008   12    58.56     4.04
2009    1    75.25     1.33
2009    2    68.61     1.99
2009    3    21.47     5.59
2009    4    76.15     8.16
2009    5    94.72    15.39
2009    6    50.18    20.33
2009    7    11.18    26.00
2009    8     1.13    24.62
2009    9     2.97    16.85
2009   10    40.01     8.35
2009   11    63.23    -2.36
2009   12    45.62     0.34
2010    1    49.40     2.56
2010    2    63.63     3.33
2010    3    86.06     4.71
2010    4    51.66     6.87
2010    5    76.81    15.34
2010    6     4.12    26.94
2010    7     3.99    27.33
2010    8    14.22    25.18
2010    9     6.29    21.66
2010   10    49.41     9.90
2010   11    61.52     6.27
2010   12    47.87     3.33
2011    1    55.60     1.98
2011    2    53.19     3.29
2011    3    64.55     5.58
2011    4    33.02    12.84
2011    5    77.42    16.17
2011    6    27.52    19.21
2011    7     3.31    29.38
2011    8    20.65    26.19
2011    9     7.12    19.13
2011   10     4.60    14.79
2011   11    58.49     6.68
2011   12    81.35     3.24
2012    1    62.05     0.74
2012    2    73.35    -1.23
2012    3    95.00     2.02
2012    4    43.24     8.11
2012    5    25.12    15.72
2012    6     1.47    27.96
2012    7     0.20    31.15
2012    8     3.92    23.69
2012    9     5.01    20.14
2012   10    51.87    10.49
2012   11    96.11     3.63
2012   12    30.72     1.60
2013    1    37.88    -2.02
2013    2    42.03     5.43
2013    3    21.85     3.55
2013    4    85.93     7.46
2013    5     8.35    20.96
2013    6    19.58    22.16
2013    7     1.13    30.71
2013    8     4.10    28.47
2013    9     8.19    19.80
2013   10    50.95    12.82
2013   11    76.77     4.15
2013   12    31.21     1.55
2014    1    81.27     1.89
2014    2    82.02    -3.57
2014    3    81.86     4.37
2014    4    68.64     8.90
2014    5    63.90    14.91
2014    6    41.47    24.17
2014    7    13.38    26.34
2014    8     2.21    28.34
2014    9    10.07    17.88
2014   10    29.90    10.83
2014   11    19.77     4.88
2014   12    61.02     0.63
2015    1    69.05     1.23
2015    2    49.10     3.89
2015    3    79.00     4.90
2015    4    17.16    15.90
2015    5    80.54    14.17
2015    6    25.56    21.44
2015    7     5.19    29.54
2015    8    14.98    24.39
2015    9     5.25    19.08
2015   10    31.34    12.04
2015   11    51.03    10.79
2015   12    43.12     3.11
2016    1    34.70     2.26
2016    2    47.93     1.86
2016    3    90.86     6.31
2016    4    96.24    12.99
2016    5    17.43    17.09
2016    6    33.78    25.93
2016    7     1.46    29.11
2016    8    10.64    24.49
2016    9    61.65    21.05
2016   10    78.19     8.66
2016   11    33.17     8.49
2016   12    40.78     0.91
2017    1    35.44     3.88
2017    2    42.54     5.24
2017    3    94.90     3.91
2017    4    26.36    13.27
2017    5    26.83    17.34
2017    6    96.50    20.48
2017    7     1.91    30.93
2017    8     9.86    24.28
2017    9    13.56    19.77
2017   10    19.94    12.33
2017   11    15.13     8.00
2017   12    57.76     1.12
2018    1    29.09     0.52
2018    2   104.09     2.41
2018    3    46.41     7.73
2018    4    40.19    10.19
2018    5    53.88    14.64
2018    6    22.96    23.33
2018    7     2.22    29.06
2018    8    15.13    24.60
2018    9    12.75    17.79
2018   10    22.91     8.16
2018   11    22.58     3.80
2018   12   114.17     1.82
2019    1    51.07     3.54
2019    2    39.47    -0.90
2019    3    31.46     3.92
2019    4    12.02    10.89
2019    5   105.12    13.57
2019    6    39.17    22.12
2019    7    35.08    28.10
2019    8    26.18    20.65
2019    9     9.85    21.24
2019   10    66.49    11.53
2019   11    78.89     5.28
2019   12    56.48     3.35
2020    1    57.93    -0.53
2020    2    75.85    -0.49
2020    3    56.23     4.43
2020    4    66.48     6.45
2020    5   182.65    12.05
2020    6    77.09    23.10
2020    7     9.91    25.93
2020    8    29.06    23.55
2020    9     9.50    16.75
2020   10    27.77    14.18
2020   11    35.78     5.08
2020   12    67.90     2.43
2021    1    25.03     0.77
2021    2    54.72     0.15
2021    3    69.06     3.81
2021    4    31.74    12.70
2021    5    57.53    14.28
2021    6    18.49    22.99
2021    7    13.96    23.98
2021    8    13.99    25.00
2021    9     0.10    22.14
2021   10    36.49    17.44
2021   11    31.26     6.25
2021   12    61.02     4.13
2022    1    34.78     5.04
2022    2    47.65     3.47
2022    3    81.79     5.30
2022    4    42.09     9.39
2022    5    41.44    21.17
2022    6    40.41    24.46
2022    7    24.37    29.34
2022    8     6.22    27.41
2022    9     6.56    21.52
2022   10    84.66    10.74
2022   11   127.52     4.96
2022   12    27.48     2.53
2023    1    82.69     0.62
2023    2   102.71    -0.64
2023    3    45.15     7.23
2023    4    72.58     8.92
2023    5    43.51    14.95
2023    6     7.34    24.38
2023    7     2.44    27.83
2023    8     7.20    22.50
2023    9    16.24    16.99
2023   10    41.82    10.97
2023   11    50.82     3.30
2023   12    54.28     4.33
2024    1    22.55     3.78
2024    2    34.46     0.63
2024    3    42.41     7.63
2024    4    74.57    12.17
2024    5   121.83    15.40
2024    6    75.61    21.32
2024    7     4.19    28.26
2024    8     5.68    25.80
2024    9     7.29    21.25
2024   10    16.67    11.86
2024   11   105.55     4.03
2024   12    36.19     4.35
2025    1    36.73     2.84
2025    2    45.29     1.81
2025    3    42.38     8.96
2025    4    35.60    13.72
2025    5    36.84    17.01
2025    6    11.36    24.09
2025    7    12.62    32.37
2025    8     2.26    29.57
2025    9    29.10    18.44
2025   10    24.71    12.63
2025   11    36.65     7.68
2025   12    48.16     1.27
2026    1   107.53    -7.47
2026    2    24.17    -3.47
2026    3    29.16     8.14
2026    4    48.60    10.99
2026    5    69.37    13.14
2026    6    13.08    27.84
2026    7     8.63    29.27
2026    8     1.17    26.72
2026    9    18.58    20.40
2026   10    24.04    11.77
2026   11    91.73     5.49
2026   12    51.49    -1.64
2027    1    71.97     2.60
2027    2    70.22     0.56
2027    3    79.06     1.73
2027    4    48.65     7.13
2027    5    67.08    17.04
2027    6    18.60    26.37
2027    7    18.79    25.02
2027    8     7.41    27.12
2027    9    10.49    15.89
2027   10    15.21    13.35
2027   11    30.69     6.69
2027   12    61.40     1.67
2028    1    30.68     0.60
2028    2    36.88     4.67
2028    3    92.90     1.12
2028    4    87.49    12.31
2028    5    29.50    17.29
2028    6    54.97    22.88
2028    7     2.09    30.43
2028    8     1.47    28.71
2028    9    20.00    19.73
2028   10    27.38    14.48
2028   11    36.68     8.54
2028   12    21.69     6.34
2029    1    89.59     1.11
2029    2    65.07     2.20
2029    3    73.13     5.40
2029    4    83.54     9.86
2029    5    48.57    13.76
2029    6     5.41    27.36
2029    7    11.17    28.04
2029    8     2.20    21.40
2029    9    11.44    18.17
2029   10    34.23    12.11
2029   11    51.97     8.11
2029   12    51.78     2.16
2030    1    38.84     1.91
2030    2    41.96     0.90
2030    3   105.43     2.19
2030    4    59.97     8.91
2030    5    55.64    17.47
2030    6    56.83    20.35
2030    7     0.45    27.93
2030    8     1.48    25.55
2030    9     9.48    20.05
2030   10    88.17     9.73
2030   11    37.41     4.93
2030   12    39.48     3.35
2031    1    30.58     4.20
2031    2    45.96     0.39
2031    3    48.11     8.02
2031    4   139.82     7.94
2031    5    43.92    13.61
2031    6    69.34    21.56
2031    7    30.35    25.99
2031    8     0.34    27.39
2031    9    29.63    14.59
2031   10    36.12    13.79
2031   11   121.31     3.43
2031   12    68.67     2.53
2032    1    90.54    -2.43
2032    2    42.59    -3.83
2032    3    88.20     4.45
2032    4    30.69    11.93
2032    5    44.32    14.35
2032    6    38.65    20.14
2032    7    43.04    25.08
2032    8    18.34    24.22
2032    9    13.35    17.14
2032   10    31.10    11.69
2032   11    21.05     8.60
2032   12    63.18     4.05
2033    1    26.75     3.14
2033    2    16.79     1.48
2033    3    86.79     3.32
2033    4    40.50    10.50
2033    5    28.35    16.21
2033    6     0.85    27.14
2033    7     2.90    29.86
2033    8     2.64    26.58
2033    9     6.41    20.83
2033   10    67.58     9.19
2033   11    34.64     4.23
2033   12    50.08     5.14
2034    1    63.01     4.10
2034    2    63.99    -1.57
2034    3    79.90     2.08
2034    4    21.68    13.05
2034    5    69.59    17.13
2034    6     6.59    22.33
2034    7    21.18    27.80
2034    8    14.74    23.83
2034    9    23.33    19.60
2034   10    49.16     8.58
2034   11    57.18     5.91
2034   12    61.21     1.99
2035    1    63.50     3.57
2035    2    50.04     0.94
2035    3    48.78     6.45
2035    4    41.04    14.62
2035    5    35.58    20.29
2035    6    47.03    24.48
2035    7     1.11    31.31
2035    8     0.03    28.73
2035    9    31.71    15.49
2035   10    65.19    11.88
2035   11    63.81     5.52
2035   12    61.22     3.80
2036    1    47.99     2.40
2036    2    44.80     1.89
2036    3    39.96    12.99
2036    4    59.38    12.90
2036    5    58.68    14.42
2036    6    37.23    23.06
2036    7     7.86    28.13
2036    8     2.16    28.16
2036    9    20.73    18.70
2036   10    30.12    10.34
2036   11    51.03     6.81
2036   12    73.20     6.17
2037    1    56.78     3.59
2037    2    33.05     3.31
2037    3   109.56     1.55
2037    4    40.76     8.60
2037    5    81.64    10.82
2037    6    62.41    21.44
2037    7    16.08    26.57
2037    8    32.16    25.77
2037    9     8.83    20.92
2037   10    54.38    11.20
2037   11    54.16     5.48
2037   12    43.71     0.47
2038    1    47.15     2.05
2038    2    66.82     2.29
2038    3    72.21     7.55
2038    4    47.96     9.82
2038    5    48.71    15.80
2038    6    35.27    25.04
2038    7    12.86    30.66
2038    8     8.92    26.06
2038    9    18.61    20.61
2038   10    23.35    16.74
2038   11    30.75     3.82
2038   12    54.32     2.98
2039    1    49.58     1.97
2039    2    35.77     4.58
2039    3    78.64     1.57
2039    4    48.40    10.06
2039    5    82.22    16.15
2039    6    50.34    22.50
2039    7     9.02    28.05
2039    8     9.99    24.87
2039    9    25.08    18.95
2039   10    26.42    11.47
2039   11    37.23     7.79
2039   12    60.49     2.26
2040    1    45.47     1.32
2040    2    68.19     3.27
2040    3    77.81     2.20
2040    4   147.60     3.12
2040    5   138.83    13.58
2040    6    68.45    20.06
2040    7     1.55    26.52
2040    8    23.07    25.33
2040    9     7.86    20.28
2040   10    40.96    12.31
2040   11    66.71     7.61
2040   12    70.84    -0.43
2041    1    56.00     4.88
2041    2    65.95     0.85
2041    3    70.88     2.53
2041    4    65.87    10.12
2041    5    39.70    13.96
2041    6    27.22    23.30
2041    7     0.20    29.61
2041    8    12.08    26.17
2041    9    11.56    19.25
2041   10    63.87    10.78
2041   11    53.22     6.18
2041   12    48.98     4.94
2042    1    80.84     3.89
2042    2    18.69     5.41
2042    3    15.11    10.40
2042    4    33.34    12.43
2042    5    37.08    16.96
2042    6    13.98    21.11
2042    7    10.23    26.36
2042    8     7.71    28.05
2042    9     1.77    19.74
2042   10    56.07    11.19
2042   11    38.18     8.07
2042   12   113.31     1.92
2043    1    41.30    -0.72
2043    2    35.12    -0.73
2043    3    87.35     1.46
2043    4    69.53     8.97
2043    5    51.81    15.09
2043    6    65.87    21.92
2043    7    16.80    28.95
2043    8     4.13    26.82
2043    9    31.64    17.26
2043   10    27.08    11.33
2043   11    91.52     5.37
2043   12   100.66     0.36
2044    1    24.92     3.99
2044    2    32.38     6.42
2044    3    68.15     1.87
2044    4    70.52    10.49
2044    5    89.37    14.00
2044    6    16.78    25.78
2044    7     2.02    29.31
2044    8    18.37    23.64
2044    9    19.64    18.70
2044   10    12.34    12.28
2044   11    72.00     6.13
2044   12    43.61     2.87
2045    1    16.92     4.02
2045    2    20.97     5.39
2045    3    66.81     3.30
2045    4    89.09    10.58
2045    5    85.92    17.71
2045    6    41.72    22.70
2045    7     6.66    28.62
2045    8     0.62    27.17
2045    9    31.62    19.69
2045   10    11.56    14.31
2045   11    73.09     7.23
2045   12    60.00     5.21
2046    1    32.77     4.42
2046    2    57.00     3.64
2046    3    46.45     6.95
2046    4    44.36    12.41
2046    5    40.38    17.67
2046    6    25.65    25.96
2046    7     6.37    27.99
2046    8     0.00    29.11
2046    9    32.34    21.46
2046   10    21.18    14.74
2046   11    76.26     7.48
2046   12    63.50     0.47
2047    1    51.42     4.26
2047    2    31.97     4.14
2047    3    67.59     3.17
2047    4    61.62     9.48
2047    5    47.47    16.40
2047    6    51.91    20.95
2047    7     9.21    27.58
2047    8    13.24    26.33
2047    9    36.26    20.87
2047   10    26.12    12.32
2047   11    56.93     4.31
2047   12    51.07     4.22
2048    1    69.22     3.48
2048    2    55.27     4.51
2048    3    56.82     3.88
2048    4    83.19     9.56
2048    5    62.96    14.97
2048    6    37.83    22.00
2048    7    19.70    29.46
2048    8     7.67    28.68
2048    9    14.73    17.10
2048   10     9.40    14.13
2048   11    44.73     3.39
2048   12    39.15     1.24
2049    1    21.66     3.93
2049    2    39.78     5.62
2049    3    28.91     7.56
2049    4    84.62    10.80
2049    5    64.82    14.44
2049    6    35.15    23.32
2049    7     0.99    30.10
2049    8     3.47    28.27
2049    9    47.34    16.53
2049   10    63.86    11.15
2049   11   105.19     5.16
2049   12    47.43     2.20
2050    1    21.81     5.75
2050    2    50.08     4.43
2050    3    54.44     7.15
2050    4    81.62    13.45
2050    5    32.63    17.97
2050    6    58.08    26.22
2050    7     3.02    28.07
2050    8     1.05    24.80
2050    9    23.14    20.44
2050   10    45.98    12.76
2050   11    89.48     3.08
2050   12    46.68     4.61
2051    1    29.21     2.74
2051    2    31.42     4.05
2051    3    53.19     6.50
2051    4    37.99    10.66
2051    5    25.26    21.43
2051    6    46.88    22.65
2051    7    10.73    26.07
2051    8     1.25    23.91
2051    9    42.01    18.94
2051   10    43.28    10.26
2051   11    49.74     7.69
2051   12    75.59    -1.08
2052    1    65.57     1.77
2052    2    50.52     6.65
2052    3    91.80     4.15
2052    4    77.11    10.10
2052    5    64.36    14.25
2052    6    12.53    23.78
2052    7     8.95    28.47
2052    8     9.09    24.36
2052    9    15.75    21.25
2052   10    48.76     9.55
2052   11    45.68     6.39
2052   12    78.27     1.64
2053    1    51.68    -1.39
2053    2    48.99     0.50
2053    3    65.46     2.90
2053    4    26.96    11.22
2053    5    74.59    13.69
2053    6     5.48    25.87
2053    7     3.64    31.06
2053    8     1.28    26.49
2053    9    14.17    21.66
2053   10    24.68    13.11
2053   11    23.68     8.31
2053   12    59.74     0.61
2054    1    21.41     3.95
2054    2    69.12    -2.47
2054    3    51.90     5.40
2054    4    97.03    11.38
2054    5    41.32    17.81
2054    6    35.90    20.25
2054    7     2.48    29.16
2054    8     5.41    28.12
2054    9    10.14    24.01
2054   10    51.41     9.54
2054   11    71.79     7.63
2054   12    90.96     1.57
2055    1    76.40     1.68
2055    2    67.76     1.35
2055    3    52.78     7.78
2055    4    66.11    13.21
2055    5    55.82    17.16
2055    6    29.11    23.11
2055    7     0.96    27.75
2055    8     7.62    23.77
2055    9     3.98    18.39
2055   10    73.67    14.98
2055   11    54.09     6.17
2055   12    79.42     2.60
2056    1    23.29     5.36
2056    2    55.92    -2.48
2056    3    39.96     3.97
2056    4    71.44     9.07
2056    5   142.04    13.67
2056    6    73.22    22.96
2056    7    31.70    28.19
2056    8     8.43    26.86
2056    9    29.76    14.86
2056   10    40.15    11.18
2056   11    38.28     7.80
2056   12    73.36     0.11
2057    1    46.49    -0.58
2057    2    50.47     3.04
2057    3    37.66     4.62
2057    4    68.67    14.88
2057    5    62.52    17.60
2057    6    22.09    24.42
2057    7    37.01    26.03
2057    8     5.36    26.70
2057    9    18.42    17.38
2057   10    16.51    14.13
2057   11   130.82     5.93
2057   12    74.42     4.56
2058    1    30.98     3.77
2058    2    61.38     5.48
2058    3    51.33     1.49
2058    4    18.37    13.27
2058    5    58.34    16.91
2058    6    28.97    23.82
2058    7     1.08    30.28
2058    8    11.63    26.35
2058    9    11.24    16.22
2058   10    32.12    16.66
2058   11     9.34    10.49
2058   12    93.26     2.67
2059    1    32.63     5.25
2059    2    48.87     5.60
2059    3    56.97    10.37
2059    4    53.50    12.63
2059    5    44.94    16.37
2059    6    21.59    25.77
2059    7     0.29    30.17
2059    8     2.36    26.05
2059    9    11.13    16.22
2059   10    51.58    11.15
2059   11    32.38     9.51
2059   12    62.81     2.63
2060    1    39.20     4.27
2060    2    52.93     4.48
2060    3    61.04     8.89
2060    4    49.68     9.59
2060    5    23.94    17.48
2060    6     9.08    27.12
2060    7    37.46    27.90
2060    8     8.59    29.21
2060    9     1.25    23.38
2060   10    33.65    13.25
2060   11    54.56     8.16
2060   12    75.48     4.61
2061    1   109.84     1.98
2061    2    35.64     3.06
2061    3    59.77     6.70
2061    4    97.53     8.33
2061    5    53.17    16.02
2061    6    82.34    22.09
2061    7     4.44    27.84
2061    8     9.24    25.01
2061    9     2.81    24.16
2061   10    37.03    13.94
2061   11    36.96     9.22
2061   12    66.74     3.30
2062    1    86.00     3.00
2062    2    57.96     1.37
2062    3    54.05    10.80
2062    4    34.54    11.19
2062    5    26.88    17.28
2062    6    24.07    27.93
2062    7     8.49    30.60
2062    8    11.51    25.20
2062    9     3.07    21.60
2062   10     9.27    13.97
2062   11    79.67     7.99
2062   12    70.67     0.33
2063    1    46.37     3.41
2063    2    52.61     7.09
2063    3    54.88     0.92
2063    4    63.26     8.15
2063    5   142.45    14.02
2063    6    10.67    24.23
2063    7     9.66    26.51
2063    8     3.76    24.17
2063    9     6.13    20.61
2063   10    53.84    13.86
2063   11    56.16     8.96
2063   12    85.58     3.38
2064    1    69.57     4.40
2064    2    39.74     1.55
2064    3    81.98     4.49
2064    4    52.15     9.61
2064    5   112.22    17.74
2064    6    12.01    25.07
2064    7     8.18    28.09
2064    8    28.72    26.35
2064    9    43.10    17.59
2064   10    61.61     7.27
2064   11    99.91     5.14
2064   12    80.24     2.62
2065    1    66.41    -0.92
2065    2    30.00     4.19
2065    3    31.38     9.81
2065    4    57.59     9.78
2065    5    43.40    17.93
2065    6    78.70    20.33
2065    7     5.69    28.39
2065    8     0.37    27.66
2065    9    50.74    17.00
2065   10    27.25    13.82
2065   11    57.41     7.93
2065   12    39.91     6.35
2066    1    51.61     3.56
2066    2    39.87     6.05
2066    3    31.27    10.93
2066    4    97.08    10.95
2066    5    63.77    16.16
2066    6    28.68    23.64
2066    7    19.52    26.74
2066    8    20.91    24.04
2066    9     3.11    21.52
2066   10    36.24    15.59
2066   11    21.93     7.36
2066   12    99.57     2.65
2067    1    50.19     2.38
2067    2    53.72     5.73
2067    3    45.53     8.61
2067    4    92.12    12.74
2067    5    52.72    19.83
2067    6    23.22    26.11
2067    7     2.52    27.38
2067    8    66.98    21.54
2067    9     6.58    19.25
2067   10    54.69    14.89
2067   11    73.99     4.68
2067   12    65.28     6.01
2068    1    35.24    -0.20
2068    2    31.02     4.06
2068    3    42.47     1.21
2068    4    50.78    11.58
2068    5    43.05    19.59
2068    6    29.50    23.10
2068    7     8.09    29.49
2068    8     3.26    26.95
2068    9    34.42    18.28
2068   10    40.16    11.03
2068   11    88.48     6.01
2068   12    67.47     5.51
2069    1    30.94     4.56
2069    2    16.30     3.89
2069    3    74.37     5.92
2069    4    52.27     9.40
2069    5    30.02    19.09
2069    6    11.52    27.44
2069    7    11.63    30.89
2069    8    22.57    23.79
2069    9    13.92    20.44
2069   10    41.85     7.64
2069   11    89.31     4.95
2069   12    88.59     3.15
2070    1    35.71     1.25
2070    2    42.94     3.07
2070    3    43.11     6.71
2070    4    66.46     8.55
2070    5    33.21    19.95
2070    6    35.95    24.25
2070    7     4.24    29.78
2070    8     0.42    27.97
2070    9    21.42    22.78
2070   10    33.60    11.88
2070   11    75.94     3.63
2070   12    52.78     4.98
2071    1    52.99     5.29
2071    2    75.32    -0.21
2071    3    56.58     6.40
2071    4    40.56     6.44
2071    5    65.68    15.25
2071    6    32.80    24.41
2071    7     2.81    31.38
2071    8     9.01    27.56
2071    9    47.66    20.81
2071   10     8.60    16.16
2071   11    54.17     6.60
2071   12    43.72     3.86
2072    1    53.89     4.97
2072    2    54.79     1.64
2072    3    67.64     1.02
2072    4    29.41    11.17
2072    5   107.18    14.94
2072    6    52.88    21.21
2072    7    13.63    28.39
2072    8     0.20    27.13
2072    9    11.39    17.88
2072   10    49.49    14.05
2072   11    41.27     6.23
2072   12    79.91     3.01
2073    1    83.84    -0.77
2073    2    78.45     1.35
2073    3    50.32     8.85
2073    4    63.89    10.03
2073    5    51.89    17.21
2073    6    57.55    22.26
2073    7    26.69    29.55
2073    8     2.72    25.12
2073    9    12.59    21.80
2073   10    23.18    14.91
2073   11    30.65     7.48
2073   12    65.59     6.64
2074    1    61.46     4.39
2074    2    49.85     6.15
2074    3    21.88    12.24
2074    4   114.72    10.73
2074    5    23.35    18.24
2074    6     6.79    29.37
2074    7     9.64    28.76
2074    8     5.86    26.04
2074    9    22.05    22.35
2074   10    28.15    13.86
2074   11    71.16     7.51
2074   12    74.36     3.80
2075    1    47.76     5.51
2075    2    50.80     5.80
2075    3    42.53     5.25
2075    4    88.58    12.56
2075    5    47.39    16.50
2075    6    43.78    24.22
2075    7    76.23    27.29
2075    8     7.54    27.10
2075    9     6.35    20.00
2075   10   157.69    10.28
2075   11    50.12     7.93
2075   12    32.66     6.13
2076    1    76.84     2.15
2076    2    43.00     3.58
2076    3    56.58     3.13
2076    4    34.01    14.16
2076    5    42.69    19.15
2076    6    12.51    24.49
2076    7     0.68    30.13
2076    8     1.20    27.96
2076    9     4.77    21.60
2076   10    55.49    15.40
2076   11   104.80     4.13
2076   12   162.23     3.15
2077    1    50.30    -0.82
2077    2    52.02     0.30
2077    3    63.89     4.76
2077    4    38.94    13.51
2077    5    67.84    17.38
2077    6    14.20    23.21
2077    7    19.91    30.10
2077    8     0.02    26.94
2077    9     2.83    19.09
2077   10    23.65    16.26
2077   11    56.92     6.29
2077   12    61.13    -1.33
2078    1   100.03     2.34
2078    2    41.71     1.30
2078    3    62.98     4.00
2078    4    71.15    10.70
2078    5    40.11    18.03
2078    6    30.69    23.07
2078    7    25.37    26.52
2078    8    26.28    30.74
2078    9    25.31    18.34
2078   10    23.06    10.93
2078   11    60.93     5.07
2078   12    31.58     2.94
2079    1    47.33     5.54
2079    2    21.37     5.52
2079    3    20.29    11.18
2079    4    91.11    11.25
2079    5    56.98    16.76
2079    6    69.24    25.74
2079    7     3.25    28.16
2079    8     4.14    27.57
2079    9    63.21    14.87
2079   10    51.68    10.53
2079   11    70.11     5.81
2079   12   105.46     5.61
2080    1    51.37    -1.73
2080    2    69.77     2.37
2080    3    91.43     3.22
2080    4   110.97     7.80
2080    5    38.20    15.02
2080    6     2.82    24.64
2080    7    25.56    26.52
2080    8    12.55    26.29
2080    9    11.56    19.04
2080   10    27.75    16.58
2080   11    41.16     7.54
2080   12    40.10     5.70
2081    1    67.05     0.57
2081    2    41.64     3.11
2081    3    47.55     6.99
2081    4    19.00    10.78
2081    5    37.37    16.72
2081    6     8.60    23.80
2081    7     7.33    29.49
2081    8    11.80    25.83
2081    9     5.14    20.71
2081   10    16.08    14.89
2081   11    37.01     8.53
2081   12    68.91     4.33
2082    1    68.45    -0.41
2082    2    76.84    -0.26
2082    3    62.27     3.53
2082    4    69.76    13.69
2082    5    79.91    15.69
2082    6    33.33    27.95
2082    7     2.69    29.78
2082    8     0.03    29.49
2082    9    23.64    18.77
2082   10    29.48    13.36
2082   11    51.82     8.27
2082   12    57.36     4.68
2083    1    14.38     7.15
2083    2    43.58     5.37
2083    3    24.54    11.22
2083    4    24.69    14.10
2083    5    47.70    13.67
2083    6    34.89    25.60
2083    7    16.49    27.58
2083    8     5.95    24.82
2083    9     7.45    19.73
2083   10    52.73    13.91
2083   11    16.54     8.11
2083   12    74.63     6.94
2084    1    21.28     1.86
2084    2    44.54     1.59
2084    3   101.84     3.66
2084    4    15.82    12.39
2084    5    80.96    16.96
2084    6    16.50    26.48
2084    7     6.46    29.63
2084    8     1.61    27.63
2084    9     9.60    22.25
2084   10    24.05    14.13
2084   11    31.42     9.51
2084   12    43.67     4.39
2085    1    35.72     4.04
2085    2    48.25     1.98
2085    3    49.47     5.17
2085    4    99.95    12.72
2085    5    83.32    15.78
2085    6     6.66    25.81
2085    7     8.47    27.46
2085    8    22.14    28.47
2085    9   136.82    19.35
2085   10    50.19    12.38
2085   11    51.89     9.34
2085   12    61.79     2.76
2086    1    31.10     2.73
2086    2    52.09     2.42
2086    3    35.46     7.18
2086    4    42.66    10.02
2086    5    43.87    17.51
2086    6    91.66    23.06
2086    7    47.23    28.74
2086    8     5.11    28.11
2086    9    20.95    19.78
2086   10    54.19    14.25
2086   11    37.53    10.19
2086   12    58.97     4.41
2087    1    19.96     4.41
2087    2    28.24     8.48
2087    3    38.41    10.31
2087    4    42.34    11.09
2087    5    68.91    16.53
2087    6    16.17    26.22
2087    7     2.87    31.06
2087    8    19.91    27.77
2087    9     7.28    22.18
2087   10    18.22    14.25
2087   11    66.88     8.48
2087   12    69.87     5.37
2088    1    71.42    -3.24
2088    2    62.03     1.11
2088    3    50.09     7.85
2088    4    84.86     9.88
2088    5    17.16    17.55
2088    6    13.03    25.71
2088    7    16.86    29.92
2088    8     0.19    29.63
2088    9    13.99    18.96
2088   10    32.03    14.59
2088   11    80.74     7.56
2088   12    37.77     5.96
2089    1    37.76     4.70
2089    2    25.95     3.44
2089    3    62.76     6.24
2089    4    77.91    11.99
2089    5    27.13    14.53
2089    6     6.06    27.46
2089    7     5.11    30.46
2089    8     8.70    27.45
2089    9    47.18    16.86
2089   10    23.83    13.91
2089   11    16.58     9.52
2089   12    90.16     0.79
2090    1    63.45     5.13
2090    2    49.55     3.95
2090    3    66.48     8.71
2090    4    51.63    13.70
2090    5   157.44    16.34
2090    6    52.85    23.26
2090    7     3.22    29.70
2090    8    21.09    28.42
2090    9    13.50    19.72
2090   10    88.31    12.32
2090   11    50.45     7.32
2090   12    54.69     7.18
2091    1    54.69     5.94
2091    2    44.53     1.97
2091    3    74.34     0.30
2091    4    52.34    11.71
2091    5    29.66    18.42
2091    6     1.39    28.36
2091    7     4.25    31.19
2091    8     5.97    26.73
2091    9    10.58    20.49
2091   10     9.03    13.65
2091   11    34.53     7.43
2091   12    32.28     1.96
2092    1    65.92     2.52
2092    2    89.71     4.47
2092    3    78.69     6.46
2092    4    36.11    13.08
2092    5    26.65    14.87
2092    6    15.64    25.14
2092    7    20.19    29.58
2092    8     6.00    28.32
2092    9    36.47    23.35
2092   10    49.25    12.82
2092   11    62.62     9.87
2092   12    64.66     7.09
2093    1    60.55     1.17
2093    2    68.68     3.81
2093    3    90.93     6.51
2093    4    33.73    12.24
2093    5    40.36    20.85
2093    6    31.35    30.40
2093    7    13.13    31.26
2093    8     1.34    27.00
2093    9    21.52    20.02
2093   10    47.55    16.91
2093   11    73.57     7.71
2093   12    52.24     5.75
2094    1    88.82     5.08
2094    2    56.83     4.56
2094    3    79.03     4.64
2094    4    66.13    11.91
2094    5    38.61    19.28
2094    6    32.25    27.13
2094    7     0.29    29.57
2094    8    18.34    22.32
2094    9    52.90    17.62
2094   10    59.66    10.62
2094   11    42.28     8.74
2094   12    56.05     5.49
2095    1    64.39     3.12
2095    2    30.21     3.92
2095    3    42.50     8.16
2095    4   129.49    12.35
2095    5   102.85    14.23
2095    6    22.65    21.32
2095    7    10.11    31.40
2095    8     2.44    25.41
2095    9    20.26    19.61
2095   10    66.56    15.46
2095   11    64.68     8.25
2095   12   110.31     5.56
2096    1    64.27     0.45
2096    2    27.81     5.11
2096    3    44.31     5.40
2096    4    27.09    12.97
2096    5    36.46    17.28
2096    6    65.77    23.46
2096    7     2.16    34.22
2096    8     0.55    27.77
2096    9     2.52    19.53
2096   10    39.23    15.62
2096   11    75.01     8.38
2096   12    37.95     2.82
2097    1    80.53    -0.16
2097    2    59.30    -2.53
2097    3    27.95     7.20
2097    4    41.63    12.40
2097    5    27.50    16.13
2097    6   125.87    22.15
2097    7     1.57    33.06
2097    8     0.29    26.37
2097    9    20.22    16.69
2097   10    27.06    12.83
2097   11    29.56     9.22
2097   12    15.96     4.29
2098    1    23.74     1.70
2098    2    49.49     6.49
2098    3    41.85    10.05
2098    4   116.82    13.31
2098    5    55.25    16.99
2098    6    24.18    28.02
2098    7     1.59    32.27
2098    8     9.62    27.47
2098    9     8.87    19.50
2098   10    55.89    12.86
2098   11    63.00     8.25
2098   12    68.92     6.07
2099    1    49.63     0.08
2099    2    31.80     6.30
2099    3    51.71     8.31
2099    4    96.62    11.49
2099    5    83.39    16.33
2099    6    48.44    23.64
2099    7     7.86    30.34
2099    8     0.53    27.47
2099    9    54.68    22.18
2099   10    47.11    13.32
2099   11    44.81     8.92
2099   12    38.43     5.43
2100    1    93.58     1.96
2100    2   157.91     1.25
2100    3    45.12     8.63
2100    4    81.95     9.79
2100    5    31.87    18.36
2100    6    38.79    24.96
2100    7     5.34    29.99
2100    8     3.96    28.64
2100    9    13.90    23.26
2100   10    44.15    13.91
2100   11    54.04     3.97
2100   12    53.68     5.75
