2006    1    42.96     2.55
2006    2    59.17    -4.50
2006    3    23.96     1.22
2006    4    35.88     8.59
2006    5     8.15    15.83
2006    6    40.51    21.42
2006    7    23.01    24.41
2006    8     6.36    22.43
2006    9     3.78    19.88
2006   10    17.03    14.16
2006   11    15.08     9.69
2006   12    25.84     7.10
2007    1    22.44     4.02
2007    2    27.40     0.31
2007    3    27.41     3.80
2007    4    74.86     7.30
2007    5    21.15    13.70
2007    6    22.71    20.94
2007    7    19.73    24.31
2007    8    14.42    22.58
2007    9    29.62    18.71
2007   10    29.16    15.58
2007   11     9.95    11.06
2007   12    21.43     6.93
2008    1    17.69     4.60
2008    2    16.79     4.19
2008    3    45.10     6.26
2008    4    26.39    11.24
2008    5    29.25    16.21
2008    6    12.17    20.48
2008    7    13.25    23.56
2008    8     6.59    23.18
2008    9     3.69    21.07
2008   10     6.75    14.85
2008   11     7.55    11.62
2008   12    20.71     5.86
2009    1    26.89     1.16
2009    2    12.57     1.83
2009    3    46.97     4.71
2009    4    42.84     9.67
2009    5    32.38    16.12
2009    6    25.92    21.97
2009    7    12.67    25.20
2009    8    13.06    24.74
2009    9    10.02    21.15
2009   10    54.18    11.49
2009   11    26.31    11.58
2009   12    16.79     8.46
2010    1    32.41     5.56
2010    2    12.54     5.16
2010    3    21.10     6.93
2010    4    31.56     9.84
2010    5    60.20    14.59
2010    6    27.58    21.40
2010    7    14.90    24.38
2010    8     9.00    25.07
2010    9    14.78    19.80
2010   10    12.61    14.84
2010   11    25.41     9.50
2010   12    23.11     2.95
2011    1     5.85     3.66
2011    2    17.50     1.01
2011    3    50.77     4.03
2011    4    38.54     8.58
2011    5    16.67    14.26
2011    6     8.59    21.05
2011    7    11.41    23.10
2011    8    15.18    24.02
2011    9     5.59    18.86
2011   10     7.21    13.41
2011   11    18.04    11.35
2011   12    26.31     2.85
2012    1    36.60     2.44
2012    2    10.30    -2.01
2012    3    56.38     2.13
2012    4    54.14     5.81
2012    5    23.93    13.47
2012    6    23.54    20.58
2012    7    18.24    24.51
2012    8     6.55    23.70
2012    9     6.45    19.84
2012   10    41.49    11.48
2012   11    10.47     8.76
2012   12    11.75     3.66
2013    1    24.73     1.56
2013    2     9.22     4.43
2013    3    19.81     6.55
2013    4    67.91     9.07
2013    5    27.08    14.38
2013    6    34.19    21.05
2013    7    25.62    24.82
2013    8     8.27    24.30
2013    9    16.02    19.33
2013   10    22.46    11.26
2013   11    25.93     8.36
2013   12    23.34     4.15
2014    1    18.42    -1.58
2014    2    36.17    -0.73
2014    3    27.43     3.34
2014    4    32.30     9.66
2014    5    44.32    14.99
2014    6    17.15    20.67
2014    7    21.62    23.52
2014    8    10.69    22.82
2014    9    19.42    18.61
2014   10    13.12    13.99
2014   11     7.09    11.09
2014   12    19.31     7.47
2015    1    45.26    -0.09
2015    2    23.23    -0.37
2015    3    26.64     2.85
2015    4    32.22     7.47
2015    5    35.35    14.52
2015    6    21.27    19.83
2015    7    14.13    22.51
2015    8     7.77    23.92
2015    9    21.52    18.84
2015   10    32.51    12.15
2015   11    62.47     3.38
2015   12    48.83     3.35
2016    1    13.54     0.00
2016    2    13.90     1.17
2016    3    31.54     3.60
2016    4    27.51     8.11
2016    5    30.10    13.69
2016    6    13.47    20.50
2016    7    20.77    24.08
2016    8     5.50    21.70
2016    9    12.17    18.49
2016   10     6.03    14.00
2016   11    58.70     5.60
2016   12    54.45     0.64
2017    1    19.65     0.51
2017    2     2.24     1.07
2017    3    44.74     4.80
2017    4    26.60    10.18
2017    5    38.79    16.02
2017    6    34.24    21.43
2017    7    15.29    23.72
2017    8     6.57    23.37
2017    9    20.72    19.19
2017   10    15.02    12.15
2017   11    17.83     9.48
2017   12    19.41     7.45
2018    1    16.81     3.22
2018    2    10.04     1.35
2018    3    37.17     3.82
2018    4    27.52     8.04
2018    5    17.26    14.33
2018    6     6.34    20.70
2018    7    19.82    23.17
2018    8     8.21    23.36
2018    9    13.98    19.98
2018   10    26.85    12.08
2018   11    49.58     5.67
2018   12    20.60     2.90
2019    1    22.87     1.02
2019    2    14.30     2.40
2019    3    43.64     3.63
2019    4    47.39     8.55
2019    5    45.83    15.29
2019    6    28.58    20.42
2019    7    14.08    23.61
2019    8    17.80    22.68
2019    9    19.33    18.72
2019   10    40.07    12.99
2019   11    61.50     5.61
2019   12    14.53     4.51
2020    1    13.20     4.42
2020    2    46.37     0.74
2020    3    27.94     1.03
2020    4    14.26     6.55
2020    5    11.24    14.84
2020    6    15.33    21.57
2020    7    24.93    23.77
2020    8     3.28    23.43
2020    9    14.04    20.57
2020   10    12.28    15.44
2020   11    26.54    10.23
2020   12     7.08     6.58
2021    1    34.75     1.25
2021    2    36.47    -1.96
2021    3    24.40     3.40
2021    4    11.19     9.78
2021    5     8.52    16.38
2021    6     5.99    21.47
2021    7     7.04    24.82
2021    8     7.29    23.37
2021    9    16.58    20.69
2021   10    23.15    16.69
2021   11    61.01     5.57
2021   12    47.58     4.92
2022    1    23.40     1.74
2022    2    64.09     2.23
2022    3    25.90     3.53
2022    4    34.56     8.53
2022    5    45.64    12.72
2022    6    16.24    19.66
2022    7    28.01    22.71
2022    8     6.50    22.35
2022    9     7.22    20.06
2022   10    29.25    15.34
2022   11    10.57    10.09
2022   12    42.64     4.76
2023    1    17.57     2.60
2023    2     5.43     3.58
2023    3    45.81     4.50
2023    4    45.43     8.05
2023    5    29.28    15.73
2023    6    23.37    21.56
2023    7    11.57    24.36
2023    8    14.86    22.67
2023    9     5.86    19.96
2023   10    27.83    14.64
2023   11    37.88    10.38
2023   12    46.66     4.34
2024    1    21.19     1.26
2024    2    15.37     0.55
2024    3    17.52     0.37
2024    4    32.98     7.35
2024    5    15.05    14.25
2024    6    15.61    20.45
2024    7     4.46    23.65
2024    8     6.69    23.18
2024    9    10.71    18.28
2024   10     9.79    14.35
2024   11     5.76    11.47
2024   12    23.52     7.29
2025    1    28.30     0.33
2025    2    28.08     0.82
2025    3    42.59     3.11
2025    4     6.47     9.03
2025    5    32.53    15.51
2025    6    23.61    21.31
2025    7    17.73    24.05
2025    8    15.93    22.28
2025    9    33.00    19.39
2025   10    29.39    15.31
2025   11    11.44    10.08
2025   12    13.83     5.07
2026    1    23.56     2.81
2026    2    23.55     3.82
2026    3    49.47     3.69
2026    4    27.83    10.03
2026    5    24.63    16.54
2026    6    30.53    21.59
2026    7    16.78    24.64
2026    8    10.62    23.39
2026    9    14.79    19.31
2026   10    10.58    14.42
2026   11     7.04    10.62
2026   12    22.25     5.98
2027    1    38.98     0.80
2027    2    39.76    -1.12
2027    3    51.42     3.80
2027    4    33.01     8.71
2027    5    39.18    14.45
2027    6    32.58    20.29
2027    7    16.17    23.53
2027    8     9.75    23.70
2027    9    14.06    19.26
2027   10    19.42    13.53
2027   11    39.55     9.60
2027   12    26.47     6.74
2028    1    62.48    -1.62
2028    2    17.25    -4.70
2028    3    25.70    -0.55
2028    4    63.77     5.65
2028    5    32.80    12.66
2028    6    17.97    19.95
2028    7    22.87    22.73
2028    8     7.12    22.62
2028    9    10.81    20.63
2028   10    27.91    11.67
2028   11    18.62     6.18
2028   12    35.33     5.80
2029    1    20.77     1.49
2029    2    29.33     0.68
2029    3    17.61     3.49
2029    4    46.47     9.28
2029    5    30.29    13.92
2029    6    25.28    20.95
2029    7    15.53    25.30
2029    8    17.95    22.94
2029    9     4.84    20.34
2029   10    38.45    13.48
2029   11    34.95     6.83
2029   12    30.78     6.13
2030    1    33.39     2.52
2030    2    70.58    -1.41
2030    3    77.03    -1.18
2030    4    26.34     5.68
2030    5    35.95    13.46
2030    6    46.93    20.38
2030    7    17.26    24.35
2030    8    19.11    23.11
2030    9    17.47    20.05
2030   10    23.01    15.19
2030   11    56.55     6.48
2030   12    45.17     0.38
2031    1    31.30     0.49
2031    2     8.84     1.87
2031    3    53.39     2.60
2031    4    31.13     9.06
2031    5    44.21    14.15
2031    6     8.08    20.59
2031    7     9.60    23.81
2031    8     6.27    23.84
2031    9    13.32    19.72
2031   10     8.92    12.51
2031   11    15.53     7.39
2031   12    18.32     3.09
2032    1    29.27     2.57
2032    2    10.66     3.57
2032    3    45.66     4.61
2032    4    17.81     7.43
2032    5     7.79    14.32
2032    6    35.58    20.40
2032    7    19.73    23.10
2032    8    16.65    23.69
2032    9     0.09    20.66
2032   10    25.58    13.32
2032   11    18.44    10.38
2032   12    10.32     5.11
2033    1    17.07     3.33
2033    2    15.51     3.06
2033    3    16.83     4.20
2033    4    14.75     9.14
2033    5    16.68    16.23
2033    6    15.82    21.56
2033    7    22.78    24.37
2033    8     3.65    24.00
2033    9     8.94    18.18
2033   10    10.76    13.76
2033   11    34.14     3.58
2033   12     7.00     2.94
2034    1    53.81    -3.66
2034    2    18.91    -8.61
2034    3    32.64     1.32
2034    4    48.45     6.71
2034    5    58.30    12.38
2034    6    19.51    19.78
2034    7    16.64    23.93
2034    8    10.02    23.69
2034    9    18.72    17.72
2034   10    34.36    13.86
2034   11    17.67     9.07
2034   12    28.28     3.04
2035    1    38.32     3.32
2035    2     4.76     0.71
2035    3    33.07     4.44
2035    4    95.14     8.61
2035    5    22.82    15.00
2035    6    24.49    21.19
2035    7    21.63    24.67
2035    8     0.47    23.60
2035    9    17.92    19.22
2035   10    23.94    14.34
2035   11    12.82     9.13
2035   12    17.87     4.72
2036    1    23.59     1.13
2036    2    17.45     1.08
2036    3    27.01     4.56
2036    4    34.34     9.78
2036    5    44.36    15.37
2036    6    11.23    19.37
2036    7    12.46    23.58
2036    8     6.08    24.07
2036    9     3.82    17.37
2036   10    17.03    13.42
2036   11    27.65     8.64
2036   12    15.09     6.53
2037    1    34.58     1.80
2037    2     8.85     3.52
2037    3     9.71     4.82
2037    4    27.32    10.69
2037    5    70.65    15.55
2037    6    10.21    21.52
2037    7     0.30    24.42
2037    8    13.60    21.87
2037    9    17.01    19.08
2037   10    23.14    14.50
2037   11    23.31     9.17
2037   12    13.62     4.41
2038    1    30.67     0.93
2038    2    11.99     1.84
2038    3   115.70     1.20
2038    4    11.05     8.51
2038    5    23.50    15.95
2038    6    21.69    21.28
2038    7    12.97    24.05
2038    8     5.80    23.82
2038    9    31.47    19.56
2038   10    15.32    14.35
2038   11    13.97    11.94
2038   12    83.68     6.36
2039    1    55.99    -4.80
2039    2    30.55    -7.59
2039    3    33.79    -5.75
2039    4    61.66     3.57
2039    5    14.85    14.32
2039    6    14.94    21.82
2039    7    13.73    24.31
2039    8    17.21    21.37
2039    9    11.80    18.26
2039   10    17.55    15.20
2039   11     9.78     8.30
2039   12    27.86     3.75
2040    1    48.68    -3.83
2040    2    40.63    -1.60
2040    3    33.46     2.51
2040    4    14.70     7.63
2040    5    23.03    14.61
2040    6    45.33    20.63
2040    7     7.98    24.53
2040    8    11.56    24.14
2040    9    24.16    19.77
2040   10    58.84    12.48
2040   11    43.58     9.77
2040   12    25.49     4.47
2041    1    16.38     1.27
2041    2    32.50     1.19
2041    3    17.93     3.11
2041    4    52.46     9.29
2041    5    39.02    13.08
2041    6    18.07    20.66
2041    7    24.52    24.52
2041    8     8.84    23.99
2041    9    29.52    18.80
2041   10     8.30    13.06
2041   11    26.51     8.76
2041   12    31.47     4.28
2042    1    25.28     1.58
2042    2    44.41    -0.68
2042    3    10.68     5.15
2042    4    29.94     9.51
2042    5    32.63    16.00
2042    6    14.86    21.74
2042    7    16.92    24.89
2042    8     8.54    22.42
2042    9    24.20    19.96
2042   10    20.19    14.05
2042   11    22.49     7.78
2042   12    11.25     3.44
2043    1    42.71    -0.63
2043    2     6.18    -0.58
2043    3    32.97     3.05
2043    4    27.30     8.43
2043    5    52.21    14.46
2043    6    23.82    20.59
2043    7    10.81    24.10
2043    8     8.41    23.47
2043    9     6.73    20.35
2043   10    10.30    14.19
2043   11    52.54     7.14
2043   12    29.09     3.74
2044    1    16.21    -0.53
2044    2    31.92     0.06
2044    3    31.53     3.92
2044    4    34.45     7.79
2044    5    40.55    15.15
2044    6     7.12    19.95
2044    7     7.76    23.48
2044    8    12.86    22.96
2044    9     2.48    20.85
2044   10    36.87    12.70
2044   11    78.58     4.74
2044   12    36.75     3.77
2045    1    49.74    -2.70
2045    2    16.04     1.08
2045    3    17.40     4.44
2045    4    55.40     9.30
2045    5     8.80    15.07
2045    6    11.18    21.67
2045    7    20.75    24.69
2045    8     8.89    25.30
2045    9     6.44    20.56
2045   10    40.15    13.41
2045   11    12.42    10.47
2045   12    51.20     3.54
2046    1    61.98    -1.58
2046    2    28.65    -0.70
2046    3    13.33     4.05
2046    4    15.46     9.48
2046    5    27.70    14.80
2046    6    24.40    21.14
2046    7    13.91    24.60
2046    8     9.24    22.61
2046    9    52.16    18.88
2046   10    77.85    13.01
2046   11    15.21     7.89
2046   12     6.70     6.82
2047    1    11.90     3.75
2047    2    78.44     1.38
2047    3    41.25     2.96
2047    4    13.72    10.30
2047    5    31.38    16.83
2047    6    24.18    21.08
2047    7    11.29    24.26
2047    8     3.59    23.69
2047    9    12.79    19.26
2047   10    14.84    14.18
2047   11    20.48     7.37
2047   12    26.86     5.59
2048    1    20.24     3.99
2048    2    49.24    -0.06
2048    3    27.58     3.33
2048    4    20.01     8.50
2048    5    13.95    15.65
2048    6    35.02    21.20
2048    7    26.97    24.29
2048    8    20.10    23.67
2048    9    12.72    20.48
2048   10    18.08    16.63
2048   11    19.27     6.58
2048   12    62.10     5.88
2049    1    15.85    -0.02
2049    2     8.69     2.41
2049    3    14.92     3.69
2049    4    33.64    10.13
2049    5    41.17    16.39
2049    6    15.80    21.91
2049    7     7.56    25.40
2049    8     5.39    24.36
2049    9    13.06    19.28
2049   10    28.29    13.26
2049   11    14.60    10.82
2049   12    14.82     5.92
2050    1    23.18    -3.29
2050    2    30.43    -3.84
2050    3    41.04    -0.57
2050    4    40.58     5.80
2050    5    10.35    13.23
2050    6    12.98    21.07
2050    7    22.22    24.50
2050    8     7.21    23.45
2050    9    15.28    19.89
2050   10     9.90    12.63
2050   11    64.13     6.32
2050   12    13.93     4.62
2051    1    25.37     1.03
2051    2     3.31     1.64
2051    3    16.34     5.57
2051    4    36.83     9.89
2051    5    34.82    14.45
2051    6     6.31    21.64
2051    7    15.29    24.01
2051    8     8.75    23.70
2051    9     2.76    20.53
2051   10    38.85    15.04
2051   11    10.75     6.59
2051   12    33.07     7.53
2052    1     9.87     3.29
2052    2    46.75    -1.44
2052    3    24.02     3.70
2052    4    26.90     7.35
2052    5    52.08    14.03
2052    6    16.18    21.51
2052    7    16.64    25.46
2052    8     4.55    24.54
2052    9    37.14    20.16
2052   10    36.94    13.57
2052   11    72.48     7.38
2052   12    21.54     6.14
2053    1    29.54     3.04
2053    2    34.91    -0.21
2053    3    34.52     3.16
2053    4    45.62     9.10
2053    5    23.84    15.46
2053    6    22.52    21.65
2053    7    33.40    24.55
2053    8     6.05    24.65
2053    9    19.59    20.43
2053   10    15.69    15.68
2053   11     9.87    12.06
2053   12    25.22     6.64
2054    1    27.08     4.15
2054    2    25.13     4.55
2054    3    38.26     2.37
2054    4    38.24     8.57
2054    5    41.73    14.49
2054    6    20.23    21.35
2054    7    16.45    25.02
2054    8    19.22    23.10
2054    9    39.70    20.08
2054   10    35.86    14.61
2054   11    46.71     8.92
2054   12    11.65     2.44
2055    1    13.84     1.77
2055    2    27.41     2.45
2055    3    19.15     5.05
2055    4    39.79    10.23
2055    5    23.89    16.01
2055    6    11.89    21.42
2055    7     6.70    24.41
2055    8    17.51    22.55
2055    9     9.75    20.26
2055   10    40.08    13.69
2055   11    15.13     9.39
2055   12    23.48     4.71
2056    1    11.19     4.57
2056    2    32.89     3.87
2056    3    23.53     5.12
2056    4    45.48     9.24
2056    5    47.94    15.25
2056    6    17.25    22.08
2056    7    16.40    24.59
2056    8    15.81    23.23
2056    9    16.43    20.68
2056   10    33.62    14.12
2056   11    23.14    10.91
2056   12    42.16     6.22
2057    1    30.16     2.94
2057    2    35.81     0.60
2057    3    16.30     5.08
2057    4    18.64     9.75
2057    5    49.68    15.47
2057    6    41.42    21.57
2057    7     9.52    24.89
2057    8     6.45    24.30
2057    9    19.47    20.46
2057   10    22.50    15.88
2057   11    15.92     8.85
2057   12    24.13     4.39
2058    1    51.69     1.05
2058    2    15.37     3.00
2058    3    79.08     5.89
2058    4    19.47     9.99
2058    5    43.06    14.85
2058    6    11.87    20.92
2058    7     7.97    24.15
2058    8     4.90    24.38
2058    9     6.51    19.38
2058   10    19.76    12.54
2058   11    16.81     6.14
2058   12    11.03     4.46
2059    1    22.54     2.46
2059    2    24.31     3.22
2059    3    14.58     4.49
2059    4    18.01    10.30
2059    5    14.43    16.65
2059    6    17.37    21.54
2059    7    14.24    24.09
2059    8     9.89    23.58
2059    9    14.51    19.55
2059   10    23.85    15.10
2059   11    95.68     6.92
2059   12    25.76     5.02
2060    1    31.02     2.49
2060    2    20.66     1.50
2060    3    52.01     4.84
2060    4    54.25     7.25
2060    5    37.97    13.98
2060    6    21.93    20.72
2060    7    18.89    24.25
2060    8     8.50    24.41
2060    9    19.49    18.53
2060   10     3.78    14.61
2060   11    18.33     7.55
2060   12    73.50     4.00
2061    1    29.58     1.76
2061    2    40.85     1.17
2061    3    40.00     4.30
2061    4     6.78    10.06
2061    5    10.39    16.81
2061    6    23.42    21.74
2061    7     8.21    23.95
2061    8    13.14    23.99
2061    9    13.91    19.45
2061   10     8.16    13.17
2061   11    12.77    10.50
2061   12    19.21     6.26
2062    1    31.41     4.93
2062    2    41.66     2.69
2062    3    36.09     5.11
2062    4    25.08     9.29
2062    5    35.31    17.00
2062    6     9.76    21.81
2062    7    21.25    24.55
2062    8    14.77    24.60
2062    9    13.09    20.53
2062   10    36.45    14.79
2062   11    32.86     9.32
2062   12    23.18     0.45
2063    1    29.17     0.09
2063    2    17.68     1.37
2063    3    75.33     4.49
2063    4    44.38     9.21
2063    5    23.38    15.68
2063    6    23.35    20.79
2063    7     8.98    24.07
2063    8     7.60    23.06
2063    9    27.56    19.01
2063   10    32.89    15.94
2063   11    24.36    10.60
2063   12    72.40     6.26
2064    1     9.71     4.90
2064    2    14.49     2.40
2064    3    38.74     4.07
2064    4    33.47     9.16
2064    5     2.84    15.24
2064    6    18.84    22.05
2064    7    25.47    25.05
2064    8     8.27    25.46
2064    9     3.42    21.08
2064   10    56.39    13.77
2064   11    16.28    11.72
2064   12     9.90     5.42
2065    1    17.54     4.26
2065    2    47.26     1.22
2065    3    39.73     4.22
2065    4    30.91     9.46
2065    5    24.89    15.88
2065    6     8.20    20.76
2065    7     7.11    24.12
2065    8     7.69    25.40
2065    9    27.33    21.03
2065   10    24.26    14.85
2065   11    29.82     9.20
2065   12     4.89     8.33
2066    1    28.58     1.11
2066    2    20.84    -4.11
2066    3    10.09     3.16
2066    4    58.68     8.46
2066    5    14.30    15.36
2066    6    20.93    20.98
2066    7    26.07    24.85
2066    8     2.28    25.56
2066    9     4.81    20.38
2066   10    31.27    14.12
2066   11    15.59    10.47
2066   12    18.59     7.10
2067    1     9.53     4.10
2067    2    35.16     4.61
2067    3    36.00     6.81
2067    4    66.96    10.43
2067    5    18.54    16.25
2067    6    18.53    22.85
2067    7    13.28    25.70
2067    8    11.35    25.31
2067    9     8.78    21.07
2067   10    20.01    14.01
2067   11    25.94     9.85
2067   12     4.95     5.67
2068    1    60.69     0.35
2068    2    46.26    -2.16
2068    3    14.61     2.70
2068    4    22.10     8.07
2068    5    25.50    15.27
2068    6    36.31    21.73
2068    7    16.41    26.05
2068    8    14.76    23.70
2068    9     9.37    20.46
2068   10    13.82    14.68
2068   11    10.83    11.43
2068   12    12.11     9.76
2069    1    34.06    -0.55
2069    2     3.22     2.50
2069    3    27.97     6.02
2069    4    31.61    10.62
2069    5    38.70    15.92
2069    6     8.84    21.34
2069    7    16.78    24.26
2069    8     2.96    24.33
2069    9     2.76    21.41
2069   10     7.38    15.76
2069   11    31.78    10.47
2069   12    47.87     6.58
2070    1     6.53     5.46
2070    2     4.68     6.50
2070    3    32.96     7.96
2070    4    73.74    10.76
2070    5    22.86    15.18
2070    6     8.82    21.54
2070    7    14.67    23.71
2070    8    12.28    23.64
2070    9    18.56    18.94
2070   10    51.13    13.23
2070   11    23.59     8.30
2070   12    17.08     4.09
2071    1    86.48     0.45
2071    2    16.11     2.63
2071    3    32.26     6.29
2071    4    62.18     8.67
2071    5    23.43    16.32
2071    6    17.34    21.86
2071    7    10.98    24.78
2071    8    24.91    23.52
2071    9    16.52    20.05
2071   10    34.77    15.88
2071   11    15.81     9.26
2071   12    34.99     5.28
2072    1    31.04     0.02
2072    2    19.49     2.56
2072    3    37.79     3.53
2072    4    62.58     6.57
2072    5    37.63    13.92
2072    6    24.81    20.37
2072    7     8.19    24.15
2072    8    13.61    24.78
2072    9     6.24    21.16
2072   10    39.15    15.35
2072   11    20.68    10.79
2072   12    41.50     4.23
2073    1    30.00     1.04
2073    2    35.59    -0.00
2073    3    34.87     5.31
2073    4    60.17    10.65
2073    5    52.43    15.25
2073    6    13.26    22.06
2073    7    12.93    25.83
2073    8    10.41    24.20
2073    9     4.90    22.14
2073   10    21.73    16.33
2073   11    34.45    10.40
2073   12    22.48     5.66
2074    1    12.32     4.12
2074    2    13.42     1.57
2074    3    11.39     4.97
2074    4    23.54     6.69
2074    5    15.09    14.00
2074    6    17.85    21.03
2074    7    22.40    24.83
2074    8     5.92    23.83
2074    9     9.98    20.09
2074   10    27.49    13.11
2074   11    20.97     9.13
2074   12     4.84     6.49
2075    1    14.66     3.86
2075    2    15.02     1.72
2075    3    26.70     5.89
2075    4    22.18    12.83
2075    5    21.05    17.44
2075    6    14.13    22.04
2075    7    12.95    25.05
2075    8     5.58    24.01
2075    9     6.10    20.23
2075   10     9.44    16.03
2075   11    13.89    10.15
2075   12    41.69     5.01
2076    1    34.06     1.58
2076    2     9.54     0.55
2076    3    21.05     4.25
2076    4    44.53     9.26
2076    5    17.82    16.13
2076    6    18.18    22.22
2076    7    11.71    24.34
2076    8    18.09    24.88
2076    9     6.08    21.54
2076   10    64.69    14.34
2076   11    17.81     5.78
2076   12     9.47     6.17
2077    1    22.16     5.29
2077    2    25.92     2.16
2077    3    47.46     5.72
2077    4    41.03     9.75
2077    5    10.76    16.75
2077    6    19.45    22.45
2077    7    18.74    24.21
2077    8     6.22    23.95
2077    9    31.13    19.71
2077   10     8.67    14.11
2077   11    19.77    10.45
2077   12    16.82     7.34
2078    1    16.65     1.58
2078    2    37.93     0.69
2078    3    16.25     2.84
2078    4    76.79     9.18
2078    5    43.53    15.32
2078    6    18.21    21.77
2078    7    16.97    24.97
2078    8     9.94    24.44
2078    9    19.86    19.55
2078   10    12.80    15.47
2078   11    41.75    10.07
2078   12    13.39     2.98
2079    1    27.02     0.89
2079    2    13.11     2.99
2079    3    28.06     4.48
2079    4    34.66     9.96
2079    5    49.07    15.64
2079    6    11.88    21.42
2079    7    10.55    25.41
2079    8     3.40    25.82
2079    9    13.30    19.23
2079   10    41.90    14.45
2079   11    11.19    10.00
2079   12    27.38     6.08
2080    1    24.59     3.59
2080    2    21.71     3.65
2080    3    28.46     4.93
2080    4    54.30    11.05
2080    5    25.75    15.58
2080    6    16.87    21.41
2080    7    10.08    24.25
2080    8    15.80    22.60
2080    9    22.09    19.42
2080   10    48.54    14.05
2080   11    22.62     8.95
2080   12    18.83     7.21
2081    1    33.04     1.40
2081    2    14.07     2.26
2081    3    46.65     5.86
2081    4    21.39    10.45
2081    5    17.07    16.75
2081    6    28.12    22.22
2081    7    21.55    25.86
2081    8     8.83    22.76
2081    9    19.42    21.04
2081   10    53.29    14.21
2081   11    55.77     8.62
2081   12    18.88     5.79
2082    1    21.01     4.50
2082    2    56.71     3.41
2082    3    28.65     6.11
2082    4    32.45    10.29
2082    5    33.26    16.41
2082    6     9.05    22.78
2082    7    13.55    25.50
2082    8     7.99    25.20
2082    9    19.02    20.03
2082   10    11.77    14.57
2082   11    15.17     8.30
2082   12    33.77     5.01
2083    1    31.42     3.52
2083    2    27.38    -2.75
2083    3     8.00     2.70
2083    4    27.78     9.54
2083    5     3.53    15.93
2083    6    24.48    22.16
2083    7    29.10    24.73
2083    8    12.60    24.85
2083    9     9.25    21.80
2083   10     3.12    15.46
2083   11    31.54     8.73
2083   12    51.63     4.39
2084    1    21.09     4.70
2084    2    40.09     1.61
2084    3    45.16     4.45
2084    4    23.40     9.38
2084    5    50.16    15.52
2084    6    15.88    21.46
2084    7    20.48    24.41
2084    8     4.43    25.10
2084    9     1.80    21.77
2084   10    21.79    15.88
2084   11    30.83    10.25
2084   12    41.97     2.49
2085    1    42.05     2.45
2085    2     8.41     2.06
2085    3    12.93     6.38
2085    4    32.34     9.47
2085    5    17.96    15.18
2085    6    13.03    21.81
2085    7    12.70    25.35
2085    8     7.69    23.74
2085    9    16.10    19.34
2085   10    20.43    14.58
2085   11    10.34    11.49
2085   12     9.91     6.41
2086    1    34.93     4.99
2086    2    17.48     2.26
2086    3    15.47     5.69
2086    4    20.86     9.98
2086    5    19.59    16.54
2086    6     8.18    21.67
2086    7     9.47    24.98
2086    8    11.80    25.02
2086    9    18.63    19.84
2086   10    49.85    11.75
2086   11    32.50     8.90
2086   12    55.26     5.55
2087    1     6.59     3.91
2087    2    28.07     3.36
2087    3    64.57     6.77
2087    4    25.34     9.70
2087    5    13.85    16.23
2087    6    14.09    21.78
2087    7     7.77    25.34
2087    8    11.62    24.07
2087    9     9.04    21.26
2087   10    27.09    16.17
2087   11    17.46     8.79
2087   12    19.36     7.33
2088    1    28.17     4.41
2088    2    32.50     3.17
2088    3    56.25     5.60
2088    4    65.46     9.49
2088    5    50.76    15.03
2088    6    53.80    21.46
2088    7    19.18    24.60
2088    8     8.36    23.94
2088    9     7.73    21.36
2088   10    15.34    15.89
2088   11    13.03    11.59
2088   12    16.34     6.45
2089    1    42.44     3.82
2089    2    52.75     3.01
2089    3    41.23     4.02
2089    4    37.40     9.27
2089    5    30.09    15.99
2089    6    19.42    23.15
2089    7    15.25    25.74
2089    8    10.52    23.27
2089    9    10.26    20.55
2089   10    44.44    16.78
2089   11     6.17    12.50
2089   12    17.07     6.91
2090    1    11.84     5.08
2090    2    24.88     3.75
2090    3    31.99     6.50
2090    4    54.73    10.20
2090    5    23.71    17.31
2090    6    11.34    21.23
2090    7    12.75    24.29
2090    8     6.89    23.89
2090    9    13.19    20.49
2090   10    47.44    14.70
2090   11    21.43    10.11
2090   12    33.24     5.97
2091    1     9.75     2.49
2091    2    11.97     2.14
2091    3    43.94     6.16
2091    4    73.82     9.84
2091    5    21.28    15.83
2091    6     8.76    22.10
2091    7    17.70    25.32
2091    8    16.30    24.31
2091    9     9.45    20.48
2091   10    30.89    14.80
2091   11    28.96    10.00
2091   12    39.00     5.49
2092    1    22.91     4.13
2092    2    33.04     3.50
2092    3    28.16     5.25
2092    4    39.75     9.64
2092    5    21.47    16.32
2092    6    22.32    22.28
2092    7    17.75    25.94
2092    8     7.50    24.85
2092    9    25.77    19.87
2092   10    29.21    13.94
2092   11    11.47     9.06
2092   12    21.22     7.43
2093    1    48.71     0.80
2093    2    36.85     1.64
2093    3    12.28     5.53
2093    4    41.21     9.26
2093    5    17.40    16.00
2093    6    15.27    22.48
2093    7     8.85    24.73
2093    8    12.81    24.38
2093    9    31.05    20.22
2093   10    12.90    16.39
2093   11    40.46     7.61
2093   12     6.44     6.25
2094    1    14.12     5.04
2094    2    14.69     4.06
2094    3    74.55     5.17
2094    4    25.05    10.10
2094    5    30.96    15.70
2094    6    10.68    21.21
2094    7     3.50    24.81
2094    8     9.23    24.08
2094    9     6.40    22.00
2094   10    18.32    14.60
2094   11     4.40     9.49
2094   12    38.70     5.62
2095    1    29.74     1.57
2095    2    21.76     1.32
2095    3    20.73     5.50
2095    4    40.77     7.58
2095    5    33.33    14.30
2095    6    19.44    21.82
2095    7    17.06    24.53
2095    8     5.22    25.45
2095    9    18.10    19.73
2095   10    40.55    13.78
2095   11    49.76     7.16
2095   12    34.69     5.12
2096    1    23.98     3.68
2096    2    51.15     3.26
2096    3    54.16     3.93
2096    4    28.70     9.34
2096    5    52.89    14.46
2096    6    12.99    20.83
2096    7     5.92    23.46
2096    8     4.42    24.60
2096    9     2.27    22.38
2096   10    13.28    14.98
2096   11    73.10     9.27
2096   12    19.84     8.56
2097    1    53.16     2.87
2097    2    25.04     1.67
2097    3    17.25     5.74
2097    4    31.80     9.56
2097    5    25.23    15.08
2097    6    17.08    22.05
2097    7    16.78    25.14
2097    8     7.96    24.64
2097    9    35.69    18.32
2097   10    61.06    10.92
2097   11    10.30     8.94
2097   12    34.82     4.79
2098    1    17.90     2.89
2098    2    16.79     3.86
2098    3    32.86     5.28
2098    4    51.39    10.44
2098    5    33.81    15.17
2098    6    18.85    21.47
2098    7    27.68    25.37
2098    8     7.31    23.80
2098    9    22.59    19.44
2098   10    23.96    14.80
2098   11    19.50    10.01
2098   12     8.82     7.20
2099    1     9.52     6.32
2099    2    41.83     6.53
2099    3    44.18     6.26
2099    4    40.80    10.16
2099    5    18.54    16.84
2099    6    14.60    22.37
2099    7     9.22    25.04
2099    8    24.49    23.03
2099    9    31.17    19.44
2099   10    30.18    13.86
2099   11    14.83    10.75
2099   12    18.68     6.51
2100    1    20.50     4.70
2100    2    36.86     5.81
2100    3    22.91     5.63
2100    4    25.72    11.65
2100    5    23.15    18.64
2100    6     9.42    21.82
2100    7    19.98    24.40
2100    8    13.55    23.76
2100    9    24.32    20.66
2100   10    18.53    14.69
2100   11    22.17     7.75
2100   12    24.95     4.99
