2006    1    12.46     1.75
2006    2    28.92     4.88
2006    3    11.64     8.70
2006    4    18.25    14.56
2006    5    17.62    20.45
2006    6    21.23    26.87
2006    7    32.21    28.56
2006    8    19.63    29.27
2006    9    66.69    21.71
2006   10    43.55    15.94
2006   11    27.83     5.69
2006   12    20.20     4.91
2007    1    38.00     3.27
2007    2    24.31     2.61
2007    3    13.58     9.80
2007    4     5.30    16.65
2007    5    48.36    19.58
2007    6    10.16    27.81
2007    7    33.74    28.50
2007    8     4.71    29.43
2007    9    25.04    22.01
2007   10     4.58    16.42
2007   11    47.07     7.89
2007   12    28.81     7.25
2008    1    31.05     3.31
2008    2     8.97     6.83
2008    3     9.26     4.48
2008    4    29.71    12.82
2008    5    27.71    19.32
2008    6    64.55    25.37
2008    7     4.48    30.28
2008    8    27.19    27.75
2008    9     9.85    21.06
2008   10    32.58    17.23
2008   11    40.62     6.08
2008   12    30.15     4.74
2009    1    37.78     5.73
2009    2    59.51     5.57
2009    3    14.81     7.78
2009    4    53.27    11.08
2009    5    33.86    20.04
2009    6    72.09    21.78
2009    7    45.12    27.97
2009    8    37.77    28.01
2009    9     9.06    23.44
2009   10    18.91    13.68
2009   11    83.34     6.78
2009   12    11.56     6.28
2010    1     6.01     7.17
2010    2    13.46     5.54
2010    3    29.65     6.11
2010    4     7.49    14.48
2010    5    31.74    20.58
2010    6     2.47    28.89
2010    7    77.34    26.66
2010    8     2.31    29.17
2010    9    32.47    26.46
2010   10    41.70    15.44
2010   11    27.88     9.00
2010   12    12.07    -0.30
2011    1    45.01     2.12
2011    2     9.74     8.36
2011    3    10.14    10.55
2011    4     9.73    14.44
2011    5    27.52    24.64
2011    6     4.88    28.05
2011    7     3.54    33.71
2011    8     5.46    30.14
2011    9    17.74    24.04
2011   10    17.56    16.34
2011   11    35.37     7.56
2011   12    26.21     5.74
2012    1    13.30     5.94
2012    2    33.39     4.27
2012    3    44.20     7.83
2012    4    16.85    14.46
2012    5    10.13    21.63
2012    6    29.89    26.28
2012    7    74.83    28.54
2012    8    29.51    26.02
2012    9    19.84    23.72
2012   10     8.14    17.51
2012   11    22.95     8.87
2012   12    22.91     6.26
2013    1    10.84     5.15
2013    2    14.94     4.61
2013    3    16.70     8.12
2013    4    43.47    12.41
2013    5    11.84    18.36
2013    6    43.63    25.69
2013    7    22.81    26.37
2013    8     9.76    27.53
2013    9     6.72    25.79
2013   10    14.56    16.22
2013   11    12.41     9.32
2013   12    23.51     6.23
2014    1    51.28     2.41
2014    2    33.10     6.38
2014    3    24.09     4.88
2014    4    14.94    12.46
2014    5    25.95    20.68
2014    6    15.84    25.43
2014    7    15.23    28.65
2014    8     3.12    29.29
2014    9    21.08    25.79
2014   10    21.78    13.82
2014   11    49.92     7.09
2014   12    21.90     3.56
2015    1    48.20     2.28
2015    2    64.72    -2.47
2015    3    13.80     7.45
2015    4    12.30    14.56
2015    5    22.70    19.17
2015    6    23.16    26.13
2015    7    14.86    29.74
2015    8    20.73    27.10
2015    9    30.15    22.43
2015   10    25.45    13.99
2015   11    38.16     9.09
2015   12    15.81     2.42
2016    1    33.29     1.67
2016    2    51.04     2.75
2016    3    16.01     6.43
2016    4    14.57    12.34
2016    5    23.38    21.38
2016    6    50.67    27.34
2016    7    12.25    30.53
2016    8     2.33    32.05
2016    9     3.25    23.07
2016   10     6.81    18.12
2016   11    14.10     6.80
2016   12    30.13     4.16
2017    1    25.39     2.53
2017    2    36.90     2.50
2017    3    33.62     7.70
2017    4    17.69    13.31
2017    5    20.61    20.83
2017    6    57.54    23.01
2017    7    38.61    28.48
2017    8    35.39    28.43
2017    9    11.84    20.96
2017   10    19.20    11.88
2017   11    17.06    10.69
2017   12    64.15     6.86
2018    1    24.39     3.55
2018    2    13.79     4.08
2018    3    37.76     5.04
2018    4    17.68    13.90
2018    5    34.93    18.07
2018    6    11.11    25.80
2018    7    49.25    28.62
2018    8     9.97    26.82
2018    9     1.80    25.19
2018   10    28.72    15.96
2018   11    14.75     6.98
2018   12    10.52     5.78
2019    1     8.97     4.31
2019    2    34.64     4.88
2019    3    35.03     8.69
2019    4    28.41    12.70
2019    5    14.98    20.37
2019    6    96.75    26.10
2019    7    47.76    28.38
2019    8    55.81    25.39
2019    9    65.86    18.96
2019   10    28.95    14.84
2019   11    12.92     9.40
2019   12    42.55     2.75
2020    1    22.12     4.81
2020    2    42.20     3.27
2020    3    18.67     8.40
2020    4    29.40    14.04
2020    5    16.55    19.66
2020    6    16.77    27.04
2020    7    24.08    31.21
2020    8    36.14    29.09
2020    9    11.45    24.87
2020   10    10.63    16.42
2020   11     3.08    13.09
2020   12    12.30     8.05
2021    1    15.02     9.01
2021    2    28.53     3.00
2021    3    20.56    10.08
2021    4    18.55    13.28
2021    5    80.51    22.15
2021    6    22.62    26.94
2021    7    16.24    28.60
2021    8    19.55    30.55
2021    9    18.36    24.36
2021   10    32.94    17.07
2021   11    11.98    11.20
2021   12    11.10     3.47
2022    1    37.57     2.45
2022    2    10.66     4.70
2022    3    29.05     7.78
2022    4    11.40    14.37
2022    5    14.61    23.73
2022    6    64.65    24.35
2022    7     1.47    31.88
2022    8     7.71    30.88
2022    9     4.59    25.37
2022   10    17.61    17.25
2022   11     7.26    11.85
2022   12    34.18     7.03
2023    1    22.97     4.50
2023    2    11.87     9.40
2023    3    47.80     7.46
2023    4    11.82    16.89
2023    5    26.23    20.40
2023    6    12.31    26.17
2023    7     3.24    32.25
2023    8     3.97    29.54
2023    9    17.37    21.67
2023   10     1.91    18.28
2023   11    29.67     4.85
2023   12    18.28     3.97
2024    1    36.92     2.87
2024    2    23.65     6.46
2024    3    45.08     8.62
2024    4    13.28    17.95
2024    5    14.58    21.83
2024    6    70.15    23.15
2024    7    10.25    28.49
2024    8    41.05    28.00
2024    9    79.13    20.84
2024   10     5.59    17.77
2024   11    16.46    10.17
2024   12    28.08     5.24
2025    1    19.51     7.78
2025    2     9.33     9.16
2025    3     8.44     9.00
2025    4    26.60    10.69
2025    5    10.56    20.38
2025    6    23.45    27.04
2025    7    19.31    28.14
2025    8    66.60    27.19
2025    9    16.38    22.62
2025   10    13.65    16.94
2025   11    18.69     7.71
2025   12    22.36     6.60
2026    1    19.31     1.93
2026    2     9.01     8.70
2026    3    14.61    12.05
2026    4    25.75    15.17
2026    5     5.97    18.99
2026    6    55.80    26.95
2026    7   105.42    28.08
2026    8    46.53    26.87
2026    9    22.49    23.71
2026   10    26.83    11.49
2026   11    35.24     7.91
2026   12    33.49     4.73
2027    1    56.83     2.95
2027    2    15.40     8.08
2027    3    15.96    12.32
2027    4    89.07    11.56
2027    5    43.86    18.93
2027    6    41.81    27.01
2027    7    40.98    26.88
2027    8    17.39    28.35
2027    9     3.43    26.25
2027   10    27.88    17.25
2027   11    30.90    10.39
2027   12    26.82     5.46
2028    1    36.67     4.54
2028    2    30.98     0.87
2028    3     7.93     6.67
2028    4    11.70    14.76
2028    5    47.36    19.78
2028    6    77.06    24.60
2028    7    18.20    29.65
2028    8     1.98    30.74
2028    9    12.24    24.39
2028   10    13.64    18.63
2028   11    42.22     3.35
2028   12    42.52     3.11
2029    1    15.19     6.60
2029    2     6.32     6.00
2029    3    14.21     8.17
2029    4    24.74    14.38
2029    5    35.41    16.66
2029    6    26.17    24.44
2029    7    24.57    28.61
2029    8     2.35    29.62
2029    9    92.84    24.45
2029   10    23.23    16.00
2029   11    28.49     6.98
2029   12    23.25     6.17
2030    1    21.09     3.70
2030    2    44.26     3.40
2030    3    43.24     7.70
2030    4    45.72    12.65
2030    5     5.98    20.44
2030    6    17.22    26.04
2030    7    35.64    29.01
2030    8    68.18    28.30
2030    9     5.78    22.28
2030   10     1.52    18.06
2030   11    25.45     9.38
2030   12    18.58     5.87
2031    1    46.55     3.63
2031    2     4.03     7.88
2031    3    20.24     8.20
2031    4    21.01    14.45
2031    5    37.58    20.15
2031    6    38.72    24.80
2031    7    39.06    29.48
2031    8     8.76    28.10
2031    9     3.83    24.40
2031   10    84.48    13.06
2031   11    13.69     8.01
2031   12    22.58     2.11
2032    1    25.63     3.29
2032    2    24.66     4.30
2032    3    38.97     5.95
2032    4     8.01    13.19
2032    5    73.93    18.69
2032    6    47.38    24.77
2032    7    31.25    27.25
2032    8    56.74    28.25
2032    9    34.79    20.37
2032   10    50.99    14.97
2032   11    11.68     6.94
2032   12    21.99     6.69
2033    1    33.90     3.76
2033    2    19.00     6.77
2033    3    30.40     9.00
2033    4    32.55    16.23
2033    5     2.64    25.66
2033    6    38.32    24.90
2033    7   130.30    29.12
2033    8     2.96    29.16
2033    9    69.32    23.92
2033   10    42.94    14.30
2033   11    28.29     9.55
2033   12    22.04     5.13
2034    1    12.59     4.44
2034    2    10.76     6.25
2034    3    23.31     8.35
2034    4    10.93    14.13
2034    5     6.95    21.49
2034    6    63.62    25.72
2034    7    28.85    29.64
2034    8    13.06    28.95
2034    9    50.11    23.44
2034   10    57.37    13.97
2034   11     8.49    10.52
2034   12    41.00     3.95
2035    1    26.75     3.00
2035    2    10.56     7.95
2035    3    40.07     9.45
2035    4    20.24    14.84
2035    5    10.11    22.18
2035    6     3.28    29.57
2035    7    17.84    33.44
2035    8    66.31    29.15
2035    9     2.00    25.77
2035   10    34.26    17.66
2035   11    21.00    11.20
2035   12    18.88     2.65
2036    1    21.88     6.55
2036    2    38.64     3.24
2036    3    51.95     4.79
2036    4     5.78    16.83
2036    5    47.93    20.24
2036    6    46.40    24.33
2036    7    19.96    27.91
2036    8    11.66    30.34
2036    9     0.19    25.02
2036   10    26.58    15.08
2036   11    35.40     9.12
2036   12    50.60     4.99
2037    1    42.65     3.40
2037    2    18.73     3.81
2037    3    35.16     4.47
2037    4    52.85    13.71
2037    5     2.93    20.43
2037    6     6.48    26.02
2037    7    34.19    29.32
2037    8     0.25    30.99
2037    9    10.29    23.60
2037   10     9.33    15.07
2037   11    25.02     9.84
2037   12    76.93     2.52
2038    1    31.22     2.53
2038    2    16.42     6.11
2038    3    13.82     6.31
2038    4    20.23    15.47
2038    5     6.48    23.07
2038    6    49.37    26.38
2038    7     4.72    30.60
2038    8    10.64    30.37
2038    9    10.88    25.64
2038   10    10.06    16.35
2038   11    15.42    11.36
2038   12    39.47     2.54
2039    1    31.74     4.68
2039    2    28.18     4.06
2039    3    32.60     6.92
2039    4    27.98    13.71
2039    5    10.51    21.17
2039    6     5.05    27.97
2039    7    13.03    32.33
2039    8    11.94    29.45
2039    9    56.73    21.58
2039   10    51.17    12.50
2039   11    19.00    10.92
2039   12    17.94     6.54
2040    1    27.73     4.72
2040    2    41.27     1.94
2040    3    17.93    10.84
2040    4    22.75    15.51
2040    5    46.20    20.16
2040    6    85.44    24.93
2040    7    14.35    28.18
2040    8    10.34    28.58
2040    9    26.70    23.49
2040   10    47.93    13.36
2040   11    10.98     9.75
2040   12    16.89     5.24
2041    1    92.52     0.60
2041    2    25.63     3.77
2041    3    10.46     7.50
2041    4    20.74    11.50
2041    5    92.70    21.32
2041    6    38.66    24.12
2041    7    36.25    29.50
2041    8    47.99    26.79
2041    9     1.83    26.34
2041   10    52.03    13.76
2041   11    11.66     9.36
2041   12     3.15     6.46
2042    1    44.79     0.23
2042    2    22.24     5.60
2042    3    14.43     9.72
2042    4     2.39    16.24
2042    5    13.30    24.48
2042    6     6.25    30.56
2042    7     9.98    32.82
2042    8    19.63    30.89
2042    9    24.11    25.82
2042   10    16.01    17.07
2042   11    10.72     9.44
2042   12    29.59    -0.30
2043    1    31.34     2.45
2043    2    33.29     0.71
2043    3     2.94    15.10
2043    4    30.87    14.99
2043    5    23.89    21.59
2043    6    10.42    26.77
2043    7    37.96    31.04
2043    8    26.07    28.20
2043    9    32.46    23.01
2043   10    70.41    15.32
2043   11     5.60     8.98
2043   12    17.57     6.61
2044    1    19.28     4.12
2044    2    49.17    -0.51
2044    3    20.62     8.04
2044    4    23.11    14.60
2044    5    37.75    20.61
2044    6    27.61    24.29
2044    7    29.30    29.87
2044    8    18.65    29.13
2044    9     3.89    25.80
2044   10     5.64    17.89
2044   11    22.06    10.27
2044   12    18.44     9.18
2045    1    16.25     4.10
2045    2    29.96     7.34
2045    3    30.26    10.16
2045    4    33.57    15.01
2045    5    11.98    20.78
2045    6    69.15    26.84
2045    7    39.15    26.89
2045    8     3.21    27.77
2045    9     0.48    28.72
2045   10    14.06    17.49
2045   11    25.42     7.48
2045   12    16.08     8.05
2046    1     6.53     6.28
2046    2     9.27     8.73
2046    3    38.75     8.78
2046    4    16.53    15.07
2046    5    11.20    23.08
2046    6    28.23    28.18
2046    7    28.04    30.29
2046    8    32.73    27.93
2046    9    15.53    20.23
2046   10    32.58    16.67
2046   11    49.55     5.71
2046   12    11.55     8.65
2047    1    27.65     5.68
2047    2    24.96     8.15
2047    3    27.10    11.21
2047    4    14.18    17.11
2047    5    73.05    20.36
2047    6    44.52    24.84
2047    7     3.40    32.72
2047    8    14.80    30.29
2047    9     2.03    24.62
2047   10    38.55    13.98
2047   11    12.83    10.51
2047   12    22.18     6.63
2048    1    14.21     4.43
2048    2    51.30     3.03
2048    3    52.71     7.24
2048    4     4.13    15.75
2048    5    43.93    19.55
2048    6     5.86    25.10
2048    7    50.46    28.03
2048    8    20.93    29.16
2048    9     1.94    24.59
2048   10    40.77    14.19
2048   11    21.74     7.06
2048   12    21.79     6.44
2049    1    39.53     5.69
2049    2    15.56     7.84
2049    3    82.64     6.48
2049    4    14.95    13.96
2049    5    31.58    22.06
2049    6    33.21    26.32
2049    7    38.10    28.67
2049    8     8.46    31.26
2049    9    41.47    21.72
2049   10    15.64    14.62
2049   11    38.07     9.62
2049   12    28.67     4.59
2050    1    47.25     3.67
2050    2    46.13     3.80
2050    3    42.11     9.92
2050    4    50.72    14.70
2050    5     9.07    20.79
2050    6    47.86    26.04
2050    7    85.72    27.97
2050    8    59.70    27.90
2050    9     3.46    24.86
2050   10    64.08    15.39
2050   11    13.98     8.35
2050   12    23.10     6.30
2051    1    38.87     4.95
2051    2    19.60     6.27
2051    3    23.08     6.73
2051    4    42.45    14.80
2051    5    23.09    21.83
2051    6    44.12    24.57
2051    7    73.77    28.81
2051    8     3.90    29.75
2051    9     0.06    26.55
2051   10    18.29    17.70
2051   11    39.54    12.79
2051   12    38.65     6.11
2052    1    18.64     6.57
2052    2    10.75     3.19
2052    3    23.45     9.17
2052    4    31.52    15.41
2052    5    26.71    22.29
2052    6    79.85    26.41
2052    7     7.10    31.57
2052    8    54.28    29.95
2052    9     1.18    25.16
2052   10    22.48    17.60
2052   11    22.34     8.93
2052   12    21.76     2.89
2053    1    24.49     6.75
2053    2    12.55     5.49
2053    3    10.99    13.33
2053    4    15.11    13.41
2053    5    28.63    20.95
2053    6    10.63    28.94
2053    7    20.96    30.94
2053    8     1.10    33.00
2053    9   101.51    21.37
2053   10    17.30    13.07
2053   11    12.64    10.80
2053   12    50.12     3.56
2054    1    36.64     2.80
2054    2    47.94     4.22
2054    3    36.21     7.33
2054    4    32.45    15.19
2054    5     8.37    22.46
2054    6     5.45    28.68
2054    7    68.74    28.96
2054    8    26.01    30.08
2054    9    11.51    24.32
2054   10    41.86    14.22
2054   11    34.55     7.47
2054   12    13.02     4.10
2055    1    69.43     3.85
2055    2    23.64     4.06
2055    3    23.77     7.84
2055    4    27.69    14.29
2055    5    20.74    19.67
2055    6    59.95    24.57
2055    7    14.75    30.22
2055    8     5.22    31.62
2055    9     0.00    26.01
2055   10     9.91    18.21
2055   11    21.82    12.18
2055   12    18.76     4.48
2056    1    56.59     4.46
2056    2    32.12     6.29
2056    3    24.90     6.16
2056    4     8.63    13.33
2056    5    16.17    20.18
2056    6    28.05    26.63
2056    7    42.72    30.13
2056    8    45.46    27.74
2056    9     8.07    23.99
2056   10     0.64    19.26
2056   11    23.17    11.68
2056   12    40.04     6.46
2057    1    34.83     6.37
2057    2    51.93     3.72
2057    3    78.43     9.07
2057    4    21.77    14.84
2057    5     4.52    21.56
2057    6     9.72    29.79
2057    7    55.54    30.39
2057    8    12.31    28.94
2057    9     1.94    26.12
2057   10     7.17    19.33
2057   11     9.67    13.15
2057   12    53.02     5.58
2058    1    47.22     4.17
2058    2    17.08     5.33
2058    3    38.18     5.74
2058    4     0.00    20.03
2058    5    13.04    23.65
2058    6    49.86    26.03
2058    7    46.64    28.77
2058    8    36.47    27.43
2058    9    61.63    21.63
2058   10    54.52    14.89
2058   11    10.73     6.49
2058   12    26.30     4.30
2059    1    14.30     1.61
2059    2    12.65     4.07
2059    3    16.85     9.63
2059    4    17.23    15.98
2059    5    42.03    21.13
2059    6    18.75    27.01
2059    7    32.47    31.97
2059    8    25.06    29.10
2059    9    29.63    22.02
2059   10    30.38    14.83
2059   11    24.92     7.34
2059   12    53.47     3.62
2060    1    17.49     5.62
2060    2    18.98     6.79
2060    3    14.18     8.81
2060    4     8.52    15.81
2060    5    67.71    21.90
2060    6    46.26    27.04
2060    7    48.03    28.91
2060    8    39.76    28.64
2060    9     6.34    24.03
2060   10    13.09    17.02
2060   11    30.08     9.16
2060   12    17.48     6.06
2061    1    26.20     8.19
2061    2    11.74     8.96
2061    3    20.93    12.45
2061    4    26.34    13.20
2061    5    33.17    23.61
2061    6     3.44    30.09
2061    7     8.93    30.62
2061    8    41.19    28.10
2061    9     5.12    23.60
2061   10    11.19    15.04
2061   11     6.34    11.35
2061   12    27.79     3.65
2062    1    51.74     6.30
2062    2    24.78     6.98
2062    3    25.57    10.90
2062    4    11.13    14.89
2062    5    66.99    21.18
2062    6    26.58    26.82
2062    7    25.33    29.48
2062    8    17.45    30.23
2062    9     0.94    25.14
2062   10    27.42    17.67
2062   11    14.74     7.26
2062   12    30.27     3.19
2063    1     6.75     2.34
2063    2    59.91     4.60
2063    3    31.19     6.27
2063    4    14.71    13.64
2063    5    12.03    22.20
2063    6    38.99    26.32
2063    7    19.93    29.63
2063    8    47.74    28.64
2063    9    32.11    23.18
2063   10     7.81    18.40
2063   11    19.27     9.12
2063   12    26.62     5.07
2064    1    11.10     2.39
2064    2    11.95     7.00
2064    3    37.01     8.04
2064    4    22.66    15.58
2064    5    38.77    19.48
2064    6   163.36    24.83
2064    7    20.83    28.32
2064    8    45.13    30.69
2064    9    28.71    24.79
2064   10    22.20    19.24
2064   11    18.36    10.52
2064   12    25.60     7.92
2065    1    24.74     7.93
2065    2    54.99     3.11
2065    3    17.72     6.85
2065    4    15.55    16.30
2065    5    22.56    22.00
2065    6     3.66    29.95
2065    7    11.72    29.83
2065    8     2.27    32.05
2065    9    13.15    24.46
2065   10     7.10    17.95
2065   11    14.15     9.08
2065   12    30.93     2.35
2066    1    19.58     5.80
2066    2    60.77     4.04
2066    3    57.64     5.74
2066    4    37.74    13.74
2066    5    55.63    16.35
2066    6     5.90    27.17
2066    7   113.52    28.12
2066    8    52.05    26.02
2066    9    24.01    19.79
2066   10    13.95    16.07
2066   11     4.25    11.75
2066   12    24.46     5.90
2067    1    57.82     5.82
2067    2    36.75     7.49
2067    3    26.04    11.71
2067    4    15.88    14.91
2067    5    14.52    20.90
2067    6     4.40    28.16
2067    7    14.57    31.83
2067    8    11.48    30.42
2067    9    12.59    23.52
2067   10    12.93    16.33
2067   11    23.54     9.47
2067   12    21.03     7.93
2068    1     9.79     0.28
2068    2    17.34     4.51
2068    3    28.25    12.41
2068    4    25.27    12.50
2068    5     0.68    24.00
2068    6    23.37    26.46
2068    7    32.79    29.21
2068    8    15.54    32.04
2068    9    16.85    23.06
2068   10    21.99    14.96
2068   11    24.47     8.72
2068   12    22.82     8.20
2069    1    10.48     6.27
2069    2    11.27     6.62
2069    3    21.89     6.25
2069    4    26.15    10.89
2069    5    13.91    21.94
2069    6    98.05    24.75
2069    7    16.50    30.33
2069    8    47.81    28.15
2069    9    60.96    20.90
2069   10    29.50    14.89
2069   11    41.57     4.25
2069   12    34.23     4.83
2070    1    10.80     6.19
2070    2    20.56     6.02
2070    3     8.98    11.81
2070    4    13.73    15.04
2070    5    50.42    22.33
2070    6    13.80    28.43
2070    7    25.41    29.31
2070    8    97.82    26.54
2070    9    22.87    22.12
2070   10     4.02    16.88
2070   11     1.55    12.72
2070   12    27.04     4.98
2071    1     6.48     3.51
2071    2    16.64     4.76
2071    3    23.46    10.60
2071    4    21.10    14.86
2071    5    18.23    22.31
2071    6     1.20    33.04
2071    7    19.81    30.98
2071    8    45.60    28.95
2071    9    19.78    25.01
2071   10     2.95    20.41
2071   11    12.71     8.17
2071   12    97.02     2.10
2072    1    31.10     7.58
2072    2    26.65     6.62
2072    3     6.97     8.85
2072    4    21.42    15.28
2072    5    12.72    22.08
2072    6    43.04    27.49
2072    7     0.40    31.84
2072    8    11.45    29.02
2072    9    19.15    23.18
2072   10   103.13    12.70
2072   11    35.50     8.19
2072   12    28.93     4.35
2073    1    19.93    -3.23
2073    2    39.80     1.32
2073    3    13.86     9.43
2073    4    21.44    13.53
2073    5    35.33    20.00
2073    6    60.21    24.56
2073    7    28.97    28.67
2073    8    33.21    29.06
2073    9     0.00    29.46
2073   10     9.50    16.29
2073   11    12.62    10.84
2073   12    22.94     5.79
2074    1    22.53     1.70
2074    2     7.81     7.31
2074    3    49.83     5.85
2074    4    15.08    14.71
2074    5    13.54    22.29
2074    6    12.16    26.31
2074    7    44.98    30.58
2074    8    86.24    26.77
2074    9    49.91    21.29
2074   10    33.31    14.58
2074   11    14.80    10.26
2074   12    34.02     4.85
2075    1    41.23     3.87
2075    2    22.86     1.13
2075    3    19.15    10.57
2075    4    29.36    14.00
2075    5    10.52    20.06
2075    6     4.17    29.46
2075    7    20.81    30.79
2075    8    19.75    29.99
2075    9    70.25    22.20
2075   10    33.02    14.63
2075   11    22.41    12.18
2075   12    16.73     7.69
2076    1    13.42     5.96
2076    2    28.76     3.71
2076    3    28.60     8.87
2076    4    29.81    13.84
2076    5    12.31    21.03
2076    6    83.72    25.54
2076    7    15.97    30.41
2076    8     1.51    31.40
2076    9    22.79    23.83
2076   10    29.03    13.04
2076   11    25.56     8.70
2076   12    40.52     2.29
2077    1    17.61     5.09
2077    2     9.65     5.89
2077    3    30.54     8.18
2077    4    35.86    16.30
2077    5    51.87    20.53
2077    6    18.69    28.31
2077    7    17.43    30.95
2077    8    23.35    28.76
2077    9    12.98    22.07
2077   10    24.21    17.81
2077   11    24.42     9.95
2077   12    31.31     2.03
2078    1    25.06     3.09
2078    2    13.03     3.52
2078    3    36.77     6.80
2078    4    40.27    12.18
2078    5    83.82    17.23
2078    6    63.84    25.89
2078    7     2.52    30.58
2078    8     3.92    29.64
2078    9     1.97    26.50
2078   10    29.10    18.39
2078   11     0.31    12.52
2078   12    37.47     5.66
2079    1    17.73     2.60
2079    2    25.40     5.30
2079    3    31.56    10.40
2079    4     5.83    14.72
2079    5    32.32    19.59
2079    6    38.25    26.50
2079    7    10.75    29.50
2079    8     8.09    30.48
2079    9    13.15    24.45
2079   10    20.35    15.45
2079   11    16.44     8.59
2079   12    20.61     4.15
2080    1    45.69     2.84
2080    2    29.09     3.43
2080    3    20.94     6.18
2080    4    20.24    16.94
2080    5    26.41    19.51
2080    6    17.52    27.08
2080    7    16.81    31.11
2080    8     3.61    31.47
2080    9    25.27    24.80
2080   10     7.21    17.05
2080   11    19.83     9.93
2080   12     6.89     7.98
2081    1    16.37     6.26
2081    2    20.01     8.92
2081    3    39.53     7.59
2081    4    45.48    13.56
2081    5    35.38    19.10
2081    6    42.45    28.10
2081    7     4.10    30.11
2081    8    10.97    29.52
2081    9    12.60    25.64
2081   10    54.61    13.81
2081   11    31.18     6.48
2081   12    16.22     5.88
2082    1    34.90     4.63
2082    2     9.36     7.78
2082    3    43.52     7.91
2082    4     0.62    18.27
2082    5    22.23    20.69
2082    6     9.68    27.49
2082    7     0.31    33.20
2082    8    13.84    30.15
2082    9     9.33    25.22
2082   10    55.81    14.83
2082   11    25.33     7.44
2082   12    24.33     5.52
2083    1    50.69     4.59
2083    2    36.01     4.15
2083    3    50.86     7.86
2083    4    21.43    12.38
2083    5    25.47    21.62
2083    6    35.17    26.65
2083    7    23.00    29.86
2083    8     4.97    28.58
2083    9    21.61    21.98
2083   10    14.92    14.54
2083   11    25.80    11.78
2083   12    18.58     4.37
2084    1    49.98     1.14
2084    2    58.43     1.39
2084    3    51.36     4.29
2084    4    27.67    13.68
2084    5    32.49    20.48
2084    6    70.05    24.29
2084    7    48.55    27.68
2084    8    58.93    26.80
2084    9     3.82    21.81
2084   10     4.13    17.73
2084   11    12.97    11.53
2084   12    18.46     4.70
2085    1    12.72     3.22
2085    2    25.68     8.34
2085    3    59.22     5.99
2085    4    16.29    13.71
2085    5    47.12    20.52
2085    6    79.83    23.77
2085    7    45.38    28.84
2085    8    10.39    28.72
2085    9    25.11    24.45
2085   10    38.29    14.81
2085   11    15.48    11.54
2085   12    35.21     8.49
2086    1     9.76     1.15
2086    2    47.61    -0.03
2086    3    41.38     6.84
2086    4    29.71    14.57
2086    5    32.53    17.89
2086    6    46.16    28.11
2086    7     7.82    31.69
2086    8     5.41    28.68
2086    9     6.03    26.17
2086   10    29.31    16.22
2086   11    15.82    12.90
2086   12     7.83     9.87
2087    1    24.89     5.38
2087    2    11.77     6.10
2087    3    18.19     7.58
2087    4    19.91    17.76
2087    5     2.92    24.07
2087    6     6.02    27.12
2087    7    91.75    27.12
2087    8    30.05    28.96
2087    9     7.37    24.58
2087   10    57.33    14.30
2087   11     7.23    10.88
2087   12    26.10     3.94
2088    1    60.22    -2.07
2088    2     9.02     7.89
2088    3    11.36    10.01
2088    4    46.98    13.61
2088    5    22.57    20.27
2088    6     6.46    27.02
2088    7    11.89    30.25
2088    8    19.91    29.87
2088    9     8.22    26.34
2088   10     9.56    17.24
2088   11     5.92    14.63
2088   12    15.88     8.95
2089    1    21.53     5.74
2089    2    38.97     7.91
2089    3    16.45     8.81
2089    4     9.79    14.53
2089    5    38.70    19.03
2089    6    53.14    25.26
2089    7    76.90    28.25
2089    8    18.49    31.75
2089    9    34.75    23.18
2089   10    26.10    13.62
2089   11    27.65     5.08
2089   12     2.54     9.65
2090    1    42.83    -1.27
2090    2     3.37     8.53
2090    3     9.43    11.33
2090    4    28.95    11.68
2090    5    17.25    21.15
2090    6     6.39    27.12
2090    7    11.22    31.63
2090    8     7.14    32.34
2090    9    23.67    22.78
2090   10    18.74    16.81
2090   11    26.38     8.53
2090   12    31.50     3.87
2091    1    23.25     4.98
2091    2    31.02     2.24
2091    3    38.47     4.11
2091    4    24.39    14.70
2091    5    14.35    21.19
2091    6     2.72    28.37
2091    7    25.90    29.44
2091    8    12.04    30.44
2091    9    35.01    24.59
2091   10     5.21    16.97
2091   11     7.66    11.65
2091   12    37.24     6.12
2092    1    17.02     5.35
2092    2     4.09     9.43
2092    3     5.59     9.45
2092    4    69.50    14.36
2092    5     8.11    20.00
2092    6    12.05    29.96
2092    7    14.59    31.82
2092    8     4.82    30.90
2092    9    24.94    24.08
2092   10     8.38    16.41
2092   11    23.86     6.52
2092   12    11.46     7.65
2093    1    20.28     1.27
2093    2    24.46     1.93
2093    3    54.10     9.20
2093    4    26.86    11.06
2093    5     8.32    20.19
2093    6    47.00    28.13
2093    7    19.42    28.96
2093    8    33.40    25.81
2093    9    31.17    21.04
2093   10     8.72    16.20
2093   11     5.59     9.61
2093   12    23.24     5.74
2094    1    36.96     4.85
2094    2    39.66     2.77
2094    3    20.05     8.09
2094    4    25.47    12.64
2094    5    27.49    20.14
2094    6    26.13    25.60
2094    7    84.75    28.58
2094    8    29.17    28.12
2094    9    30.51    24.98
2094   10    18.80    15.65
2094   11    22.32    13.11
2094   12    39.18     4.65
2095    1    16.42     6.48
2095    2    28.81     6.23
2095    3    24.66    10.25
2095    4    19.75    13.12
2095    5    11.61    19.75
2095    6     7.35    27.04
2095    7    26.54    29.86
2095    8     0.89    30.65
2095    9    30.12    23.29
2095   10    35.52    14.81
2095   11    25.94    10.93
2095   12    45.14     5.84
2096    1    29.61     5.53
2096    2    22.28     3.05
2096    3    47.37     8.95
2096    4    42.22    11.10
2096    5    52.93    19.17
2096    6    14.97    25.51
2096    7    41.53    28.99
2096    8    17.11    30.50
2096    9    27.01    24.83
2096   10     9.29    17.62
2096   11    20.08    10.45
2096   12    32.45     5.05
2097    1    38.53     4.58
2097    2    13.51     7.87
2097    3    21.30     9.65
2097    4     4.96    19.83
2097    5    11.81    25.82
2097    6     8.96    28.93
2097    7    14.83    31.31
2097    8    21.56    29.92
2097    9    10.66    22.89
2097   10    27.23    17.74
2097   11     6.29    11.64
2097   12     0.11    11.36
2098    1    19.28     6.14
2098    2    31.19     6.47
2098    3    82.48     5.45
2098    4    23.81    12.68
2098    5    37.31    20.68
2098    6    86.79    25.17
2098    7    21.19    27.73
2098    8    27.92    27.90
2098    9    10.65    24.28
2098   10    33.00    15.98
2098   11     9.01     8.12
2098   12    22.19     5.32
2099    1    29.68     3.16
2099    2    37.74    -0.65
2099    3    41.72     4.51
2099    4    10.41    11.29
2099    5    51.66    19.96
2099    6    59.87    24.43
2099    7    11.98    28.76
2099    8     0.00    31.80
2099    9     7.83    24.55
2099   10    15.63    16.40
2099   11    11.35    14.36
2099   12    18.33     5.64
2100    1    38.44     4.05
2100    2    42.90     8.48
2100    3    36.76    10.38
2100    4    25.30    12.49
2100    5    16.73    19.33
2100    6     9.70    27.05
2100    7    33.33    29.16
2100    8    12.52    29.31
2100    9     3.03    26.21
2100   10    68.06    15.63
2100   11    43.66     9.00
2100   12    27.69     4.65
