1850    1    15.78    -2.66
1850    2    46.65    -0.15
1850    3    64.04     1.44
1850    4   133.83     9.26
1850    5   218.69    12.28
1850    6   244.81    17.46
1850    7   219.51    18.34
1850    8   167.10    16.36
1850    9    73.73    12.71
1850   10    84.29     6.79
1850   11    28.91     2.71
1850   12    26.07    -1.50
1851    1    27.32    -2.79
1851    2    31.03     0.37
1851    3    56.89     3.40
1851    4   164.59     8.96
1851    5   188.68    13.43
1851    6   145.43    17.38
1851    7   236.39    18.21
1851    8   122.65    17.22
1851    9   118.02    12.53
1851   10    74.23     6.85
1851   11    29.92     2.37
1851   12    11.09    -1.17
1852    1    25.92    -3.17
1852    2    48.28    -0.20
1852    3    72.05     1.20
1852    4   142.01     5.97
1852    5   232.73    13.64
1852    6   215.95    18.10
1852    7   188.99    20.25
1852    8   187.71    17.14
1852    9   175.10    11.13
1852   10    32.76     7.53
1852   11    59.01     0.68
1852   12    16.04    -3.33
1853    1    71.28    -4.89
1853    2    20.64    -1.03
1853    3   106.04     3.42
1853    4   148.32     8.11
1853    5   140.02    14.31
1853    6   240.19    17.99
1853    7   266.83    18.00
1853    8   149.30    17.58
1853    9    73.77     9.69
1853   10    32.84     7.49
1853   11    15.77     2.05
1853   12    60.74    -1.45
1854    1    35.83    -4.74
1854    2    68.11    -4.67
1854    3    89.16     2.83
1854    4   128.79     7.83
1854    5   173.33    14.32
1854    6   269.20    18.00
1854    7   247.94    18.33
1854    8   162.34    16.58
1854    9   164.30    11.53
1854   10    52.46     6.28
1854   11    37.21     1.62
1854   12     9.95    -1.74
1855    1    13.10    -2.09
1855    2    28.43     0.72
1855    3    68.45     4.14
1855    4   160.67     4.96
1855    5   266.98    13.67
1855    6   147.72    20.27
1855    7   298.59    19.19
1855    8   129.64    18.98
1855    9    97.55    11.46
1855   10    63.63     7.69
1855   11    45.58     1.02
1855   12    16.89     0.13
1856    1    18.63     0.43
1856    2    72.43     0.13
1856    3   108.87     3.89
1856    4   160.96     6.72
1856    5   205.47    13.23
1856    6   214.68    16.37
1856    7   116.86    19.54
1856    8   225.00    16.79
1856    9    81.39    11.37
1856   10    68.69     6.66
1856   11    52.96     0.00
1856   12    51.96    -2.88
1857    1    19.05    -0.99
1857    2    52.62    -0.52
1857    3    79.61     3.20
1857    4    97.08     8.56
1857    5   212.96    12.96
1857    6   238.44    16.98
1857    7   244.13    17.91
1857    8   201.19    17.15
1857    9    68.16    12.39
1857   10    45.45     7.41
1857   11    41.23    -0.15
1857   12    32.39    -2.68
1858    1    19.73    -0.88
1858    2    26.05     0.48
1858    3   121.08     0.37
1858    4   161.80     4.50
1858    5   227.05    12.19
1858    6   227.38    17.53
1858    7   240.76    18.52
1858    8    93.04    18.68
1858    9    89.34    11.52
1858   10    62.86     6.23
1858   11    26.82     0.02
1858   12    43.83    -1.34
1859    1    38.45    -0.18
1859    2    16.27     0.71
1859    3    63.74     2.06
1859    4   157.67     7.10
1859    5   247.47    13.72
1859    6   182.83    17.52
1859    7   178.59    20.29
1859    8    78.68    21.40
1859    9    84.60    10.77
1859   10    40.05     8.40
1859   11    99.51     1.42
1859   12    34.07    -4.78
1860    1     2.09    -3.51
1860    2    77.58    -3.45
1860    3    73.91     1.08
1860    4    73.30     6.76
1860    5   283.09    13.82
1860    6   191.80    17.54
1860    7   208.36    17.84
1860    8    79.55    18.33
1860    9   146.01    10.53
1860   10    79.14     5.48
1860   11    45.83    -0.40
1860   12    31.53    -5.85
1861    1    15.11    -1.08
1861    2    29.32     1.04
1861    3    58.95     5.30
1861    4   179.58     7.27
1861    5   252.36    11.89
1861    6   217.75    16.70
1861    7   165.29    17.15
1861    8   242.94    16.25
1861    9    94.08    12.32
1861   10    53.89     5.56
1861   11    19.49     2.68
1861   12    14.47    -0.25
1862    1    49.22    -2.16
1862    2    19.38    -3.76
1862    3    89.70     3.27
1862    4   172.90     5.35
1862    5   322.97    13.23
1862    6   318.10    16.89
1862    7   160.70    19.01
1862    8    70.74    17.19
1862    9    89.55    11.19
1862   10    49.63     5.32
1862   11   105.65    -2.52
1862   12    17.06    -3.35
1863    1    17.24    -4.59
1863    2    59.16    -0.52
1863    3    88.99     0.63
1863    4   141.03     4.18
1863    5   170.43    12.82
1863    6   261.55    16.87
1863    7   311.47    17.95
1863    8   178.87    17.72
1863    9   102.54    11.88
1863   10    33.94     8.30
1863   11    54.21    -0.01
1863   12    10.92    -1.99
1864    1    26.33    -0.10
1864    2    41.89     0.08
1864    3    87.81     1.43
1864    4   123.16     3.30
1864    5   206.86    14.25
1864    6   266.08    16.24
1864    7   167.05    18.42
1864    8   152.47    17.09
1864    9    89.95    11.29
1864   10   109.30     7.71
1864   11    36.48     2.24
1864   12    44.68    -1.44
1865    1    39.68    -4.79
1865    2    51.91    -2.66
1865    3    84.85     1.24
1865    4   135.54     7.95
1865    5   292.40    12.38
1865    6   290.19    16.05
1865    7   116.42    19.62
1865    8   125.56    15.66
1865    9   110.56    10.93
1865   10    97.09     6.81
1865   11    66.11    -0.17
1865   12    25.67    -2.29
1866    1    73.53    -3.23
1866    2    37.49    -2.75
1866    3    52.55     3.17
1866    4   191.42     8.11
1866    5   205.00    14.67
1866    6   299.09    15.86
1866    7   109.60    19.56
1866    8   229.03    16.26
1866    9    75.11    10.54
1866   10    26.37     6.63
1866   11    22.76     1.20
1866   12    66.33    -2.67
1867    1    30.83    -1.92
1867    2    41.00     1.10
1867    3    63.92     3.50
1867    4   222.97     7.50
1867    5   216.34    12.19
1867    6   146.96    20.09
1867    7   121.55    21.39
1867    8   167.85    17.45
1867    9    34.14    11.66
1867   10    55.14     6.09
1867   11    64.93     1.45
1867   12    26.49    -4.16
1868    1    38.16    -5.29
1868    2    22.36    -1.26
1868    3    61.39     2.38
1868    4   103.76     8.78
1868    5   295.12    10.92
1868    6   270.07    17.18
1868    7   249.43    20.64
1868    8   124.14    18.64
1868    9   107.62    11.48
1868   10    42.36     5.85
1868   11    29.42     0.87
1868   12    53.04    -4.52
1869    1    29.87    -9.09
1869    2    18.55     0.74
1869    3    98.05     4.54
1869    4   185.72     6.23
1869    5   136.52    12.46
1869    6   269.67    16.61
1869    7   202.72    19.09
1869    8   168.54    15.73
1869    9   160.92    11.30
1869   10    53.79     6.39
1869   11    41.80     1.99
1869   12    41.58    -3.87
1870    1    34.19    -2.44
1870    2    72.43    -2.06
1870    3    93.77     2.59
1870    4   163.69     5.38
1870    5   226.73    11.83
1870    6   207.16    16.43
1870    7   250.17    18.27
1870    8   158.06    17.09
1870    9   116.30    12.05
1870   10    45.80     6.96
1870   11    34.52     1.80
1870   12    44.13    -2.38
1871    1    15.10    -1.82
1871    2    42.61    -0.49
1871    3    63.57     2.75
1871    4   135.18     6.99
1871    5   257.89    11.23
1871    6   127.81    16.91
1871    7   167.63    19.20
1871    8    37.44    21.31
1871    9    69.52    12.41
1871   10    36.83     8.46
1871   11    47.91     1.42
1871   12    41.12    -8.34
1872    1    23.58    -6.01
1872    2    53.91    -2.70
1872    3    78.93    -1.61
1872    4   150.33     7.53
1872    5   219.11    12.76
1872    6   289.25    17.06
1872    7   232.89    18.15
1872    8   180.47    16.11
1872    9    80.98    13.01
1872   10    72.06     5.69
1872   11    12.01     1.91
1872   12    16.18     0.34
1873    1    43.72    -3.24
1873    2    65.59    -0.97
1873    3    85.42     1.55
1873    4   196.69     5.29
1873    5   156.80    14.15
1873    6   269.86    16.74
1873    7   209.77    18.47
1873    8   130.86    18.97
1873    9    83.19    12.58
1873   10    75.86     6.48
1873   11    49.20    -0.86
1873   12    29.91    -5.50
1874    1    32.75    -2.48
1874    2    26.24    -2.12
1874    3    59.79     3.80
1874    4   176.56     5.00
1874    5   155.34    13.31
1874    6   254.35    17.04
1874    7   127.92    20.22
1874    8    54.21    18.76
1874    9    31.06    13.12
1874   10    96.54     4.91
1874   11    38.84     1.36
1874   12    33.17     0.74
1875    1    23.26    -1.48
1875    2    55.91    -0.66
1875    3   109.75     2.51
1875    4   252.53     7.38
1875    5   107.21    14.50
1875    6   226.05    17.79
1875    7   149.53    17.46
1875    8   115.43    19.17
1875    9    84.41    12.84
1875   10    15.15     7.63
1875   11    22.77     0.41
1875   12    28.48    -1.49
1876    1    31.94    -3.65
1876    2    50.47     0.21
1876    3   105.91     1.39
1876    4   113.31     7.26
1876    5   219.62    13.54
1876    6   213.21    18.11
1876    7   286.82    18.96
1876    8   115.34    15.87
1876    9    95.06    11.01
1876   10   106.40     3.33
1876   11    38.97     1.77
1876   12    33.02    -3.82
1877    1    42.46    -2.20
1877    2    17.63    -1.08
1877    3    53.56     1.30
1877    4   160.03     4.92
1877    5   298.74    12.32
1877    6   147.99    17.42
1877    7   170.12    19.12
1877    8    86.49    19.54
1877    9    33.00    13.08
1877   10    98.30     7.12
1877   11    25.58     2.70
1877   12    23.08    -2.21
1878    1    15.14    -2.15
1878    2    21.00     0.93
1878    3    76.65     3.21
1878    4   189.82     6.99
1878    5   178.76    11.72
1878    6   251.81    15.45
1878    7   132.61    19.43
1878    8   102.44    18.23
1878    9   106.81    13.83
1878   10   143.05     5.74
1878   11    86.89    -2.42
1878   12    21.05    -3.15
1879    1    12.29    -0.58
1879    2    24.26    -1.89
1879    3    66.22     0.91
1879    4   115.58     5.73
1879    5   166.43    13.52
1879    6   221.93    17.92
1879    7   320.56    18.06
1879    8   109.08    17.58
1879    9    35.27    15.17
1879   10    97.52     4.37
1879   11    12.53     3.29
1879   12     4.52    -0.69
1880    1    16.04    -4.10
1880    2    65.51    -1.45
1880    3    77.18     2.34
1880    4   157.85     6.99
1880    5   123.78    15.29
1880    6   208.41    17.46
1880    7   191.73    17.23
1880    8   109.47    16.16
1880    9   100.28    10.40
1880   10    56.38     6.33
1880   11    27.37     0.09
1880   12    12.60    -2.06
1881    1    19.19    -2.23
1881    2    23.27     1.03
1881    3   113.47     1.79
1881    4   117.77     6.18
1881    5   199.99    14.70
1881    6   265.33    17.30
1881    7   278.68    18.18
1881    8   123.83    17.31
1881    9    67.30    12.90
1881   10    26.36     9.89
1881   11    35.02     0.30
1881   12     1.50    -0.54
1882    1    82.91    -6.22
1882    2     5.27    -4.75
1882    3    39.88     0.05
1882    4    87.76     7.40
1882    5   291.39    12.72
1882    6   244.82    16.53
1882    7   127.36    20.83
1882    8    86.39    18.13
1882    9    61.00    11.02
1882   10    34.37     6.11
1882   11    19.12     2.95
1882   12    79.62    -2.92
1883    1    14.38    -5.11
1883    2    31.33    -0.01
1883    3   121.48     2.91
1883    4    89.92     7.47
1883    5   257.25    12.70
1883    6   244.83    16.11
1883    7    69.26    21.90
1883    8   165.39    17.37
1883    9   107.52    11.47
1883   10    69.75     5.08
1883   11    36.79     1.14
1883   12    19.55    -2.98
1884    1    23.58    -3.65
1884    2    32.25    -2.38
1884    3    93.21     2.49
1884    4    88.91     8.10
1884    5   211.88    10.41
1884    6   220.89    17.05
1884    7   176.91    18.12
1884    8   217.43    15.10
1884    9    70.27     9.16
1884   10    44.86     7.13
1884   11    32.62     1.36
1884   12    44.74    -3.93
1885    1    13.08    -0.56
1885    2    45.53    -0.80
1885    3    92.20     4.04
1885    4   133.38     6.04
1885    5   239.16    12.14
1885    6   280.82    16.00
1885    7   192.05    17.95
1885    8   201.44    15.44
1885    9   102.65    10.67
1885   10    80.55     3.95
1885   11    75.41    -0.41
1885   12    37.56    -4.35
1886    1    28.92    -5.56
1886    2    35.54    -4.70
1886    3    47.42     2.60
1886    4   150.11     8.13
1886    5   171.67    11.61
1886    6   241.75    18.26
1886    7   314.62    18.46
1886    8    78.38    18.04
1886    9    54.75    12.81
1886   10    95.21     6.07
1886   11    44.90     2.17
1886   12    23.44    -1.45
1887    1    21.82    -3.58
1887    2     9.59     0.45
1887    3   122.44     3.70
1887    4   170.47     8.53
1887    5   169.18    12.31
1887    6   292.39    18.52
1887    7   166.88    18.45
1887    8   155.30    17.68
1887    9   107.80    12.71
1887   10    67.65     1.88
1887   11    37.34     0.98
1887   12    28.65     0.07
1888    1    34.34    -1.46
1888    2    41.08     1.06
1888    3    76.28     0.09
1888    4   156.40     7.88
1888    5   304.21    12.82
1888    6   202.21    17.97
1888    7   156.11    17.97
1888    8   166.83    15.07
1888    9    64.72    11.57
1888   10    81.84     2.70
1888   11    22.34     1.20
1888   12    20.70    -4.73
1889    1     7.30    -1.39
1889    2    34.73    -0.01
1889    3    83.73    -0.11
1889    4   162.85     4.40
1889    5   217.33    11.13
1889    6   190.85    17.16
1889    7   198.98    17.74
1889    8   161.43    16.68
1889    9    89.89    10.73
1889   10    55.08     4.95
1889   11     5.42     2.96
1889   12     8.19    -0.12
1890    1    21.33    -2.63
1890    2    35.26    -0.35
1890    3    82.35     0.88
1890    4   111.89     5.59
1890    5   227.02    11.73
1890    6   283.93    16.01
1890    7   237.20    17.63
1890    8   111.68    16.88
1890    9   115.96    11.41
1890   10   121.05     4.32
1890   11    54.07    -3.05
1890   12    31.54    -5.92
1891    1    43.32    -5.04
1891    2    48.17    -1.62
1891    3    98.15     0.84
1891    4   173.65     3.72
1891    5   206.10    12.82
1891    6   285.24    15.78
1891    7   171.30    18.43
1891    8   174.71    15.23
1891    9    76.82    11.75
1891   10    85.69     6.21
1891   11    30.87     1.15
1891   12    29.27    -2.06
1892    1     5.66    -2.39
1892    2    13.11    -3.99
1892    3    71.85     4.36
1892    4   113.12     5.84
1892    5   226.99    11.30
1892    6   259.66    17.82
1892    7   235.84    18.97
1892    8   121.95    16.87
1892    9    74.18    11.89
1892   10    73.58     5.36
1892   11    73.24    -0.29
1892   12    11.09    -1.27
1893    1    34.29    -4.58
1893    2    18.56    -0.61
1893    3   102.42     0.98
1893    4    79.70     5.26
1893    5   226.67    12.93
1893    6   242.39    15.20
1893    7   203.28    18.49
1893    8    91.45    16.77
1893    9    28.74    15.06
1893   10    68.73     7.36
1893   11    65.46    -0.20
1893   12    10.28    -1.58
1894    1    20.65    -1.99
1894    2    16.05    -1.43
1894    3    95.67     1.90
1894    4   136.09     7.19
1894    5   204.12    15.51
1894    6   201.80    18.00
1894    7   208.95    18.80
1894    8   134.17    15.18
1894    9   129.92    13.48
1894   10    80.86     6.24
1894   11    50.51     0.39
1894   12    24.61    -3.70
1895    1    43.96    -2.42
1895    2    19.33    -0.21
1895    3   114.93     4.14
1895    4   193.82     5.44
1895    5   256.21    11.99
1895    6   213.68    17.98
1895    7   144.97    17.46
1895    8   171.15    16.82
1895    9    49.21    10.91
1895   10    69.57     5.59
1895   11    46.38     0.80
1895   12    23.04    -1.43
1896    1    37.92    -1.54
1896    2    40.54     1.04
1896    3    78.38     3.04
1896    4   109.41     8.16
1896    5   180.43    11.65
1896    6   207.92    17.99
1896    7   283.33    19.09
1896    8    80.67    17.78
1896    9    58.79    11.26
1896   10    48.31     7.79
1896   11    15.95     0.81
1896   12    25.22    -0.77
1897    1     4.67    -0.40
1897    2    31.43     1.51
1897    3    58.98     3.93
1897    4   112.12     6.65
1897    5   201.67    14.49
1897    6   266.61    18.02
1897    7   176.46    17.82
1897    8   179.33    16.23
1897    9    99.34    12.79
1897   10    25.45     7.19
1897   11    25.25     3.54
1897   12    57.24    -3.18
1898    1    40.40   -10.22
1898    2    17.42    -0.51
1898    3   138.27    -2.71
1898    4   144.45     2.30
1898    5   252.68    13.40
1898    6   272.00    18.91
1898    7   271.90    18.76
1898    8   115.28    21.10
1898    9    77.33     9.62
1898   10    94.77     6.17
1898   11    33.29     2.62
1898   12    57.55    -4.15
1899    1    18.73    -2.66
1899    2    16.37    -0.94
1899    3    78.61    -1.44
1899    4   178.29     5.36
1899    5   204.29    11.31
1899    6   232.09    17.47
1899    7   209.88    18.98
1899    8   137.20    18.06
1899    9    87.14    11.96
1899   10    24.15     6.32
1899   11    53.96    -0.05
1899   12    23.37    -2.38
1900    1    13.63    -5.38
1900    2    62.40    -4.16
1900    3    93.85     3.65
1900    4    97.90     5.76
1900    5   194.38    14.57
1900    6   229.71    16.26
1900    7   241.28    17.73
1900    8   130.82    17.52
1900    9    69.21    12.85
1900   10    40.33     5.07
1900   11    46.34    -0.28
1900   12    20.75    -1.48
1901    1    23.44    -4.22
1901    2    39.15     1.45
1901    3    55.16     2.46
1901    4   129.82     6.94
1901    5   242.15    13.55
1901    6   122.17    19.20
1901    7   218.38    18.03
1901    8   150.00    17.29
1901    9    90.05    10.78
1901   10    48.15     7.84
1901   11    14.41    -2.67
1901   12    40.98    -4.89
1902    1    31.71    -5.55
1902    2    45.39    -0.28
1902    3    66.90     0.98
1902    4   102.54     7.41
1902    5   240.92    13.03
1902    6   228.75    18.02
1902    7   231.89    18.30
1902    8   188.23    16.49
1902    9    41.18    12.48
1902   10    78.58     5.44
1902   11    23.29     1.56
1902   12    24.92    -4.61
1903    1    53.12    -5.11
1903    2    22.92     0.52
1903    3    79.80     1.15
1903    4   154.90     6.86
1903    5   228.12    11.53
1903    6   176.10    16.08
1903    7   189.48    19.19
1903    8    95.55    16.62
1903    9    79.97    11.24
1903   10    39.09     6.47
1903   11     8.72    -0.21
1903   12    12.69    -1.11
1904    1    11.56    -1.80
1904    2    29.17    -1.18
1904    3   113.43     0.65
1904    4   149.92     5.78
1904    5   186.43    12.97
1904    6   174.00    17.65
1904    7   206.30    17.27
1904    8    95.28    16.87
1904    9    94.35    12.74
1904   10    54.58     7.64
1904   11    52.06     2.11
1904   12    32.37    -2.79
1905    1    91.54    -2.42
1905    2    65.32    -4.32
1905    3    25.02     5.03
1905    4   137.19     6.50
1905    5   156.64    11.85
1905    6   133.46    18.17
1905    7   149.64    19.28
1905    8    75.02    20.72
1905    9   113.87    10.99
1905   10    24.59     6.84
1905   11    21.63     0.96
1905   12    15.73    -2.44
1906    1    21.76    -4.18
1906    2    53.79    -3.26
1906    3    64.17     2.83
1906    4   114.49     6.99
1906    5   188.62    13.02
1906    6   283.73    17.18
1906    7   179.52    19.52
1906    8   134.97    16.95
1906    9    81.58    11.55
1906   10    40.40     6.86
1906   11    16.98     1.05
1906   12    61.93    -5.17
1907    1    26.24    -8.30
1907    2    46.29    -4.82
1907    3    52.75     1.61
1907    4   160.78     3.52
1907    5   250.58    11.61
1907    6   177.63    17.94
1907    7   151.99    20.26
1907    8    58.10    20.98
1907    9    36.19    16.98
1907   10    95.49     4.91
1907   11    70.74    -0.41
1907   12     3.84    -3.21
1908    1    51.41    -3.36
1908    2    32.01     0.70
1908    3   110.36     1.18
1908    4   163.32     5.92
1908    5   176.63    12.87
1908    6   168.10    16.75
1908    7   106.82    18.48
1908    8   133.16    18.07
1908    9    47.97    12.07
1908   10    26.88     8.33
1908   11    34.32     2.69
1908   12    33.96    -2.53
1909    1    11.75    -3.04
1909    2    86.57    -2.65
1909    3    94.20     0.10
1909    4   152.37     6.00
1909    5   154.35    12.71
1909    6   216.96    15.27
1909    7   259.43    17.73
1909    8   306.70    15.77
1909    9    92.03    11.95
1909   10    61.89     6.69
1909   11    27.62     1.98
1909   12    37.13    -0.87
1910    1    28.46    -4.76
1910    2    28.99    -0.83
1910    3    87.18     1.18
1910    4   181.93     6.88
1910    5   274.67    12.97
1910    6   233.62    19.01
1910    7   178.22    19.80
1910    8   120.14    17.83
1910    9    42.51    12.89
1910   10    46.05     7.70
1910   11    51.44    -1.34
1910   12    49.53    -3.16
1911    1    31.43    -1.58
1911    2    13.49    -0.39
1911    3   108.22     2.73
1911    4   122.79     5.91
1911    5   173.17    13.86
1911    6   202.09    17.95
1911    7   199.96    17.96
1911    8    97.19    17.69
1911    9    72.70    11.71
1911   10    90.95     5.41
1911   11    43.90     2.93
1911   12    28.97    -0.80
1912    1    23.55    -1.29
1912    2    25.87     1.30
1912    3   130.29     1.49
1912    4   103.18     6.59
1912    5   218.95    11.97
1912    6   238.78    18.81
1912    7   183.62    18.57
1912    8   146.57    16.28
1912    9    75.34    12.81
1912   10    99.73     5.66
1912   11    31.23    -0.47
1912   12    59.16    -5.16
1913    1    23.10    -5.74
1913    2    34.36    -4.72
1913    3    85.36    -0.79
1913    4    83.10     5.78
1913    5   241.44    12.10
1913    6   240.34    15.90
1913    7   295.70    17.24
1913    8   111.33    15.76
1913    9    34.08    12.60
1913   10   102.91     4.32
1913   11    38.89     0.14
1913   12    29.50    -4.23
1914    1    21.38   -10.82
1914    2    34.07     0.41
1914    3   106.87     0.73
1914    4   141.76     4.89
1914    5   263.53    10.90
1914    6   153.84    17.65
1914    7   170.05    19.04
1914    8   126.06    16.90
1914    9    57.99    10.23
1914   10    80.65     5.71
1914   11    14.21     0.86
1914   12    62.31    -7.21
1915    1    30.64    -5.38
1915    2    30.83    -0.32
1915    3    58.22     2.94
1915    4    37.14    10.27
1915    5   245.85    14.08
1915    6   168.98    17.18
1915    7   185.18    18.74
1915    8   106.30    18.78
1915    9    88.49    12.40
1915   10    70.85     6.53
1915   11    17.91     0.76
1915   12    18.93    -1.23
1916    1    29.77    -3.52
1916    2    29.67     0.43
1916    3   116.06     1.57
1916    4   139.88     8.87
1916    5   153.40    13.53
1916    6   188.27    19.70
1916    7   250.37    18.90
1916    8   119.22    17.23
1916    9   127.49    10.57
1916   10    67.07     8.23
1916   11    46.88     0.03
1916   12    19.74    -1.95
1917    1    13.22    -1.67
1917    2    18.38    -0.11
1917    3    93.84     1.94
1917    4   162.90     6.85
1917    5   184.08    12.52
1917    6   265.27    16.52
1917    7   213.36    20.54
1917    8   130.53    18.23
1917    9    82.84    11.97
1917   10    36.18     7.19
1917   11     9.31     1.15
1917   12    33.93    -2.19
1918    1    24.59    -1.14
1918    2    79.49    -0.79
1918    3   127.14    -0.03
1918    4    99.79     5.27
1918    5   241.80    11.73
1918    6   145.78    18.92
1918    7   116.69    19.06
1918    8   142.25    18.30
1918    9    82.47    10.30
1918   10    78.00     5.47
1918   11    61.69     0.40
1918   12    27.32    -4.97
1919    1    13.91    -1.19
1919    2    22.10    -1.83
1919    3    90.02    -0.76
1919    4   146.08     8.13
1919    5   179.95    15.01
1919    6   231.91    16.25
1919    7   288.77    18.21
1919    8    64.60    17.37
1919    9    99.94    10.53
1919   10    45.88     7.04
1919   11    35.47     2.23
1919   12    45.91    -2.02
1920    1    24.85    -2.30
1920    2    21.15    -0.79
1920    3    69.09     0.34
1920    4   183.17     6.10
1920    5   181.84    11.62
1920    6   204.66    19.11
1920    7   227.47    17.84
1920    8   134.01    16.01
1920    9    58.42    12.13
1920   10    54.79     5.54
1920   11    47.79     3.58
1920   12    31.44    -3.47
1921    1    26.21     0.44
1921    2    34.31     0.88
1921    3    69.15     3.87
1921    4   188.26     6.64
1921    5   235.16    12.84
1921    6    58.59    18.14
1921    7   102.84    20.17
1921    8   114.81    18.77
1921    9    94.26    10.51
1921   10    59.23     7.09
1921   11    28.05     2.52
1921   12    22.48    -0.84
1922    1    36.78    -4.19
1922    2    61.74    -6.66
1922    3    62.90     2.24
1922    4   198.93     3.73
1922    5   216.33    10.96
1922    6   256.67    17.38
1922    7    95.22    19.60
1922    8    56.13    22.95
1922    9   135.49    10.65
1922   10    46.72     8.30
1922   11    45.20     1.34
1922   12    12.34    -0.14
1923    1    30.18    -2.87
1923    2    54.17     1.13
1923    3    84.72     3.23
1923    4   150.16     6.93
1923    5   197.77    13.74
1923    6   172.90    18.76
1923    7   225.51    19.13
1923    8    80.23    17.67
1923    9    53.13    12.67
1923   10    65.61     6.87
1923   11    41.25     0.18
1923   12    16.76    -0.22
1924    1    43.37    -1.02
1924    2    34.85     1.15
1924    3    96.83     2.96
1924    4   101.21     8.97
1924    5   213.72    11.19
1924    6   129.22    18.09
1924    7    87.73    19.83
1924    8   128.83    18.06
1924    9   136.65    10.95
1924   10    38.11     7.35
1924   11    15.91     2.25
1924   12    56.32    -3.31
1925    1    26.70    -3.73
1925    2    17.75     2.17
1925    3   111.73     2.74
1925    4   122.41    10.03
1925    5   184.32    13.39
1925    6   180.35    18.00
1925    7   191.89    18.33
1925    8   135.24    16.76
1925    9    80.77    11.71
1925   10   123.80     3.67
1925   11    30.16     0.72
1925   12    29.15    -0.36
1926    1    17.08    -2.61
1926    2    40.11    -1.50
1926    3    46.98    -0.59
1926    4   128.86     5.57
1926    5   200.62    12.46
1926    6   320.83    17.01
1926    7   137.00    18.97
1926    8    89.46    17.51
1926    9    69.92    12.78
1926   10   102.33     5.99
1926   11    14.79     2.76
1926   12    32.48    -0.79
1927    1    32.57    -2.54
1927    2    14.99    -0.74
1927    3    77.82     2.46
1927    4   118.58     9.43
1927    5   216.31    13.40
1927    6   217.41    18.13
1927    7   218.72    18.59
1927    8    24.67    22.43
1927    9   119.86    10.87
1927   10    72.29     5.99
1927   11    61.28    -0.47
1927   12    58.25    -2.90
1928    1    19.50    -4.12
1928    2    28.42    -0.96
1928    3    92.29     0.21
1928    4   150.44     6.29
1928    5   158.03    12.33
1928    6   249.42    17.15
1928    7   222.52    17.84
1928    8   155.98    16.36
1928    9    55.28    11.56
1928   10    67.05     6.69
1928   11    44.11     1.20
1928   12    13.30    -0.62
1929    1    15.79    -2.45
1929    2    37.36    -1.29
1929    3    41.67     3.42
1929    4   133.23     4.80
1929    5   191.07    14.18
1929    6   207.64    17.96
1929    7   196.00    18.77
1929    8   130.13    16.06
1929    9    90.67    11.43
1929   10    61.48     4.90
1929   11    61.37     0.76
1929   12    10.44    -3.20
1930    1    46.74    -3.92
1930    2    39.49    -2.07
1930    3    71.57     0.85
1930    4   167.22     6.55
1930    5   233.63    13.46
1930    6   188.02    18.53
1930    7   261.34    19.30
1930    8    87.09    17.80
1930    9    61.72    11.98
1930   10    68.46     5.03
1930   11    42.12     3.15
1930   12    44.81    -2.01
1931    1    33.15    -4.24
1931    2    11.16     1.67
1931    3   101.81     2.06
1931    4   133.35     3.69
1931    5   239.26    14.03
1931    6   262.81    17.60
1931    7   137.52    18.58
1931    8   128.08    18.31
1931    9    48.86    11.47
1931   10    41.50     4.76
1931   11    14.87     1.63
1931   12     2.42    -1.40
1932    1    51.20    -0.42
1932    2    37.38    -0.55
1932    3    49.81     3.61
1932    4   119.99     7.54
1932    5   220.34    12.71
1932    6   219.52    17.07
1932    7   260.09    18.99
1932    8   129.53    16.72
1932    9    60.43    10.04
1932   10    54.27     7.57
1932   11    61.74     1.09
1932   12    89.50    -1.74
1933    1    44.55    -3.07
1933    2    23.82    -0.20
1933    3   127.17     1.39
1933    4   173.20     5.62
1933    5   102.71    13.50
1933    6   234.72    20.61
1933    7   267.26    19.50
1933    8   101.14    18.75
1933    9    42.42    13.22
1933   10    42.52     7.00
1933   11    61.85     0.71
1933   12     7.26    -3.59
1934    1    69.45    -4.37
1934    2    59.68    -3.55
1934    3    86.11     0.64
1934    4   178.58     4.40
1934    5   205.46    12.21
1934    6   278.64    16.71
1934    7   139.30    17.16
1934    8   107.29    16.52
1934    9    71.63    12.08
1934   10    84.26     5.31
1934   11    28.23     2.22
1934   12    22.20     0.10
1935    1    25.82    -1.18
1935    2    41.28    -2.55
1935    3    49.50     3.71
1935    4   148.73     7.38
1935    5   175.26    11.91
1935    6   248.83    17.17
1935    7   191.20    18.37
1935    8    65.00    16.93
1935    9    73.30    11.73
1935   10    20.79     7.75
1935   11    58.83     0.27
1935   12    21.71    -2.82
1936    1    18.01    -0.61
1936    2    34.86     0.97
1936    3    99.16     0.45
1936    4   119.95     7.42
1936    5   273.50    11.10
1936    6   223.71    17.42
1936    7   239.57    17.62
1936    8   144.85    15.85
1936    9   113.73    10.52
1936   10    55.26     5.52
1936   11    40.53     1.60
1936   12    30.46    -3.04
1937    1    65.66    -3.10
1937    2    38.02    -1.10
1937    3    76.70     3.66
1937    4    95.23     6.67
1937    5   202.80    10.88
1937    6   257.03    18.36
1937    7   186.79    17.79
1937    8   180.40    16.13
1937    9    87.23    13.51
1937   10    58.01     6.19
1937   11    31.04    -3.43
1937   12     4.79    -0.60
1938    1    26.74    -0.94
1938    2    63.00    -3.36
1938    3    55.61     3.03
1938    4   186.22     5.84
1938    5   235.08    12.90
1938    6   213.98    18.49
1938    7   269.97    17.11
1938    8   143.46    17.34
1938    9   105.91    12.61
1938   10   121.54     3.94
1938   11    36.78     2.34
1938   12     9.06    -0.92
1939    1    20.97    -3.03
1939    2    43.88    -1.41
1939    3    79.40     1.71
1939    4   206.69     4.95
1939    5   193.86    13.14
1939    6   265.77    17.09
1939    7   141.81    19.81
1939    8   168.03    16.01
1939    9    66.89    12.65
1939   10    10.03     8.69
1939   11    64.85     1.58
1939   12    18.56    -1.96
1940    1    16.40    -1.60
1940    2    35.65    -2.04
1940    3    86.44    -0.04
1940    4   220.91     4.13
1940    5   193.80    11.48
1940    6   197.65    17.57
1940    7   171.77    19.87
1940    8   171.16    17.90
1940    9    74.35    11.80
1940   10    76.14     6.01
1940   11    33.52    -1.48
1940   12    19.94    -2.51
1941    1    40.83    -5.16
1941    2    27.42    -5.74
1941    3   108.89    -0.94
1941    4   161.65     4.71
1941    5   203.08    11.87
1941    6   376.16    14.75
1941    7   170.10    18.51
1941    8    71.84    17.30
1941    9    70.98    13.33
1941   10    94.30     6.77
1941   11    60.97    -3.77
1941   12    28.34    -2.20
1942    1    18.13    -4.29
1942    2    54.97    -2.62
1942    3   124.91     2.79
1942    4   171.48     7.13
1942    5   233.46    13.09
1942    6   257.81    15.14
1942    7   185.95    18.72
1942    8   174.18    16.48
1942    9    72.36    12.07
1942   10    57.52     6.17
1942   11    45.34     2.55
1942   12    27.85    -0.13
1943    1    38.76    -3.27
1943    2    59.64    -0.13
1943    3    63.69    -0.20
1943    4    64.97     7.94
1943    5   230.36    11.90
1943    6   252.74    14.95
1943    7   207.85    19.29
1943    8   174.48    15.44
1943    9   130.16    13.37
1943   10    43.65     5.33
1943   11    32.94     0.02
1943   12    45.49    -2.73
1944    1    18.60    -3.17
1944    2     7.98     0.15
1944    3    49.83     1.68
1944    4   155.91     7.77
1944    5   170.22    12.55
1944    6   197.11    16.38
1944    7   311.35    16.67
1944    8   173.31    15.61
1944    9    78.84    10.97
1944   10    21.44     5.89
1944   11    51.27    -0.41
1944   12    55.10    -6.87
1945    1    27.40    -3.34
1945    2    19.08    -1.07
1945    3    78.30     3.37
1945    4   141.90     8.37
1945    5   250.80    12.72
1945    6   215.26    17.93
1945    7   162.42    19.55
1945    8    56.31    19.63
1945    9    89.89     9.95
1945   10    73.19     5.01
1945   11    30.47    -3.32
1945   12    14.48    -4.51
1946    1     3.53    -1.26
1946    2    35.95     1.91
1946    3    92.55     0.84
1946    4   153.09     8.31
1946    5   180.88    14.34
1946    6   252.82    16.95
1946    7   215.06    17.66
1946    8    70.04    19.30
1946    9    49.93    14.60
1946   10    69.49     7.94
1946   11    39.38     1.66
1946   12    35.53    -2.65
1947    1    16.66    -0.68
1947    2    71.65    -4.07
1947    3    51.68    -0.01
1947    4   131.18     7.73
1947    5   173.09    10.95
1947    6   144.18    18.55
1947    7   153.69    17.43
1947    8   162.00    17.20
1947    9   125.00    11.57
1947   10    60.07     8.10
1947   11    46.86     2.77
1947   12    57.84    -2.69
1948    1    45.96    -4.58
1948    2    51.24    -0.41
1948    3    83.94     1.69
1948    4   113.34     8.47
1948    5   266.57    13.53
1948    6   180.97    17.48
1948    7   172.76    17.20
1948    8   102.48    16.61
1948    9   116.86    11.08
1948   10    35.14     7.31
1948   11    23.05    -0.51
1948   12    16.94    -1.79
1949    1     3.17    -0.13
1949    2    45.59    -1.43
1949    3    70.71     0.69
1949    4   133.46     4.39
1949    5   182.44    12.58
1949    6   214.41    18.20
1949    7   209.22    19.57
1949    8    62.89    16.81
1949    9    59.67    12.92
1949   10    65.27     4.44
1949   11    19.77     0.09
1949   12    26.09    -1.47
1950    1    44.26    -9.65
1950    2    52.09    -2.10
1950    3    91.47    -1.03
1950    4   135.59     7.59
1950    5   208.40    11.95
1950    6   314.64    16.74
1950    7   118.91    17.17
1950    8   119.49    17.64
1950    9   103.64    11.30
1950   10    12.25     8.45
1950   11    31.71     3.35
1950   12    12.09    -0.92
1951    1    42.91    -6.40
1951    2    19.79    -1.80
1951    3    30.46     5.04
1951    4    92.85     6.45
1951    5   136.11    14.37
1951    6   278.47    17.84
1951    7   189.37    18.71
1951    8    96.69    18.36
1951    9    24.67    15.73
1951   10    71.81     6.50
1951   11    66.74    -1.80
1951   12    11.85    -2.73
1952    1    23.19    -4.63
1952    2    64.54    -2.25
1952    3   109.49     2.41
1952    4   144.64     6.39
1952    5   189.43    13.71
1952    6   217.58    16.15
1952    7   304.64    17.65
1952    8   137.93    15.23
1952    9    59.47    11.85
1952   10    25.13     6.39
1952   11    40.68    -0.11
1952   12    14.32    -3.46
1953    1    26.93    -2.63
1953    2    13.60    -1.78
1953    3    43.08     5.22
1953    4   141.45     5.11
1953    5   189.05    12.49
1953    6   269.16    15.77
1953    7   245.63    17.53
1953    8   131.47    15.61
1953    9    52.72    11.76
1953   10    63.22     6.06
1953   11     6.41     3.39
1953   12    23.92    -0.26
1954    1    64.24    -2.28
1954    2    49.24    -2.37
1954    3   109.58     2.38
1954    4   159.31     5.78
1954    5   283.06    11.70
1954    6   248.08    17.03
1954    7   223.65    17.71
1954    8   137.29    17.73
1954    9    91.81    10.68
1954   10    77.13     4.64
1954   11    22.71    -0.36
1954   12    58.86    -0.01
1955    1     4.97    -5.42
1955    2    66.36    -1.91
1955    3    82.21     2.37
1955    4   109.71     7.84
1955    5   113.66    13.48
1955    6   252.70    16.56
1955    7   134.74    19.81
1955    8    27.46    21.74
1955    9   114.34    11.72
1955   10    72.36     4.00
1955   11    43.21     2.18
1955   12    42.22    -4.75
1956    1    12.74    -5.91
1956    2    16.09    -1.26
1956    3   107.02     0.35
1956    4    92.59     5.25
1956    5   204.69    12.20
1956    6   247.13    15.98
1956    7   148.50    18.08
1956    8   163.25    16.17
1956    9   105.12    11.50
1956   10    78.76     5.83
1956   11    38.25     1.05
1956   12    38.24    -4.80
1957    1    56.31    -4.24
1957    2    49.67    -1.83
1957    3    79.22     2.75
1957    4   174.04     3.84
1957    5   206.85    13.68
1957    6   233.83    17.36
1957    7   161.87    16.71
1957    8    76.62    17.71
1957    9    70.78    12.18
1957   10    29.54     7.25
1957   11    49.12    -0.68
1957   12    43.90    -2.02
1958    1     9.03    -2.65
1958    2    24.91    -1.65
1958    3   146.27     1.90
1958    4   105.81     6.06
1958    5   227.13    12.33
1958    6   196.12    17.98
1958    7   142.26    17.52
1958    8   154.49    16.51
1958    9    90.41    11.37
1958   10   100.27     4.31
1958   11    28.86     1.64
1958   12     8.12    -2.84
1959    1    13.87    -1.29
1959    2    38.27    -0.22
1959    3    80.54     1.79
1959    4   120.69     7.65
1959    5   256.99    12.44
1959    6   291.87    16.69
1959    7   153.79    19.18
1959    8   146.23    17.23
1959    9   104.30    10.87
1959   10    59.18     5.14
1959   11    63.84     0.35
1959   12    32.04    -4.79
1960    1    17.24    -9.17
1960    2    43.39    -1.98
1960    3   105.26     2.55
1960    4   115.38     5.96
1960    5   296.72    12.23
1960    6   196.47    17.66
1960    7   230.49    18.05
1960    8   166.86    15.96
1960    9    89.36    10.74
1960   10    80.01     4.61
1960   11    91.60    -3.22
1960   12    37.65    -2.61
1961    1    16.89    -2.87
1961    2    50.56     0.31
1961    3    85.33     3.63
1961    4   208.72     5.55
1961    5   252.16    15.05
1961    6   303.00    17.12
1961    7   206.60    18.29
1961    8   119.42    16.07
1961    9   105.49    11.35
1961   10    30.62     5.92
1961   11     5.86     2.00
1961   12    19.05    -0.11
1962    1    65.35    -3.55
1962    2    21.73     1.62
1962    3    77.75     6.33
1962    4   124.76     7.57
1962    5   238.21    12.21
1962    6   245.57    18.53
1962    7   174.21    15.96
1962    8   160.31    15.65
1962    9   111.08    12.54
1962   10    71.55     6.78
1962   11    50.72     2.98
1962   12    36.08    -2.27
1963    1    30.88    -1.78
1963    2    17.94    -1.97
1963    3    73.99     1.46
1963    4    68.46     8.57
1963    5   232.39    10.84
1963    6   280.20    17.03
1963    7   234.02    18.53
1963    8   126.43    16.84
1963    9    72.08    11.89
1963   10   120.29     4.19
1963   11    26.02    -0.27
1963   12    25.13    -2.96
1964    1    22.71    -5.52
1964    2    42.10    -3.29
1964    3    58.00     1.44
1964    4   181.00     6.14
1964    5   198.89    13.03
1964    6   112.48    18.77
1964    7   208.14    17.83
1964    8   135.73    17.05
1964    9    27.83    13.71
1964   10    76.67     6.15
1964   11    26.72     0.16
1964   12    22.11    -3.88
1965    1    11.35    -4.79
1965    2    44.38    -0.22
1965    3    56.34     1.96
1965    4   110.62     5.10
1965    5   301.76    11.95
1965    6   209.87    16.34
1965    7   136.90    18.11
1965    8   141.68    17.31
1965    9   104.88    11.93
1965   10    61.10     5.53
1965   11    43.21    -0.59
1965   12    41.07    -3.06
1966    1    43.39    -5.93
1966    2    17.70    -0.57
1966    3    95.84     1.04
1966    4   113.12     5.33
1966    5   249.54    10.35
1966    6   203.94    17.08
1966    7   163.17    18.13
1966    8   133.88    15.98
1966    9   142.11    10.71
1966   10    34.06     7.12
1966   11    34.12     1.87
1966   12    25.64    -3.83
1967    1    16.88    -1.09
1967    2    50.39    -3.01
1967    3    62.79     1.78
1967    4   127.07     7.86
1967    5   190.60    11.43
1967    6   325.94    15.21
1967    7   154.49    17.68
1967    8   128.10    15.75
1967    9    61.91    10.83
1967   10    55.34     5.97
1967   11    41.05     1.87
1967   12    18.57    -2.04
1968    1    14.97    -2.72
1968    2     8.94    -0.33
1968    3    80.32     3.57
1968    4    96.44     4.87
1968    5   242.34    10.03
1968    6   194.77    17.03
1968    7   312.79    16.76
1968    8    11.46    18.65
1968    9    80.47    12.94
1968   10    38.95     6.51
1968   11    66.76     1.55
1968   12    37.20    -2.09
1969    1    43.01    -4.79
1969    2     7.19     0.74
1969    3    85.89    -3.58
1969    4   157.21     5.48
1969    5   283.10    11.15
1969    6   255.96    17.35
1969    7   224.29    19.46
1969    8   100.84    15.82
1969    9   124.15     9.12
1969   10    88.50     2.22
1969   11    42.27    -2.71
1969   12    28.47    -2.24
1970    1    26.68    -4.69
1970    2    34.90    -1.64
1970    3    86.28     0.26
1970    4   204.47     4.87
1970    5   235.60    11.26
1970    6   125.37    17.53
1970    7   192.22    18.04
1970    8   112.43    16.43
1970    9    67.09    13.11
1970   10    74.27     6.74
1970   11    41.04     1.03
1970   12    11.73    -2.57
1971    1    82.80    -1.73
1971    2    15.68     2.65
1971    3    98.17    -1.55
1971    4   133.95     6.28
1971    5   241.38    11.06
1971    6   218.06    16.12
1971    7   100.60    18.94
1971    8   161.90    17.01
1971    9    80.25    11.51
1971   10    58.12     6.12
1971   11    78.12    -0.50
1971   12    46.01    -2.10
1972    1    15.72    -4.59
1972    2    25.09    -0.74
1972    3    59.31     3.49
1972    4   157.20     8.31
1972    5   303.92    11.89
1972    6   268.38    16.76
1972    7   204.67    17.49
1972    8   116.62    17.19
1972    9   103.63    10.12
1972   10    37.46     5.41
1972   11    56.14     0.23
1972   12    55.03    -4.39
1973    1    26.74    -5.34
1973    2    64.27    -2.67
1973    3    61.54     0.61
1973    4   137.10     4.14
1973    5   226.33    11.02
1973    6   212.42    18.08
1973    7   233.94    18.34
1973    8   167.77    15.89
1973    9   137.06    10.41
1973   10    60.54     6.16
1973   11    36.76     2.61
1973   12    44.90    -1.44
1974    1    21.98    -1.27
1974    2    33.14    -0.14
1974    3    86.03     0.42
1974    4   136.01     7.04
1974    5   198.09    12.13
1974    6   229.30    16.19
1974    7   196.18    18.71
1974    8   122.84    16.25
1974    9   183.34    11.79
1974   10    54.54     7.08
1974   11    18.02     1.78
1974   12    18.62    -3.87
1975    1    22.91    -2.22
1975    2    21.11    -0.25
1975    3   133.04     2.13
1975    4    96.78     6.52
1975    5   239.26    11.25
1975    6   299.62    16.43
1975    7   157.20    17.05
1975    8    91.23    16.35
1975    9    24.42    16.19
1975   10    61.80     5.34
1975   11    15.87     2.45
1975   12    48.45    -2.42
1976    1    29.88    -1.97
1976    2    49.17    -2.92
1976    3    58.00     1.21
1976    4   135.41     5.42
1976    5   204.49    11.24
1976    6   172.96    18.69
1976    7    97.77    18.80
1976    8   116.23    16.39
1976    9   102.99     9.95
1976   10    97.20     5.24
1976   11    55.46     1.27
1976   12    42.24    -2.10
1977    1    20.25    -2.87
1977    2    42.25    -1.11
1977    3    79.13     1.02
1977    4   101.24     7.81
1977    5   250.51    11.76
1977    6   280.30    18.20
1977    7   186.84    17.59
1977    8   237.95    16.42
1977    9    75.77    10.68
1977   10    12.34     6.36
1977   11    47.50     2.14
1977   12    57.04    -3.95
1978    1    33.66    -3.54
1978    2    36.02     0.80
1978    3    77.84     2.19
1978    4   152.87     6.10
1978    5   188.51    12.55
1978    6   241.70    17.70
1978    7   280.10    18.15
1978    8   217.61    14.89
1978    9    57.69    10.33
1978   10    97.54     5.14
1978   11    36.24    -1.03
1978   12     5.61    -1.04
1979    1    11.25    -1.94
1979    2    30.60    -0.96
1979    3    69.57     1.73
1979    4    78.22     8.03
1979    5   207.16    13.25
1979    6   227.64    16.65
1979    7   270.68    17.84
1979    8   110.42    15.87
1979    9    71.17    11.71
1979   10    69.22     7.55
1979   11    26.81     2.85
1979   12    17.71    -0.58
1980    1    12.66    -2.82
1980    2    19.86     1.88
1980    3    72.81     4.16
1980    4   172.59     6.65
1980    5   256.70    13.23
1980    6   182.86    17.92
1980    7   183.88    19.33
1980    8   139.37    16.58
1980    9   144.89    10.78
1980   10    38.17     4.94
1980   11    22.92    -0.31
1980   12    19.59    -3.70
1981    1    32.31    -3.59
1981    2    40.17    -3.32
1981    3    68.03     1.83
1981    4    98.84     8.14
1981    5   212.76    13.40
1981    6   161.11    16.97
1981    7   117.61    18.66
1981    8    95.01    17.76
1981    9    79.94    12.84
1981   10   110.35     4.79
1981   11    55.63    -1.03
1981   12    36.13    -3.43
1982    1     8.26    -0.71
1982    2    29.00     1.54
1982    3   127.19     1.85
1982    4   168.80     5.76
1982    5   197.39    11.06
1982    6   243.30    18.12
1982    7   147.37    21.39
1982    8   153.49    13.62
1982    9    32.07    15.31
1982   10    26.76     6.09
1982   11    23.33     2.61
1982   12    33.76    -0.64
1983    1    27.17    -3.60
1983    2    56.07    -1.24
1983    3    93.25     1.87
1983    4    90.06     7.93
1983    5   226.58    11.38
1983    6   217.64    16.16
1983    7   231.19    17.77
1983    8   151.76    15.34
1983    9    47.20    13.09
1983   10    45.80     4.39
1983   11    50.18     0.92
1983   12    32.21    -3.81
1984    1    16.28    -1.19
1984    2     9.07     0.73
1984    3    46.30     5.00
1984    4   120.40     4.76
1984    5   194.05    12.11
1984    6   263.80    17.80
1984    7   239.88    17.72
1984    8   106.36    17.32
1984    9   106.12    13.10
1984   10    55.57     4.82
1984   11    33.70     0.75
1984   12     3.72    -1.19
1985    1    12.12    -0.03
1985    2    37.32     2.79
1985    3    85.36     4.04
1985    4   130.71     7.12
1985    5   163.06    14.33
1985    6   220.58    18.48
1985    7   225.15    17.53
1985    8    69.75    17.48
1985    9    26.70    14.14
1985   10    47.79     8.63
1985   11    50.41    -0.12
1985   12    67.27    -7.01
1986    1    42.29    -4.20
1986    2    28.55    -4.54
1986    3    55.28     2.05
1986    4   152.70     3.02
1986    5   205.01    13.16
1986    6   255.14    17.38
1986    7   146.38    19.39
1986    8    49.33    20.10
1986    9    82.03    14.76
1986   10   110.71     6.72
1986   11     9.14     0.48
1986   12    26.74    -0.96
1987    1    31.55    -1.58
1987    2    54.25    -1.78
1987    3   115.71     1.85
1987    4   111.34     6.29
1987    5   301.45    11.02
1987    6   284.93    16.21
1987    7   149.52    19.05
1987    8    83.44    15.51
1987    9    44.89    13.03
1987   10    53.04     5.24
1987   11    22.05     1.35
1987   12    44.60    -0.14
1988    1    60.80    -0.77
1988    2    20.29    -5.92
1988    3    61.73     4.23
1988    4   189.81     6.34
1988    5   272.75    12.29
1988    6   202.06    18.52
1988    7   169.31    18.40
1988    8   115.51    16.10
1988    9   115.38     8.83
1988   10    43.06     5.58
1988   11    22.47     3.60
1988   12    21.95    -1.49
1989    1     7.62    -0.53
1989    2    17.78     0.85
1989    3    67.60     6.17
1989    4   145.73     9.42
1989    5   132.29    14.33
1989    6   137.37    19.23
1989    7   131.84    20.60
1989    8    38.71    21.74
1989    9    96.09    13.13
1989   10    36.05     6.59
1989   11    70.05     1.11
1989   12    41.35    -2.97
1990    1    44.73    -6.22
1990    2    40.61     0.46
1990    3   117.86     0.27
1990    4   164.03     6.70
1990    5   199.16    12.92
1990    6   188.31    17.69
1990    7   166.14    19.21
1990    8   134.45    18.69
1990    9    84.79    12.19
1990   10    84.13     5.04
1990   11    19.11     1.44
1990   12     4.75    -0.66
1991    1     8.69    -2.45
1991    2    16.32     1.00
1991    3   112.97     0.76
1991    4   160.50     5.20
1991    5   323.26    10.19
1991    6   188.93    18.19
1991    7   172.73    18.93
1991    8    88.53    16.33
1991    9    83.71    13.23
1991   10    52.47     6.11
1991   11    51.11     1.80
1991   12    40.86    -5.46
1992    1    53.46    -7.32
1992    2    27.29    -7.79
1992    3   111.47     2.36
1992    4    57.16     9.76
1992    5   245.61    11.59
1992    6   148.35    17.77
1992    7   204.45    19.53
1992    8   132.20    16.72
1992    9    88.99    12.30
1992   10    25.19     8.29
1992   11    48.06     2.30
1992   12    69.55    -6.63
1993    1    17.14    -3.61
1993    2    38.88    -1.46
1993    3    50.29     3.11
1993    4   147.73     6.50
1993    5   173.00    12.43
1993    6   170.75    18.05
1993    7   194.87    18.25
1993    8   160.44    14.19
1993    9    31.06    12.77
1993   10    22.95     9.09
1993   11    15.89     3.45
1993   12    31.24    -2.64
1994    1    36.49    -5.45
1994    2    19.06    -2.27
1994    3    85.55     0.27
1994    4   188.97     4.37
1994    5   205.29     9.24
1994    6   206.27    17.37
1994    7   215.07    19.07
1994    8   113.90    17.27
1994    9    64.30    11.48
1994   10    48.21     5.47
1994   11    31.16     2.65
1994   12    12.65    -0.15
1995    1    16.12    -2.90
1995    2    51.38    -0.75
1995    3    73.54     1.94
1995    4   110.12     6.24
1995    5   209.65    10.95
1995    6   118.99    19.81
1995    7   157.10    19.44
1995    8   105.14    17.37
1995    9    80.17    11.41
1995   10    34.25     8.21
1995   11    26.27    -0.13
1995   12    40.40    -3.91
1996    1    38.72    -1.98
1996    2    49.61    -1.85
1996    3    93.83     1.47
1996    4   151.14     5.59
1996    5   165.79    12.41
1996    6   224.77    17.32
1996    7   211.31    18.42
1996    8    89.27    15.31
1996    9    47.72    14.02
1996   10   123.74     4.31
1996   11    48.35    -1.01
1996   12    14.91    -0.66
1997    1     8.58    -2.19
1997    2    43.02    -0.41
1997    3    87.13     2.48
1997    4   149.21     6.25
1997    5   110.62    12.80
1997    6   150.02    19.08
1997    7   283.26    17.30
1997    8    86.89    17.09
1997    9    97.59    11.58
1997   10    38.25     6.67
1997   11    43.47     2.23
1997   12     7.37    -0.28
1998    1    60.10    -3.63
1998    2    32.70    -0.44
1998    3   143.80     2.91
1998    4   106.46     5.91
1998    5   280.45    12.26
1998    6   133.69    17.44
1998    7   184.14    19.04
1998    8   136.28    17.04
1998    9    28.96    15.59
1998   10   110.54     7.73
1998   11   107.23    -2.18
1998   12    37.80    -6.05
1999    1    11.83    -3.23
1999    2    36.20    -0.22
1999    3    82.82    -0.29
1999    4   111.42     7.08
1999    5   108.16    14.06
1999    6   249.51    18.43
1999    7   187.28    19.66
1999    8    72.39    19.47
1999    9    53.02    15.78
1999   10    26.83     8.18
1999   11    13.94     1.74
1999   12    40.17    -2.92
2000    1    74.76    -8.25
2000    2    57.02    -2.94
2000    3    89.12     2.48
2000    4    90.74     4.95
2000    5   236.77    13.58
2000    6   183.50    18.73
2000    7   304.79    18.98
2000    8   132.46    17.06
2000    9   109.41    12.29
2000   10    61.26     7.04
2000   11    28.26     0.01
2000   12    24.50    -4.14
2001    1    34.23    -0.43
2001    2    46.46    -1.99
2001    3    56.07     0.65
2001    4    86.94     7.45
2001    5   169.73    12.60
2001    6   195.12    18.26
2001    7   270.69    18.13
2001    8   125.06    16.96
2001    9    61.40    12.09
2001   10    35.05     7.64
2001   11    37.59     2.22
2001   12    40.67    -5.53
2002    1    55.82    -3.38
2002    2    42.81    -0.90
2002    3    84.44    -0.10
2002    4    84.99     5.94
2002    5   191.17    14.66
2002    6   226.36    17.74
2002    7   190.72    18.87
2002    8    74.22    20.01
2002    9    78.65    11.64
2002   10    54.19     8.01
2002   11     3.64     2.93
2002   12     3.36    -0.67
2003    1    14.20     1.38
2003    2    56.84     0.20
2003    3   128.12     2.69
2003    4   101.99     5.77
2003    5   208.76    13.17
2003    6   215.50    18.11
2003    7   152.30    20.96
2003    8   168.65    18.13
2003    9    59.96    12.57
2003   10    81.19     7.81
2003   11    37.39     2.58
2003   12     9.68    -1.62
2004    1    15.24    -0.13
2004    2    12.56    -1.71
2004    3    53.35     1.18
2004    4   156.94     6.21
2004    5   177.41    13.89
2004    6   164.84    18.47
2004    7   175.51    17.31
2004    8    95.21    19.41
2004    9    99.65    13.26
2004   10    67.91     4.81
2004   11    42.11     3.20
2004   12    28.54    -1.00
2005    1    10.44     0.66
2005    2    26.19    -0.28
2005    3   119.24     0.12
2005    4   139.95     7.37
2005    5   216.00    13.31
2005    6   227.92    19.02
2005    7   224.95    20.02
2005    8   166.46    16.93
2005    9   115.38    10.99
2005   10    79.92     6.25
2005   11    19.62     1.79
2005   12    42.75    -1.10
