2006    1    22.15     0.35
2006    2    61.93     5.74
2006    3   120.23     9.68
2006    4   114.74    10.51
2006    5   140.31    16.97
2006    6    94.46    22.26
2006    7    44.79    25.28
2006    8    44.89    22.96
2006    9    43.44    16.09
2006   10   106.74    10.94
2006   11    31.48     5.54
2006   12    19.19     1.62
2007    1    20.05     2.34
2007    2    34.18     5.14
2007    3    45.34    10.43
2007    4    62.93    12.60
2007    5   155.57    16.26
2007    6    68.01    20.81
2007    7     8.57    24.95
2007    8    97.44    22.49
2007    9    72.35    15.18
2007   10    42.14     9.56
2007   11    26.59     5.73
2007   12    84.74     2.66
2008    1    22.28     1.19
2008    2    31.20     3.63
2008    3    89.78     5.69
2008    4    66.17    11.83
2008    5   109.40    16.94
2008    6    56.15    20.90
2008    7    27.23    27.15
2008    8   130.73    22.65
2008    9    91.88    16.27
2008   10    53.84    10.62
2008   11    17.36     5.68
2008   12     8.93     4.29
2009    1    42.11     0.24
2009    2    33.19     2.19
2009    3    65.75     9.29
2009    4   114.84    11.13
2009    5   176.32    14.12
2009    6   204.63    18.47
2009    7    80.68    24.37
2009    8    30.64    24.98
2009    9    64.28    15.62
2009   10    29.22    11.06
2009   11    20.07     6.13
2009   12    38.20     2.10
2010    1    20.21     2.06
2010    2    38.70     4.40
2010    3    35.03    10.80
2010    4   152.07    11.60
2010    5   120.08    16.19
2010    6    94.35    19.45
2010    7    29.01    24.92
2010    8    25.09    24.48
2010    9   121.47    17.87
2010   10    63.84    11.74
2010   11    50.80     7.46
2010   12     7.54     2.37
2011    1    56.49     2.53
2011    2    40.69     1.73
2011    3    57.62     7.61
2011    4    93.04    12.48
2011    5   104.12    15.83
2011    6    67.65    20.57
2011    7    44.27    24.71
2011    8    79.26    24.65
2011    9    29.85    15.91
2011   10    45.22    11.85
2011   11    22.68     5.19
2011   12    31.29     4.31
2012    1    12.21     1.62
2012    2    60.99     1.46
2012    3    79.60     9.25
2012    4   134.83    10.35
2012    5   169.94    15.29
2012    6   129.77    18.82
2012    7    47.49    25.34
2012    8    48.71    21.08
2012    9    92.40    15.82
2012   10    25.53     9.09
2012   11    17.46     6.71
2012   12    34.74     0.61
2013    1    39.27     2.38
2013    2    55.74     3.09
2013    3    59.06     8.06
2013    4    76.05    11.06
2013    5    87.11    17.78
2013    6   113.76    21.99
2013    7    25.08    26.65
2013    8    53.62    23.17
2013    9    20.03    17.60
2013   10    51.03    12.73
2013   11    12.49     8.76
2013   12    57.81     3.87
2014    1    30.00     3.47
2014    2    15.19     6.39
2014    3    62.82    10.35
2014    4   190.59    11.51
2014    5   248.82    16.56
2014    6    48.84    21.06
2014    7    34.38    27.76
2014    8    11.62    25.40
2014    9    68.10    16.46
2014   10    10.59    13.85
2014   11    12.12     6.22
2014   12    44.13     3.75
2015    1    30.14     2.82
2015    2    28.21     2.21
2015    3    54.83     9.43
2015    4   103.63    11.42
2015    5    94.27    18.30
2015    6    47.37    22.48
2015    7    29.52    27.18
2015    8    32.58    28.60
2015    9   206.04    15.90
2015   10    54.01    10.14
2015   11    39.48     7.46
2015   12    12.13     3.18
2016    1    41.39     3.52
2016    2    21.14     3.44
2016    3    66.61     8.79
2016    4   140.24    12.25
2016    5   171.24    16.23
2016    6    49.58    22.06
2016    7     7.07    26.90
2016    8   100.75    21.66
2016    9    60.46    16.11
2016   10    23.50    11.65
2016   11     2.99     7.59
2016   12    19.32     3.03
2017    1    23.01     3.60
2017    2    37.67     7.56
2017    3    73.45    11.16
2017    4   127.28    13.26
2017    5   130.02    16.95
2017    6    51.38    22.07
2017    7    67.87    28.98
2017    8   127.23    23.31
2017    9    43.04    17.99
2017   10    40.82    12.63
2017   11    88.41     6.20
2017   12    67.13     2.36
2018    1    11.25     3.82
2018    2    49.95     4.66
2018    3    78.46     8.40
2018    4   109.34    12.36
2018    5   146.89    14.89
2018    6   109.90    19.95
2018    7    13.20    26.95
2018    8    58.38    23.59
2018    9    47.40    17.95
2018   10    56.46    11.09
2018   11    16.73     9.07
2018   12    25.74     4.44
2019    1    44.41     4.73
2019    2    18.37     5.45
2019    3    48.34    11.04
2019    4    52.42    14.79
2019    5   183.36    17.07
2019    6    28.43    22.89
2019    7    15.40    26.37
2019    8    42.90    26.00
2019    9    53.21    18.83
2019   10    36.81    12.27
2019   11    40.36     6.42
2019   12    16.82     3.31
2020    1    38.57     2.92
2020    2    66.11     4.09
2020    3    55.41     7.98
2020    4   143.04    12.89
2020    5   144.06    17.43
2020    6    55.28    20.10
2020    7    32.69    25.12
2020    8    35.00    25.49
2020    9    24.79    20.18
2020   10    37.58    12.12
2020   11    54.99     6.42
2020   12    15.33     2.57
2021    1    43.80     2.66
2021    2    63.44     4.84
2021    3    69.30    10.08
2021    4   119.03    11.93
2021    5   174.63    17.19
2021    6    74.14    21.31
2021    7    28.22    26.22
2021    8    38.44    24.12
2021    9    82.19    16.58
2021   10    39.30    11.72
2021   11    17.39     9.89
2021   12    29.77     5.44
2022    1    18.35     3.48
2022    2    35.58     5.38
2022    3    61.26     8.81
2022    4   132.31    12.21
2022    5   134.50    16.71
2022    6    54.04    23.04
2022    7     2.40    26.25
2022    8    55.94    25.49
2022    9    13.77    20.37
2022   10    43.85     9.43
2022   11    22.53     6.60
2022   12    42.96     2.04
2023    1    75.36     4.19
2023    2    14.99     5.50
2023    3    42.36     8.03
2023    4    85.06    12.57
2023    5   191.83    16.08
2023    6    88.49    20.91
2023    7    48.75    26.88
2023    8   153.42    24.25
2023    9    55.48    17.89
2023   10    30.39    12.14
2023   11     3.46     9.38
2023   12    20.19     3.28
2024    1    33.68     1.07
2024    2    60.19     5.29
2024    3    91.56     5.83
2024    4   146.79    11.78
2024    5   174.27    15.52
2024    6    46.39    20.85
2024    7     2.98    25.56
2024    8    35.26    23.17
2024    9   110.22    19.46
2024   10    47.94    13.54
2024   11    70.52     6.05
2024   12    20.62     3.72
2025    1    24.36     2.80
2025    2    37.21     3.11
2025    3    33.88     9.95
2025    4    84.53    13.84
2025    5   222.26    15.91
2025    6    16.32    21.96
2025    7    24.05    24.27
2025    8    29.45    26.96
2025    9     9.27    23.59
2025   10    45.33    11.68
2025   11    22.82     8.33
2025   12    45.77     2.48
2026    1    34.83     2.60
2026    2    32.80     6.80
2026    3    64.29    10.02
2026    4   105.11    13.67
2026    5   130.31    15.69
2026    6    69.02    21.64
2026    7    16.16    25.60
2026    8    39.70    25.28
2026    9    48.09    17.62
2026   10    12.80    11.39
2026   11    28.21     5.50
2026   12    12.20     4.42
2027    1    43.11     2.85
2027    2    40.92     2.48
2027    3    67.88     7.94
2027    4   112.54    11.51
2027    5    91.36    16.25
2027    6    55.32    22.25
2027    7    50.36    27.59
2027    8    45.72    29.56
2027    9    95.59    19.54
2027   10   126.04     9.06
2027   11    47.77     6.26
2027   12    21.38     3.13
2028    1     9.82     4.67
2028    2    99.18     2.81
2028    3    82.42     8.08
2028    4   122.97    10.90
2028    5   125.89    17.04
2028    6    41.00    21.84
2028    7    19.25    26.77
2028    8    50.80    22.93
2028    9    99.14    18.84
2028   10    48.58    10.83
2028   11    17.43     7.60
2028   12    41.25     4.25
2029    1    23.78     3.52
2029    2    54.40     2.84
2029    3    18.73    12.63
2029    4    61.54    12.87
2029    5   151.01    19.34
2029    6    24.97    23.79
2029    7    21.68    26.81
2029    8    66.75    27.20
2029    9    92.63    19.88
2029   10    28.34    15.09
2029   11    55.94     6.69
2029   12    22.87     4.67
2030    1    44.38     4.07
2030    2    31.04     7.34
2030    3    83.69     9.01
2030    4    54.34    13.35
2030    5   168.53    16.83
2030    6    17.83    21.79
2030    7    42.67    29.49
2030    8    31.15    26.52
2030    9    40.20    21.01
2030   10    20.26    14.31
2030   11    31.25     8.22
2030   12    11.78     4.05
2031    1    40.69     4.66
2031    2    37.84     5.61
2031    3   133.59     7.42
2031    4    70.51    14.08
2031    5   207.36    16.60
2031    6    85.32    22.17
2031    7     7.45    27.00
2031    8    56.18    27.09
2031    9    18.79    20.93
2031   10    34.02    13.68
2031   11    28.17     5.10
2031   12    19.10     4.51
2032    1    42.26     1.72
2032    2    37.92     5.39
2032    3    50.95     9.44
2032    4   135.06    11.83
2032    5   123.54    15.83
2032    6    96.33    22.07
2032    7    15.38    28.41
2032    8    52.81    25.19
2032    9   111.28    18.40
2032   10    72.82    12.32
2032   11    60.74     7.08
2032   12    30.12     2.47
2033    1    32.08     1.19
2033    2    30.74     5.31
2033    3    64.74     8.31
2033    4    84.78    13.86
2033    5   234.02    15.75
2033    6   114.68    22.53
2033    7    18.57    27.69
2033    8    30.43    24.73
2033    9    49.94    17.62
2033   10    63.89    11.12
2033   11     7.10     9.84
2033   12    27.67     4.01
2034    1    37.43     3.66
2034    2    38.75     5.27
2034    3    39.34    10.71
2034    4    92.59    13.78
2034    5   184.87    16.57
2034    6    64.53    26.45
2034    7    19.21    27.71
2034    8    25.62    27.25
2034    9    62.14    20.48
2034   10    13.03    13.78
2034   11     5.97    10.37
2034   12    14.48     3.98
2035    1    29.73     2.68
2035    2    32.24     5.44
2035    3    55.20     8.70
2035    4    84.87    14.99
2035    5   104.71    16.46
2035    6    52.76    24.56
2035    7    33.79    25.46
2035    8    61.33    25.24
2035    9    38.90    21.32
2035   10    35.92    12.81
2035   11    28.13     8.72
2035   12    17.61     3.81
2036    1    51.35     2.29
2036    2    24.78     6.60
2036    3    68.75    10.09
2036    4    55.31    14.49
2036    5   136.39    16.60
2036    6    69.38    21.81
2036    7    15.72    27.12
2036    8    23.09    27.44
2036    9    40.13    19.60
2036   10    33.33    10.94
2036   11     8.43     6.11
2036   12    33.57     3.17
2037    1    38.16     3.79
2037    2    55.68     6.24
2037    3    21.09     9.95
2037    4   172.95    13.71
2037    5   195.53    16.57
2037    6   108.67    22.61
2037    7    56.44    25.54
2037    8    14.12    26.56
2037    9    38.73    20.27
2037   10    25.72    14.56
2037   11     6.86     8.30
2037   12    31.08     5.40
2038    1    37.70     3.65
2038    2    19.46     4.13
2038    3    33.91    12.27
2038    4    89.05    13.95
2038    5    95.40    15.34
2038    6    48.09    23.44
2038    7    25.49    27.09
2038    8    29.20    28.64
2038    9    69.30    19.92
2038   10    41.96    12.06
2038   11    43.22     7.77
2038   12    36.10     2.24
2039    1    57.79     2.18
2039    2    26.06     2.56
2039    3    60.78    10.20
2039    4    63.78    13.65
2039    5   174.46    15.40
2039    6    71.46    19.32
2039    7    23.81    26.47
2039    8    25.18    26.15
2039    9    13.73    22.88
2039   10    74.77    11.58
2039   11    29.44     6.16
2039   12    29.60     3.72
2040    1    45.00     2.23
2040    2    32.58     5.15
2040    3    32.50    10.18
2040    4    69.38    13.64
2040    5   181.19    17.55
2040    6    71.20    23.21
2040    7    17.95    28.37
2040    8     3.19    27.24
2040    9    37.13    21.30
2040   10    65.54    14.05
2040   11    15.19     8.27
2040   12    29.63     5.61
2041    1    25.24     4.15
2041    2    29.02     4.57
2041    3    90.50    10.75
2041    4    68.42    13.91
2041    5   176.07    15.65
2041    6    17.23    23.44
2041    7    31.39    30.22
2041    8    34.79    28.81
2041    9   107.02    18.24
2041   10    35.05    13.15
2041   11    23.05    10.55
2041   12    28.49     5.29
2042    1    32.31     3.64
2042    2    32.79     4.36
2042    3    33.61     9.25
2042    4   110.03    10.77
2042    5   207.39    16.90
2042    6    35.40    22.98
2042    7    22.98    28.29
2042    8    58.95    26.18
2042    9    55.54    23.60
2042   10    85.10    13.43
2042   11    82.69     8.03
2042   12    42.67     4.51
2043    1    25.11     4.28
2043    2    24.23     4.48
2043    3    77.56     9.86
2043    4    93.95    12.25
2043    5   203.29    15.88
2043    6    47.12    22.46
2043    7     7.67    28.75
2043    8    20.41    26.33
2043    9    69.17    18.70
2043   10    36.29    13.34
2043   11    55.99     8.52
2043   12    32.65     5.29
2044    1    62.94     2.37
2044    2    47.96     5.99
2044    3    73.16     6.81
2044    4    60.31    13.24
2044    5   127.60    18.93
2044    6    61.39    21.89
2044    7    67.90    26.58
2044    8    27.35    26.99
2044    9   130.85    19.16
2044   10    57.60    11.99
2044   11    10.31     7.36
2044   12    40.62     3.52
2045    1    39.81     3.88
2045    2    37.24     3.88
2045    3    46.04    10.12
2045    4   131.83    16.14
2045    5    82.03    17.91
2045    6    88.10    23.24
2045    7    32.92    28.39
2045    8    29.81    28.92
2045    9    63.23    21.80
2045   10    30.34    13.10
2045   11     9.63     8.51
2045   12    26.95     4.19
2046    1    38.16     2.41
2046    2    47.25     2.27
2046    3    62.06     6.64
2046    4   101.24    12.46
2046    5   166.62    18.10
2046    6    91.87    21.15
2046    7    27.76    27.16
2046    8    60.10    26.16
2046    9    80.99    22.55
2046   10    42.52    14.89
2046   11    23.08     8.23
2046   12    13.55     5.47
2047    1    11.99     3.61
2047    2    32.83     7.01
2047    3    60.37    10.27
2047    4   106.23    12.96
2047    5   153.86    18.43
2047    6    79.67    24.66
2047    7     8.76    32.00
2047    8    56.84    27.35
2047    9   102.90    20.84
2047   10     9.78    13.14
2047   11    43.54     7.88
2047   12    16.47     5.20
2048    1    38.97     3.39
2048    2    15.57     6.70
2048    3    57.74    10.37
2048    4   104.03    15.01
2048    5   175.28    17.56
2048    6    28.21    25.12
2048    7    17.94    28.78
2048    8    21.67    29.74
2048    9    72.34    20.33
2048   10    22.17    14.12
2048   11    32.09     9.40
2048   12    40.85     5.27
2049    1    43.37     3.03
2049    2    17.04     4.51
2049    3    26.72    11.87
2049    4   137.63    12.75
2049    5    77.60    18.73
2049    6    36.38    24.62
2049    7    17.27    28.71
2049    8    94.99    27.84
2049    9    84.74    19.92
2049   10    50.82    14.05
2049   11    27.89     6.94
2049   12    20.55     3.63
2050    1    21.85     3.95
2050    2    64.80     5.32
2050    3    47.27    12.08
2050    4   143.97    13.68
2050    5   145.71    17.21
2050    6    84.89    21.38
2050    7    13.50    30.13
2050    8    20.74    30.92
2050    9    32.29    23.40
2050   10    38.92    12.67
2050   11    15.28     8.79
2050   12    24.30     5.46
2051    1    14.08    -0.56
2051    2    33.18     6.00
2051    3    87.74     8.36
2051    4    91.74    13.66
2051    5   140.03    17.03
2051    6    64.56    23.23
2051    7    67.67    27.93
2051    8    19.82    30.15
2051    9    84.55    22.25
2051   10    35.81    11.86
2051   11    25.96     6.86
2051   12    24.06     4.32
2052    1    40.73     3.98
2052    2    39.76     6.54
2052    3    16.35    12.09
2052    4   135.83    14.73
2052    5   149.83    21.00
2052    6    93.24    22.65
2052    7    24.71    30.28
2052    8   104.34    26.59
2052    9   101.65    22.68
2052   10    53.72    15.13
2052   11    11.31    10.63
2052   12    28.19     6.24
2053    1    25.93     4.97
2053    2    26.49     5.90
2053    3    62.34    10.17
2053    4    53.20    13.98
2053    5    97.36    19.10
2053    6   101.52    23.98
2053    7    15.85    29.44
2053    8    88.60    29.64
2053    9   106.30    18.86
2053   10    60.97    11.61
2053   11    23.37     7.99
2053   12    40.27     4.30
2054    1    22.80     3.90
2054    2    49.68     6.48
2054    3    35.67    10.35
2054    4    80.99    13.93
2054    5   132.16    19.51
2054    6    85.88    21.91
2054    7    27.88    30.42
2054    8    83.67    26.50
2054    9    39.25    19.13
2054   10   116.64    12.86
2054   11    69.44     6.99
2054   12    37.59     4.65
2055    1    33.05     5.98
2055    2    40.78     2.92
2055    3    80.64     7.29
2055    4    27.78    18.22
2055    5   125.77    18.67
2055    6    98.51    22.46
2055    7    20.58    28.53
2055    8    73.73    25.39
2055    9    60.71    20.46
2055   10    21.21    14.71
2055   11    33.53     9.04
2055   12    16.84     3.34
2056    1    20.92     4.29
2056    2    26.17     6.62
2056    3   110.51     7.25
2056    4   150.55    11.40
2056    5   154.77    18.39
2056    6    44.94    21.92
2056    7     4.72    30.18
2056    8    40.06    30.91
2056    9    70.67    21.55
2056   10    20.11    14.02
2056   11     8.60    10.25
2056   12    49.57     3.23
2057    1    39.03     3.67
2057    2    12.98     6.82
2057    3    71.38    10.17
2057    4   134.55    14.37
2057    5    98.27    17.83
2057    6    74.61    24.35
2057    7    34.38    29.89
2057    8    27.25    27.68
2057    9    48.16    22.12
2057   10    24.11    14.25
2057   11    23.19     7.63
2057   12    23.89     3.47
2058    1    19.63     1.77
2058    2    19.00     6.74
2058    3    61.67    11.46
2058    4    92.32    12.08
2058    5   160.96    17.90
2058    6   113.61    24.52
2058    7    12.03    30.42
2058    8    43.43    26.20
2058    9    85.35    20.95
2058   10    28.58    14.12
2058   11    52.59     8.64
2058   12    26.06     3.24
2059    1    17.40     5.45
2059    2    26.18     6.49
2059    3    33.68    11.31
2059    4    42.68    13.85
2059    5   187.89    16.93
2059    6    90.18    21.65
2059    7    12.44    29.87
2059    8    58.91    24.63
2059    9    34.69    22.58
2059   10    19.93    15.04
2059   11     7.74     9.80
2059   12    15.91     5.61
2060    1    20.59     3.08
2060    2    33.70     7.55
2060    3    39.72     9.20
2060    4   141.86    14.63
2060    5   158.32    18.35
2060    6    59.12    24.90
2060    7    13.96    31.09
2060    8   138.48    27.19
2060    9    38.55    24.28
2060   10    39.65    15.82
2060   11    19.62     9.55
2060   12     9.24     4.34
2061    1    11.74     2.97
2061    2    26.16     5.78
2061    3    10.87    12.08
2061    4   109.82    13.56
2061    5   148.51    19.36
2061    6    82.48    24.28
2061    7    93.81    30.30
2061    8    91.34    25.16
2061    9    43.75    23.52
2061   10    22.73    13.76
2061   11     8.15    10.21
2061   12    11.08     6.26
2062    1    49.66     4.49
2062    2    12.31     7.98
2062    3   104.82     8.51
2062    4   165.50    11.23
2062    5   137.34    16.00
2062    6    33.89    24.26
2062    7    17.79    29.99
2062    8     8.36    32.21
2062    9    35.64    23.43
2062   10    31.95    19.00
2062   11     6.15    10.36
2062   12    32.82     4.62
2063    1    26.62     2.34
2063    2    34.81     6.58
2063    3    80.95     8.84
2063    4   117.18    12.80
2063    5   191.36    18.93
2063    6   107.75    23.00
2063    7    47.07    29.93
2063    8   100.20    25.93
2063    9   250.69    20.74
2063   10    19.84    14.94
2063   11    65.00     5.11
2063   12    23.39     2.84
2064    1    40.35     4.69
2064    2    49.13     6.36
2064    3    63.12     9.59
2064    4    61.18    16.18
2064    5   183.55    17.37
2064    6    41.60    23.45
2064    7    18.08    28.31
2064    8    45.87    29.07
2064    9    51.10    22.71
2064   10    15.51    14.31
2064   11    26.56     9.17
2064   12    11.72     5.95
2065    1    10.41     2.56
2065    2    34.75     8.23
2065    3    87.31    11.04
2065    4    37.05    13.12
2065    5   187.35    17.78
2065    6    66.77    24.29
2065    7    53.30    26.21
2065    8     8.21    28.73
2065    9    56.52    21.57
2065   10    19.38    15.00
2065   11    14.37     8.78
2065   12    16.76     5.24
2066    1    11.37     5.05
2066    2    88.14     3.69
2066    3    54.41     9.72
2066    4    76.56    12.67
2066    5   169.74    18.65
2066    6    25.70    25.60
2066    7    60.25    28.12
2066    8    31.20    26.54
2066    9    42.75    19.72
2066   10    24.93    14.12
2066   11     3.41     9.84
2066   12    13.12     4.77
2067    1    21.58     2.50
2067    2    39.86     3.40
2067    3    58.47    10.56
2067    4   104.82    12.45
2067    5   197.71    17.93
2067    6   100.04    21.77
2067    7    16.95    27.89
2067    8    48.90    29.15
2067    9    58.31    20.74
2067   10    56.08    14.35
2067   11     8.15    11.22
2067   12    38.16     6.23
2068    1    36.21     4.55
2068    2    20.98     8.96
2068    3    65.56    10.98
2068    4    63.13    14.18
2068    5   144.56    19.32
2068    6    91.31    26.32
2068    7    17.81    31.01
2068    8    68.98    28.42
2068    9   129.47    19.65
2068   10    27.89    15.12
2068   11    10.39    10.51
2068   12    17.99     3.44
2069    1    18.98     4.68
2069    2    36.11     4.84
2069    3    42.10     8.91
2069    4    56.63    14.94
2069    5   155.96    16.45
2069    6    39.73    23.61
2069    7    15.04    32.49
2069    8   108.09    27.95
2069    9    84.98    21.61
2069   10    44.58    14.04
2069   11    12.24     9.54
2069   12    18.33     4.20
2070    1    29.73     2.62
2070    2    16.39     7.16
2070    3    22.14    12.90
2070    4    97.98    13.55
2070    5    98.13    20.29
2070    6    16.62    26.36
2070    7    12.41    30.82
2070    8    11.35    27.42
2070    9    98.15    20.12
2070   10    26.65    13.96
2070   11    25.48     9.52
2070   12    44.31     4.81
2071    1    36.50     4.88
2071    2    19.77     5.47
2071    3    44.33    11.37
2071    4    90.50    14.40
2071    5   184.89    17.43
2071    6    20.32    27.11
2071    7     9.42    29.67
2071    8   105.08    27.92
2071    9    26.84    23.83
2071   10     3.16    17.49
2071   11    71.91     9.51
2071   12    20.71     5.63
2072    1    30.28     2.87
2072    2    33.20     6.06
2072    3    63.78     9.71
2072    4   132.46    12.78
2072    5   163.36    18.12
2072    6    60.65    24.31
2072    7    17.06    28.70
2072    8   116.49    25.81
2072    9   167.72    21.23
2072   10    19.91    14.03
2072   11    17.35     9.34
2072   12    31.22     6.96
2073    1    24.14     3.18
2073    2    21.91     6.54
2073    3    50.00    11.89
2073    4    90.97    14.38
2073    5    80.01    20.77
2073    6    67.26    24.54
2073    7    11.56    31.05
2073    8    35.07    30.45
2073    9    52.39    21.55
2073   10    79.09    13.09
2073   11    24.45     6.24
2073   12    18.36     5.41
2074    1    52.02     6.49
2074    2   126.50     7.58
2074    3    72.70    10.75
2074    4   109.90    13.06
2074    5    94.27    18.57
2074    6    39.31    25.68
2074    7    73.35    30.80
2074    8    60.60    27.80
2074    9    34.46    23.39
2074   10    18.04    13.59
2074   11    56.58     9.16
2074   12    13.16     5.83
2075    1    60.59     2.47
2075    2    24.10     4.78
2075    3    39.77     9.10
2075    4    96.49    15.12
2075    5   127.12    18.29
2075    6    58.94    24.94
2075    7    11.91    30.97
2075    8    57.20    27.96
2075    9     7.06    24.89
2075   10    42.58    14.52
2075   11    42.91     8.08
2075   12    19.42     4.05
2076    1    38.22     5.05
2076    2    45.26     7.40
2076    3    35.68     9.19
2076    4   164.50    14.06
2076    5   144.65    16.39
2076    6    40.24    23.40
2076    7    49.50    28.59
2076    8    75.25    27.28
2076    9    57.83    20.29
2076   10    32.79    15.16
2076   11    22.35     8.39
2076   12    28.64     5.85
2077    1    32.63     4.10
2077    2    31.14     5.98
2077    3    32.17    11.38
2077    4    83.52    14.23
2077    5   115.86    20.08
2077    6    51.74    24.68
2077    7    28.13    31.01
2077    8    41.01    29.37
2077    9    80.19    22.73
2077   10    32.84    13.74
2077   11     7.80     9.15
2077   12    44.45     6.68
2078    1    50.54     2.93
2078    2    29.63     4.94
2078    3    76.60    10.64
2078    4   171.11    10.28
2078    5   122.38    16.43
2078    6    42.34    23.95
2078    7    19.08    28.39
2078    8    49.79    27.82
2078    9   107.00    22.24
2078   10    29.53    14.14
2078   11    23.97     7.63
2078   12    37.80     4.67
2079    1    10.87     2.21
2079    2    35.92     4.03
2079    3    64.61     7.97
2079    4   165.28    13.67
2079    5   191.08    16.81
2079    6    49.49    22.96
2079    7    36.10    27.88
2079    8    97.64    23.56
2079    9    78.74    19.16
2079   10    69.52    12.14
2079   11    66.29     6.02
2079   12    14.30     3.57
2080    1    23.47     3.24
2080    2    41.32     3.46
2080    3    65.73    11.17
2080    4    88.36    13.60
2080    5   131.04    19.72
2080    6    24.85    23.86
2080    7    17.29    31.49
2080    8    18.15    29.57
2080    9    86.74    21.73
2080   10    42.02    13.67
2080   11     2.28     9.91
2080   12     5.71     3.45
2081    1    24.22     4.74
2081    2    27.53     7.74
2081    3    76.76    12.28
2081    4    38.50    13.38
2081    5   124.07    19.53
2081    6    84.65    25.31
2081    7    14.68    30.76
2081    8    14.16    30.47
2081    9    44.91    21.57
2081   10    34.96    14.15
2081   11    10.89     8.30
2081   12    12.82     4.41
2082    1    34.84     4.84
2082    2    46.26     6.94
2082    3    43.43     9.16
2082    4    44.40    17.61
2082    5   128.08    20.58
2082    6    87.52    24.00
2082    7    71.74    28.68
2082    8    50.15    28.80
2082    9    15.03    25.20
2082   10    11.58    16.10
2082   11    18.05     9.56
2082   12    18.54     5.85
2083    1    36.27     4.37
2083    2    25.69     6.86
2083    3    29.01    11.00
2083    4   100.45    14.07
2083    5   110.74    20.16
2083    6    32.96    26.86
2083    7    12.60    33.10
2083    8    31.69    32.64
2083    9    51.87    27.13
2083   10    10.80    15.74
2083   11    81.40     7.11
2083   12    39.72     5.11
2084    1    32.27     4.58
2084    2    41.89     5.60
2084    3    36.82     9.33
2084    4   166.02    13.23
2084    5    74.85    19.62
2084    6    78.79    24.17
2084    7    53.20    29.91
2084    8    44.80    28.99
2084    9    61.92    23.54
2084   10    57.87    14.99
2084   11    31.64    10.32
2084   12    18.82     5.73
2085    1    17.64     1.88
2085    2    50.02     5.62
2085    3    56.85     8.78
2085    4    97.59    13.65
2085    5   133.54    18.98
2085    6    93.10    24.09
2085    7    45.79    30.52
2085    8    53.27    28.14
2085    9    69.97    22.12
2085   10    22.23    14.56
2085   11    15.66    11.13
2085   12     8.22     4.66
2086    1    18.78     5.04
2086    2    44.70     4.29
2086    3    36.03    11.89
2086    4   123.57    12.66
2086    5   119.70    18.42
2086    6    62.65    22.98
2086    7    23.20    29.26
2086    8    71.35    27.37
2086    9    24.45    23.33
2086   10    63.21    12.93
2086   11    41.97     8.47
2086   12     8.78     3.41
2087    1    18.18     4.68
2087    2    41.53     4.35
2087    3    24.91    11.13
2087    4    88.00    16.87
2087    5   224.77    18.61
2087    6    77.70    23.82
2087    7    24.23    30.53
2087    8   106.33    27.67
2087    9    49.45    21.35
2087   10    51.01    14.39
2087   11    19.83     9.62
2087   12    33.45     3.67
2088    1    25.58     3.42
2088    2    28.66     6.48
2088    3    51.99     9.75
2088    4   148.61    13.44
2088    5   138.00    18.32
2088    6    19.32    24.55
2088    7    27.18    31.11
2088    8    76.33    29.71
2088    9   108.77    21.05
2088   10    60.73    13.06
2088   11     5.96    10.53
2088   12    18.12     5.77
2089    1    17.29     4.01
2089    2    29.67     7.15
2089    3    40.19    10.17
2089    4   123.70    13.59
2089    5   194.92    19.13
2089    6    22.78    23.95
2089    7     9.00    29.18
2089    8    69.00    25.32
2089    9    55.43    20.91
2089   10    71.28    13.40
2089   11    28.28     7.50
2089   12    18.48     4.96
2090    1    24.77     4.75
2090    2    32.42     6.29
2090    3    50.83    10.35
2090    4   115.43    12.19
2090    5   145.65    17.37
2090    6    92.13    22.97
2090    7    26.59    29.38
2090    8    35.09    28.75
2090    9    46.00    21.90
2090   10    21.60    14.40
2090   11    24.96    10.14
2090   12    21.90     4.50
2091    1    68.01     3.39
2091    2    35.04     7.81
2091    3    92.46    11.72
2091    4   164.86    12.74
2091    5   195.49    16.46
2091    6    91.22    23.43
2091    7    48.24    28.84
2091    8   122.41    27.02
2091    9    62.59    20.00
2091   10    23.33    15.46
2091   11    39.65     9.74
2091   12     8.84     5.21
2092    1    16.54     4.98
2092    2    72.00     8.50
2092    3    85.27     9.17
2092    4    69.91    15.59
2092    5   152.02    19.26
2092    6    54.86    23.29
2092    7    24.13    29.59
2092    8    28.48    29.01
2092    9    38.73    22.73
2092   10    39.80    15.92
2092   11    18.65     9.23
2092   12    24.07     3.66
2093    1    22.58     2.63
2093    2    25.70     6.92
2093    3    69.89    11.65
2093    4    94.42    14.11
2093    5   151.66    20.25
2093    6    53.06    24.87
2093    7    18.16    30.90
2093    8    29.51    29.90
2093    9    58.05    24.93
2093   10    40.86    15.17
2093   11    18.17    10.10
2093   12    26.03     5.40
2094    1    32.45     6.56
2094    2    71.95     1.57
2094    3    69.94    10.56
2094    4    50.36    14.04
2094    5   163.25    17.78
2094    6    41.45    23.50
2094    7    46.03    32.28
2094    8    51.61    27.39
2094    9   127.05    20.53
2094   10    23.94    13.03
2094   11    23.19     8.34
2094   12    13.35     5.44
2095    1    61.46     2.99
2095    2    49.21     5.85
2095    3    46.90    10.38
2095    4    61.87    15.05
2095    5   186.58    18.54
2095    6    63.89    24.08
2095    7    26.32    32.49
2095    8   113.90    27.15
2095    9   112.55    20.33
2095   10    49.35    14.22
2095   11    23.31     7.07
2095   12    60.13     3.79
2096    1    38.38     4.91
2096    2    20.76     7.06
2096    3    45.09    10.67
2096    4    86.28    13.47
2096    5   159.56    17.99
2096    6    55.25    23.60
2096    7    28.86    28.91
2096    8   123.18    27.23
2096    9    50.81    23.28
2096   10    44.66    13.06
2096   11    18.94     8.25
2096   12    38.40     5.89
2097    1    26.44     2.13
2097    2    62.53     4.17
2097    3    34.94     9.31
2097    4    99.83    13.86
2097    5   156.17    16.81
2097    6    57.49    24.26
2097    7    21.48    30.94
2097    8   162.25    24.37
2097    9    87.43    19.10
2097   10    56.14    13.26
2097   11    22.31     7.52
2097   12    52.20     5.92
2098    1    48.28     2.62
2098    2    40.45     7.32
2098    3    38.14     9.11
2098    4   106.83    14.65
2098    5   193.22    16.81
2098    6    25.77    24.60
2098    7     9.23    30.07
2098    8    88.79    28.14
2098    9    78.80    22.80
2098   10    72.13    14.35
2098   11    15.96     8.99
2098   12    37.33     5.53
2099    1    25.84     2.79
2099    2    59.09     6.87
2099    3    57.87     8.85
2099    4    95.74    14.38
2099    5   127.78    17.21
2099    6    60.88    23.85
2099    7    17.04    30.46
2099    8   126.15    24.52
2099    9    78.27    21.01
2099   10    43.80    13.97
2099   11     6.29    10.15
2099   12    14.01     6.47
2100    1    18.36     5.32
2100    2    21.86     7.31
2100    3   114.60    10.22
2100    4   119.63    12.64
2100    5   145.96    19.47
2100    6    39.97    25.26
2100    7    17.37    31.44
2100    8    56.09    29.51
2100    9    72.35    22.72
2100   10    13.72    18.83
2100   11    20.94    11.24
2100   12    19.76     5.89
2101    1    46.00     5.54
2101    2    50.51     7.34
2101    3   134.81     8.36
2101    4    83.12    13.46
2101    5   154.62    17.39
2101    6    94.21    22.69
2101    7     8.96    30.66
2101    8    43.42    29.01
2101    9   127.28    21.01
2101   10    50.61    13.06
2101   11    11.62    11.26
2101   12    55.12     5.33
2102    1    26.00     2.71
2102    2    82.52     4.38
2102    3    73.77     6.84
2102    4   101.89    13.89
2102    5   164.81    19.82
2102    6    44.22    24.18
2102    7    13.09    31.17
2102    8    19.84    30.32
2102    9    71.31    21.75
2102   10    98.58    13.01
2102   11    38.75     9.46
2102   12   111.29     4.63
2103    1    23.89     4.12
2103    2    42.06     5.93
2103    3   125.55     8.62
2103    4   139.40    11.95
2103    5   193.69    15.59
2103    6    54.66    22.98
2103    7    17.38    29.53
2103    8    28.59    28.35
2103    9    87.54    21.65
2103   10    74.45    11.36
2103   11    16.73     5.73
2103   12    18.08     3.88
2104    1    24.97     4.15
2104    2    31.77     3.82
2104    3    38.71    10.65
2104    4   104.22    15.78
2104    5    65.22    19.07
2104    6    98.37    22.72
2104    7    37.38    30.39
2104    8    55.94    26.42
2104    9    66.00    20.91
2104   10    19.34    15.31
2104   11    39.11     8.53
2104   12    32.80     4.35
2105    1    38.18     4.89
2105    2    77.16     5.58
2105    3    60.53    10.52
2105    4   107.45    12.61
2105    5   149.95    19.50
2105    6   113.16    22.57
2105    7     9.90    28.54
2105    8    21.33    31.08
2105    9    17.29    24.60
2105   10    36.43    15.96
2105   11    15.63     9.11
2105   12    14.27     5.33
2106    1    26.98     5.00
2106    2    42.60     6.15
2106    3    56.51     9.02
2106    4   144.95    15.25
2106    5   173.94    19.17
2106    6   115.85    24.12
2106    7    10.34    30.23
2106    8    32.24    27.79
2106    9    90.21    23.96
2106   10    48.62    12.33
2106   11    18.25     7.70
2106   12    22.11     5.43
2107    1    20.91     5.05
2107    2    70.79     2.93
2107    3    38.14    10.61
2107    4    84.79    14.92
2107    5   119.63    19.54
2107    6   100.90    23.43
2107    7    28.90    29.47
2107    8    18.83    30.34
2107    9   123.78    23.30
2107   10    38.05    14.99
2107   11     2.27    10.80
2107   12    23.18     6.54
2108    1    55.60     3.95
2108    2    39.35     5.91
2108    3    37.07    11.94
2108    4   103.23    15.02
2108    5   172.99    16.80
2108    6    35.51    25.08
2108    7    28.59    29.85
2108    8    10.45    30.97
2108    9    54.03    24.55
2108   10    35.21    15.83
2108   11     4.29    11.12
2108   12    31.46     4.95
2109    1    25.98     5.83
2109    2    51.12     7.42
2109    3   127.48     9.08
2109    4    75.48    14.10
2109    5   146.18    16.93
2109    6    51.63    23.16
2109    7    30.66    30.73
2109    8    38.39    30.76
2109    9    85.80    22.89
2109   10    19.23    14.01
2109   11     5.45    10.05
2109   12    48.47     4.11
2110    1    26.25     4.89
2110    2    47.01     6.20
2110    3    60.22     9.88
2110    4   109.19    14.70
2110    5   184.35    18.01
2110    6    82.39    24.03
2110    7    29.87    31.04
2110    8    39.12    30.82
2110    9    42.11    22.70
2110   10    28.85    13.36
2110   11    32.15     6.07
2110   12    21.95     3.79
2111    1    28.72     2.68
2111    2     9.96     6.07
2111    3    88.12    11.00
2111    4   100.03    12.58
2111    5   112.89    16.06
2111    6   100.97    22.36
2111    7     8.44    32.03
2111    8    93.17    27.49
2111    9   140.42    20.87
2111   10    25.93    13.63
2111   11    21.57     8.61
2111   12    14.24     6.70
2112    1    19.06     1.98
2112    2    47.41     4.89
2112    3    43.04     9.98
2112    4   116.70    13.71
2112    5   196.28    18.44
2112    6    85.42    24.77
2112    7    26.37    29.68
2112    8    23.54    31.89
2112    9   170.69    20.65
2112   10    38.53    12.75
2112   11    17.35     7.38
2112   12    42.57     5.61
2113    1    33.01     2.91
2113    2    40.60     4.85
2113    3    50.98     8.61
2113    4   138.93    12.06
2113    5   138.34    18.23
2113    6    22.43    27.21
2113    7    33.94    28.69
2113    8    68.86    29.53
2113    9    54.93    21.75
2113   10   132.59    13.40
2113   11    60.46     7.61
2113   12    20.90     5.83
2114    1    58.52     1.41
2114    2    51.05     6.25
2114    3    27.92    11.21
2114    4    81.64    13.44
2114    5    78.36    19.26
2114    6    89.16    23.14
2114    7     6.13    33.72
2114    8    87.41    27.88
2114    9    68.87    20.88
2114   10    29.74    14.81
2114   11    25.94    10.26
2114   12    28.71     5.38
2115    1    45.77     4.72
2115    2    53.85     6.67
2115    3    14.38    11.70
2115    4   138.57    13.89
2115    5   110.94    20.28
2115    6   128.95    22.45
2115    7     8.19    30.94
2115    8    89.61    26.91
2115    9    27.72    22.34
2115   10    19.33    12.93
2115   11    22.10     9.12
2115   12    50.21     5.58
2116    1    26.19     3.55
2116    2    38.84     5.50
2116    3    51.34    11.91
2116    4   203.11    13.01
2116    5   110.93    19.08
2116    6    54.95    25.18
2116    7    12.71    32.42
2116    8    25.56    33.66
2116    9    99.18    23.39
2116   10    60.54    15.10
2116   11    18.17    10.22
2116   12    38.66     3.40
2117    1    24.59     3.77
2117    2    50.61     6.05
2117    3   146.46     6.12
2117    4   114.52    13.30
2117    5   178.63    17.70
2117    6    72.48    22.61
2117    7    19.40    28.80
2117    8    47.52    29.19
2117    9    42.96    22.46
2117   10    13.79    14.21
2117   11     5.83     9.26
2117   12    26.18     7.24
2118    1   121.88     3.50
2118    2    81.84     4.20
2118    3   112.12     8.88
2118    4    98.94    11.59
2118    5   158.84    18.15
2118    6   127.06    22.35
2118    7    46.75    29.42
2118    8    97.11    27.21
2118    9    88.59    21.09
2118   10    98.78    12.63
2118   11    13.97    10.65
2118   12     7.42     4.97
2119    1    46.33     3.96
2119    2    37.76     6.19
2119    3    57.21    10.34
2119    4    50.87    17.03
2119    5   195.64    17.33
2119    6    32.98    25.49
2119    7    16.13    31.06
2119    8    72.44    30.01
2119    9    43.61    22.33
2119   10    57.26    15.40
2119   11    25.13     9.57
2119   12    46.11     4.82
2120    1    60.23     5.30
2120    2    32.48     5.79
2120    3    73.29     9.42
2120    4    92.96    14.19
2120    5    73.48    21.37
2120    6    44.34    26.16
2120    7    89.98    28.62
2120    8    13.42    27.94
2120    9   103.85    22.80
2120   10    26.73    16.89
2120   11    36.38     8.57
2120   12    40.00     5.42
2121    1    55.18     3.79
2121    2    27.54     5.81
2121    3   100.02     8.60
2121    4    82.07    16.03
2121    5   230.88    15.87
2121    6    70.74    22.82
2121    7    39.64    31.08
2121    8    23.18    33.28
2121    9   101.36    21.83
2121   10    18.18    13.14
2121   11    21.65     8.19
2121   12    22.21     5.57
2122    1    40.69     4.67
2122    2    26.42     7.43
2122    3    52.03    10.51
2122    4    92.28    14.78
2122    5   167.86    16.13
2122    6    30.16    24.35
2122    7    32.13    29.23
2122    8    30.84    28.75
2122    9    27.73    26.01
2122   10    15.48    15.15
2122   11    14.70     8.47
2122   12    17.56     7.38
2123    1    31.29     5.32
2123    2    16.93     8.53
2123    3   104.26     7.90
2123    4   167.15    11.65
2123    5   241.35    17.28
2123    6   106.24    23.07
2123    7    18.76    27.51
2123    8    47.89    26.21
2123    9    42.30    24.35
2123   10     4.94    16.77
2123   11    40.95     8.01
2123   12    91.42     5.05
2124    1    42.94     4.98
2124    2    44.12     7.79
2124    3    55.87    10.42
2124    4   143.97    13.50
2124    5   152.30    18.27
2124    6    39.52    24.73
2124    7    16.50    32.17
2124    8    70.38    31.15
2124    9   134.18    20.87
2124   10    20.02    12.75
2124   11     8.84     6.91
2124   12    32.08     3.37
2125    1    59.64     3.93
2125    2    73.36     3.99
2125    3    70.84     8.76
2125    4   116.11    13.12
2125    5    98.86    19.37
2125    6    43.56    24.31
2125    7    38.20    31.61
2125    8    16.07    31.75
2125    9    78.91    22.11
2125   10    31.20    14.97
2125   11     2.92    10.66
2125   12    28.37     5.76
2126    1    40.79     2.43
2126    2    81.17     5.68
2126    3   102.79     7.08
2126    4   110.33    13.72
2126    5   158.50    18.34
2126    6    46.04    25.75
2126    7     7.64    31.02
2126    8   111.00    27.18
2126    9   126.34    21.50
2126   10    47.73    12.99
2126   11    17.53     9.58
2126   12    36.00     6.90
2127    1    53.31     1.88
2127    2    20.75     4.28
2127    3    67.09     9.74
2127    4   166.92    14.18
2127    5   198.46    18.50
2127    6    64.60    21.77
2127    7    19.29    30.39
2127    8    21.79    30.75
2127    9   157.10    20.75
2127   10    66.02    14.09
2127   11    24.75     8.33
2127   12    67.82     3.88
2128    1    24.85     3.95
2128    2    59.37     4.26
2128    3    48.59     8.97
2128    4   161.36    13.80
2128    5   161.83    19.78
2128    6    51.51    25.82
2128    7    18.00    30.06
2128    8    38.07    29.72
2128    9    84.05    23.12
2128   10    11.04    15.06
2128   11    35.86     8.74
2128   12    42.13     5.94
2129    1    28.08     3.41
2129    2   111.27     3.89
2129    3    80.44     7.00
2129    4   155.64    11.73
2129    5   158.83    17.54
2129    6    56.94    22.75
2129    7    24.89    28.96
2129    8   116.33    26.90
2129    9    28.65    22.17
2129   10   137.35    12.66
2129   11    13.93     8.67
2129   12    31.34     5.53
2130    1    56.02     6.37
2130    2    37.47     7.24
2130    3    54.58    10.71
2130    4   162.08    12.83
2130    5    99.60    20.09
2130    6    78.89    24.41
2130    7     8.73    33.06
2130    8   161.15    27.81
2130    9    11.65    24.70
2130   10    30.16    13.70
2130   11   127.80     8.29
2130   12    24.90     4.21
2131    1    23.01     3.04
2131    2    63.51     3.68
2131    3    37.54     7.76
2131    4    47.12    14.52
2131    5   153.46    19.53
2131    6    65.38    23.19
2131    7    12.75    28.17
2131    8    42.40    26.75
2131    9    64.15    21.96
2131   10   154.37    13.68
2131   11    32.01     9.23
2131   12    16.30     4.58
2132    1    54.43     4.00
2132    2    20.17     6.15
2132    3    87.94     8.78
2132    4   133.06    13.64
2132    5   116.15    18.52
2132    6    29.30    26.28
2132    7     8.37    30.00
2132    8   118.44    25.74
2132    9    81.80    24.05
2132   10    51.76    15.24
2132   11     7.58     7.65
2132   12     8.84     5.70
2133    1    22.13     2.97
2133    2    37.63     5.40
2133    3   106.17     9.20
2133    4   105.28    13.02
2133    5   133.68    16.58
2133    6    41.35    23.63
2133    7    18.77    29.78
2133    8   101.61    26.54
2133    9    72.87    21.31
2133   10    39.11    12.98
2133   11    18.55     8.84
2133   12    38.12     4.62
2134    1    17.12     2.39
2134    2    25.19     7.38
2134    3    59.31    10.65
2134    4   120.96    14.34
2134    5   182.34    16.85
2134    6    68.49    23.24
2134    7    12.93    31.06
2134    8    26.83    29.13
2134    9    29.10    21.12
2134   10    56.94    14.17
2134   11    11.79     7.41
2134   12    26.80     5.05
2135    1    32.48     2.40
2135    2    37.13     6.13
2135    3    93.16     6.95
2135    4    77.86    15.93
2135    5   130.24    17.58
2135    6    68.16    24.13
2135    7    10.85    30.59
2135    8    45.86    27.39
2135    9   174.67    20.57
2135   10    32.23    12.13
2135   11    29.83     8.15
2135   12    36.40     5.38
2136    1    54.56     4.54
2136    2    50.33     7.37
2136    3    55.97    10.29
2136    4   136.23    13.06
2136    5   156.88    18.09
2136    6    30.98    26.53
2136    7     1.62    32.48
2136    8   112.98    25.37
2136    9   112.91    21.33
2136   10    31.06    14.44
2136   11    10.51     9.49
2136   12    28.45     5.54
2137    1    86.87     1.93
2137    2    40.02     8.00
2137    3    57.21    11.00
2137    4   132.77    15.46
2137    5   245.83    15.60
2137    6    73.85    22.32
2137    7    11.23    27.48
2137    8    78.43    28.34
2137    9   142.74    21.45
2137   10    48.18    14.97
2137   11    25.52    10.28
2137   12    37.34     5.12
2138    1    55.81     2.49
2138    2   125.55     4.05
2138    3    43.39    11.58
2138    4   121.62    14.46
2138    5   211.93    17.57
2138    6    25.81    23.10
2138    7    11.72    31.02
2138    8    96.34    28.52
2138    9   164.64    23.08
2138   10    81.66    14.39
2138   11    30.94     9.47
2138   12    70.35     5.48
2139    1    18.71     5.49
2139    2    45.82     6.01
2139    3    66.74    10.35
2139    4   100.71    12.74
2139    5    86.62    19.84
2139    6    47.59    24.42
2139    7    12.43    30.26
2139    8    50.79    28.90
2139    9   116.66    20.47
2139   10    26.55    16.19
2139   11     9.16     9.66
2139   12    28.52     4.93
2140    1    23.16     5.27
2140    2    39.96     6.53
2140    3    95.15    10.13
2140    4    83.03    10.60
2140    5   165.82    17.86
2140    6    50.79    25.68
2140    7    15.89    31.34
2140    8    49.20    30.34
2140    9   181.75    20.14
2140   10    46.81    12.49
2140   11    26.52     7.86
2140   12    31.76     5.73
2141    1    42.55     4.46
2141    2    93.60     6.55
2141    3    53.03    10.34
2141    4    87.27    16.40
2141    5    84.20    20.25
2141    6    45.41    26.43
2141    7    14.43    33.12
2141    8   100.23    26.82
2141    9    83.78    19.96
2141   10    17.87    14.06
2141   11    10.42    10.60
2141   12    26.05     4.90
2142    1    40.92     3.94
2142    2    63.99     6.79
2142    3    36.67    12.33
2142    4    74.79    15.39
2142    5   115.60    18.69
2142    6   171.93    22.34
2142    7    44.46    28.26
2142    8    29.64    30.28
2142    9   185.61    19.25
2142   10    22.45    12.56
2142   11     0.91    10.12
2142   12    14.75     6.61
2143    1    23.66     3.24
2143    2    68.80     4.96
2143    3    64.08     9.85
2143    4    64.25    14.73
2143    5   159.05    18.61
2143    6   101.95    24.17
2143    7     8.16    31.36
2143    8    98.73    28.56
2143    9   172.37    21.84
2143   10    10.28    14.97
2143   11     6.33     9.99
2143   12    37.82     5.44
2144    1    36.59     2.67
2144    2    35.41     5.48
2144    3    93.72     9.44
2144    4   113.87    11.43
2144    5   135.81    17.45
2144    6   110.72    21.22
2144    7    21.44    28.21
2144    8    85.37    28.89
2144    9    71.08    21.71
2144   10    20.37    14.94
2144   11    14.10     8.74
2144   12    24.16     5.96
2145    1    16.73     2.33
2145    2    44.50     4.41
2145    3    45.24    10.07
2145    4    69.14    14.83
2145    5    84.31    21.17
2145    6    82.08    24.31
2145    7    21.62    30.65
2145    8     5.16    30.02
2145    9    86.22    22.51
2145   10    75.27    13.67
2145   11    18.92     8.07
2145   12    56.94     3.83
2146    1    31.33     4.17
2146    2    39.43     6.15
2146    3    73.21     9.21
2146    4    62.44    13.91
2146    5    92.56    20.39
2146    6    53.22    24.18
2146    7    75.14    28.20
2146    8    50.12    27.92
2146    9    41.11    23.73
2146   10    56.90    14.23
2146   11    28.65     8.36
2146   12    11.54     4.11
2147    1    33.14     3.01
2147    2    29.96     6.94
2147    3    44.40    10.29
2147    4    28.64    15.40
2147    5   110.92    19.14
2147    6    78.27    24.06
2147    7     6.28    34.31
2147    8    32.09    29.87
2147    9   131.96    20.02
2147   10    48.37    13.19
2147   11     4.85     9.86
2147   12    42.59     4.22
2148    1    32.91     4.15
2148    2    31.77     5.48
2148    3     6.26    11.22
2148    4   121.52    12.87
2148    5    57.71    18.54
2148    6   133.61    23.10
2148    7    30.31    31.12
2148    8   171.45    24.91
2148    9   180.66    18.19
2148   10    43.10    11.64
2148   11    38.88     8.30
2148   12    37.41     4.54
2149    1    33.68     3.44
2149    2    34.04     5.45
2149    3    65.43    10.87
2149    4    68.87    15.10
2149    5    92.13    18.91
2149    6    23.63    27.04
2149    7    76.65    28.73
2149    8    38.13    27.70
2149    9    26.79    23.99
2149   10    49.26    14.96
2149   11     4.83    10.88
2149   12     6.30     5.84
2150    1    33.93     3.51
2150    2    23.29     5.49
2150    3    99.24     9.33
2150    4   110.79    16.10
2150    5   225.17    16.63
2150    6    53.41    25.06
2150    7    13.79    29.59
2150    8   110.05    27.09
2150    9    81.23    20.26
2150   10     7.33    15.78
2150   11    29.79     7.95
2150   12    36.55     5.78
2151    1    43.65     4.01
2151    2    50.24     4.94
2151    3    29.62    11.43
2151    4    96.88    15.58
2151    5   257.45    18.59
2151    6    39.66    22.06
2151    7     4.75    30.57
2151    8    28.86    33.29
2151    9    32.42    24.15
2151   10    22.11    14.12
2151   11    17.80     8.83
2151   12    12.96     5.52
2152    1     9.72     5.16
2152    2    62.50     5.46
2152    3    69.15     8.17
2152    4   120.97    15.44
2152    5   163.89    20.37
2152    6    76.70    23.47
2152    7    30.06    28.53
2152    8    75.95    28.92
2152    9    76.85    20.00
2152   10     2.15    16.36
2152   11    18.24     8.03
2152   12    30.13     5.80
2153    1    15.09     3.91
2153    2    35.90     4.25
2153    3    80.21    10.71
2153    4   125.43    14.61
2153    5   129.49    19.60
2153    6    90.81    22.89
2153    7    11.85    28.21
2153    8    12.00    30.38
2153    9    20.17    27.25
2153   10    12.57    14.55
2153   11    14.42     9.19
2153   12    38.47     6.53
2154    1    49.02     5.01
2154    2    86.87     4.58
2154    3    85.36     9.30
2154    4    56.18    13.27
2154    5    91.25    19.83
2154    6    18.53    26.00
2154    7    28.80    31.08
2154    8    10.13    32.00
2154    9    88.99    20.81
2154   10    15.01    15.44
2154   11    30.19     8.55
2154   12    39.37     5.87
2155    1    83.55     0.39
2155    2    48.80     3.36
2155    3    27.49    10.29
2155    4    73.56    14.64
2155    5    98.49    19.54
2155    6    75.69    23.96
2155    7    29.54    29.23
2155    8    72.81    24.94
2155    9    70.99    20.64
2155   10    39.70    12.46
2155   11     9.43    10.24
2155   12    26.17     5.64
2156    1    31.61     3.51
2156    2    43.07     6.41
2156    3    52.80     9.79
2156    4   145.35    13.70
2156    5   105.36    18.59
2156    6    79.36    24.58
2156    7    56.02    28.87
2156    8    40.54    29.81
2156    9    84.60    22.75
2156   10    86.75    14.55
2156   11    18.05     8.99
2156   12    40.75     4.98
2157    1    26.38     1.90
2157    2    51.98     6.92
2157    3    49.95    11.56
2157    4   141.87    12.14
2157    5   152.15    16.40
2157    6    54.64    24.04
2157    7    12.11    32.22
2157    8    30.77    29.34
2157    9   113.93    24.47
2157   10    88.47    14.05
2157   11    19.77     9.93
2157   12    43.75     3.58
2158    1    51.65     3.32
2158    2    47.08     6.00
2158    3    59.53    10.83
2158    4    90.58    13.71
2158    5   130.31    17.64
2158    6   103.96    21.78
2158    7    34.23    30.28
2158    8    48.08    29.98
2158    9   216.40    22.17
2158   10    47.06    12.92
2158   11    33.85     8.18
2158   12    13.14     4.34
2159    1    54.69     2.77
2159    2    49.36     4.63
2159    3    46.44     8.99
2159    4    63.24    14.00
2159    5   105.16    19.17
2159    6    58.82    22.93
2159    7    23.51    29.58
2159    8   103.95    23.62
2159    9    87.31    19.41
2159   10    19.92    14.01
2159   11     6.02     9.71
2159   12    31.47     2.02
2160    1    43.69     1.71
2160    2    37.83     4.08
2160    3    60.22    10.07
2160    4   103.40    13.95
2160    5   202.88    17.89
2160    6    75.84    22.51
2160    7    27.49    28.34
2160    8    16.13    30.27
2160    9    65.90    21.80
2160   10    91.31    13.81
2160   11    47.05     9.90
2160   12    30.20     5.95
2161    1    30.17     5.27
2161    2    39.61     7.93
2161    3    58.04    11.41
2161    4    86.80    15.31
2161    5    93.29    21.27
2161    6    39.93    28.54
2161    7     9.54    32.97
2161    8    29.28    28.79
2161    9    50.17    25.29
2161   10    16.37    14.38
2161   11    38.14     8.75
2161   12    28.41     5.00
2162    1    36.14     4.27
2162    2    26.05     7.54
2162    3    42.57     9.60
2162    4    71.70    16.12
2162    5   175.67    16.89
2162    6    75.83    25.02
2162    7    17.55    33.30
2162    8   113.76    28.21
2162    9    48.82    23.23
2162   10    21.04    15.97
2162   11    55.85     9.14
2162   12    32.89     3.51
2163    1    31.33     4.04
2163    2    34.54     5.33
2163    3    74.79     8.99
2163    4    78.91    12.23
2163    5   224.65    16.15
2163    6    49.02    23.40
2163    7    24.16    31.16
2163    8    77.82    27.54
2163    9    73.88    20.38
2163   10    73.77    13.89
2163   11    15.26     9.84
2163   12    10.52     2.38
2164    1    21.43     4.43
2164    2    25.37     6.86
2164    3    74.08     7.19
2164    4   116.88    14.74
2164    5   213.78    16.53
2164    6    43.64    23.84
2164    7    32.78    29.86
2164    8    30.47    28.02
2164    9    41.72    22.82
2164   10    66.74    14.73
2164   11    20.45    10.58
2164   12    21.39     1.85
2165    1    39.98     3.26
2165    2    26.41     7.97
2165    3    62.20     9.37
2165    4    80.92    14.70
2165    5   161.40    18.03
2165    6    42.52    23.50
2165    7    33.54    28.97
2165    8    35.40    30.03
2165    9   183.04    21.20
2165   10    20.12    15.51
2165   11    35.75     9.38
2165   12    24.03     5.20
2166    1    26.56     3.20
2166    2    61.28     4.14
2166    3    71.76     8.03
2166    4    65.67    15.91
2166    5    83.07    19.55
2166    6    86.36    22.71
2166    7    47.72    29.02
2166    8   178.27    24.27
2166    9   140.95    20.45
2166   10    16.15    13.91
2166   11    51.53     9.46
2166   12    13.92     6.23
2167    1    29.60     4.09
2167    2    31.25     6.79
2167    3    56.65    10.51
2167    4    83.66    15.49
2167    5    97.02    20.35
2167    6    54.64    25.48
2167    7    33.31    28.29
2167    8   102.33    26.62
2167    9    85.92    20.91
2167   10    29.87    15.29
2167   11    13.94     9.04
2167   12    18.09     6.26
2168    1    21.88     4.40
2168    2    29.95     5.47
2168    3    23.46    12.59
2168    4    64.05    17.62
2168    5   151.07    20.17
2168    6    70.43    24.76
2168    7    18.39    28.27
2168    8    32.00    28.09
2168    9    84.91    24.18
2168   10    19.45    14.34
2168   11    13.21     7.45
2168   12    13.92     4.68
2169    1    45.44     2.08
2169    2    23.87     6.42
2169    3    35.98    10.42
2169    4    79.20    14.37
2169    5   136.01    19.83
2169    6    57.98    25.70
2169    7     8.84    32.16
2169    8    67.18    29.01
2169    9   252.84    20.57
2169   10    13.49    15.03
2169   11     6.42    12.02
2169   12    42.38     6.66
2170    1    67.90     1.74
2170    2    57.85     6.14
2170    3    57.75     8.77
2170    4   133.99    13.84
2170    5   146.06    16.34
2170    6    86.60    24.23
2170    7    32.86    29.56
2170    8    19.85    31.98
2170    9    76.37    22.60
2170   10    54.55    13.01
2170   11    96.77     9.27
2170   12     7.73     4.44
2171    1    55.15     3.24
2171    2    21.76     6.61
2171    3    68.37     9.86
2171    4    51.59    14.16
2171    5   152.00    18.23
2171    6    66.21    22.33
2171    7     2.69    31.88
2171    8    18.41    31.90
2171    9    63.42    23.29
2171   10    24.31    15.43
2171   11    45.30     9.27
2171   12    39.30     4.27
2172    1    42.80     1.41
2172    2    23.37     6.62
2172    3    78.01     9.80
2172    4   135.87    12.10
2172    5   152.15    17.26
2172    6    74.06    23.49
2172    7     9.22    28.84
2172    8    22.67    29.08
2172    9    76.57    23.01
2172   10    51.00    13.79
2172   11    13.81    11.04
2172   12     5.15     7.32
2173    1    27.04     5.21
2173    2    48.21     2.42
2173    3    46.58    11.56
2173    4   155.37    12.72
2173    5   138.21    20.38
2173    6   112.60    24.15
2173    7    22.37    30.98
2173    8    33.81    30.06
2173    9    99.63    22.68
2173   10    56.27    13.85
2173   11    17.75     9.79
2173   12    11.93     6.52
2174    1    38.96     3.56
2174    2    54.00     6.25
2174    3   115.07    10.72
2174    4   121.27    13.92
2174    5   160.71    19.96
2174    6    34.39    23.22
2174    7     8.81    31.24
2174    8    17.04    33.00
2174    9   124.53    20.25
2174   10    38.63    14.83
2174   11     4.01     8.80
2174   12    30.93     5.52
2175    1    31.61     6.16
2175    2    39.99     7.73
2175    3    75.45     8.94
2175    4   104.94    11.67
2175    5   178.81    18.65
2175    6    44.13    25.50
2175    7    12.74    29.77
2175    8   111.99    28.08
2175    9   161.22    19.12
2175   10    30.19    13.80
2175   11    18.06     9.38
2175   12    41.13     3.70
2176    1    49.41     4.48
2176    2    32.49     5.86
2176    3    35.11    11.21
2176    4   164.77    14.10
2176    5   182.94    16.58
2176    6   142.69    22.74
2176    7     9.77    29.92
2176    8    26.80    30.78
2176    9   122.72    22.41
2176   10    48.97    14.43
2176   11    20.35    11.14
2176   12    46.58     4.07
2177    1    38.16     4.45
2177    2    35.90     6.72
2177    3    65.58    11.46
2177    4   179.62    12.15
2177    5   138.89    17.40
2177    6    26.48    24.95
2177    7     5.38    32.03
2177    8    73.52    30.05
2177    9    39.50    21.49
2177   10    79.78    13.06
2177   11    21.42     5.34
2177   12    33.55     3.26
2178    1    25.88     2.32
2178    2    47.27     4.03
2178    3    57.77     8.19
2178    4   118.41    13.63
2178    5    86.94    17.50
2178    6    60.55    25.88
2178    7    28.60    30.29
2178    8    46.44    31.77
2178    9    94.44    20.72
2178   10   142.46    12.76
2178   11    14.72     7.62
2178   12    20.44     4.38
2179    1    44.91     3.80
2179    2    24.63     6.80
2179    3    89.80     9.68
2179    4   111.89    13.72
2179    5    93.30    18.05
2179    6   158.26    21.22
2179    7    17.24    30.11
2179    8    98.00    25.84
2179    9   130.80    19.78
2179   10    51.43    12.90
2179   11    19.78     9.08
2179   12    18.72     5.60
2180    1    32.62     5.86
2180    2    19.77     6.75
2180    3    83.52    10.68
2180    4   109.04    13.85
2180    5   108.13    17.97
2180    6    90.69    22.93
2180    7    28.45    29.71
2180    8    35.29    31.45
2180    9    18.31    23.69
2180   10    71.44    16.36
2180   11    13.28     9.28
2180   12    34.14     4.00
2181    1    23.26     5.06
2181    2    35.13     7.03
2181    3    37.17     9.41
2181    4   100.04    12.91
2181    5   109.44    19.60
2181    6    95.73    23.02
2181    7    38.45    29.80
2181    8    43.49    29.10
2181    9    41.12    22.27
2181   10    29.72    15.10
2181   11    32.46     8.22
2181   12    18.36     6.10
2182    1    29.15     5.51
2182    2    42.08     7.89
2182    3    75.25    10.43
2182    4   113.81    15.72
2182    5    99.36    19.69
2182    6    67.20    25.73
2182    7    29.53    31.41
2182    8    95.55    28.38
2182    9    24.56    21.91
2182   10    16.13    17.24
2182   11    40.08     7.70
2182   12    38.82     4.34
2183    1    18.60     4.53
2183    2    47.53     5.36
2183    3    68.57    10.42
2183    4   104.57    13.95
2183    5    99.71    19.67
2183    6    36.56    25.17
2183    7    12.65    30.05
2183    8    20.69    29.77
2183    9   105.24    21.98
2183   10    48.03    13.25
2183   11    20.60     8.26
2183   12    23.73     5.36
2184    1    17.75     4.44
2184    2    46.97     5.70
2184    3    47.44     9.85
2184    4    98.15    13.88
2184    5   140.47    17.85
2184    6    90.22    22.32
2184    7     9.44    32.11
2184    8    79.73    27.97
2184    9    61.27    20.04
2184   10    12.88    17.62
2184   11     9.92     9.55
2184   12    17.78     4.32
2185    1    26.41     4.12
2185    2    91.49     2.79
2185    3    57.62    11.51
2185    4   129.11    14.32
2185    5   253.79    16.62
2185    6    93.13    23.19
2185    7    20.53    29.40
2185    8    58.05    28.80
2185    9    60.85    19.49
2185   10    29.31    14.77
2185   11    16.40     9.63
2185   12    24.04     6.43
2186    1    21.87     6.05
2186    2    28.33     6.76
2186    3    60.66    11.63
2186    4   136.43    14.66
2186    5   159.07    19.11
2186    6    83.75    24.41
2186    7    44.33    28.85
2186    8    26.25    28.51
2186    9   166.09    18.33
2186   10     8.29    12.62
2186   11     4.10    10.96
2186   12    14.87     6.98
2187    1    34.51     5.28
2187    2    60.91     6.17
2187    3    21.46    12.82
2187    4   102.02    15.06
2187    5    93.80    20.90
2187    6    44.98    26.19
2187    7    19.73    31.09
2187    8    26.70    30.67
2187    9   164.65    20.73
2187   10   131.82    14.59
2187   11    20.86    10.08
2187   12    61.68     6.09
2188    1    22.82     2.91
2188    2    25.98     6.69
2188    3    40.87    12.13
2188    4   101.72    14.85
2188    5   137.07    17.49
2188    6    21.50    25.74
2188    7    44.12    32.40
2188    8   133.65    26.43
2188    9    65.52    22.28
2188   10    15.39    16.38
2188   11     4.91    10.76
2188   12    25.35     5.78
2189    1    36.39     4.06
2189    2    33.44     8.57
2189    3    83.38    11.20
2189    4   166.00    15.58
2189    5   174.88    18.49
2189    6    39.87    24.34
2189    7    13.33    33.55
2189    8   145.50    29.74
2189    9   118.65    21.10
2189   10    44.08    14.74
2189   11    48.61     7.11
2189   12    14.60     4.45
2190    1    54.80     5.38
2190    2    64.21     3.96
2190    3    95.06    10.33
2190    4   103.73    14.59
2190    5   183.32    16.83
2190    6    77.09    24.53
2190    7     8.56    32.35
2190    8    51.27    29.18
2190    9    34.54    20.15
2190   10    69.60    15.63
2190   11     8.88     7.29
2190   12    45.98     5.31
2191    1    26.91     6.20
2191    2    56.50     5.81
2191    3    87.27    10.42
2191    4   131.40    13.88
2191    5   186.49    19.13
2191    6   132.70    23.25
2191    7    11.93    31.71
2191    8    19.69    31.77
2191    9    85.89    24.26
2191   10    75.31    15.14
2191   11    19.87    10.69
2191   12    17.19     4.99
2192    1    47.06     4.75
2192    2     4.78     9.71
2192    3    72.00    11.53
2192    4   118.45    14.83
2192    5   120.23    19.96
2192    6    62.59    24.91
2192    7    41.70    29.36
2192    8    76.43    27.43
2192    9    62.02    22.15
2192   10    35.93    16.18
2192   11    20.63    10.78
2192   12    23.04     5.54
2193    1    35.82     4.61
2193    2    64.48     6.08
2193    3    65.24    10.11
2193    4    55.51    18.32
2193    5   159.73    18.21
2193    6    63.89    23.79
2193    7    33.47    31.02
2193    8    52.04    26.62
2193    9   122.55    23.48
2193   10    37.72    12.92
2193   11    42.71     8.98
2193   12     8.32     4.66
2194    1    28.67     5.13
2194    2    21.44     7.88
2194    3    50.44     9.88
2194    4    92.85    14.57
2194    5   184.08    17.95
2194    6    24.47    25.55
2194    7    43.16    29.60
2194    8    25.18    31.61
2194    9    67.20    21.49
2194   10    52.98    15.12
2194   11    19.63    10.38
2194   12    22.57     5.94
2195    1    49.08     5.14
2195    2    60.49     5.06
2195    3    53.41    10.77
2195    4    33.58    13.91
2195    5   143.22    19.10
2195    6   162.65    24.18
2195    7    10.80    33.11
2195    8   100.18    28.56
2195    9   149.95    20.92
2195   10    33.15    14.31
2195   11    98.98     9.81
2195   12    29.19     5.04
2196    1    64.27     2.40
2196    2    48.65     6.76
2196    3    82.54     9.36
2196    4    71.06    13.91
2196    5   240.89    18.25
2196    6    58.72    23.38
2196    7    20.48    31.17
2196    8    50.03    30.39
2196    9   185.63    20.16
2196   10    17.53    15.35
2196   11    25.91     7.88
2196   12    24.77     4.82
2197    1    27.05     5.40
2197    2    65.98     7.81
2197    3    42.16    11.94
2197    4    57.43    15.43
2197    5   151.39    17.65
2197    6    81.06    25.00
2197    7    32.92    31.20
2197    8    31.53    30.54
2197    9    66.29    23.26
2197   10    48.54    13.45
2197   11     7.28    11.88
2197   12    17.93     7.52
2198    1    45.86     2.85
2198    2    25.94     5.69
2198    3    94.79     9.85
2198    4   101.71    14.99
2198    5    79.01    18.55
2198    6    94.20    24.78
2198    7    36.72    29.04
2198    8    40.08    28.99
2198    9   136.66    21.46
2198   10    27.73    13.59
2198   11    10.65     7.94
2198   12    52.49     3.59
2199    1    16.69     3.40
2199    2    30.69     7.89
2199    3    44.98    13.29
2199    4    72.37    14.61
2199    5   160.78    18.33
2199    6   122.32    23.95
2199    7    30.72    29.38
2199    8    89.92    28.33
2199    9   208.33    18.49
2199   10    38.87    13.63
2199   11    47.24     9.01
2199   12     2.43     5.88
2200    1    27.15     4.67
2200    2    30.68     6.26
2200    3    75.75    10.62
2200    4    34.51    16.87
2200    5   198.68    19.23
2200    6    28.76    24.56
2200    7    19.27    28.88
2200    8    70.62    31.20
2200    9    72.17    22.43
2200   10    37.80    14.98
2200   11    21.17     7.97
2200   12    42.73     5.08
2201    1    51.69     5.07
2201    2    52.25     6.76
2201    3    49.56     9.83
2201    4   145.27    13.20
2201    5   202.52    17.72
2201    6   164.17    22.55
2201    7    25.80    28.73
2201    8    44.14    28.17
2201    9    61.90    20.48
2201   10    79.05    13.82
2201   11    49.08     8.71
2201   12    53.39     7.17
2202    1    25.77     6.03
2202    2    42.63     6.92
2202    3   142.52     8.22
2202    4   219.95    10.36
2202    5   130.71    19.39
2202    6   132.53    22.05
2202    7    66.62    26.13
2202    8    66.62    28.70
2202    9   134.87    21.16
2202   10    50.47    13.63
2202   11    11.35     9.10
2202   12    39.55     4.55
2203    1    38.06     3.17
2203    2    35.50     8.06
2203    3    90.96    10.76
2203    4    94.92    15.07
2203    5    93.45    19.18
2203    6    14.52    23.80
2203    7    19.71    31.01
2203    8    55.01    28.94
2203    9    62.73    20.46
2203   10    35.33    14.35
2203   11     3.91     9.04
2203   12    27.76     7.32
2204    1    48.82     3.63
2204    2    25.87     6.64
2204    3    56.53    10.70
2204    4    68.17    15.70
2204    5   101.18    20.39
2204    6   126.41    25.40
2204    7    15.33    31.22
2204    8    28.99    29.46
2204    9    78.04    23.83
2204   10    35.79    14.18
2204   11    66.21     9.12
2204   12    19.12     4.77
2205    1    20.72     5.78
2205    2   120.32     3.30
2205    3   101.86    10.47
2205    4    58.62    13.34
2205    5   132.41    17.63
2205    6    38.00    25.43
2205    7    44.53    29.11
2205    8    78.06    28.77
2205    9   111.00    21.14
2205   10    31.97    13.55
2205   11     6.48    10.44
2205   12    10.33     5.79
2206    1    46.34     4.90
2206    2    37.05     5.33
2206    3    62.04    10.82
2206    4   139.82    12.99
2206    5   104.84    20.09
2206    6    29.55    23.99
2206    7    34.54    27.61
2206    8    17.96    29.66
2206    9    73.51    24.26
2206   10    30.68    13.69
2206   11    21.92     8.02
2206   12    42.75     4.46
2207    1    17.10    -0.07
2207    2    60.30     4.16
2207    3    86.54     7.55
2207    4   108.61    12.85
2207    5   111.81    18.71
2207    6    39.88    26.81
2207    7    24.09    31.95
2207    8    27.57    28.55
2207    9   109.70    22.13
2207   10    65.22    13.71
2207   11    43.49     8.26
2207   12    56.07     4.83
2208    1    47.63     3.35
2208    2    81.42     5.78
2208    3    29.75    10.78
2208    4   159.45    15.02
2208    5   166.27    15.27
2208    6    45.26    25.82
2208    7    15.94    30.55
2208    8    82.47    27.96
2208    9   163.07    18.20
2208   10    17.52    13.04
2208   11     2.99    10.79
2208   12    56.03     4.60
2209    1    34.51     2.78
2209    2    28.16     5.45
2209    3    57.39     8.26
2209    4    97.52    13.80
2209    5    86.69    19.73
2209    6    14.06    26.38
2209    7     6.84    29.64
2209    8   129.13    26.98
2209    9   128.04    19.75
2209   10    47.44    13.95
2209   11    31.51     7.34
2209   12    45.77     5.90
2210    1    33.36     3.43
2210    2    31.52     4.82
2210    3    39.29    10.28
2210    4    80.56    15.13
2210    5    56.08    18.70
2210    6    35.66    25.44
2210    7    17.98    31.20
2210    8    60.57    26.62
2210    9   120.28    20.98
2210   10    51.10    15.10
2210   11    22.40    10.69
2210   12     9.18     6.29
2211    1    42.11     2.93
2211    2    38.89     7.62
2211    3    68.44     9.75
2211    4   100.97    14.32
2211    5   190.45    19.18
2211    6    64.02    24.30
2211    7    10.73    32.67
2211    8    51.88    28.33
2211    9   104.55    20.92
2211   10    16.02    15.12
2211   11    46.06     7.60
2211   12    60.44     5.80
2212    1    59.92     2.96
2212    2    82.40     4.15
2212    3    76.69     9.50
2212    4    79.32    14.57
2212    5   111.53    16.56
2212    6    39.31    24.48
2212    7     9.29    29.73
2212    8   194.87    25.89
2212    9   129.89    18.39
2212   10    47.15    14.90
2212   11    14.23     7.48
2212   12    42.02     4.84
2213    1    20.53     4.46
2213    2    56.23     6.04
2213    3    68.36     8.66
2213    4   164.89    12.41
2213    5   158.18    17.67
2213    6    39.99    23.58
2213    7    84.10    27.97
2213    8    66.34    30.64
2213    9    55.60    26.30
2213   10    21.02    14.42
2213   11    20.91    10.15
2213   12    24.37     6.91
2214    1    23.66     4.80
2214    2    79.45     7.25
2214    3    96.03    10.99
2214    4    77.87    14.50
2214    5   143.45    18.29
2214    6    52.89    24.61
2214    7    26.35    31.68
2214    8    40.96    30.24
2214    9    59.59    23.88
2214   10    38.14    14.45
2214   11    18.79    10.86
2214   12    31.29     2.16
2215    1    34.93     1.54
2215    2    47.77     4.69
2215    3    64.18    11.86
2215    4    90.13    13.69
2215    5   157.30    17.50
2215    6   113.36    23.82
2215    7    37.56    29.56
2215    8    24.69    33.29
2215    9   227.97    20.23
2215   10    40.32    14.22
2215   11     6.47    10.80
2215   12    17.14     4.96
2216    1    33.40     3.13
2216    2    32.16     6.42
2216    3    24.07     8.89
2216    4    44.27    17.20
2216    5   103.46    20.25
2216    6    68.67    24.38
2216    7    14.89    33.16
2216    8   117.65    29.16
2216    9   121.55    21.77
2216   10    22.45    14.33
2216   11    55.61    10.11
2216   12    31.40     6.14
2217    1    33.38     2.91
2217    2    40.14     5.41
2217    3    38.71    11.21
2217    4   136.40    13.45
2217    5   110.99    20.64
2217    6    60.87    24.39
2217    7    37.83    30.93
2217    8    54.51    28.55
2217    9   234.13    19.70
2217   10    66.54    11.85
2217   11    17.46     7.34
2217   12    19.75     6.11
2218    1    75.34     2.96
2218    2    43.91     5.21
2218    3    90.12    11.36
2218    4    35.21    17.39
2218    5   122.32    18.83
2218    6    48.65    26.00
2218    7    17.36    32.61
2218    8    58.83    29.52
2218    9    66.10    21.72
2218   10    62.57    12.96
2218   11    38.54     8.93
2218   12    15.74     4.67
2219    1    44.45     5.93
2219    2    44.71     6.09
2219    3    37.70    10.16
2219    4    40.14    16.11
2219    5   110.02    19.59
2219    6    26.81    26.64
2219    7    25.65    31.96
2219    8   166.95    27.25
2219    9   110.43    19.83
2219   10    87.13    16.71
2219   11    42.51     9.21
2219   12    20.33     4.58
2220    1    51.79     4.31
2220    2    33.25     4.82
2220    3    53.15     5.56
2220    4    65.93    14.71
2220    5   215.85    17.40
2220    6   120.12    23.01
2220    7    13.95    30.88
2220    8    50.47    29.38
2220    9   101.25    21.72
2220   10    29.12    14.11
2220   11    38.66    10.47
2220   12    59.30     4.81
2221    1    61.55     3.88
2221    2    61.17     6.29
2221    3    49.88    10.57
2221    4    49.95    17.47
2221    5    87.18    20.12
2221    6    22.59    26.92
2221    7     7.16    32.09
2221    8    55.90    30.58
2221    9   154.95    23.31
2221   10    30.27    14.92
2221   11    28.31     9.43
2221   12    52.01     4.00
2222    1    26.27     3.41
2222    2    79.82     4.46
2222    3    29.05    10.85
2222    4    73.14    15.41
2222    5    95.77    20.74
2222    6    91.42    24.19
2222    7    28.72    31.65
2222    8    49.28    29.32
2222    9    19.97    27.94
2222   10    14.26    15.38
2222   11    44.46     9.21
2222   12    19.12     4.79
2223    1    59.45     4.24
2223    2    49.46     5.67
2223    3    26.28    10.63
2223    4    95.87    12.46
2223    5   226.63    18.57
2223    6    90.13    24.05
2223    7    40.27    30.55
2223    8    75.01    27.85
2223    9    67.63    22.24
2223   10    23.34    14.89
2223   11    21.14     9.18
2223   12     6.00     7.48
2224    1    61.87     5.62
2224    2    57.71     6.80
2224    3    69.48     8.82
2224    4    36.70    16.66
2224    5   139.66    20.53
2224    6    62.63    25.40
2224    7    24.19    30.12
2224    8    81.10    27.00
2224    9    77.63    24.59
2224   10    37.91    16.11
2224   11    15.31    10.72
2224   12    22.46     6.25
2225    1    49.17     1.87
2225    2    31.96     7.10
2225    3    30.94    12.65
2225    4    61.08    15.15
2225    5   147.44    19.43
2225    6    61.38    23.23
2225    7    20.67    31.46
2225    8    60.44    31.73
2225    9    92.63    22.23
2225   10     8.55    15.00
2225   11    20.27     9.58
2225   12    54.22     5.54
2226    1     6.03     4.81
2226    2    42.96     8.37
2226    3    90.02     8.75
2226    4   136.79    11.42
2226    5   172.40    18.36
2226    6   118.23    22.75
2226    7    16.11    28.73
2226    8    72.23    28.02
2226    9   132.27    20.93
2226   10    18.77    13.04
2226   11     6.61     7.29
2226   12    21.91     7.50
2227    1    12.11     5.63
2227    2    22.81     8.21
2227    3    61.03    10.16
2227    4   114.49    17.30
2227    5    95.22    19.90
2227    6    90.88    24.60
2227    7    14.93    32.45
2227    8    50.38    29.53
2227    9   103.93    21.43
2227   10    41.70    13.10
2227   11     3.53     9.49
2227   12    23.95     4.67
2228    1    65.75     4.16
2228    2    57.19     8.11
2228    3    88.89    10.13
2228    4   111.84    13.79
2228    5   181.15    18.23
2228    6    13.65    24.59
2228    7    24.93    29.81
2228    8   147.03    28.89
2228    9    58.82    23.30
2228   10    27.56    15.54
2228   11     7.60     9.69
2228   12    42.23     5.14
2229    1    26.07     4.16
2229    2    32.08     5.85
2229    3    81.87     9.70
2229    4    73.32    13.00
2229    5   126.91    18.01
2229    6    66.20    26.66
2229    7    25.86    33.01
2229    8    43.36    29.35
2229    9    99.10    23.41
2229   10    40.47    15.90
2229   11    17.51     9.95
2229   12    29.61     5.89
2230    1    48.30     4.72
2230    2    30.87     3.44
2230    3   109.99     9.54
2230    4    38.84    15.38
2230    5   140.55    22.38
2230    6   104.08    26.26
2230    7    51.09    30.07
2230    8    99.62    30.44
2230    9    65.89    21.79
2230   10    25.33    14.77
2230   11    12.54    10.83
2230   12    15.49     5.96
2231    1    38.78     3.56
2231    2    55.78     4.74
2231    3    57.26    12.40
2231    4   147.78    13.95
2231    5   199.84    17.66
2231    6    37.36    24.40
2231    7    14.84    31.08
2231    8   161.90    24.45
2231    9   201.16    20.04
2231   10    82.63    13.97
2231   11    26.33     7.22
2231   12    39.09     1.95
2232    1    69.66     2.64
2232    2    44.33     7.10
2232    3    86.45     9.32
2232    4   152.45    11.33
2232    5   270.81    18.00
2232    6    52.50    24.27
2232    7    19.58    29.05
2232    8    34.78    30.76
2232    9    51.33    21.88
2232   10    25.31    13.75
2232   11    10.16     9.63
2232   12    38.12     5.97
2233    1    34.84     4.32
2233    2    49.28     5.68
2233    3    96.79     9.63
2233    4    56.09    14.41
2233    5   221.62    17.93
2233    6   125.71    24.29
2233    7    56.27    28.98
2233    8   123.62    27.78
2233    9   191.65    17.96
2233   10    96.75    12.45
2233   11    40.76     9.49
2233   12    40.58     3.97
2234    1    22.03     4.23
2234    2    29.46     3.46
2234    3    74.31     9.78
2234    4   115.86    13.87
2234    5   208.25    17.37
2234    6    73.98    23.69
2234    7    17.30    31.31
2234    8    28.27    29.72
2234    9    71.12    21.74
2234   10    55.37    14.18
2234   11    44.94     7.24
2234   12    45.52     3.97
2235    1    29.34     4.94
2235    2    71.94     5.39
2235    3    88.30     8.89
2235    4   138.31    13.41
2235    5    41.77    19.99
2235    6    63.06    25.82
2235    7    19.45    31.63
2235    8    83.79    29.07
2235    9    90.36    20.92
2235   10   119.98    14.07
2235   11    39.92     9.68
2235   12    33.86     5.64
2236    1    39.34     3.60
2236    2    46.30     4.76
2236    3    85.11     8.14
2236    4    14.17    18.76
2236    5    93.18    16.96
2236    6    25.18    27.84
2236    7    12.49    29.06
2236    8    59.03    30.16
2236    9    26.60    26.62
2236   10    30.23    14.82
2236   11     3.46    10.09
2236   12    40.78     6.90
2237    1    40.88     2.88
2237    2    43.84     6.60
2237    3    38.30    11.38
2237    4   109.32    14.45
2237    5   143.70    18.88
2237    6   122.53    24.53
2237    7    24.05    27.97
2237    8    41.33    29.49
2237    9   133.06    22.99
2237   10    58.14    13.53
2237   11    28.07     8.03
2237   12    50.55     4.61
2238    1    58.88     4.85
2238    2   101.99     4.61
2238    3    40.28    10.03
2238    4   100.60    16.42
2238    5   122.14    16.94
2238    6    29.56    24.61
2238    7    23.43    28.29
2238    8   100.12    28.56
2238    9    82.88    21.78
2238   10    31.04    13.57
2238   11    10.79    10.20
2238   12    20.01     4.05
2239    1    73.85     0.31
2239    2    38.80     5.71
2239    3    45.17    11.16
2239    4    68.60    14.34
2239    5   218.95    16.37
2239    6    30.05    23.84
2239    7    30.15    31.19
2239    8   173.03    25.13
2239    9   175.69    19.13
2239   10    52.16    12.50
2239   11    16.28     7.55
2239   12    14.67     4.26
2240    1    89.87     2.74
2240    2    92.66     5.79
2240    3    94.79     8.68
2240    4    89.64    14.44
2240    5    90.18    20.21
2240    6    39.70    24.35
2240    7    13.15    31.25
2240    8   109.21    29.23
2240    9    32.25    22.39
2240   10    87.52    16.07
2240   11    36.54     8.02
2240   12    16.49     4.96
2241    1    10.11     6.60
2241    2    28.21     4.69
2241    3   120.93     8.28
2241    4   113.11    13.76
2241    5   174.97    18.89
2241    6   127.07    23.82
2241    7    22.21    29.64
2241    8    83.15    28.47
2241    9    74.59    21.82
2241   10    98.65    15.49
2241   11    65.90     7.38
2241   12    13.70     6.60
2242    1    66.06     4.77
2242    2    33.57     7.09
2242    3    94.18     8.74
2242    4    78.43    12.08
2242    5   107.91    17.93
2242    6    67.74    24.89
2242    7     8.02    29.02
2242    8    64.24    28.75
2242    9    71.71    21.69
2242   10    86.20    13.13
2242   11    34.70     7.46
2242   12    42.40     4.46
2243    1     6.31     4.18
2243    2    22.20     7.17
2243    3    59.83     9.69
2243    4   229.27    12.65
2243    5   160.19    18.87
2243    6    17.20    25.51
2243    7    35.30    30.86
2243    8   177.49    27.13
2243    9   100.36    19.72
2243   10    92.99    14.89
2243   11    16.70     9.75
2243   12    12.71     4.70
2244    1    23.68     2.94
2244    2    31.87     4.09
2244    3    64.12     8.91
2244    4   107.73    11.74
2244    5    91.42    18.19
2244    6   115.31    26.82
2244    7    12.84    30.14
2244    8    26.44    31.35
2244    9    99.87    21.00
2244   10    34.75    15.43
2244   11    18.98     7.48
2244   12    29.54     5.16
2245    1    39.22     5.00
2245    2    36.75     7.66
2245    3    61.86    10.67
2245    4    67.18    14.13
2245    5   189.28    17.96
2245    6    56.20    23.69
2245    7    28.89    28.03
2245    8    33.51    29.60
2245    9    57.70    24.41
2245   10    32.55    15.27
2245   11    25.62     9.70
2245   12    17.92     5.37
2246    1    49.10     4.28
2246    2    51.80     4.98
2246    3    36.29    11.78
2246    4   143.11    15.38
2246    5   130.01    17.73
2246    6    54.64    25.47
2246    7    11.25    30.67
2246    8    60.54    27.31
2246    9    16.82    24.85
2246   10    69.09    13.66
2246   11    31.02     8.79
2246   12    26.78     4.01
2247    1    65.71     4.57
2247    2    61.97     2.14
2247    3    71.12     9.12
2247    4   109.70    12.54
2247    5   168.27    19.26
2247    6    46.73    24.88
2247    7    36.88    26.01
2247    8    66.46    26.99
2247    9    51.90    21.10
2247   10    25.62    12.96
2247   11    50.21    11.04
2247   12     6.46     4.91
2248    1    39.94     5.15
2248    2    57.75     9.05
2248    3    47.62    11.43
2248    4    94.82    13.78
2248    5   104.54    18.71
2248    6    73.51    26.12
2248    7    77.20    27.92
2248    8    31.01    29.57
2248    9    82.23    23.27
2248   10    25.04    14.87
2248   11     7.41     9.89
2248   12    14.29     4.93
2249    1    15.57     4.53
2249    2    28.22     5.90
2249    3    59.37    10.56
2249    4   107.77    15.33
2249    5   217.83    15.65
2249    6    41.85    24.37
2249    7    31.61    30.31
2249    8    74.75    29.54
2249    9    79.76    23.43
2249   10    21.20    14.43
2249   11     5.55     9.82
2249   12    26.61     4.89
2250    1    21.90     3.94
2250    2    37.30     6.38
2250    3    53.45    11.22
2250    4    70.06    15.10
2250    5   116.57    21.17
2250    6    26.89    27.91
2250    7    24.54    28.42
2250    8    16.09    32.01
2250    9    98.36    26.07
2250   10    61.15    13.98
2250   11     2.99     9.16
2250   12    33.18     5.58
2251    1    45.00     4.36
2251    2    43.43     6.02
2251    3    45.03    10.24
2251    4    57.17    15.88
2251    5   138.96    20.96
2251    6    27.10    27.34
2251    7    59.32    29.96
2251    8    60.52    27.52
2251    9   122.94    21.49
2251   10    56.47    11.60
2251   11    17.62     9.91
2251   12    14.00     6.25
2252    1    16.51     6.40
2252    2    17.19     7.41
2252    3    66.97     9.22
2252    4    61.94    15.40
2252    5   110.73    20.16
2252    6   230.43    21.74
2252    7    97.16    27.34
2252    8    72.69    25.96
2252    9   169.90    20.70
2252   10   175.05    13.32
2252   11    37.71     8.67
2252   12    13.08     4.44
2253    1    25.31     5.67
2253    2    26.31     7.08
2253    3    45.55    10.85
2253    4   119.88    14.07
2253    5   164.12    19.27
2253    6    63.54    23.01
2253    7    13.94    28.55
2253    8   122.78    26.21
2253    9    47.00    23.52
2253   10    25.53    15.72
2253   11    13.78    10.33
2253   12    38.58     4.27
2254    1    29.52     4.96
2254    2    43.65     5.77
2254    3    38.53    10.73
2254    4    61.76    14.72
2254    5   177.15    18.72
2254    6    25.02    24.95
2254    7    31.78    32.21
2254    8    56.04    29.43
2254    9    78.33    22.29
2254   10    55.17    16.06
2254   11    34.65    10.97
2254   12     9.10     5.93
2255    1    25.16     3.57
2255    2    44.30     7.11
2255    3    99.91     9.96
2255    4   102.87    14.34
2255    5   235.36    19.01
2255    6    74.71    23.63
2255    7    35.35    30.97
2255    8   148.17    27.75
2255    9    92.67    20.08
2255   10    80.21    14.53
2255   11    26.32     9.08
2255   12    41.75     6.66
2256    1    33.63     2.65
2256    2    33.31     7.27
2256    3    61.79    11.50
2256    4   112.89    13.55
2256    5   163.21    20.40
2256    6    52.87    24.42
2256    7    18.71    30.92
2256    8   158.70    25.80
2256    9    69.39    21.33
2256   10    19.40    15.51
2256   11    34.07    11.00
2256   12    40.72     4.85
2257    1    42.63     1.94
2257    2    55.90     6.19
2257    3    87.42     9.73
2257    4   132.83    12.63
2257    5   132.15    17.69
2257    6    21.75    23.60
2257    7     1.01    31.50
2257    8    26.82    29.29
2257    9    53.85    22.93
2257   10    26.39    14.52
2257   11    12.73    10.56
2257   12    30.95     7.39
2258    1    53.86     3.02
2258    2    52.31     5.08
2258    3    95.91     9.76
2258    4    76.21    14.90
2258    5   158.31    18.42
2258    6    43.88    26.63
2258    7     9.30    33.30
2258    8   133.79    29.34
2258    9    18.13    22.49
2258   10    32.51    15.93
2258   11    21.04     8.94
2258   12    22.51     5.72
2259    1    45.31     4.81
2259    2    88.01     6.20
2259    3    66.22     8.33
2259    4    92.80    12.01
2259    5   158.05    18.85
2259    6   117.38    23.87
2259    7    15.35    30.08
2259    8    75.66    30.99
2259    9    99.68    22.47
2259   10    11.37    14.22
2259   11    13.66     9.52
2259   12    12.67     4.45
2260    1    33.28     5.66
2260    2    41.40     7.66
2260    3    27.72    12.30
2260    4    88.45    13.74
2260    5   122.51    17.69
2260    6    72.02    23.82
2260    7    64.20    30.26
2260    8    46.70    30.60
2260    9   115.89    23.88
2260   10    23.47    15.44
2260   11    13.43     9.08
2260   12    15.21     6.42
2261    1    40.45     2.05
2261    2    24.06     8.37
2261    3    82.25     8.32
2261    4   159.79    13.15
2261    5   143.28    21.14
2261    6   170.03    22.12
2261    7    22.32    29.71
2261    8    59.74    28.70
2261    9    80.67    20.66
2261   10    39.33    13.68
2261   11    33.87     7.79
2261   12    18.38     6.06
2262    1    37.53     4.50
2262    2    31.76     4.08
2262    3    63.07     8.53
2262    4   107.72    13.50
2262    5   123.96    18.74
2262    6    33.17    24.52
2262    7    30.08    30.37
2262    8    17.93    30.33
2262    9    98.87    21.55
2262   10    28.01    16.88
2262   11    79.09     9.18
2262   12    14.88     5.78
2263    1    30.23     3.55
2263    2    76.86     7.48
2263    3    75.18    12.21
2263    4   126.96    12.71
2263    5   182.26    20.70
2263    6    80.30    23.21
2263    7     9.50    28.23
2263    8    77.36    30.31
2263    9    93.81    20.51
2263   10    41.54    13.98
2263   11     6.20    10.83
2263   12     8.60     4.30
2264    1    25.62     3.92
2264    2    50.31     5.96
2264    3   124.17     9.91
2264    4   119.01    13.79
2264    5   145.74    17.30
2264    6    78.66    24.44
2264    7    16.64    31.19
2264    8   207.08    27.16
2264    9   146.41    20.13
2264   10    40.78    12.48
2264   11     6.99     9.33
2264   12     7.74     6.65
2265    1    20.94     4.70
2265    2    52.32     6.19
2265    3    70.66     9.02
2265    4    82.76    13.40
2265    5   116.04    18.14
2265    6    85.39    23.85
2265    7     9.52    32.31
2265    8    21.98    32.06
2265    9    30.52    23.59
2265   10    51.00    14.72
2265   11    16.54     8.98
2265   12    33.19     3.96
2266    1    33.95     4.57
2266    2    62.16     6.02
2266    3    70.21     9.77
2266    4    56.72    15.96
2266    5   187.37    18.44
2266    6    34.63    24.48
2266    7    54.79    28.76
2266    8    63.83    28.61
2266    9    11.80    24.16
2266   10    47.52    16.07
2266   11    10.18    10.64
2266   12    29.44     5.14
2267    1    35.05     2.74
2267    2    23.64     7.97
2267    3    78.20    11.00
2267    4    76.61    16.01
2267    5    84.01    20.02
2267    6    82.25    26.56
2267    7    23.67    29.89
2267    8    79.41    28.86
2267    9    45.75    22.81
2267   10    94.52    13.59
2267   11    16.62     8.52
2267   12     5.10     6.47
2268    1    69.26     1.67
2268    2    34.16     5.45
2268    3   107.50    10.76
2268    4    56.26    14.87
2268    5   178.23    17.09
2268    6    61.48    22.92
2268    7    17.78    30.67
2268    8    56.93    30.77
2268    9   108.26    22.27
2268   10    29.67    15.09
2268   11    49.23     9.87
2268   12    25.56     6.03
2269    1    32.18     4.01
2269    2    50.76     7.76
2269    3    83.93     8.79
2269    4    71.43    15.91
2269    5   179.37    17.77
2269    6   112.78    23.25
2269    7    68.50    28.49
2269    8    73.67    29.20
2269    9    54.07    21.59
2269   10    12.23    14.41
2269   11     4.66    11.51
2269   12    23.72     6.38
2270    1    27.70     5.40
2270    2    25.38     8.29
2270    3    43.18    12.89
2270    4    75.76    14.82
2270    5   160.77    20.97
2270    6    22.08    27.50
2270    7    54.81    32.04
2270    8    35.58    29.71
2270    9    81.29    21.97
2270   10    91.33    13.39
2270   11     9.98     9.13
2270   12    34.14     5.93
2271    1    66.80     6.49
2271    2    54.56     4.53
2271    3   133.22     6.64
2271    4   103.77    12.53
2271    5   157.99    18.86
2271    6   120.20    20.82
2271    7    15.26    29.06
2271    8    63.53    30.73
2271    9   121.37    20.96
2271   10    96.11    12.44
2271   11    14.31     8.05
2271   12    25.07     4.49
2272    1    33.56     3.08
2272    2    69.36     4.13
2272    3    72.14     9.97
2272    4   101.33    14.55
2272    5   180.32    17.73
2272    6    53.98    24.57
2272    7    25.26    31.08
2272    8    40.29    29.57
2272    9    60.76    22.91
2272   10   124.08    15.16
2272   11     2.24     8.60
2272   12    14.40     5.40
2273    1    42.47     2.05
2273    2    24.18     8.26
2273    3    77.36    10.88
2273    4    72.61    14.27
2273    5   174.51    19.52
2273    6   137.45    23.05
2273    7    78.70    30.97
2273    8    59.45    28.48
2273    9   216.30    20.94
2273   10    46.87    12.34
2273   11    22.93     9.10
2273   12    32.83     5.50
2274    1    43.61     3.48
2274    2    29.49     5.87
2274    3    55.58     8.80
2274    4   115.09    16.05
2274    5   179.35    18.37
2274    6   126.48    23.01
2274    7    85.93    28.36
2274    8    64.81    32.02
2274    9    94.93    21.59
2274   10    63.20    13.90
2274   11    42.09     6.74
2274   12    45.11     4.78
2275    1    43.42     4.33
2275    2    83.77     5.71
2275    3    93.03     9.95
2275    4    53.64    13.52
2275    5   221.59    18.05
2275    6    95.02    24.97
2275    7    38.39    28.30
2275    8    23.20    28.89
2275    9   179.03    19.85
2275   10    22.79    15.00
2275   11    19.72     9.79
2275   12    17.96     4.16
2276    1    26.37     4.50
2276    2    38.75     6.91
2276    3    80.55    11.27
2276    4   123.28    12.74
2276    5    58.09    22.03
2276    6    11.45    30.18
2276    7    11.33    32.99
2276    8   161.27    26.13
2276    9    23.67    25.04
2276   10    96.99    15.39
2276   11    17.06    10.72
2276   12    34.50     5.27
2277    1    38.72     5.24
2277    2    24.52     7.57
2277    3    80.03     9.61
2277    4    98.26    14.92
2277    5   132.60    18.32
2277    6    53.94    23.74
2277    7    14.42    28.99
2277    8    61.19    28.52
2277    9   127.05    21.22
2277   10    77.31    14.78
2277   11   136.86     7.88
2277   12     7.26     6.31
2278    1    36.18     5.95
2278    2    30.61     6.94
2278    3    67.35     8.42
2278    4   123.96    13.52
2278    5   115.06    18.10
2278    6    77.37    23.95
2278    7    13.53    30.29
2278    8   145.64    27.22
2278    9    39.74    23.11
2278   10    62.45    15.00
2278   11    34.85     8.36
2278   12    23.58     5.70
2279    1    40.53     4.52
2279    2    23.96     5.97
2279    3    92.13     9.21
2279    4   125.83    12.43
2279    5   177.73    18.68
2279    6    66.20    26.85
2279    7    37.30    28.13
2279    8   162.73    27.04
2279    9    54.29    21.77
2279   10    51.02    13.01
2279   11    20.47     9.41
2279   12    42.71     4.59
2280    1    30.27     4.61
2280    2    67.57     2.17
2280    3   123.58     8.15
2280    4    57.54    13.01
2280    5   181.77    17.99
2280    6    97.31    22.53
2280    7    39.53    29.55
2280    8    32.96    29.58
2280    9    61.42    24.14
2280   10    75.81    14.05
2280   11    24.17     8.68
2280   12    62.01     5.36
2281    1    26.93     3.78
2281    2    22.16     5.80
2281    3    65.80    11.10
2281    4    63.03    16.53
2281    5    57.54    22.39
2281    6    37.46    26.58
2281    7    25.98    30.53
2281    8    81.12    28.14
2281    9   149.03    22.24
2281   10    45.10    14.20
2281   11    11.14     9.54
2281   12    26.84     3.39
2282    1    46.86     4.55
2282    2    35.90     6.32
2282    3   112.90     5.81
2282    4   111.95    14.43
2282    5   150.80    17.29
2282    6    33.76    24.60
2282    7    39.96    26.95
2282    8   110.28    25.62
2282    9    84.98    19.09
2282   10    43.35    13.27
2282   11    17.82     9.86
2282   12    61.04     5.29
2283    1    51.22     5.04
2283    2    39.88     5.70
2283    3    58.10    12.07
2283    4    94.74    17.81
2283    5   239.44    18.48
2283    6    85.64    23.12
2283    7    72.00    28.49
2283    8    65.64    27.79
2283    9    64.18    24.67
2283   10    72.76    13.34
2283   11    24.39     8.96
2283   12    50.19     3.93
2284    1     8.48     4.55
2284    2    50.98     4.79
2284    3    57.69    11.50
2284    4    40.58    16.90
2284    5   135.09    17.73
2284    6    69.35    25.73
2284    7    19.73    31.86
2284    8    43.18    31.46
2284    9   110.17    24.08
2284   10    75.01    11.04
2284   11    31.40     7.02
2284   12    54.13     4.72
2285    1    52.26     4.06
2285    2    37.74     4.20
2285    3    76.93     8.99
2285    4   132.75    11.84
2285    5    85.57    20.41
2285    6    37.39    22.77
2285    7    17.64    30.01
2285    8    14.48    31.52
2285    9    68.86    23.86
2285   10    83.64    14.76
2285   11    21.34     8.77
2285   12    60.23     5.22
2286    1    52.63     4.67
2286    2    68.98     5.14
2286    3    44.05    10.91
2286    4   106.24    12.15
2286    5    70.53    17.65
2286    6   162.68    21.94
2286    7    62.36    27.54
2286    8    44.46    26.37
2286    9   112.06    20.57
2286   10    10.76    14.27
2286   11    12.70     7.59
2286   12    12.89     7.24
2287    1    25.15     4.84
2287    2    19.41     6.52
2287    3    99.71     8.82
2287    4    60.64    16.42
2287    5    71.22    21.22
2287    6    55.08    25.31
2287    7    33.79    29.21
2287    8    43.89    31.67
2287    9    54.35    22.99
2287   10    13.40    13.01
2287   11     5.62    10.38
2287   12    24.59     5.14
2288    1    19.77     5.13
2288    2    29.81     5.78
2288    3    72.85    12.48
2288    4    48.51    14.15
2288    5   133.95    18.83
2288    6   124.35    24.28
2288    7     8.89    29.73
2288    8    13.02    30.01
2288    9   103.43    22.34
2288   10    70.17    14.16
2288   11    15.72     8.63
2288   12    46.44     5.11
2289    1    41.16     3.70
2289    2    35.54     5.64
2289    3    34.65    11.54
2289    4    68.88    16.12
2289    5   182.12    15.56
2289    6    78.49    23.14
2289    7    19.00    31.12
2289    8    22.47    31.84
2289    9   156.87    21.56
2289   10    16.88    15.41
2289   11     5.31     9.36
2289   12    24.38     5.25
2290    1    46.07     4.21
2290    2    41.93     3.69
2290    3    88.93     8.51
2290    4   115.58    12.18
2290    5   166.31    17.97
2290    6    22.40    24.09
2290    7     4.85    31.46
2290    8    25.67    28.68
2290    9    26.59    25.22
2290   10    74.83    15.41
2290   11    13.07     7.86
2290   12    49.97     5.49
2291    1    22.51     2.91
2291    2    41.38     4.69
2291    3    77.63     8.19
2291    4    84.05    11.97
2291    5   204.90    17.15
2291    6   174.30    22.19
2291    7    19.91    29.21
2291    8    55.97    27.19
2291    9   158.55    21.12
2291   10    88.76    12.92
2291   11    37.05     8.26
2291   12    28.06     6.17
2292    1    42.87     3.47
2292    2    53.05     5.29
2292    3    81.22    10.58
2292    4   129.40     9.47
2292    5   225.47    16.58
2292    6    49.49    22.73
2292    7    16.01    28.91
2292    8    27.61    27.97
2292    9    51.65    23.51
2292   10   100.80    13.86
2292   11    35.67     8.02
2292   12    33.16     4.85
2293    1    40.37     2.26
2293    2    31.03     4.47
2293    3   104.76     8.03
2293    4   177.10    13.54
2293    5   148.96    17.63
2293    6    21.22    24.42
2293    7    25.59    28.61
2293    8   110.72    25.26
2293    9   115.33    21.08
2293   10    50.40    14.84
2293   11     6.70    10.67
2293   12    61.82     5.56
2294    1    68.62     3.28
2294    2    15.08     4.82
2294    3   122.04     8.43
2294    4    87.68    14.23
2294    5   196.91    17.30
2294    6    58.10    23.05
2294    7    41.16    31.21
2294    8    35.24    29.86
2294    9    57.78    21.26
2294   10    34.57    12.40
2294   11    35.76     7.36
2294   12    30.29     5.62
2295    1    76.96     2.63
2295    2    35.61     6.04
2295    3    88.08    10.43
2295    4    87.86    13.84
2295    5   111.51    19.92
2295    6   107.05    23.70
2295    7    28.26    30.09
2295    8    15.64    31.26
2295    9    78.54    26.48
2295   10    38.53    15.31
2295   11    18.64    10.41
2295   12    46.23     4.95
2296    1    36.80     5.38
2296    2    69.62     6.65
2296    3   141.14     7.11
2296    4    42.27    13.84
2296    5   127.58    17.86
2296    6    23.82    24.38
2296    7   126.73    27.26
2296    8    89.29    28.20
2296    9    67.20    23.72
2296   10    36.29    14.32
2296   11    39.48     8.65
2296   12    33.64     5.05
2297    1    50.07     5.48
2297    2    58.42     4.46
2297    3    46.10     7.66
2297    4   113.76    12.39
2297    5   188.66    17.23
2297    6    66.93    24.59
2297    7    21.18    27.81
2297    8    82.98    27.11
2297    9   106.72    21.58
2297   10    39.39    14.67
2297   11     9.42     9.46
2297   12    15.78     5.28
2298    1    27.06     4.04
2298    2    41.26     7.62
2298    3   133.19     7.11
2298    4   136.19    14.38
2298    5   102.65    18.31
2298    6    27.28    25.17
2298    7     6.74    32.72
2298    8    73.18    33.42
2298    9   143.71    20.49
2298   10    56.96    13.19
2298   11    57.35     5.58
2298   12    26.72     3.45
2299    1    43.81     5.14
2299    2    35.30     4.16
2299    3    90.81     8.57
2299    4    73.34    13.77
2299    5   167.83    18.26
2299    6    23.60    25.52
2299    7    11.41    28.93
2299    8    72.48    30.05
2299    9    75.62    24.29
2299   10    19.75    15.60
2299   11    11.61     9.60
2299   12    10.90     4.09
2300    1    23.56     3.60
2300    2    49.35     6.29
2300    3    62.01    10.64
2300    4   162.28    14.19
2300    5   221.52    18.05
2300    6    39.82    25.09
2300    7    30.53    32.29
2300    8    53.77    29.88
2300    9   108.40    23.85
2300   10     8.88    16.33
2300   11    22.65    10.30
2300   12    30.32     6.06
