2006    1    13.26    -1.20
2006    2    58.71    -1.69
2006    3    97.89     3.29
2006    4   178.66     7.80
2006    5   196.89    13.63
2006    6   163.66    16.49
2006    7    38.44    18.94
2006    8    53.40    19.53
2006    9    62.30    15.18
2006   10    62.45    10.83
2006   11    41.82     2.87
2006   12    46.11    -1.92
2007    1    36.52    -1.26
2007    2    38.69    -3.04
2007    3    73.84     6.04
2007    4   183.73     9.69
2007    5   259.88    11.42
2007    6   224.07    15.42
2007    7   109.13    17.42
2007    8   119.92    16.30
2007    9    63.57    12.65
2007   10    36.84     6.84
2007   11    41.42     1.65
2007   12    41.84    -1.49
2008    1    10.83    -4.90
2008    2    48.23    -0.07
2008    3    95.21     2.84
2008    4   180.78     7.57
2008    5   246.81    12.94
2008    6   189.81    16.91
2008    7    78.62    19.41
2008    8    70.61    17.80
2008    9    68.71    14.12
2008   10    73.05     8.80
2008   11    62.44     2.99
2008   12    39.76     1.45
2009    1    49.06    -0.36
2009    2    45.59    -1.00
2009    3    73.92     2.98
2009    4   229.01     8.67
2009    5   166.70    12.20
2009    6   255.65    14.96
2009    7    49.82    18.65
2009    8    46.02    19.13
2009    9    63.92    14.53
2009   10    30.12    10.24
2009   11    50.01     3.44
2009   12    14.82    -0.17
2010    1    31.26    -7.39
2010    2    23.01     0.15
2010    3    99.49     5.87
2010    4   189.64     7.87
2010    5   273.83    11.64
2010    6   124.89    16.75
2010    7   124.25    19.21
2010    8    69.37    17.38
2010    9    53.51    14.20
2010   10    19.65    10.52
2010   11    14.08     4.76
2010   12    41.02     0.11
2011    1    12.06     0.50
2011    2    51.78     0.57
2011    3   101.71     2.31
2011    4   188.63     4.80
2011    5   126.56    13.90
2011    6    80.36    19.99
2011    7    49.52    20.71
2011    8    44.97    18.75
2011    9    31.17    15.54
2011   10    46.01    10.58
2011   11    27.26     6.06
2011   12    18.35     1.67
2012    1    76.18    -5.06
2012    2    31.58    -7.06
2012    3    67.14     6.60
2012    4   160.18     7.90
2012    5   163.98    13.88
2012    6   177.34    17.16
2012    7   113.70    19.09
2012    8    26.42    19.05
2012    9    43.39    13.66
2012   10    56.79    10.68
2012   11    58.35     2.05
2012   12    61.44    -0.73
2013    1    11.51    -1.66
2013    2    46.21     1.43
2013    3   120.86     3.56
2013    4   157.32    10.43
2013    5   232.99    12.99
2013    6   156.79    17.26
2013    7    79.14    18.07
2013    8    53.48    17.30
2013    9    44.17    13.55
2013   10    98.91     6.87
2013   11    39.40     3.64
2013   12    43.26    -0.71
2014    1    46.95    -5.41
2014    2    47.90     0.01
2014    3    73.34     3.97
2014    4   171.68     4.45
2014    5   170.39    12.24
2014    6   123.43    17.42
2014    7    69.00    18.70
2014    8    20.95    18.69
2014    9    45.70    14.55
2014   10    56.11     9.10
2014   11    20.96     3.18
2014   12    12.55    -0.60
2015    1    20.75    -1.48
2015    2    69.49    -0.38
2015    3   133.89     1.30
2015    4   163.97     5.44
2015    5   170.61    14.24
2015    6   145.23    18.58
2015    7    75.96    18.87
2015    8    66.86    17.03
2015    9    28.30    15.14
2015   10    66.45     7.57
2015   11    18.45     4.28
2015   12     8.91    -0.74
2016    1    39.47    -2.22
2016    2    47.11     1.24
2016    3   113.69     0.62
2016    4    60.45     7.05
2016    5   206.61    11.50
2016    6   253.56    15.85
2016    7    25.20    20.29
2016    8    13.21    22.28
2016    9    81.96    13.32
2016   10    79.20     8.70
2016   11    70.89     1.85
2016   12   114.75    -1.29
2017    1    50.31    -5.72
2017    2    14.50    -4.76
2017    3   153.00     3.68
2017    4   128.02     6.93
2017    5   191.99    13.93
2017    6   212.20    16.30
2017    7   129.38    17.52
2017    8    67.76    16.81
2017    9    60.20    12.77
2017   10    53.10    10.89
2017   11    66.31     5.15
2017   12    40.57     1.49
2018    1    38.80     0.04
2018    2    77.88    -2.69
2018    3   120.94     0.85
2018    4   135.72     6.57
2018    5    97.76    14.43
2018    6   159.63    17.27
2018    7   124.32    16.42
2018    8   122.16    16.58
2018    9    62.76    14.02
2018   10    39.62     9.42
2018   11    17.97     4.99
2018   12    13.43     1.38
2019    1    72.21    -8.78
2019    2     7.49    -5.75
2019    3    55.88     4.53
2019    4    99.64    10.51
2019    5   202.05    13.19
2019    6   187.26    17.12
2019    7    82.71    18.37
2019    8    26.07    21.49
2019    9    44.09    13.52
2019   10    68.73     9.33
2019   11    45.43     3.18
2019   12    26.02     0.91
2020    1    33.32    -0.98
2020    2    28.77     0.92
2020    3   100.53     5.58
2020    4    94.31     8.28
2020    5   227.16    14.69
2020    6   110.94    18.66
2020    7   147.53    17.99
2020    8    86.41    18.01
2020    9    29.48    14.51
2020   10    74.11     9.52
2020   11    35.68     3.06
2020   12    24.88    -0.05
2021    1     7.88    -1.27
2021    2    52.53    -2.45
2021    3   111.64     4.44
2021    4   181.78     4.51
2021    5   207.18    13.44
2021    6   116.40    17.60
2021    7    36.35    20.53
2021    8    87.88    16.94
2021    9    64.55    14.99
2021   10    36.89    10.14
2021   11    23.12     6.00
2021   12    23.16     0.89
2022    1    42.31    -0.71
2022    2    43.91    -0.92
2022    3    77.67     6.86
2022    4   105.55     9.36
2022    5   248.28    14.54
2022    6   166.65    18.25
2022    7    96.87    19.51
2022    8    48.05    19.44
2022    9    35.62    14.21
2022   10   128.68     7.81
2022   11    33.60     2.98
2022   12     5.90    -0.03
2023    1    40.22    -6.21
2023    2    54.50     2.43
2023    3    66.45     6.49
2023    4   157.68     7.54
2023    5   127.16    14.25
2023    6   213.37    16.47
2023    7   158.69    17.49
2023    8    70.87    17.31
2023    9    58.83    14.18
2023   10    68.34     9.50
2023   11    39.57     1.96
2023   12    53.96     0.55
2024    1    17.85    -0.16
2024    2    42.22    -3.20
2024    3   111.79     2.03
2024    4   145.31     9.58
2024    5   292.00    13.20
2024    6   109.17    18.97
2024    7   139.69    18.44
2024    8    49.77    18.23
2024    9    71.63    15.90
2024   10    44.91    11.96
2024   11     7.71     4.11
2024   12    29.14     0.84
2025    1    37.00    -0.75
2025    2    67.07     0.89
2025    3    94.50     7.72
2025    4   154.93     6.70
2025    5   193.06    14.51
2025    6   201.55    16.89
2025    7   121.94    18.45
2025    8    68.26    17.65
2025    9    18.63    16.31
2025   10    61.69    10.79
2025   11    57.36     4.88
2025   12    51.30    -2.58
2026    1    22.12    -2.52
2026    2    38.88    -0.77
2026    3   116.63     4.92
2026    4   122.99     5.85
2026    5   126.99    14.16
2026    6   219.95    17.44
2026    7    35.11    21.06
2026    8    41.56    18.97
2026    9   173.42    14.95
2026   10    37.47     8.70
2026   11    32.21     4.28
2026   12    42.67     1.28
2027    1    33.82    -0.94
2027    2    29.73    -2.09
2027    3    77.02     5.04
2027    4   178.13     5.72
2027    5   239.70    13.04
2027    6    54.82    19.99
2027    7    71.50    19.09
2027    8    25.91    21.87
2027    9    57.54    15.01
2027   10    79.89    10.66
2027   11    51.98     1.84
2027   12    23.84    -3.49
2028    1    35.21    -7.41
2028    2    54.04    -6.87
2028    3    69.95     0.62
2028    4   110.80     8.54
2028    5   206.96    12.57
2028    6    82.82    17.92
2028    7    85.41    18.93
2028    8     5.64    21.50
2028    9    61.79    16.58
2028   10    82.78    11.93
2028   11    50.33     4.38
2028   12    23.10    -3.94
2029    1    27.55    -1.46
2029    2    41.21     3.01
2029    3   150.69     3.16
2029    4    99.93     7.73
2029    5   171.27    14.80
2029    6   182.18    16.38
2029    7   140.31    16.92
2029    8    66.94    18.26
2029    9    40.82    13.98
2029   10    71.05     8.93
2029   11    24.54     4.23
2029   12    42.13    -1.10
2030    1    35.63    -2.64
2030    2    46.06     2.12
2030    3   107.04     0.36
2030    4   173.61     8.36
2030    5   222.84    14.44
2030    6   186.24    16.41
2030    7   111.20    18.12
2030    8    34.52    19.66
2030    9    30.54    15.95
2030   10    98.02    10.69
2030   11     6.48     3.56
2030   12    49.47     2.30
2031    1    58.21   -10.26
2031    2    17.24    -3.10
2031    3    96.99     4.96
2031    4   176.39     7.76
2031    5   252.00    11.72
2031    6   185.23    16.36
2031    7   126.31    17.66
2031    8    17.44    21.60
2031    9    69.75    16.02
2031   10    75.47    10.83
2031   11    20.97     4.22
2031   12    14.02     0.60
2032    1    32.70    -0.31
2032    2    43.15     0.23
2032    3    92.23     5.00
2032    4   152.66     9.26
2032    5   167.00    14.33
2032    6   186.36    16.69
2032    7    51.64    19.06
2032    8    85.91    18.39
2032    9    51.02    15.73
2032   10    88.99     8.77
2032   11    15.61     2.21
2032   12    36.50    -0.27
2033    1    15.97    -3.03
2033    2    49.85    -1.42
2033    3   122.10     5.28
2033    4   165.20     6.53
2033    5   186.93    14.08
2033    6   250.11    17.17
2033    7   102.23    19.00
2033    8    13.09    19.09
2033    9    16.21    17.39
2033   10    79.97    11.30
2033   11    40.58     3.11
2033   12    27.30    -1.63
2034    1    30.97    -0.93
2034    2    85.66     0.14
2034    3   109.08     4.93
2034    4   111.61     9.64
2034    5   250.43    12.84
2034    6   185.31    17.68
2034    7   111.17    20.14
2034    8    95.87    18.07
2034    9    43.08    14.31
2034   10    59.23    10.68
2034   11    23.47     5.05
2034   12    12.06     0.97
2035    1    43.37    -3.87
2035    2    28.06    -2.28
2035    3    90.38     2.71
2035    4    91.86    10.78
2035    5   223.87    14.87
2035    6   204.01    17.30
2035    7    62.20    19.19
2035    8   108.40    18.95
2035    9    26.89    16.82
2035   10    77.84    10.53
2035   11    17.88     5.20
2035   12    37.80     1.26
2036    1    39.88    -0.58
2036    2    41.77    -3.12
2036    3   101.10     7.10
2036    4   174.13     6.88
2036    5   213.73    12.95
2036    6   133.75    17.95
2036    7    62.54    19.55
2036    8    62.21    19.49
2036    9    95.16    15.41
2036   10    68.30     9.95
2036   11    53.45     3.82
2036   12    41.39    -1.04
2037    1    36.93    -0.41
2037    2    38.50     1.87
2037    3   115.38     3.20
2037    4   188.77     6.33
2037    5   202.06    14.54
2037    6   153.19    17.85
2037    7    74.36    20.80
2037    8    74.82    18.09
2037    9    21.41    16.96
2037   10   127.83     8.13
2037   11    22.61     6.05
2037   12    13.12     1.31
2038    1    23.77    -0.66
2038    2    38.68    -6.36
2038    3    64.04     5.70
2038    4    78.92     8.89
2038    5   255.62    13.06
2038    6   146.83    18.66
2038    7    95.36    19.98
2038    8    40.01    20.46
2038    9    58.21    14.35
2038   10    14.25    11.80
2038   11    22.75     5.65
2038   12    28.59    -0.98
2039    1    49.76    -6.38
2039    2    17.12    -6.09
2039    3    68.18     7.92
2039    4   127.59     9.89
2039    5   152.12    15.51
2039    6   158.35    16.64
2039    7    32.28    20.66
2039    8    52.10    20.34
2039    9    56.64    15.76
2039   10    44.51    11.13
2039   11    11.84     4.79
2039   12    55.80    -1.58
2040    1    25.83    -4.57
2040    2    92.45    -2.41
2040    3    70.33     6.08
2040    4   176.05     6.12
2040    5   194.44    14.55
2040    6   134.78    16.89
2040    7    56.59    20.77
2040    8    38.11    21.27
2040    9    72.80    16.08
2040   10    38.54    10.34
2040   11    36.86     2.09
2040   12    11.73    -0.46
2041    1    49.35    -1.98
2041    2    31.65     2.22
2041    3   136.22     3.61
2041    4   187.30     8.17
2041    5   207.28    15.65
2041    6    70.89    20.61
2041    7    10.35    22.96
2041    8    71.72    20.99
2041    9    69.61    17.01
2041   10    46.68     9.54
2041   11    13.51     5.28
2041   12    49.20    -3.98
2042    1    47.91    -3.14
2042    2    39.55     0.12
2042    3    84.82    -0.33
2042    4   153.42     8.32
2042    5   257.24    12.70
2042    6   255.68    16.69
2042    7    64.97    19.96
2042    8    17.20    18.67
2042    9    56.03    16.54
2042   10    51.53    10.69
2042   11    42.93     4.14
2042   12    27.05    -1.81
2043    1    26.90    -2.30
2043    2    23.26    -4.14
2043    3    74.08     6.84
2043    4   141.39    10.36
2043    5   226.44    13.05
2043    6   134.06    19.29
2043    7    69.66    19.67
2043    8    91.16    18.17
2043    9    77.94    16.93
2043   10    51.45    11.00
2043   11    69.91     5.35
2043   12     9.90     0.08
2044    1    50.54    -0.36
2044    2    56.76     0.22
2044    3   105.30     4.28
2044    4   182.37     8.29
2044    5   219.16    14.09
2044    6   193.88    19.37
2044    7    81.25    19.63
2044    8    68.26    20.32
2044    9    69.78    15.33
2044   10    68.86     8.56
2044   11    74.94     2.35
2044   12    29.53     1.81
2045    1    17.47    -2.18
2045    2    28.94     1.03
2045    3    67.28     7.66
2045    4   151.98     8.34
2045    5   152.96    14.63
2045    6    48.23    21.30
2045    7    37.03    22.89
2045    8    91.00    21.19
2045    9    25.17    17.35
2045   10    83.62    11.09
2045   11    40.93     4.94
2045   12    22.51    -0.09
2046    1     5.54     1.04
2046    2    78.13     2.44
2046    3   117.99     1.08
2046    4   152.20    10.51
2046    5   156.04    14.45
2046    6   169.52    16.42
2046    7    55.07    21.30
2046    8    31.74    20.22
2046    9    72.65    15.46
2046   10    97.79    10.81
2046   11    45.61     5.22
2046   12    25.27    -0.21
2047    1    59.45    -2.65
2047    2    16.52    -1.66
2047    3    96.32     1.63
2047    4   188.32     9.34
2047    5   164.87    13.41
2047    6   159.07    18.40
2047    7    55.15    19.77
2047    8    61.61    17.81
2047    9    74.69    14.76
2047   10    51.81    11.34
2047   11    13.91     5.92
2047   12    20.35    -0.32
2048    1    23.39     0.32
2048    2    66.43     2.20
2048    3    73.63     1.94
2048    4   171.86     7.88
2048    5   206.29    13.30
2048    6   127.51    17.68
2048    7    83.40    19.49
2048    8    17.66    21.96
2048    9    73.63    15.92
2048   10    17.89    12.95
2048   11     8.80     5.85
2048   12    36.13     1.57
2049    1    85.97     1.43
2049    2    65.30    -0.56
2049    3   120.70     4.83
2049    4   191.24     8.65
2049    5   195.26    13.93
2049    6   126.50    18.33
2049    7    28.78    20.39
2049    8   114.16    19.24
2049    9    31.30    17.54
2049   10    50.62    11.85
2049   11    29.86     5.54
2049   12    72.08    -2.21
2050    1    50.11    -2.15
2050    2    85.66    -4.18
2050    3   103.95     1.58
2050    4   198.19     8.45
2050    5   229.45    13.59
2050    6   114.06    18.68
2050    7   154.71    19.31
2050    8    81.64    19.28
2050    9    52.67    14.26
2050   10   104.44    10.79
2050   11    30.16     4.80
2050   12    16.71    -2.22
2051    1    46.88    -0.89
2051    2    44.41     0.65
2051    3   106.33     2.79
2051    4   151.80     8.81
2051    5   283.29    12.96
2051    6   174.48    17.13
2051    7    49.04    21.67
2051    8    55.58    20.01
2051    9    58.28    15.98
2051   10    68.67    12.18
2051   11    90.03     4.30
2051   12    51.03    -0.61
2052    1    37.83    -1.54
2052    2    42.20     0.89
2052    3   141.50     4.02
2052    4   153.15     9.36
2052    5   245.12    14.30
2052    6   172.77    17.34
2052    7    46.91    21.69
2052    8    99.19    18.35
2052    9    43.04    14.57
2052   10    60.99    11.41
2052   11    36.44     3.44
2052   12    16.41     1.74
2053    1    32.87     1.47
2053    2    60.80    -1.11
2053    3   100.44     5.23
2053    4   148.94     7.90
2053    5   280.10    12.92
2053    6   105.94    18.84
2053    7   118.09    19.41
2053    8    74.98    19.18
2053    9    63.37    15.37
2053   10    32.76    12.36
2053   11    96.08     1.06
2053   12    27.56     1.50
2054    1    23.28    -0.76
2054    2    51.43     0.13
2054    3   128.97     4.71
2054    4   116.98    10.03
2054    5   193.67    13.38
2054    6   172.84    17.92
2054    7   106.84    19.05
2054    8    43.71    20.94
2054    9    62.15    16.65
2054   10    55.00    11.56
2054   11    41.29     6.13
2054   12    40.51     0.08
2055    1    35.68    -2.30
2055    2    39.80     3.24
2055    3   135.96     7.13
2055    4   139.59     8.48
2055    5   171.26    14.84
2055    6    93.74    17.49
2055    7    17.23    23.22
2055    8   121.28    18.22
2055    9    46.32    16.23
2055   10    49.25    11.13
2055   11    22.18     5.46
2055   12    31.97     0.24
2056    1    39.94    -6.10
2056    2    58.77    -0.75
2056    3   136.23     4.48
2056    4   206.17     8.07
2056    5   185.27    12.22
2056    6   157.40    18.73
2056    7    71.99    20.96
2056    8    35.02    21.15
2056    9    64.60    17.08
2056   10    67.42    10.48
2056   11    30.67     5.48
2056   12    43.77    -1.23
2057    1    40.00    -4.71
2057    2    57.46    -0.85
2057    3    65.40     1.11
2057    4    92.61     8.63
2057    5   184.35    14.61
2057    6   236.93    18.41
2057    7   102.93    20.16
2057    8    74.20    19.48
2057    9    55.65    17.22
2057   10    89.97    14.27
2057   11    34.32     2.71
2057   12    39.04     0.84
2058    1    51.42     0.15
2058    2    58.43    -2.34
2058    3   139.74     5.94
2058    4   116.82    10.09
2058    5   251.74    15.23
2058    6   119.21    18.79
2058    7    42.49    20.19
2058    8    20.96    23.43
2058    9    39.40    18.03
2058   10    34.84    14.70
2058   11    43.67     4.63
2058   12    18.43    -1.24
2059    1    18.11    -5.52
2059    2    43.79    -0.26
2059    3    94.45     7.03
2059    4   156.79    11.29
2059    5   145.67    16.07
2059    6   119.77    19.19
2059    7     9.24    24.58
2059    8    61.81    21.36
2059    9    39.95    17.53
2059   10    54.69    12.51
2059   11    42.97     6.53
2059   12    35.32     0.67
2060    1    33.12    -3.50
2060    2    40.22     3.42
2060    3   142.35     3.18
2060    4   131.05    10.08
2060    5   176.53    17.90
2060    6    94.75    19.52
2060    7     8.64    24.51
2060    8    50.34    23.01
2060    9    49.88    16.24
2060   10    38.13    13.68
2060   11    12.43     6.42
2060   12    23.35     2.70
2061    1    53.70    -2.37
2061    2    57.60     0.13
2061    3   148.83     5.38
2061    4   179.20     9.71
2061    5   305.00    14.34
2061    6   122.18    19.15
2061    7   148.53    19.05
2061    8    21.67    20.26
2061    9    15.08    19.07
2061   10    45.46    13.24
2061   11    42.22     2.73
2061   12     9.94    -0.21
2062    1    47.83    -4.29
2062    2    35.39     2.44
2062    3    97.64     4.93
2062    4   122.30     9.58
2062    5   274.96    14.61
2062    6   156.69    17.68
2062    7    78.50    21.37
2062    8    50.10    20.62
2062    9    55.97    18.17
2062   10    42.17    11.53
2062   11    62.30     4.72
2062   12    36.46    -1.78
2063    1    23.66    -0.07
2063    2    58.06     3.12
2063    3   121.72     4.54
2063    4   238.76     8.11
2063    5   211.82    13.58
2063    6   187.02    17.46
2063    7    71.62    21.84
2063    8    63.45    21.05
2063    9    81.30    16.21
2063   10    57.32    12.55
2063   11    56.97     5.20
2063   12    46.56    -1.44
2064    1    16.16    -0.25
2064    2    36.64     3.71
2064    3    87.52     5.04
2064    4   130.23    10.31
2064    5   190.28    15.42
2064    6   114.27    18.62
2064    7    36.35    22.78
2064    8    20.18    25.16
2064    9    40.93    18.55
2064   10    28.24    13.58
2064   11    55.15     4.79
2064   12    55.20     1.30
2065    1    35.99     0.39
2065    2    70.40     1.11
2065    3   131.16     2.76
2065    4   197.48     8.12
2065    5   240.89    15.68
2065    6   129.77    20.08
2065    7    20.36    22.85
2065    8    24.77    22.90
2065    9    56.18    17.62
2065   10    15.54    12.64
2065   11    12.63     7.49
2065   12    10.95     2.72
2066    1    62.71    -1.98
2066    2    47.57    -0.31
2066    3   166.91     4.84
2066    4   157.19    12.32
2066    5   173.49    14.75
2066    6    71.32    22.07
2066    7   165.09    19.42
2066    8    26.10    21.65
2066    9    58.92    18.69
2066   10   113.85    11.33
2066   11    63.18     4.03
2066   12    35.58     0.56
2067    1    48.44     1.24
2067    2    51.74     2.87
2067    3   108.08     2.17
2067    4   149.34    11.88
2067    5   176.56    14.94
2067    6   199.38    18.56
2067    7    67.12    20.48
2067    8    25.31    21.11
2067    9    94.32    16.15
2067   10    26.90    12.20
2067   11     9.30     7.36
2067   12    24.35    -1.39
2068    1    54.96    -2.33
2068    2    74.32     1.15
2068    3   119.40     4.22
2068    4   205.70     6.84
2068    5   148.71    17.19
2068    6    86.82    19.29
2068    7    35.41    24.70
2068    8    60.58    21.07
2068    9    51.21    17.46
2068   10    36.49    12.13
2068   11    29.51     4.81
2068   12    20.33     1.11
2069    1    23.81     3.26
2069    2    54.05     1.39
2069    3    86.62     2.37
2069    4   135.05    11.37
2069    5   197.49    16.67
2069    6    72.76    21.02
2069    7    29.38    25.15
2069    8    13.14    22.61
2069    9    38.20    16.41
2069   10    86.94    12.11
2069   11    53.72     5.74
2069   12    44.42    -0.67
2070    1    36.40    -1.28
2070    2    47.80     3.08
2070    3   139.06     3.31
2070    4   202.54     9.33
2070    5   157.09    13.61
2070    6   136.17    19.59
2070    7    39.38    21.87
2070    8    64.91    19.96
2070    9    46.97    16.01
2070   10    85.10    10.91
2070   11    80.35     4.47
2070   12    22.66     3.63
2071    1    30.57     0.36
2071    2    83.16     0.71
2071    3   106.77     1.65
2071    4   179.30     9.46
2071    5   234.68    14.59
2071    6   148.62    19.74
2071    7    64.93    22.48
2071    8    44.99    20.33
2071    9    30.59    17.01
2071   10    20.77    13.90
2071   11    37.95     4.48
2071   12    42.36     3.08
2072    1    21.54     0.06
2072    2    75.33     0.31
2072    3    88.63     4.32
2072    4   153.86     9.37
2072    5   181.90    16.66
2072    6   103.05    19.41
2072    7    58.38    21.10
2072    8    19.47    24.08
2072    9    48.53    18.10
2072   10    47.16    12.37
2072   11    48.24     5.67
2072   12    20.56     2.48
2073    1    31.45     0.36
2073    2    31.36     2.59
2073    3   122.12     7.25
2073    4   179.53     9.72
2073    5   166.83    15.00
2073    6   183.49    18.18
2073    7     4.03    24.11
2073    8    16.48    24.13
2073    9    63.92    16.23
2073   10    69.93    10.94
2073   11    10.59     6.72
2073   12    12.17     0.98
2074    1    24.47    -1.26
2074    2    46.75     2.01
2074    3   113.39     6.02
2074    4   136.22    10.54
2074    5   204.33    15.48
2074    6   112.48    20.79
2074    7     9.35    25.93
2074    8    17.73    23.95
2074    9    44.06    19.41
2074   10    49.24    13.21
2074   11    57.94     4.42
2074   12    47.76     3.52
2075    1    46.59     0.41
2075    2    64.09     1.79
2075    3   130.79     6.56
2075    4   176.04    12.60
2075    5   186.60    14.69
2075    6   209.87    19.80
2075    7    19.54    22.01
2075    8    37.60    23.12
2075    9    39.09    18.17
2075   10    65.35    13.25
2075   11    15.42     7.56
2075   12    22.89    -1.01
2076    1    20.83     1.11
2076    2    44.95     0.94
2076    3    92.99     4.96
2076    4   162.94     7.79
2076    5   184.05    15.84
2076    6    47.62    22.72
2076    7    75.55    20.70
2076    8    57.38    23.33
2076    9    48.50    18.43
2076   10    55.04    12.60
2076   11    47.24     6.46
2076   12    32.06     0.09
2077    1     7.39    -0.78
2077    2    42.96     2.46
2077    3   103.77     8.46
2077    4   145.40    10.34
2077    5   279.85    13.78
2077    6   146.81    19.61
2077    7    58.57    21.30
2077    8    54.52    23.51
2077    9    89.61    17.34
2077   10    60.69    13.56
2077   11    58.60     6.35
2077   12    47.63     2.36
2078    1    37.91    -8.17
2078    2    36.93    -1.32
2078    3    76.27     1.13
2078    4   143.86     9.28
2078    5   209.66    15.58
2078    6   124.09    21.07
2078    7     9.10    24.63
2078    8    10.97    24.25
2078    9    64.79    16.31
2078   10    43.95    11.01
2078   11    63.49     4.79
2078   12    22.43    -0.03
2079    1    27.92    -1.72
2079    2    52.24     2.28
2079    3   120.17     4.24
2079    4   149.88     9.37
2079    5   239.71    14.68
2079    6   107.61    20.18
2079    7   124.17    20.55
2079    8    92.99    19.58
2079    9    39.74    15.06
2079   10    65.15    12.85
2079   11    69.75     5.83
2079   12    28.61    -3.84
2080    1    67.55    -1.84
2080    2    38.27    -0.25
2080    3    91.25     2.25
2080    4    63.21    11.84
2080    5   215.67    14.81
2080    6   169.12    18.31
2080    7    74.63    21.96
2080    8    40.73    21.06
2080    9    46.93    17.97
2080   10   101.56    11.66
2080   11    50.49     7.85
2080   12    31.97     0.76
2081    1    38.89    -2.86
2081    2    46.12    -0.53
2081    3    70.99     5.53
2081    4   140.59    11.76
2081    5   207.39    15.86
2081    6   210.53    20.60
2081    7    35.30    22.22
2081    8    65.62    21.48
2081    9    34.88    18.48
2081   10    62.92    14.46
2081   11    24.81     7.61
2081   12    71.46     1.70
2082    1    63.06    -3.25
2082    2    52.48     2.80
2082    3   153.79     5.79
2082    4   176.12    10.55
2082    5   280.88    14.08
2082    6    58.25    20.45
2082    7    30.14    23.20
2082    8    51.69    21.50
2082    9    74.21    16.31
2082   10    61.90     9.82
2082   11    64.35     4.42
2082   12    59.57    -1.80
2083    1    33.04    -0.74
2083    2    57.76    -0.23
2083    3   108.78     4.23
2083    4   115.51     8.10
2083    5   210.99    15.31
2083    6   111.10    20.53
2083    7    18.13    24.79
2083    8    52.05    21.29
2083    9    44.77    17.71
2083   10    63.24    13.72
2083   11    84.01     5.66
2083   12    19.73     2.73
2084    1    39.31     1.33
2084    2    18.41     2.86
2084    3   152.68     6.77
2084    4   110.22    11.82
2084    5   127.68    15.28
2084    6   116.15    20.19
2084    7    81.89    24.10
2084    8    85.33    21.09
2084    9    30.14    15.10
2084   10    63.85    13.03
2084   11    23.98     8.22
2084   12    82.12     1.42
2085    1    66.80    -1.11
2085    2    85.80     2.12
2085    3    78.34     4.30
2085    4   122.94    10.44
2085    5   278.50    13.52
2085    6   133.00    21.50
2085    7    69.60    20.97
2085    8    73.98    21.19
2085    9    70.27    17.23
2085   10    16.38    12.17
2085   11     7.01     9.32
2085   12    22.24     3.81
2086    1    15.26     3.16
2086    2    13.29     2.82
2086    3    94.75     7.46
2086    4   200.77    10.19
2086    5   158.68    15.78
2086    6   105.57    21.03
2086    7    21.46    25.96
2086    8    39.91    23.16
2086    9    32.18    20.54
2086   10    55.43    13.29
2086   11    27.53     5.88
2086   12    42.76     2.77
2087    1    57.46    -2.33
2087    2    25.99     4.80
2087    3   125.46     4.37
2087    4    79.98     9.94
2087    5   136.75    15.78
2087    6    91.45    23.02
2087    7    36.66    26.03
2087    8    26.86    23.91
2087    9   101.43    17.94
2087   10    32.75    13.14
2087   11    15.62     9.36
2087   12    28.36     4.31
2088    1     9.00     2.81
2088    2    55.78    -0.68
2088    3   104.98     4.97
2088    4   183.17    10.78
2088    5   133.84    17.48
2088    6   180.45    18.54
2088    7    55.19    23.57
2088    8    79.06    21.11
2088    9    47.56    17.82
2088   10    35.61    14.35
2088   11    14.36     5.14
2088   12    60.10    -1.85
2089    1    44.49     0.24
2089    2    48.12     5.42
2089    3    65.26    10.14
2089    4   162.23    11.92
2089    5    63.20    19.31
2089    6    98.96    21.47
2089    7    18.04    24.80
2089    8    14.32    25.29
2089    9    16.09    22.74
2089   10    32.81    14.65
2089   11    67.25     3.59
2089   12    30.80     0.64
2090    1    18.30     0.10
2090    2    39.11     1.20
2090    3    88.85     5.04
2090    4   151.51     9.31
2090    5   212.22    13.17
2090    6   122.59    20.49
2090    7    43.42    26.31
2090    8    32.68    25.64
2090    9    63.51    17.40
2090   10    10.87    15.97
2090   11    42.28     7.25
2090   12    22.60     0.89
2091    1    13.38     0.76
2091    2    71.61     3.98
2091    3   109.67     4.48
2091    4   180.14    10.12
2091    5   221.40    15.53
2091    6   170.28    18.87
2091    7    59.29    22.64
2091    8    37.89    22.61
2091    9    47.65    18.76
2091   10    64.87    13.05
2091   11    62.64     8.22
2091   12    30.49     3.59
2092    1    28.94     1.13
2092    2    46.08     3.59
2092    3   174.24     5.71
2092    4   119.14     9.14
2092    5   105.83    16.89
2092    6    62.70    21.58
2092    7    66.50    22.75
2092    8    82.75    20.73
2092    9    42.00    19.32
2092   10    35.64    13.71
2092   11    58.37     6.42
2092   12    21.99     2.29
2093    1    36.55     1.50
2093    2    58.60     1.45
2093    3    91.86     5.04
2093    4   144.45    10.55
2093    5   201.14    16.37
2093    6   186.42    20.59
2093    7    44.57    23.07
2093    8    25.46    23.55
2093    9    82.96    17.09
2093   10    44.31    13.17
2093   11    56.90     4.52
2093   12    46.65     0.58
2094    1    54.27     0.65
2094    2    79.71    -3.05
2094    3    88.07     5.28
2094    4   136.79     8.15
2094    5    96.67    19.87
2094    6   145.18    20.36
2094    7    73.33    22.34
2094    8    26.38    25.03
2094    9    89.46    16.12
2094   10    21.25    12.51
2094   11     2.06     7.79
2094   12    11.72     3.09
2095    1    42.43     2.02
2095    2    34.10     4.54
2095    3   105.71     9.39
2095    4   131.94    14.04
2095    5   188.87    16.04
2095    6   143.63    20.86
2095    7    30.48    24.27
2095    8     9.53    26.63
2095    9    35.78    18.34
2095   10    84.71    13.82
2095   11    51.53     6.71
2095   12    43.03    -0.23
2096    1     5.09    -2.95
2096    2    70.65     0.61
2096    3   104.58     3.74
2096    4   141.13     7.22
2096    5   217.61    16.54
2096    6   198.84    19.62
2096    7    86.56    20.11
2096    8    48.43    22.62
2096    9    32.96    17.84
2096   10    51.18    13.93
2096   11    31.00     9.10
2096   12     8.16     4.01
2097    1    15.46     4.16
2097    2    44.07     4.79
2097    3   120.93     5.53
2097    4   147.02    10.60
2097    5   219.15    15.61
2097    6   120.96    21.15
2097    7    80.06    24.65
2097    8    26.31    24.06
2097    9    69.49    19.53
2097   10    53.77    13.21
2097   11    18.93     6.00
2097   12     3.70    -0.48
2098    1    36.71     2.13
2098    2    65.10     4.74
2098    3   136.21     6.26
2098    4   229.63     9.18
2098    5   233.39    14.23
2098    6   125.57    23.13
2098    7     9.36    25.81
2098    8    33.93    25.88
2098    9    58.71    18.19
2098   10    40.23    13.74
2098   11    18.37     7.19
2098   12    38.38     1.52
2099    1    31.40    -0.64
2099    2    63.06     3.51
2099    3   150.10     6.62
2099    4   129.58    12.29
2099    5   263.73    14.59
2099    6   139.33    19.98
2099    7    65.39    21.50
2099    8    58.96    19.79
2099    9    19.40    18.87
2099   10    57.94    13.91
2099   11    57.56     7.94
2099   12    12.69     0.46
