1850    1    33.39   -10.93
1850    2    17.75    -6.16
1850    3    29.46     0.31
1850    4    73.51     2.30
1850    5    86.57     9.88
1850    6   194.62    13.81
1850    7   167.36    16.22
1850    8    30.67    14.45
1850    9    54.55    12.30
1850   10   124.16     4.49
1850   11    66.36    -2.92
1850   12    20.16    -6.40
1851    1    34.70    -4.58
1851    2    19.32    -2.79
1851    3    41.60    -1.20
1851    4   121.91     4.86
1851    5    92.92     9.23
1851    6   148.68    13.69
1851    7   197.52    15.36
1851    8    29.50    15.69
1851    9    32.67    13.26
1851   10    45.93     6.46
1851   11    12.88     0.34
1851   12    79.57    -4.37
1852    1    29.21    -9.28
1852    2    46.78    -6.36
1852    3    39.70     1.54
1852    4   104.70     5.64
1852    5    96.37    11.77
1852    6   288.35    13.52
1852    7   134.66    18.14
1852    8    78.24    14.70
1852    9    57.48     9.64
1852   10    38.51     5.91
1852   11    74.57    -0.31
1852   12    29.37    -3.17
1853    1    17.42    -4.82
1853    2    15.53    -4.85
1853    3    19.97     2.12
1853    4   169.13     5.15
1853    5   127.35     9.50
1853    6   160.77    10.40
1853    7   174.34    15.48
1853    8    59.59    14.79
1853    9   129.06    11.41
1853   10    79.83     5.38
1853   11   100.81    -2.41
1853   12    17.93    -7.77
1854    1    32.22    -7.06
1854    2    10.18    -5.24
1854    3    53.84     0.20
1854    4    57.51     2.42
1854    5   155.81     9.88
1854    6   335.13    13.84
1854    7    88.21    17.20
1854    8    72.91    16.71
1854    9    59.27    11.02
1854   10    34.24     5.68
1854   11    75.41    -3.53
1854   12    38.00    -7.16
1855    1    47.16    -5.97
1855    2    26.53    -7.90
1855    3    61.00    -1.61
1855    4    56.16     5.05
1855    5   157.82     9.99
1855    6   134.39    14.73
1855    7    85.53    17.06
1855    8    77.33    14.26
1855    9    42.31    12.97
1855   10    56.30     4.63
1855   11    55.26    -0.98
1855   12    53.81    -5.49
1856    1    33.60    -5.57
1856    2    47.74    -6.68
1856    3    35.31    -4.88
1856    4    56.47     5.40
1856    5    90.47    10.07
1856    6   178.51    15.35
1856    7    61.17    18.56
1856    8    66.61    15.43
1856    9    39.85    11.00
1856   10    44.07     4.13
1856   11    26.99    -0.12
1856   12    43.06    -5.88
1857    1    37.39    -5.77
1857    2    61.83    -4.80
1857    3    64.11    -0.57
1857    4   118.93     4.76
1857    5   142.14     8.33
1857    6   199.31    15.16
1857    7   136.97    15.48
1857    8    53.32    15.95
1857    9    76.44    10.90
1857   10    75.07     3.11
1857   11    30.03     0.77
1857   12    34.31    -4.00
1858    1    40.75    -5.89
1858    2    36.54    -6.23
1858    3    22.93    -5.45
1858    4    73.32     5.81
1858    5   140.66    11.03
1858    6   295.44    12.98
1858    7   106.24    18.24
1858    8    36.45    16.93
1858    9    17.38    13.06
1858   10    82.26     3.87
1858   11    53.40    -1.25
1858   12    46.00    -2.44
1859    1    22.55    -5.62
1859    2    27.34    -4.74
1859    3    69.10    -1.32
1859    4    94.41     3.10
1859    5   173.17    10.52
1859    6   222.68    13.06
1859    7    99.55    15.71
1859    8    36.05    16.29
1859    9    50.43    11.79
1859   10    49.29     5.27
1859   11    45.96     0.88
1859   12    68.63    -8.10
1860    1    50.27    -6.72
1860    2    22.66    -3.81
1860    3    83.47    -1.20
1860    4   111.38     5.60
1860    5   147.76     9.76
1860    6   130.12    12.00
1860    7    79.93    17.48
1860    8   118.54    14.87
1860    9    87.65     8.73
1860   10    45.56     2.84
1860   11    15.38     0.87
1860   12    55.26    -9.53
1861    1    15.58   -11.21
1861    2    62.42    -3.05
1861    3    46.35    -1.45
1861    4   114.19     3.35
1861    5   128.30     8.07
1861    6    98.62    12.77
1861    7    72.74    18.45
1861    8    70.37    15.06
1861    9    20.14    13.09
1861   10    27.05     6.06
1861   11    27.02    -0.30
1861   12    55.94    -3.23
1862    1    42.13    -7.43
1862    2    21.74    -4.54
1862    3    47.96    -3.50
1862    4   111.99     3.76
1862    5   210.47     7.56
1862    6    84.07    16.54
1862    7    81.91    17.76
1862    8    31.74    14.70
1862    9    11.74    12.69
1862   10    89.63     5.41
1862   11    76.57    -2.55
1862   12    63.71   -10.07
1863    1    35.22    -8.19
1863    2    45.09    -9.15
1863    3    49.22    -2.07
1863    4   134.83     5.08
1863    5   201.62     9.98
1863    6   279.23    13.12
1863    7   203.16    16.93
1863    8    76.74    11.12
1863    9    72.01    10.31
1863   10    21.14     5.84
1863   11    29.45     1.07
1863   12    20.58    -2.84
1864    1    24.18    -7.39
1864    2    17.45    -4.01
1864    3    29.20     0.49
1864    4   119.52     5.05
1864    5   181.49    11.16
1864    6   174.56    14.64
1864    7   212.04    16.84
1864    8    71.70    13.92
1864    9    67.01    10.32
1864   10    41.18     1.07
1864   11    75.87     0.30
1864   12    53.15    -5.20
1865    1    21.77    -7.14
1865    2    66.77    -5.11
1865    3    19.79    -0.28
1865    4   101.63     1.97
1865    5    63.82    10.04
1865    6   166.56    13.51
1865    7   155.26    15.98
1865    8    15.42    14.83
1865    9    29.09    13.69
1865   10    98.96     3.61
1865   11    32.64    -1.06
1865   12    25.47    -3.33
1866    1    80.01    -5.08
1866    2    64.43    -5.06
1866    3    28.63    -5.16
1866    4    62.66     4.16
1866    5    89.43     9.94
1866    6   195.47    11.78
1866    7   137.30    13.56
1866    8    72.32    15.58
1866    9   109.46    10.11
1866   10    84.86     3.68
1866   11    67.84    -2.45
1866   12    29.00    -3.33
1867    1    73.57    -7.29
1867    2    34.22    -7.22
1867    3    44.49    -6.23
1867    4   115.09     4.08
1867    5   121.63     7.87
1867    6   300.30    14.30
1867    7   129.26    17.28
1867    8    49.21    15.67
1867    9    69.00     8.61
1867   10    67.68     1.45
1867   11    35.77    -0.93
1867   12    45.65    -6.22
1868    1    24.59    -6.09
1868    2    12.44    -3.81
1868    3    37.59     2.00
1868    4   126.31     3.98
1868    5    91.55     8.01
1868    6    94.82    13.86
1868    7    94.77    18.45
1868    8    40.88    17.21
1868    9    55.94    11.61
1868   10    70.73     3.18
1868   11    14.36     2.02
1868   12    57.53    -9.30
1869    1    23.38    -5.88
1869    2    50.86    -5.73
1869    3    51.02    -0.38
1869    4    88.50     3.74
1869    5   205.34     9.80
1869    6   162.24    14.61
1869    7   251.32    17.36
1869    8    45.38    17.54
1869    9   102.41    11.19
1869   10    22.56     6.92
1869   11    61.33     1.13
1869   12    71.78    -4.91
1870    1    60.35    -4.96
1870    2    28.81    -3.55
1870    3    84.26    -3.81
1870    4    86.55     0.68
1870    5    97.63     8.13
1870    6   194.34    11.92
1870    7   194.39    16.41
1870    8    34.37    16.57
1870    9    35.62    11.46
1870   10    13.67     7.22
1870   11    71.71    -2.08
1870   12    49.43    -3.83
1871    1    43.79   -10.52
1871    2    32.12    -6.72
1871    3    16.25    -3.23
1871    4    57.04     6.69
1871    5   183.18     9.63
1871    6   189.93    11.77
1871    7   122.28    16.19
1871    8    84.98    15.72
1871    9    30.88    11.79
1871   10    38.44     6.04
1871   11    62.62    -3.20
1871   12    57.46    -8.07
1872    1    42.18    -8.96
1872    2    30.67    -7.59
1872    3    16.95    -3.60
1872    4    97.11     6.76
1872    5   206.15    10.83
1872    6   166.28    14.11
1872    7   151.38    16.35
1872    8    36.51    14.11
1872    9   141.18     9.80
1872   10    93.80     3.93
1872   11    73.36    -2.87
1872   12    54.61    -6.54
1873    1    30.04    -6.62
1873    2    28.59    -8.50
1873    3    54.77    -4.73
1873    4    49.02     2.26
1873    5    79.09     9.67
1873    6   257.49    14.85
1873    7    71.54    17.66
1873    8    15.75    17.02
1873    9    62.71    10.43
1873   10    56.58     4.91
1873   11    82.15     0.43
1873   12    81.15    -4.95
1874    1    43.82   -10.77
1874    2    33.69    -6.96
1874    3    60.82    -5.21
1874    4   105.93     3.15
1874    5   200.77     8.21
1874    6   189.27    12.73
1874    7   221.40    17.19
1874    8    58.34    15.97
1874    9    74.07    10.45
1874   10    65.92     4.64
1874   11    88.23    -3.28
1874   12    43.86    -8.12
1875    1    24.16    -7.43
1875    2    82.21    -5.85
1875    3    41.87    -2.75
1875    4    63.63     0.85
1875    5   106.05     8.11
1875    6   100.40    15.62
1875    7    75.58    18.37
1875    8    26.29    18.78
1875    9    58.60    12.75
1875   10    30.46     7.08
1875   11   142.79    -1.38
1875   12    47.37    -6.80
1876    1    14.79    -6.45
1876    2    22.65    -6.13
1876    3    71.30    -5.16
1876    4   141.45     4.28
1876    5   122.92     6.76
1876    6   284.10    14.99
1876    7   144.97    18.76
1876    8    60.42    14.22
1876    9    34.33     9.64
1876   10    37.43     4.97
1876   11    58.43     0.01
1876   12    48.83    -5.17
1877    1    28.47    -7.40
1877    2    12.01    -2.90
1877    3    71.61    -1.22
1877    4    35.84     1.30
1877    5   118.53     8.38
1877    6   131.58    14.59
1877    7    67.98    18.95
1877    8    27.35    16.99
1877    9    12.68    10.79
1877   10     8.80     6.15
1877   11    14.82     0.37
1877   12    47.94    -4.86
1878    1    43.35    -4.30
1878    2    45.55    -6.08
1878    3    50.21    -2.80
1878    4    81.85     2.55
1878    5   126.86     8.76
1878    6   212.72    13.96
1878    7    63.02    17.41
1878    8    62.42    15.23
1878    9    50.52    10.48
1878   10    32.87     4.97
1878   11    43.04    -1.64
1878   12    21.51    -3.32
1879    1    30.15    -8.75
1879    2    69.96    -7.82
1879    3    57.47    -3.10
1879    4    95.25     3.75
1879    5   121.93     9.55
1879    6   244.99    13.95
1879    7   180.16    16.28
1879    8    63.45    16.42
1879    9    18.17    12.12
1879   10    43.25     4.64
1879   11    46.46     0.17
1879   12    31.78    -4.42
1880    1    43.01    -6.76
1880    2    58.96    -3.52
1880    3    32.29    -4.08
1880    4   104.87     6.30
1880    5   246.88     9.53
1880    6   130.57    13.10
1880    7    81.23    16.68
1880    8    48.10    16.77
1880    9    72.26     7.70
1880   10    45.95     5.85
1880   11    68.79    -6.19
1880   12    39.52    -4.46
1881    1    41.08   -10.67
1881    2    18.79    -7.97
1881    3    35.06    -3.45
1881    4    45.66     3.24
1881    5   116.48     9.96
1881    6   194.06    13.88
1881    7    88.11    18.19
1881    8    32.94    18.27
1881    9    16.57    14.08
1881   10    44.17     5.93
1881   11    37.19    -0.75
1881   12    19.63    -9.85
1882    1    28.80    -5.82
1882    2    38.58    -9.11
1882    3    40.59    -1.06
1882    4   112.12     4.04
1882    5   106.16     9.45
1882    6   169.76    16.18
1882    7   106.02    17.33
1882    8    37.02    15.98
1882    9    27.03    12.93
1882   10   107.17     3.19
1882   11    64.11    -0.22
1882   12    27.79    -7.80
1883    1    24.26    -8.16
1883    2    40.29    -6.39
1883    3    29.73    -2.38
1883    4    60.07     4.16
1883    5   217.09     7.66
1883    6   333.18    12.50
1883    7   125.67    16.48
1883    8    49.97    16.15
1883    9    11.20    14.53
1883   10    67.55     5.14
1883   11    51.12     0.87
1883   12    56.01    -5.46
1884    1    23.06    -8.27
1884    2    26.68    -5.14
1884    3    67.89    -3.45
1884    4    73.61     0.53
1884    5   129.88     7.77
1884    6   123.62    11.79
1884    7   184.60    16.40
1884    8    35.31    14.93
1884    9    96.79     8.88
1884   10    42.51     3.89
1884   11    46.24    -4.06
1884   12    49.31    -9.19
1885    1    24.51   -10.76
1885    2    27.57    -8.38
1885    3    45.70    -4.28
1885    4    95.66     3.09
1885    5   196.94     9.69
1885    6   186.35    12.30
1885    7   174.53    14.38
1885    8    43.41    15.23
1885    9    47.38    11.20
1885   10    66.48     5.13
1885   11    50.96    -3.19
1885   12    44.26    -8.73
1886    1    20.46    -8.98
1886    2    31.82    -8.00
1886    3    47.04    -4.61
1886    4    97.58     3.00
1886    5   170.31     6.69
1886    6   229.97    13.28
1886    7   190.43    16.29
1886    8    13.07    16.69
1886    9    13.75    12.87
1886   10    20.97     5.06
1886   11    46.75     0.76
1886   12    54.66    -5.90
1887    1    24.18    -9.37
1887    2    23.28    -6.22
1887    3    18.91    -2.06
1887    4    65.59     1.97
1887    5   105.31     8.96
1887    6   197.70    12.85
1887    7   138.42    15.02
1887    8    86.91    12.82
1887    9     5.82    13.17
1887   10    81.36     5.46
1887   11    29.30     1.10
1887   12    86.26    -6.00
1888    1    19.29    -7.15
1888    2    39.68    -6.85
1888    3    36.74     0.80
1888    4    93.16     5.21
1888    5   220.73     8.26
1888    6   120.65    15.23
1888    7   116.41    18.04
1888    8    46.34    15.52
1888    9    42.86     9.71
1888   10    64.51     4.70
1888   11    54.81    -1.64
1888   12    67.47    -5.53
1889    1   115.59    -8.71
1889    2    18.77    -5.31
1889    3    41.31    -2.11
1889    4    55.08     4.84
1889    5   184.64     8.86
1889    6   196.72    13.70
1889    7   169.89    15.05
1889    8    49.07    16.66
1889    9    18.10    12.79
1889   10    36.98     6.03
1889   11    67.25    -0.54
1889   12    48.80    -3.92
1890    1    33.69    -7.38
1890    2    27.23    -8.64
1890    3    43.62    -7.10
1890    4    71.00     3.84
1890    5   112.40    11.89
1890    6   180.64    13.35
1890    7    99.79    17.92
1890    8   104.84    15.00
1890    9    23.53    11.97
1890   10   105.59     3.23
1890   11    39.20     1.24
1890   12    11.84    -6.60
1891    1    29.96    -8.92
1891    2    44.45    -6.50
1891    3    55.14    -3.32
1891    4    69.30     3.23
1891    5    36.23    10.40
1891    6   169.03    13.18
1891    7   112.51    18.87
1891    8    83.00    14.47
1891    9    25.70    11.67
1891   10    34.90     7.64
1891   11    74.97    -3.62
1891   12    44.43    -5.53
1892    1    75.94    -9.00
1892    2    50.47   -10.18
1892    3    18.48    -5.44
1892    4   114.94    -0.80
1892    5   147.10     9.76
1892    6   269.74    13.24
1892    7   188.28    14.90
1892    8    83.87    15.21
1892    9    70.71    12.25
1892   10    47.78     4.69
1892   11    36.80     0.10
1892   12    48.06    -6.00
1893    1    24.16    -7.53
1893    2    16.66    -6.09
1893    3    67.37    -4.22
1893    4   138.46     3.31
1893    5   180.65     9.83
1893    6   111.49    13.95
1893    7   171.63    16.19
1893    8    91.27    13.90
1893    9    24.55    14.33
1893   10    44.82     6.80
1893   11    34.00     1.50
1893   12    64.73    -7.97
1894    1    25.64    -8.19
1894    2    14.77   -10.44
1894    3    45.40     0.72
1894    4    95.02     6.65
1894    5   101.78    10.29
1894    6   265.03    13.21
1894    7    30.18    20.14
1894    8    43.33    14.76
1894    9    44.28     9.56
1894   10    41.61     3.99
1894   11    16.57    -0.98
1894   12    31.42    -6.42
1895    1    11.04    -6.85
1895    2    26.89    -4.53
1895    3    16.60     0.42
1895    4   104.69     5.86
1895    5   132.76     8.67
1895    6   201.70    13.95
1895    7    80.37    19.74
1895    8   124.37    15.00
1895    9   146.12     8.17
1895   10    39.10     5.14
1895   11    11.29     0.18
1895   12    51.27    -4.89
1896    1    33.54    -7.61
1896    2    19.07    -4.40
1896    3    77.27    -1.13
1896    4   101.78     3.38
1896    5   201.41     8.60
1896    6   217.15    12.59
1896    7   133.67    16.12
1896    8   112.14    14.11
1896    9    41.25    12.70
1896   10    68.32     4.56
1896   11    39.27    -0.59
1896   12    19.01    -5.14
1897    1    57.98    -6.56
1897    2    51.25   -11.35
1897    3    37.72    -4.56
1897    4   104.43     4.06
1897    5   165.57    11.38
1897    6   188.60    13.46
1897    7    71.34    18.20
1897    8   118.50    15.17
1897    9    76.08    12.11
1897   10    64.49     5.61
1897   11    33.22     0.35
1897   12    52.24    -9.14
1898    1    27.69    -4.77
1898    2    44.10    -9.73
1898    3    52.27    -1.40
1898    4    82.60     4.92
1898    5   171.00    10.21
1898    6   180.65    14.57
1898    7    98.32    19.57
1898    8    46.90    16.41
1898    9    46.75    10.03
1898   10    64.51     4.36
1898   11    92.44    -0.68
1898   12    38.38    -4.12
1899    1    13.61    -6.69
1899    2    58.10    -3.72
1899    3    45.75    -1.35
1899    4   116.51     4.88
1899    5   130.06     8.02
1899    6   144.63    14.19
1899    7   137.57    15.42
1899    8    29.98    14.37
1899    9    59.69     9.80
1899   10    38.89     7.42
1899   11    53.63     0.08
1899   12    28.99    -2.41
1900    1    59.46    -5.02
1900    2    36.41    -9.77
1900    3    73.69    -2.98
1900    4   110.60     3.72
1900    5    92.64    10.16
1900    6   151.17    16.02
1900    7    76.82    17.97
1900    8    37.31    17.09
1900    9    78.79    12.54
1900   10   107.13     7.50
1900   11    36.16    -1.92
1900   12    57.86    -7.11
1901    1    50.26    -8.21
1901    2    41.78    -6.65
1901    3    78.17    -3.75
1901    4    92.11     2.06
1901    5    88.85     8.31
1901    6   199.84    13.36
1901    7   127.57    16.82
1901    8    28.58    17.73
1901    9    20.85    12.30
1901   10    22.68     7.12
1901   11    14.91     0.27
1901   12    79.39    -4.43
1902    1    47.79    -9.10
1902    2    35.48    -4.72
1902    3    48.06    -0.10
1902    4   101.48     2.43
1902    5   141.76    11.88
1902    6   131.86    12.91
1902    7   228.69    15.29
1902    8    33.43    17.42
1902    9    47.14    13.79
1902   10    37.44     5.65
1902   11    56.56    -2.28
1902   12    36.63    -5.60
1903    1     8.95    -7.47
1903    2    18.58    -9.96
1903    3    89.39    -3.95
1903    4    98.30     2.85
1903    5    32.10    11.41
1903    6   169.10    13.15
1903    7    83.20    16.04
1903    8    23.66    15.18
1903    9    53.51    10.21
1903   10    70.67     4.10
1903   11    32.93    -3.23
1903   12    34.42    -8.41
1904    1    18.15    -8.02
1904    2    15.94    -3.62
1904    3    67.04    -3.22
1904    4    77.08     5.91
1904    5   160.54     8.79
1904    6   251.72    12.68
1904    7    57.23    16.42
1904    8    28.04    15.31
1904    9    37.29    10.56
1904   10    97.87     4.86
1904   11    38.62    -1.32
1904   12    26.99    -4.98
1905    1    69.64    -7.34
1905    2    18.86    -5.26
1905    3    51.19    -1.34
1905    4   106.01     3.39
1905    5   158.90     6.11
1905    6   176.66    13.19
1905    7    81.19    18.53
1905    8    52.78    16.92
1905    9    36.13    10.77
1905   10    33.89     5.77
1905   11    51.77     0.38
1905   12    47.89    -6.48
1906    1    26.39    -4.15
1906    2    42.30    -6.92
1906    3    55.63    -1.72
1906    4    32.33     4.08
1906    5   151.84     9.32
1906    6   115.49    14.75
1906    7   140.19    16.50
1906    8    47.96    16.90
1906    9    98.53    10.55
1906   10    32.68     5.33
1906   11    58.24     1.16
1906   12    21.47    -3.58
1907    1    52.52    -7.29
1907    2    61.58    -6.82
1907    3    57.60    -5.40
1907    4   114.37    -2.00
1907    5   112.40     9.67
1907    6   165.72    11.93
1907    7   173.40    14.74
1907    8    30.86    16.93
1907    9    62.68    11.34
1907   10    32.43     1.59
1907   11    37.75    -3.40
1907   12    21.08    -9.03
1908    1    25.66   -10.83
1908    2    33.37    -5.04
1908    3    28.49     1.88
1908    4   148.14     5.16
1908    5   110.29     9.45
1908    6   202.26    13.56
1908    7   153.50    16.43
1908    8    41.89    17.77
1908    9    15.55    14.03
1908   10   102.05     5.76
1908   11    47.89    -0.21
1908   12    66.76    -5.93
1909    1    29.04    -8.00
1909    2    43.66    -4.75
1909    3    64.82    -0.15
1909    4   100.76     4.49
1909    5   149.77     8.98
1909    6   215.84    14.55
1909    7   174.34    16.95
1909    8    57.57    15.13
1909    9    25.84    12.41
1909   10    18.89     5.86
1909   11    25.38     1.41
1909   12    60.94    -3.99
1910    1    49.96    -8.23
1910    2    22.66    -3.40
1910    3    23.16     0.29
1910    4   183.73     5.52
1910    5   132.94    10.15
1910    6   105.14    13.90
1910    7    84.09    19.45
1910    8    24.39    18.78
1910    9     3.59    12.69
1910   10    51.84     6.78
1910   11    97.63    -0.32
1910   12    12.80    -4.14
1911    1    40.46    -5.22
1911    2    45.05    -4.08
1911    3    77.57    -2.67
1911    4    89.87     4.04
1911    5   207.66    10.25
1911    6   158.04    12.99
1911    7   253.16    14.49
1911    8    69.26    14.34
1911    9    98.09    10.40
1911   10    82.04     5.46
1911   11    32.17     0.06
1911   12    32.90    -5.92
1912    1    25.57    -6.75
1912    2    21.10    -4.45
1912    3    79.89    -0.82
1912    4    29.94     5.24
1912    5   210.47     6.83
1912    6   162.20    13.99
1912    7   159.83    16.07
1912    8    27.38    17.05
1912    9    88.98    12.27
1912   10    92.76     1.51
1912   11    51.59    -1.17
1912   12    61.02    -3.59
1913    1    27.85   -11.29
1913    2    18.12    -4.09
1913    3   111.49    -1.43
1913    4    34.03     3.93
1913    5    95.39     6.91
1913    6   291.79    12.71
1913    7    87.26    19.80
1913    8    51.66    15.48
1913    9    59.31    12.65
1913   10    47.15     5.84
1913   11    46.92    -0.29
1913   12    22.45    -8.12
1914    1    22.91    -7.65
1914    2    16.26    -3.19
1914    3    85.65    -0.99
1914    4    78.16     7.19
1914    5    61.75     9.18
1914    6    85.04    15.84
1914    7   147.84    16.00
1914    8    87.56    13.82
1914    9    40.43    12.10
1914   10    31.00     6.13
1914   11    71.36    -0.27
1914   12    42.83    -7.71
1915    1     8.07    -8.63
1915    2    30.94    -5.22
1915    3    24.93    -0.91
1915    4   107.21     4.31
1915    5    85.95    10.20
1915    6   147.55    15.02
1915    7    31.29    20.17
1915    8    34.34    18.27
1915    9    85.79    10.97
1915   10    42.65     3.54
1915   11    33.75    -1.83
1915   12    36.34    -6.39
1916    1    32.12    -6.15
1916    2    27.99    -4.45
1916    3    75.30    -4.64
1916    4    90.88     4.03
1916    5   212.31     7.26
1916    6   300.76    13.21
1916    7   214.46    16.89
1916    8    80.32    14.86
1916    9    89.95    10.85
1916   10    67.92     4.81
1916   11    69.39    -0.14
1916   12    28.63    -3.28
1917    1    44.46    -5.75
1917    2    60.90    -3.17
1917    3    79.77     3.13
1917    4    52.01     5.47
1917    5   120.88     9.98
1917    6   273.44    13.02
1917    7   132.88    16.78
1917    8    55.29    14.84
1917    9    10.77    10.53
1917   10    79.23     3.10
1917   11    65.73    -0.41
1917   12    29.81    -3.94
1918    1    40.85    -8.28
1918    2    27.90    -4.37
1918    3    59.79    -4.68
1918    4    22.59     4.34
1918    5   159.03    10.84
1918    6   145.75    13.98
1918    7    32.53    20.07
1918    8    58.10    17.33
1918    9    45.37    10.61
1918   10    47.20     5.21
1918   11    71.70    -1.26
1918   12    12.90    -3.72
1919    1    27.50    -7.92
1919    2    30.13    -7.02
1919    3    54.58    -5.87
1919    4    88.77     0.32
1919    5    95.45    10.82
1919    6   145.79    13.39
1919    7   127.22    17.13
1919    8    26.67    15.37
1919    9    53.99    11.89
1919   10    48.97     5.79
1919   11    30.95     0.62
1919   12    43.88    -6.13
1920    1    32.49    -8.21
1920    2    44.08    -5.48
1920    3    76.34    -1.73
1920    4   100.80     2.83
1920    5   170.28     8.84
1920    6   196.32    14.64
1920    7   142.51    16.18
1920    8    28.52    13.58
1920    9   169.76     9.74
1920   10    70.91     5.70
1920   11    67.62     0.68
1920   12    70.38    -7.12
1921    1    42.16    -7.27
1921    2    27.83    -5.64
1921    3    56.88    -1.65
1921    4    45.07     4.72
1921    5   130.93     7.08
1921    6   145.93    13.39
1921    7   146.06    16.96
1921    8    62.24    13.90
1921    9   150.30    10.54
1921   10    68.55     6.72
1921   11    33.94    -0.99
1921   12    36.25   -10.86
1922    1    77.66    -6.15
1922    2    49.32    -5.68
1922    3    68.02    -2.54
1922    4    37.26     5.82
1922    5   157.13     7.76
1922    6   161.63    13.80
1922    7    72.37    18.42
1922    8    26.93    18.74
1922    9    64.91    10.18
1922   10   126.63     5.03
1922   11    76.68    -1.45
1922   12    58.77    -6.54
1923    1    22.09    -4.52
1923    2    25.49    -6.03
1923    3    50.52    -3.74
1923    4   104.36     3.15
1923    5   105.43    10.84
1923    6   283.78    14.18
1923    7   161.31    17.33
1923    8    45.81    16.37
1923    9    75.15    10.65
1923   10    96.13     5.59
1923   11    61.64    -1.38
1923   12    55.81    -7.36
1924    1    16.71    -8.16
1924    2    33.73    -4.32
1924    3    54.42    -1.31
1924    4    75.65     5.69
1924    5   179.50     8.87
1924    6   226.05    12.82
1924    7    99.29    17.42
1924    8    81.92    13.90
1924    9    61.97    11.85
1924   10    63.34     3.03
1924   11    48.48    -4.68
1924   12    49.71    -5.85
1925    1    25.23    -6.16
1925    2    43.40    -2.51
1925    3    13.61     0.14
1925    4    74.21     5.18
1925    5   147.41     9.91
1925    6   206.62    12.93
1925    7   119.95    16.69
1925    8    14.92    17.02
1925    9    43.95    11.90
1925   10   114.28     5.55
1925   11    48.65    -0.06
1925   12    51.23    -5.82
1926    1    30.45    -7.61
1926    2    49.96    -4.03
1926    3    48.75    -2.89
1926    4    80.31     5.11
1926    5   144.17    10.18
1926    6   152.59    13.71
1926    7    43.42    15.07
1926    8    17.16    18.39
1926    9    54.88    12.22
1926   10    56.87     4.14
1926   11    14.14    -1.12
1926   12    15.39    -3.81
1927    1    30.81    -5.73
1927    2    19.13    -6.88
1927    3    48.80    -0.47
1927    4   133.15     0.39
1927    5   158.86     7.65
1927    6   279.78    12.54
1927    7   163.97    18.37
1927    8    19.20    17.88
1927    9   150.85     8.98
1927   10    38.54     2.99
1927   11    68.27    -0.93
1927   12    45.03    -5.78
1928    1    53.18    -8.56
1928    2    35.05    -4.01
1928    3    11.47     0.53
1928    4   103.00     3.73
1928    5   151.08     9.29
1928    6   146.14    14.37
1928    7   315.53    15.26
1928    8    30.12    17.00
1928    9     6.37    11.07
1928   10    95.42     5.03
1928   11    23.87     1.73
1928   12    26.78    -4.94
1929    1    21.53    -5.08
1929    2    35.94    -2.81
1929    3    60.77    -2.54
1929    4   131.16     3.38
1929    5   112.68    11.72
1929    6   126.70    15.87
1929    7    94.59    16.42
1929    8    94.76    14.08
1929    9    70.92    12.23
1929   10    74.86     4.89
1929   11    49.25     2.62
1929   12    62.82    -3.82
1930    1    35.41    -7.87
1930    2    26.65    -8.13
1930    3    73.43    -3.84
1930    4    33.52     2.65
1930    5   235.80     8.43
1930    6   244.67    12.85
1930    7    80.70    17.69
1930    8    48.07    13.89
1930    9    41.52    10.04
1930   10    95.00     4.24
1930   11    68.25    -2.09
1930   12    35.74    -4.58
1931    1    36.71    -8.50
1931    2    37.66    -4.78
1931    3    63.12    -4.35
1931    4    66.08     2.43
1931    5   173.14    10.38
1931    6   301.42    13.56
1931    7   213.75    14.72
1931    8    58.95    15.51
1931    9    87.14    12.58
1931   10    79.15     3.92
1931   11    24.95    -1.90
1931   12    50.07    -3.06
1932    1    29.65    -4.62
1932    2    24.75    -4.09
1932    3    57.99     0.29
1932    4    91.24     3.32
1932    5   182.03    10.19
1932    6   178.95    13.32
1932    7    92.03    16.94
1932    8    36.63    14.59
1932    9    61.12    10.15
1932   10    36.07     6.66
1932   11    31.60     1.21
1932   12    33.36    -6.61
1933    1    68.82    -7.02
1933    2    35.71    -4.79
1933    3    73.83    -1.10
1933    4    66.12     6.62
1933    5   243.52     8.65
1933    6   213.21    13.54
1933    7   101.47    17.66
1933    8    92.13    13.30
1933    9    41.48     9.30
1933   10    30.50     2.62
1933   11    36.54    -0.56
1933   12    31.02    -5.68
1934    1    39.65   -10.23
1934    2    21.15    -5.52
1934    3    34.37    -4.71
1934    4   122.51     6.54
1934    5   274.19     8.48
1934    6   134.13    15.01
1934    7    79.80    17.12
1934    8     7.09    18.74
1934    9    38.84    10.85
1934   10    57.72     4.82
1934   11    25.66    -0.05
1934   12    41.09    -4.15
1935    1    72.78    -7.38
1935    2    67.31    -5.28
1935    3    28.96    -3.21
1935    4    74.59     1.76
1935    5   147.59     8.33
1935    6   204.57    14.23
1935    7   161.72    16.53
1935    8    82.50    12.90
1935    9    82.09    11.96
1935   10    89.13     6.36
1935   11    71.46    -2.79
1935   12    43.59    -6.65
1936    1    38.17    -8.33
1936    2    15.13    -5.14
1936    3    60.66     0.68
1936    4    61.75     4.58
1936    5   162.05     8.36
1936    6   206.18    14.22
1936    7    77.55    17.46
1936    8    36.83    16.87
1936    9   103.37    10.06
1936   10    46.19     4.83
1936   11    18.67     0.31
1936   12    41.33    -4.01
1937    1    20.41    -6.45
1937    2    24.60    -4.99
1937    3    48.88    -2.12
1937    4    70.99     2.49
1937    5    76.72    10.26
1937    6   139.67    13.18
1937    7   136.42    16.98
1937    8    36.10    15.18
1937    9    49.88    10.81
1937   10    33.92     4.71
1937   11    77.73    -3.16
1937   12    37.74    -3.10
1938    1    27.78    -6.42
1938    2    58.84    -3.76
1938    3    79.96     0.39
1938    4   142.20     2.49
1938    5   133.94     9.24
1938    6   158.81    15.62
1938    7   212.36    17.05
1938    8    41.46    16.32
1938    9    57.72    12.20
1938   10    79.32     6.28
1938   11     6.57     2.71
1938   12    44.67    -2.93
1939    1    27.70    -5.39
1939    2    41.51    -3.01
1939    3   112.14    -2.85
1939    4   101.60     5.36
1939    5   152.49    10.06
1939    6   167.73    13.68
1939    7    34.11    19.59
1939    8    77.71    14.12
1939    9    80.56    10.69
1939   10    24.06     4.33
1939   11    52.74    -1.29
1939   12    47.57    -4.79
1940    1    40.84    -6.99
1940    2    33.75    -2.76
1940    3    34.49    -2.48
1940    4    89.72     5.01
1940    5    84.99     8.19
1940    6   316.80    13.88
1940    7   209.59    14.96
1940    8    17.37    15.02
1940    9    77.78     9.86
1940   10    42.31     6.98
1940   11    40.08    -0.56
1940   12    55.01    -6.98
1941    1    26.58    -4.57
1941    2    15.17    -3.16
1941    3    80.77    -0.79
1941    4   152.80     5.76
1941    5   163.34     7.98
1941    6   194.04    12.20
1941    7   161.66    18.41
1941    8   102.70    13.15
1941    9   108.88    11.68
1941   10   108.96     5.53
1941   11    44.62     1.43
1941   12    34.75    -6.10
1942    1    21.70    -8.22
1942    2    34.64    -5.54
1942    3    53.18    -2.23
1942    4    66.22     4.61
1942    5   138.93    11.68
1942    6   255.63    13.23
1942    7   132.71    15.29
1942    8    23.01    15.71
1942    9    35.23    10.55
1942   10    22.03     7.32
1942   11    40.64    -0.49
1942   12    51.20    -4.04
1943    1    26.38    -7.73
1943    2    27.51    -6.17
1943    3    31.44    -3.73
1943    4    39.53     3.70
1943    5    95.68    11.86
1943    6   175.16    14.29
1943    7    65.57    18.88
1943    8    20.45    18.34
1943    9    65.26    13.28
1943   10    94.13     5.37
1943   11    67.94    -3.72
1943   12    45.67    -3.14
1944    1    45.97    -8.55
1944    2    28.35    -5.54
1944    3    36.94    -1.90
1944    4    77.06     6.59
1944    5   106.66    10.88
1944    6   121.14    15.49
1944    7   113.01    18.62
1944    8     9.31    16.88
1944    9     3.60    15.24
1944   10    72.70     5.48
1944   11    40.89     0.56
1944   12    29.15    -5.26
1945    1    18.97    -7.94
1945    2    67.41    -7.35
1945    3    22.41    -5.90
1945    4    92.12     5.74
1945    5   236.50     7.80
1945    6   207.14    14.47
1945    7   200.28    15.26
1945    8    76.89    12.86
1945    9    83.48    10.82
1945   10    51.98     5.47
1945   11    49.83     1.52
1945   12    53.44    -5.65
1946    1    43.99    -7.83
1946    2    38.28    -3.52
1946    3    70.33    -1.56
1946    4   101.44     5.36
1946    5   251.49    10.72
1946    6   103.17    14.76
1946    7   150.87    16.63
1946    8    44.42    16.28
1946    9   110.60    11.57
1946   10    46.91     6.06
1946   11    63.02    -1.20
1946   12    33.49    -4.50
1947    1    29.21    -5.44
1947    2    24.99    -5.63
1947    3    53.94    -1.80
1947    4    49.01     1.34
1947    5   148.99     7.96
1947    6   244.08    14.90
1947    7    42.40    18.20
1947    8    40.09    16.10
1947    9    21.11    12.54
1947   10    40.58     3.84
1947   11   126.32    -1.34
1947   12    39.13    -6.59
1948    1    25.59    -7.87
1948    2    35.58    -4.68
1948    3   113.84    -5.76
1948    4    87.99     1.10
1948    5   108.37     9.52
1948    6   129.29    14.67
1948    7    71.83    18.67
1948    8    67.46    17.13
1948    9    31.79    10.32
1948   10    18.14     3.72
1948   11    41.30    -0.41
1948   12    23.89    -2.31
1949    1    74.10    -5.73
1949    2    47.87    -6.63
1949    3   111.01    -1.61
1949    4    77.08     4.30
1949    5   118.67    11.59
1949    6   226.29    14.55
1949    7   114.63    16.91
1949    8    64.90    15.44
1949    9    66.11    12.34
1949   10   100.45     6.76
1949   11    54.88     1.07
1949   12    81.90    -3.94
1950    1    39.30    -6.43
1950    2    56.22    -5.72
1950    3    57.37    -4.35
1950    4    72.81     2.21
1950    5   105.44     7.19
1950    6   165.15    12.08
1950    7   125.54    16.64
1950    8    85.60    14.43
1950    9    18.24    12.40
1950   10    58.18     5.98
1950   11    60.64    -0.98
1950   12    66.41    -6.24
1951    1    26.02    -4.77
1951    2    57.74    -5.22
1951    3    42.84    -0.25
1951    4    98.60     4.93
1951    5   153.03     9.86
1951    6   169.79    14.04
1951    7   177.02    15.98
1951    8    92.52    15.32
1951    9    35.34    13.20
1951   10    33.75     7.09
1951   11    53.38    -4.35
1951   12    77.75    -7.99
1952    1    23.83    -9.37
1952    2    30.08    -4.95
1952    3    98.27    -2.37
1952    4    75.60     3.67
1952    5   161.28     8.22
1952    6   151.09    14.90
1952    7   139.09    16.52
1952    8   142.35    14.65
1952    9    14.18    12.68
1952   10    74.24     3.28
1952   11    37.60     0.83
1952   12    41.20    -4.45
1953    1    20.85   -10.63
1953    2    40.98    -2.36
1953    3    51.98    -0.04
1953    4    30.89     4.55
1953    5   139.51     8.86
1953    6   138.23    15.04
1953    7    61.84    16.92
1953    8    44.66    14.12
1953    9    63.60     7.48
1953   10    84.11     3.92
1953   11    45.19    -0.55
1953   12    34.67    -4.84
1954    1    22.92    -6.48
1954    2    20.83    -4.10
1954    3    41.16    -0.48
1954    4   106.84     2.39
1954    5   106.02    11.44
1954    6   140.55    15.94
1954    7   201.34    15.02
1954    8    44.06    17.36
1954    9     8.95    13.73
1954   10    51.76     5.77
1954   11    55.49     2.72
1954   12    55.12    -5.15
1955    1    28.22    -9.84
1955    2    23.59    -6.77
1955    3    69.26    -2.70
1955    4    92.06     0.92
1955    5   196.38     7.27
1955    6   172.49    13.42
1955    7   144.72    16.77
1955    8    55.58    17.24
1955    9    31.84    11.23
1955   10     3.82     6.99
1955   11    49.54    -2.31
1955   12    82.28    -4.68
1956    1    38.16    -9.12
1956    2    29.69    -5.77
1956    3    13.72    -0.78
1956    4    21.88     3.11
1956    5    49.37    12.03
1956    6    74.01    16.10
1956    7    65.36    19.74
1956    8    36.95    17.04
1956    9    30.77    11.02
1956   10    98.98     1.73
1956   11    73.67    -3.85
1956   12    10.75    -9.45
1957    1    58.30    -7.76
1957    2    12.80    -6.95
1957    3    89.26    -0.71
1957    4    87.45     5.43
1957    5   131.22     9.08
1957    6   123.42    15.36
1957    7    43.24    17.34
1957    8    43.89    16.60
1957    9    27.49    10.10
1957   10    56.53     3.18
1957   11    33.91    -3.29
1957   12    58.64    -4.61
1958    1    93.11    -5.72
1958    2    45.45    -6.75
1958    3    50.95    -3.53
1958    4   101.73     3.31
1958    5   129.72     9.99
1958    6   189.56    15.09
1958    7   109.12    17.59
1958    8    67.84    16.13
1958    9    38.61    11.66
1958   10    57.65     6.43
1958   11    41.27     0.60
1958   12    37.76    -1.44
1959    1    40.12    -3.71
1959    2    36.85    -4.23
1959    3    34.62    -4.05
1959    4    70.38     4.23
1959    5    60.81    13.16
1959    6   177.30    14.68
1959    7    77.97    17.68
1959    8    15.32    17.12
1959    9    16.06    11.56
1959   10   112.43     4.51
1959   11    33.70    -4.42
1959   12    58.97    -6.63
1960    1    16.58    -4.70
1960    2    38.07    -5.48
1960    3    64.95    -1.06
1960    4    40.71     5.33
1960    5    88.49     8.42
1960    6    95.03    15.95
1960    7    45.24    20.21
1960    8    17.57    17.35
1960    9    51.58    11.47
1960   10    73.56     3.91
1960   11    67.04    -3.33
1960   12    37.57    -5.72
1961    1    23.13    -4.89
1961    2    46.63    -3.65
1961    3    94.37    -3.73
1961    4    60.87     2.87
1961    5   131.90     9.48
1961    6   129.84    12.98
1961    7   118.64    17.15
1961    8    22.01    16.10
1961    9    85.15    10.74
1961   10    39.88     5.27
1961   11     6.33    -0.17
1961   12    35.07    -4.36
1962    1    11.89    -6.82
1962    2    44.43    -7.01
1962    3    52.19    -2.58
1962    4   122.43     4.11
1962    5   123.70     9.79
1962    6   174.39    13.82
1962    7   112.15    16.58
1962    8    38.23    15.66
1962    9    54.08    13.15
1962   10    10.07     7.54
1962   11    82.40    -2.12
1962   12    59.90    -6.01
1963    1    40.09   -11.18
1963    2    56.10    -7.36
1963    3    55.60    -0.73
1963    4    80.72     4.85
1963    5    93.42    11.15
1963    6   152.08    13.96
1963    7    92.77    17.23
1963    8    63.18    16.36
1963    9    57.69    11.72
1963   10    56.06     5.36
1963   11    26.59     0.73
1963   12    40.68    -4.84
1964    1    33.79    -5.71
1964    2    74.18    -4.18
1964    3    46.21    -4.10
1964    4   177.03     2.67
1964    5   262.70     8.43
1964    6   112.74    13.55
1964    7   110.82    19.38
1964    8    29.45    17.49
1964    9    34.46    11.21
1964   10   123.87     4.85
1964   11    34.91     0.55
1964   12    55.70    -9.32
1965    1    22.66    -9.51
1965    2    18.30    -2.70
1965    3    54.12    -1.41
1965    4    68.80     5.73
1965    5   198.34    10.06
1965    6   243.32    13.19
1965    7   148.98    16.30
1965    8    14.46    16.00
1965    9    19.53    11.99
1965   10    67.45     3.41
1965   11    82.65     1.69
1965   12    57.16    -7.56
1966    1    50.26    -9.73
1966    2    25.14    -6.31
1966    3    25.19    -2.81
1966    4   133.75     4.01
1966    5   147.76     7.25
1966    6   289.39    13.11
1966    7   124.02    17.33
1966    8    53.85    14.36
1966    9    73.62    10.52
1966   10    71.28     4.51
1966   11    51.98    -0.86
1966   12    40.40    -8.64
1967    1    41.75    -7.68
1967    2    65.87    -8.46
1967    3    54.33    -2.31
1967    4   110.58     4.03
1967    5    85.56     7.11
1967    6   132.21    11.28
1967    7    88.42    17.54
1967    8    29.73    16.06
1967    9    70.26     8.79
1967   10    41.17     4.05
1967   11    46.32    -3.67
1967   12    83.63    -7.42
1968    1    25.65    -9.44
1968    2    31.94   -11.11
1968    3    79.13    -7.41
1968    4    37.03     0.71
1968    5    86.12    10.45
1968    6   207.18    14.91
1968    7   206.70    17.08
1968    8    75.00    15.21
1968    9    54.95    11.81
1968   10    76.37     1.30
1968   11    46.48    -1.72
1968   12    39.63    -6.45
1969    1    36.99    -8.19
1969    2    36.25    -5.11
1969    3    36.51    -1.56
1969    4    93.72     2.00
1969    5   161.81     8.56
1969    6   302.02    12.65
1969    7   148.33    17.01
1969    8    68.76    13.91
1969    9     7.25    10.69
1969   10    81.42     5.19
1969   11    39.24    -4.95
1969   12    40.60    -7.24
1970    1    13.07    -8.57
1970    2    16.37    -5.15
1970    3    66.66    -0.11
1970    4    97.45     4.44
1970    5    52.39    12.09
1970    6   125.42    14.46
1970    7    26.14    19.36
1970    8    73.77    15.72
1970    9    33.87    10.73
1970   10    89.70     5.39
1970   11    36.17    -0.38
1970   12    44.93    -7.94
1971    1    24.59    -5.69
1971    2    16.54    -5.52
1971    3    34.42    -1.73
1971    4    55.79     5.09
1971    5   162.30     7.99
1971    6   116.01    14.54
1971    7   146.83    17.75
1971    8    30.61    16.89
1971    9    24.06    12.32
1971   10    46.81     2.29
1971   11    48.75    -2.77
1971   12    24.39    -4.03
1972    1    35.02    -8.62
1972    2    57.45    -3.56
1972    3    71.52    -0.68
1972    4    88.58     1.57
1972    5   213.71     9.63
1972    6   294.30    14.15
1972    7   114.97    16.33
1972    8    56.98    14.62
1972    9    38.64    10.98
1972   10    40.22     2.51
1972   11    32.02    -5.34
1972   12    42.75    -7.19
1973    1    44.49    -7.51
1973    2    35.27    -4.26
1973    3    30.24    -4.53
1973    4    35.53     4.38
1973    5   132.14    11.54
1973    6   148.37    12.97
1973    7   156.92    15.58
1973    8    75.02    12.96
1973    9    17.27    11.68
1973   10    42.74     6.81
1973   11    38.39    -1.19
1973   12    29.10    -8.54
1974    1    34.69    -6.19
1974    2    33.75    -3.59
1974    3    62.67    -4.76
1974    4    52.85     5.28
1974    5   124.10     8.20
1974    6    83.82    15.43
1974    7   169.17    15.85
1974    8   100.68    14.55
1974    9   123.09    10.32
1974   10    63.12     6.29
1974   11    32.29    -2.40
1974   12    78.57    -7.05
1975    1    60.94   -10.09
1975    2    13.67    -6.86
1975    3    56.62    -2.29
1975    4    86.79     2.28
1975    5   143.94     9.38
1975    6   172.89    14.82
1975    7   118.75    18.53
1975    8   128.15    12.04
1975    9    48.86    11.47
1975   10    58.19     5.39
1975   11    55.45     1.75
1975   12    30.47    -5.85
1976    1    24.31    -5.89
1976    2    25.08    -3.63
1976    3    49.45     1.99
1976    4   155.54     4.73
1976    5   191.61     8.65
1976    6   226.74    14.72
1976    7   118.44    16.72
1976    8    26.98    15.40
1976    9    22.19     9.98
1976   10    57.95     4.48
1976   11    73.48     0.10
1976   12   101.91    -3.19
1977    1    51.52    -5.19
1977    2    56.48    -4.80
1977    3    67.90    -0.14
1977    4    70.10     5.36
1977    5   142.51     9.43
1977    6   220.44    11.84
1977    7   170.53    16.38
1977    8    18.36    16.50
1977    9    65.56    13.24
1977   10   126.30     4.56
1977   11    65.97    -3.50
1977   12    45.37    -3.97
1978    1    28.80    -5.47
1978    2    26.96    -5.29
1978    3    77.51     0.17
1978    4    80.49     4.72
1978    5   147.08     9.04
1978    6   180.89    14.15
1978    7   238.21    15.04
1978    8    63.04    17.85
1978    9    17.52    14.11
1978   10    25.47     6.38
1978   11    50.31    -1.07
1978   12   104.49    -5.02
1979    1    55.86    -4.82
1979    2    53.41    -6.92
1979    3    28.27    -6.17
1979    4    92.54     0.57
1979    5   112.61     7.71
1979    6   202.51    14.54
1979    7   173.52    16.06
1979    8    41.71    17.10
1979    9    46.70    11.93
1979   10    71.44     3.30
1979   11    71.91     0.53
1979   12    24.72    -6.06
1980    1    56.99    -5.08
1980    2    32.03    -7.80
1980    3    34.78    -1.03
1980    4   104.40     4.04
1980    5   136.00    10.24
1980    6   154.82    15.80
1980    7    78.57    19.71
1980    8    16.05    17.68
1980    9    48.39    12.59
1980   10    78.01     4.03
1980   11    24.17    -0.27
1980   12    21.03    -1.53
1981    1    36.21    -6.15
1981    2    39.93    -7.56
1981    3     9.53    -6.48
1981    4   133.65     3.83
1981    5   244.17    10.21
1981    6   143.94    15.51
1981    7    68.22    18.03
1981    8    26.67    15.53
1981    9    41.88    11.40
1981   10    30.25     7.33
1981   11    52.51    -0.26
1981   12    44.40    -6.19
1982    1    16.80    -7.39
1982    2    36.96    -3.62
1982    3   109.71     1.82
1982    4    54.76     7.94
1982    5   133.65    12.57
1982    6   194.58    14.46
1982    7    25.20    20.83
1982    8    49.13    17.45
1982    9    26.65    14.49
1982   10   163.13     4.62
1982   11    68.12    -0.79
1982   12    62.35    -7.54
1983    1    39.36    -6.28
1983    2    75.92    -3.86
1983    3    51.76    -3.93
1983    4    51.09     4.18
1983    5   145.25     8.54
1983    6   137.75    13.77
1983    7   201.04    16.17
1983    8    24.79    16.53
1983    9    31.39    12.98
1983   10    90.51     5.96
1983   11   100.79    -1.18
1983   12    29.37    -4.13
1984    1    45.80    -6.11
1984    2     9.62    -4.12
1984    3    21.85     1.23
1984    4    45.74     7.72
1984    5    77.72    11.71
1984    6   155.01    15.34
1984    7    22.14    21.03
1984    8    46.50    16.34
1984    9   109.74    12.02
1984   10    13.10     6.49
1984   11    33.23     1.80
1984   12    32.91    -5.52
1985    1    56.57    -4.41
1985    2    28.63    -4.38
1985    3    74.41     1.72
1985    4    92.93     1.52
1985    5   200.75     9.65
1985    6   142.83    13.09
1985    7    43.41    19.80
1985    8    33.30    16.20
1985    9    35.46     9.49
1985   10    63.19     5.03
1985   11    55.54    -4.18
1985   12    64.74    -3.03
1986    1    37.03    -4.78
1986    2     2.41    -7.19
1986    3    63.27    -0.17
1986    4    44.70     8.34
1986    5   147.88     9.30
1986    6   334.83    14.02
1986    7    81.20    17.92
1986    8   122.80    13.87
1986    9    54.89     9.61
1986   10    76.05     2.48
1986   11   120.20    -4.10
1986   12    19.11    -7.58
1987    1    21.02    -6.55
1987    2    25.84    -8.05
1987    3    40.32    -0.85
1987    4   108.67     4.06
1987    5   161.58    10.10
1987    6   206.85    14.16
1987    7    64.00    16.91
1987    8    48.01    15.80
1987    9    75.26    11.68
1987   10   105.45     2.99
1987   11    67.89    -3.51
1987   12    69.42    -8.27
1988    1    30.42    -9.83
1988    2    28.45    -4.12
1988    3    30.35    -1.89
1988    4    76.85     2.45
1988    5   121.35     9.26
1988    6   159.15    14.31
1988    7   167.27    17.37
1988    8    28.17    17.75
1988    9    66.09    11.20
1988   10    54.49     6.42
1988   11    37.58    -0.67
1988   12    27.22    -6.04
1989    1    36.79    -7.34
1989    2    28.11    -7.87
1989    3    17.30    -2.66
1989    4   104.90     3.23
1989    5   135.32    10.21
1989    6   257.95    12.86
1989    7   118.35    17.67
1989    8    10.35    15.52
1989    9    10.51    11.08
1989   10    60.28     7.39
1989   11    40.27    -0.08
1989   12    16.32    -3.19
1990    1    81.31    -7.71
1990    2    46.09    -6.27
1990    3    93.62    -2.01
1990    4   148.89     0.21
1990    5   188.33     8.91
1990    6   204.40    13.16
1990    7   134.01    17.61
1990    8    89.19    13.36
1990    9    46.54    12.43
1990   10    45.11     6.30
1990   11    51.66     0.42
1990   12    35.16    -4.98
1991    1    23.75    -8.26
1991    2    17.74    -3.69
1991    3    68.66    -2.94
1991    4    24.73     5.80
1991    5   104.77    10.67
1991    6   241.28    12.33
1991    7    93.03    18.86
1991    8    90.38    14.11
1991    9     8.41    13.75
1991   10    58.54     6.68
1991   11    59.43    -1.48
1991   12    24.12    -4.38
1992    1    27.40   -11.10
1992    2    22.57    -5.76
1992    3    34.72    -4.01
1992    4    59.06     4.65
1992    5   206.54    10.80
1992    6   150.13    12.75
1992    7   115.69    17.78
1992    8    39.83    15.74
1992    9    42.38    11.29
1992   10    80.48     4.10
1992   11    75.34    -0.69
1992   12    31.42    -7.81
1993    1    28.10    -7.93
1993    2    27.65    -4.41
1993    3    77.57    -1.57
1993    4    37.99     5.12
1993    5   106.16    10.72
1993    6   150.72    12.16
1993    7    85.09    16.78
1993    8    38.19    17.51
1993    9    25.19    12.22
1993   10    81.73     7.32
1993   11    46.45    -4.70
1993   12    40.51    -6.13
1994    1    26.49    -6.24
1994    2    92.14    -5.36
1994    3    58.18    -1.58
1994    4    79.89     3.73
1994    5   132.80    11.28
1994    6   154.98    13.84
1994    7   106.23    16.96
1994    8   117.06    15.99
1994    9    62.07    13.46
1994   10    58.53     7.96
1994   11    63.26     1.18
1994   12    43.33    -3.80
1995    1    31.72    -6.65
1995    2    29.91    -4.15
1995    3    39.58     1.47
1995    4    92.46     8.13
1995    5   220.65     8.47
1995    6   189.71    15.30
1995    7    48.79    17.89
1995    8    49.39    16.17
1995    9     0.84    15.09
1995   10    21.65     6.93
1995   11    82.66     0.16
1995   12    40.79    -6.39
1996    1    61.06    -6.42
1996    2    45.80    -5.51
1996    3    54.36    -1.60
1996    4   103.35     4.83
1996    5   179.61     8.06
1996    6   201.24    13.53
1996    7   111.38    17.88
1996    8    51.39    16.36
1996    9    49.90    11.19
1996   10    96.37     3.13
1996   11    57.92    -1.82
1996   12    16.02    -5.70
1997    1    52.25    -8.77
1997    2    43.09    -4.09
1997    3    26.37   -10.17
1997    4    16.49     5.36
1997    5   150.97     8.49
1997    6   131.16    14.15
1997    7    38.96    19.96
1997    8    21.38    18.22
1997    9    33.25    14.56
1997   10    32.77     6.43
1997   11    29.77     2.49
1997   12    51.13    -2.29
1998    1    24.60    -7.61
1998    2    17.50    -6.13
1998    3    71.11     0.54
1998    4    71.64     5.71
1998    5    91.04     9.88
1998    6   112.92    14.43
1998    7   132.46    15.65
1998    8    23.01    17.20
1998    9    40.13    12.67
1998   10    22.29     7.28
1998   11    21.60     1.00
1998   12    76.75    -6.19
1999    1    78.25    -5.45
1999    2    34.85    -5.28
1999    3    63.83    -3.09
1999    4    71.71     5.72
1999    5   115.39    11.02
1999    6   177.14    15.02
1999    7    94.47    16.97
1999    8    11.03    17.61
1999    9    88.59    12.36
1999   10    40.50     5.23
1999   11    31.63     0.86
1999   12    61.74    -4.53
2000    1    53.49    -7.46
2000    2    53.05    -3.96
2000    3    40.09    -4.52
2000    4    48.15     3.88
2000    5   152.76    10.45
2000    6   136.15    15.47
2000    7    88.50    19.44
2000    8    40.51    18.47
2000    9    55.11    10.66
2000   10    95.96     2.33
2000   11    88.77    -3.25
2000   12    48.17    -7.31
2001    1    45.00    -7.15
2001    2    22.22    -4.47
2001    3    29.29    -1.07
2001    4    69.05     4.31
2001    5   142.22     9.40
2001    6   160.15    15.46
2001    7   203.95    17.67
2001    8    41.36    15.95
2001    9    11.02    14.34
2001   10    50.78     3.84
2001   11    53.10    -1.99
2001   12    72.80    -4.51
2002    1    33.16   -10.35
2002    2    22.91    -2.79
2002    3    38.34    -1.75
2002    4    85.50     0.99
2002    5   104.88     9.44
2002    6   195.33    13.00
2002    7    51.44    18.11
2002    8    50.05    15.73
2002    9    45.06    11.57
2002   10    93.49     5.78
2002   11    53.19     0.41
2002   12    21.89    -1.62
2003    1    62.52    -5.83
2003    2    54.88    -4.58
2003    3    74.92    -2.54
2003    4   116.06     3.66
2003    5   246.66     8.45
2003    6   121.42    16.54
2003    7   210.63    16.21
2003    8    51.46    14.99
2003    9     9.11    14.72
2003   10    64.75     6.01
2003   11    41.90     1.08
2003   12    41.16    -3.96
2004    1    34.60    -7.96
2004    2     9.85    -5.98
2004    3    78.59    -0.23
2004    4    96.34     5.26
2004    5   153.59     8.96
2004    6   151.34    14.20
2004    7    89.28    19.58
2004    8    16.79    18.87
2004    9    20.18    13.01
2004   10    89.13     3.26
2004   11    44.76    -0.65
2004   12    33.91    -4.42
2005    1    34.22   -11.05
2005    2    26.61    -5.30
2005    3    22.03     1.08
2005    4    64.11     3.96
2005    5   191.83    11.12
2005    6   315.47    12.00
2005    7   158.59    17.86
2005    8    64.57    15.75
2005    9    11.81    12.22
2005   10    42.62     5.67
2005   11    23.53    -2.57
2005   12    35.72    -7.80
