2006    1    38.89     4.71
2006    2    26.31     5.88
2006    3    86.16     7.54
2006    4    64.97    10.03
2006    5    52.76    15.31
2006    6    46.11    18.89
2006    7    15.27    23.01
2006    8     0.33    24.49
2006    9    75.11    17.49
2006   10   151.76    10.00
2006   11    64.35     6.59
2006   12    30.28     3.09
2007    1    45.73     2.56
2007    2    46.22     3.30
2007    3    65.18     3.76
2007    4    95.62     7.37
2007    5    22.21    16.94
2007    6     0.47    23.32
2007    7     1.67    24.76
2007    8     0.59    23.84
2007    9     8.23    18.90
2007   10    38.29    12.39
2007   11     7.06     9.27
2007   12    82.56     4.49
2008    1    41.29     1.84
2008    2    51.78     1.50
2008    3    64.87     4.58
2008    4    28.56     9.53
2008    5    43.82    18.43
2008    6    13.30    22.30
2008    7     6.65    26.66
2008    8     3.87    22.89
2008    9     7.53    20.52
2008   10    16.25    13.86
2008   11     2.03    11.19
2008   12    54.43     4.66
2009    1    33.96     2.88
2009    2    58.67     3.91
2009    3    32.02     9.81
2009    4    22.29    12.08
2009    5    70.11    14.13
2009    6    37.80    19.84
2009    7     7.96    23.14
2009    8     1.26    21.06
2009    9    32.77    17.18
2009   10    26.40    13.32
2009   11    39.16     8.65
2009   12    64.61     5.58
2010    1    25.81     4.23
2010    2    49.78     3.56
2010    3    23.61     9.36
2010    4    33.73    11.68
2010    5    46.26    16.60
2010    6    16.17    24.89
2010    7    12.80    25.22
2010    8     4.83    24.52
2010    9    21.31    15.25
2010   10    25.59    12.75
2010   11     9.82     7.74
2010   12    33.76     3.58
2011    1    23.22     1.60
2011    2    76.32     1.90
2011    3    82.99     3.81
2011    4    65.28     9.50
2011    5    29.29    16.14
2011    6     5.44    22.07
2011    7     9.52    24.58
2011    8     2.09    21.16
2011    9    18.54    17.70
2011   10    11.34    13.53
2011   11    36.57     7.67
2011   12    41.76     3.72
2012    1    69.50     1.62
2012    2    50.87     3.68
2012    3    33.90     6.69
2012    4    53.45     9.12
2012    5    61.40    13.84
2012    6    13.59    20.95
2012    7     3.22    27.45
2012    8     0.00    22.42
2012    9    44.57    16.27
2012   10    54.17    12.91
2012   11    13.25     8.82
2012   12    18.04     5.43
2013    1    37.51     3.94
2013    2    54.54     5.00
2013    3    70.00     6.27
2013    4    73.44     6.51
2013    5    70.18    13.89
2013    6     6.19    23.34
2013    7     0.17    25.68
2013    8     5.89    22.22
2013    9     5.83    16.74
2013   10    51.55    14.25
2013   11    30.15     8.44
2013   12    49.27     4.21
2014    1    30.42     4.08
2014    2    29.62     0.62
2014    3    93.94     5.74
2014    4    33.43     9.25
2014    5    36.37    16.88
2014    6    16.20    20.10
2014    7     9.34    25.43
2014    8    12.03    21.58
2014    9    14.45    19.66
2014   10    72.78    14.00
2014   11    55.85     6.79
2014   12    22.61     5.17
2015    1    41.39     3.52
2015    2    44.52     4.88
2015    3    92.56     3.52
2015    4    53.98    10.04
2015    5    59.46    13.67
2015    6    60.38    18.84
2015    7     0.52    24.97
2015    8     0.31    25.96
2015    9     0.85    20.25
2015   10    12.36    15.32
2015   11    34.38     8.89
2015   12    25.05     5.57
2016    1   125.59     1.89
2016    2    21.82     1.59
2016    3    54.10     4.82
2016    4    20.71     9.89
2016    5    35.29    15.30
2016    6    15.82    22.91
2016    7     2.38    27.12
2016    8    12.72    24.04
2016    9     2.43    20.73
2016   10    50.53    12.68
2016   11    24.14     7.81
2016   12    27.97     5.90
2017    1    35.90     4.46
2017    2    84.02     3.64
2017    3    93.32     4.33
2017    4   100.57     7.88
2017    5    57.16    15.29
2017    6    21.42    20.09
2017    7     3.38    23.91
2017    8     2.31    22.56
2017    9    11.84    19.53
2017   10    94.31    11.50
2017   11    13.50     8.98
2017   12    30.34     6.00
2018    1    38.25     3.22
2018    2   138.84     0.70
2018    3    41.81     1.95
2018    4    72.69     9.18
2018    5    44.06    14.08
2018    6    14.23    20.97
2018    7     2.91    26.16
2018    8     6.02    24.58
2018    9    11.02    19.66
2018   10    47.33    10.67
2018   11    68.57     6.88
2018   12    48.94     4.23
2019    1    44.14     2.19
2019    2    28.14     1.24
2019    3    57.57     7.39
2019    4    46.49    10.37
2019    5   104.15    13.43
2019    6    78.50    18.35
2019    7     0.35    23.77
2019    8     0.28    26.04
2019    9     1.14    20.21
2019   10    21.34    13.70
2019   11    37.45     8.85
2019   12    26.88     4.37
2020    1    91.99     2.94
2020    2    47.82     0.82
2020    3    26.92     5.63
2020    4    12.42    12.03
2020    5    43.35    13.39
2020    6    35.92    18.02
2020    7     2.02    24.34
2020    8     0.91    23.23
2020    9    53.99    14.93
2020   10    48.26    11.92
2020   11    74.40     8.49
2020   12   113.49     3.17
2021    1    50.39     3.74
2021    2    24.05     3.38
2021    3    24.99     8.86
2021    4    66.09     9.20
2021    5    46.55    14.37
2021    6    13.54    23.06
2021    7     4.34    23.98
2021    8     8.30    22.73
2021    9     9.49    19.07
2021   10    29.23    12.75
2021   11    41.94     8.80
2021   12    63.21     1.35
2022    1    39.42     2.26
2022    2    79.28     2.13
2022    3    62.50     5.64
2022    4    26.37     8.94
2022    5    47.82    14.37
2022    6    27.97    21.65
2022    7     0.41    24.93
2022    8     0.00    23.50
2022    9    28.89    17.26
2022   10    45.33    12.27
2022   11    19.04     7.32
2022   12    37.56     3.74
2023    1    79.67     1.36
2023    2    59.90     2.67
2023    3    80.05     4.82
2023    4    52.73     8.48
2023    5    47.91    14.79
2023    6    24.93    20.37
2023    7    20.95    23.81
2023    8     6.75    22.26
2023    9     0.11    20.18
2023   10     4.27    17.51
2023   11    20.11    12.08
2023   12    45.60     3.81
2024    1    19.03     2.34
2024    2    46.11     3.63
2024    3    80.59     2.75
2024    4   113.52     6.90
2024    5    52.99    14.02
2024    6     9.24    24.83
2024    7     0.00    27.16
2024    8     0.00    25.55
2024    9    25.25    17.81
2024   10   102.65    10.94
2024   11    14.49     7.66
2024   12    63.79     3.49
2025    1    82.39     1.85
2025    2    32.31     4.16
2025    3    87.61     3.73
2025    4    57.94    10.57
2025    5    21.77    16.36
2025    6    10.85    22.70
2025    7     1.29    25.52
2025    8     0.25    24.68
2025    9    90.09    16.33
2025   10    48.98    12.49
2025   11    29.10     9.04
2025   12    14.72     4.12
2026    1    59.33     5.00
2026    2    88.25     3.32
2026    3    54.05     5.88
2026    4    13.37    10.99
2026    5    52.16    11.35
2026    6    14.78    21.99
2026    7     4.82    26.30
2026    8     0.00    23.37
2026    9    52.55    18.92
2026   10    43.56    13.26
2026   11     6.75     6.72
2026   12    87.60     2.97
2027    1     8.30     3.09
2027    2    50.35     3.54
2027    3    64.07     3.75
2027    4    44.90    11.52
2027    5    62.74    14.08
2027    6    11.89    22.61
2027    7     0.34    26.43
2027    8     0.05    24.81
2027    9     3.38    17.43
2027   10     5.00    14.59
2027   11    55.13     8.65
2027   12    73.01     4.26
2028    1    97.88     2.38
2028    2    40.73     1.77
2028    3    53.38     7.31
2028    4    46.13    11.07
2028    5    49.13    14.50
2028    6    18.01    22.03
2028    7    13.65    25.06
2028    8     0.66    23.85
2028    9    14.83    18.58
2028   10    19.89    13.67
2028   11    42.47     8.16
2028   12    50.21     5.98
2029    1    83.88     3.13
2029    2    87.30     5.54
2029    3    23.57     6.80
2029    4     7.81    11.08
2029    5    53.97    17.36
2029    6    39.78    19.62
2029    7     2.86    25.39
2029    8     1.18    24.55
2029    9    21.47    20.48
2029   10    80.52    12.25
2029   11    24.46     8.16
2029   12    40.74     3.37
2030    1    27.36     1.57
2030    2    48.99     2.72
2030    3    49.63     3.28
2030    4    65.30     9.18
2030    5    36.01    16.14
2030    6    14.61    21.80
2030    7     2.75    24.75
2030    8     0.02    23.26
2030    9    26.71    18.71
2030   10    35.48    13.09
2030   11    41.76     8.54
2030   12    13.61     5.29
2031    1    17.16     5.18
2031    2    50.83     1.99
2031    3    26.12     7.65
2031    4    13.78    12.90
2031    5    78.77    13.26
2031    6    12.37    21.66
2031    7     5.50    25.29
2031    8     9.14    23.64
2031    9    81.46    19.03
2031   10    34.08    12.38
2031   11    30.98     9.50
2031   12    49.96     5.87
2032    1    62.66     3.77
2032    2    41.59     2.88
2032    3    41.71     6.15
2032    4    78.76    10.09
2032    5    15.06    17.60
2032    6    52.36    20.72
2032    7    10.93    25.14
2032    8     7.57    23.15
2032    9    45.48    19.55
2032   10    97.43    12.88
2032   11    51.03     8.69
2032   12    37.55     2.97
2033    1    44.81     2.73
2033    2    40.74     3.48
2033    3    91.71     5.70
2033    4    96.06     9.49
2033    5    25.74    15.15
2033    6    34.57    18.68
2033    7     0.00    25.59
2033    8     1.76    24.62
2033    9     5.89    20.44
2033   10    41.21    11.19
2033   11    14.51     8.35
2033   12    26.68     6.06
2034    1    10.37     3.33
2034    2    24.53     3.55
2034    3    37.51     4.90
2034    4    68.03     6.63
2034    5    62.09    14.95
2034    6     5.86    23.96
2034    7     5.29    27.66
2034    8     1.38    23.46
2034    9     6.71    17.45
2034   10    40.28    13.89
2034   11    28.30     7.00
2034   12    19.76     6.84
2035    1    17.33     3.37
2035    2    28.53     5.91
2035    3    57.57     8.03
2035    4    68.68    12.34
2035    5    61.66    13.95
2035    6    15.11    22.18
2035    7     0.64    28.24
2035    8     0.77    22.21
2035    9    21.38    17.52
2035   10   120.20    12.12
2035   11    32.12     5.89
2035   12    62.24     4.43
2036    1    46.90     2.23
2036    2    41.06     3.67
2036    3    32.87     5.65
2036    4    47.78    11.19
2036    5    20.15    14.63
2036    6    29.89    19.56
2036    7     0.17    27.21
2036    8     0.09    22.74
2036    9    19.37    16.19
2036   10    34.80    13.28
2036   11    70.58     8.60
2036   12    27.94     4.30
2037    1    12.45     3.78
2037    2    60.41     2.20
2037    3    29.83     5.99
2037    4    65.94    11.90
2037    5    41.60    14.11
2037    6    43.99    19.56
2037    7     6.37    26.10
2037    8     2.82    21.41
2037    9    29.57    16.64
2037   10    78.45    14.07
2037   11    58.89     6.49
2037   12    15.58     6.48
2038    1    39.83     3.37
2038    2    42.92     4.86
2038    3    58.06     5.61
2038    4    82.57    10.04
2038    5    52.03    17.08
2038    6    24.09    21.60
2038    7     0.44    25.75
2038    8     4.65    25.00
2038    9    10.10    18.12
2038   10    59.14    12.65
2038   11    37.60     8.06
2038   12    40.35     5.86
2039    1    33.70     3.65
2039    2    48.02     1.95
2039    3    54.01     5.85
2039    4    37.57    11.75
2039    5    84.59    13.98
2039    6    67.39    17.49
2039    7     6.31    24.33
2039    8     4.87    25.12
2039    9    38.83    14.21
2039   10    38.05    12.66
2039   11    16.21     9.88
2039   12    62.75     5.37
2040    1    78.56     3.37
2040    2    22.29     6.55
2040    3    44.29     6.92
2040    4    39.18    12.85
2040    5     7.33    21.43
2040    6     9.26    25.78
2040    7     0.00    26.20
2040    8     0.04    24.44
2040    9    17.62    17.86
2040   10    60.62    12.61
2040   11    49.04     7.73
2040   12    35.93     2.57
2041    1    28.00     1.33
2041    2    69.95     4.20
2041    3    26.54     9.80
2041    4    64.30    10.41
2041    5    68.73    15.67
2041    6     9.83    22.09
2041    7    18.96    24.88
2041    8     0.01    26.84
2041    9    40.69    17.89
2041   10    54.87    13.84
2041   11    26.62     9.46
2041   12    65.36     4.72
2042    1    52.70     2.71
2042    2    51.03     1.68
2042    3    51.96     6.66
2042    4    12.05    12.94
2042    5    29.85    17.99
2042    6    20.72    23.59
2042    7    28.26    26.50
2042    8     9.16    25.06
2042    9    33.52    18.74
2042   10    66.64    14.37
2042   11    25.46     8.99
2042   12     5.42     5.10
2043    1    42.55     4.03
2043    2    45.20     4.02
2043    3     4.76    12.51
2043    4    65.60    11.11
2043    5    24.94    16.04
2043    6    10.85    24.09
2043    7     0.00    26.97
2043    8     0.65    24.88
2043    9     6.13    21.18
2043   10   116.26    12.30
2043   11    31.81     7.89
2043   12    35.39     5.33
2044    1    47.85     4.39
2044    2    40.64     3.99
2044    3     4.72    11.01
2044    4    74.86     9.26
2044    5    70.30    14.93
2044    6    40.41    20.65
2044    7     0.40    26.09
2044    8     0.85    25.02
2044    9    25.58    17.03
2044   10    48.02    14.77
2044   11    59.48     8.12
2044   12    39.35     4.85
2045    1    94.21     3.75
2045    2    27.58     4.55
2045    3    15.35     6.57
2045    4    60.95    10.07
2045    5    58.19    16.28
2045    6    80.36    16.62
2045    7     3.12    24.92
2045    8     0.10    24.52
2045    9    17.60    17.32
2045   10    39.85    10.42
2045   11    25.85     8.73
2045   12    50.96     4.58
2046    1    40.26     4.88
2046    2    73.70     3.11
2046    3    78.46     8.06
2046    4    40.52    12.47
2046    5    61.98    15.19
2046    6    30.66    20.51
2046    7     0.02    28.54
2046    8     0.74    25.68
2046    9    53.70    16.76
2046   10     9.15    14.18
2046   11    66.82    10.26
2046   12   118.84     4.24
2047    1    56.78     3.50
2047    2    23.65     5.37
2047    3    78.86     5.02
2047    4    38.92    12.61
2047    5   109.29    14.50
2047    6    12.92    21.10
2047    7    11.93    25.97
2047    8     5.27    22.66
2047    9     6.36    17.43
2047   10    22.15    14.98
2047   11    37.67    10.47
2047   12    48.22     5.12
2048    1    31.17     2.41
2048    2    44.31     3.79
2048    3    19.98     8.09
2048    4    32.87    14.49
2048    5    39.69    16.24
2048    6     6.32    23.38
2048    7     1.29    27.34
2048    8     0.43    25.06
2048    9    10.04    18.27
2048   10    37.72    14.75
2048   11    61.24     6.07
2048   12    24.17     3.89
2049    1    62.01     3.04
2049    2    80.04     2.32
2049    3    63.93     5.06
2049    4    18.04    10.34
2049    5    33.47    17.31
2049    6    25.30    20.30
2049    7     0.16    26.64
2049    8     2.84    24.07
2049    9    12.95    17.94
2049   10    84.62    12.79
2049   11    38.93    11.27
2049   12    17.25     7.27
2050    1    43.35     4.43
2050    2    10.19     5.01
2050    3    55.48     4.90
2050    4    26.76    13.37
2050    5    45.06    16.44
2050    6    15.45    22.14
2050    7     1.06    25.73
2050    8     0.51    27.64
2050    9    18.77    18.23
2050   10    51.03    14.67
2050   11    24.31    10.99
2050   12    25.83     5.51
2051    1    41.98     3.12
2051    2    67.59     4.29
2051    3    70.94     5.86
2051    4    83.57    10.33
2051    5    69.54    14.29
2051    6    38.47    18.62
2051    7    14.11    24.32
2051    8     0.48    25.44
2051    9    29.82    20.92
2051   10    66.35    11.40
2051   11    72.25     9.13
2051   12    33.16     6.38
2052    1    36.31     1.68
2052    2    41.14     3.81
2052    3    14.17     6.97
2052    4    94.04    10.47
2052    5    80.09    14.20
2052    6    27.89    19.25
2052    7     3.94    25.64
2052    8     0.00    25.94
2052    9    22.23    17.48
2052   10    32.03    14.06
2052   11    48.83     8.86
2052   12    22.73     5.40
2053    1    14.24     3.87
2053    2    54.07     2.98
2053    3    49.21     5.95
2053    4    26.52    13.88
2053    5     3.97    19.38
2053    6    48.20    19.99
2053    7     5.65    24.68
2053    8     1.96    28.06
2053    9    20.53    18.97
2053   10    59.74    13.40
2053   11    23.94     8.37
2053   12    69.02     3.68
2054    1    17.47     2.87
2054    2    38.79     4.18
2054    3    25.25     7.80
2054    4    60.10    11.16
2054    5    28.49    19.80
2054    6     3.83    25.07
2054    7     2.98    25.98
2054    8     1.25    23.13
2054    9    12.37    19.58
2054   10    33.72    18.16
2054   11    24.01     8.97
2054   12    23.32     7.82
2055    1    81.46     3.65
2055    2    24.08     2.86
2055    3    56.20     6.69
2055    4    33.55    14.01
2055    5    94.38    12.14
2055    6    23.06    20.20
2055    7     8.59    24.76
2055    8    33.43    21.83
2055    9     6.46    18.72
2055   10    21.39    16.35
2055   11    21.64     7.87
2055   12    35.97     5.51
2056    1    19.25     4.58
2056    2    39.65     5.98
2056    3    54.21     5.65
2056    4    77.51     8.60
2056    5    59.16    14.48
2056    6    34.42    22.44
2056    7    20.80    27.31
2056    8     0.00    22.43
2056    9     9.21    19.28
2056   10    32.13    12.09
2056   11    80.49     8.56
2056   12    57.90     6.65
2057    1    57.41     3.43
2057    2    36.93     6.85
2057    3    78.07     5.03
2057    4    36.83    11.99
2057    5    34.63    14.70
2057    6    37.70    21.55
2057    7     0.01    27.21
2057    8     0.67    22.67
2057    9    57.92    16.82
2057   10    63.99    10.52
2057   11    17.35     7.47
2057   12    33.87     4.47
2058    1    35.67     2.65
2058    2    37.99     3.86
2058    3    59.69     5.45
2058    4    64.38    11.53
2058    5    42.77    14.53
2058    6    79.98    20.09
2058    7     0.77    26.94
2058    8     0.02    26.02
2058    9    19.33    18.95
2058   10    55.76    11.90
2058   11    46.27     6.92
2058   12    66.59     5.83
2059    1    45.30     3.33
2059    2    43.20     3.31
2059    3    52.58     6.33
2059    4    17.82     9.14
2059    5    40.56    14.41
2059    6    29.66    24.44
2059    7     1.49    25.85
2059    8    17.60    23.45
2059    9    27.34    18.89
2059   10    18.87    14.63
2059   11    21.35    11.13
2059   12    66.66     5.10
2060    1    86.70     2.82
2060    2    77.64     4.84
2060    3    81.91     4.23
2060    4    38.28     9.21
2060    5    42.80    16.78
2060    6    63.34    21.37
2060    7    32.44    23.58
2060    8     4.47    25.40
2060    9    14.44    19.82
2060   10    71.81    12.25
2060   11    65.76     8.20
2060   12    17.44     7.00
2061    1    21.78     5.03
2061    2    20.44     5.81
2061    3   101.71     6.26
2061    4    85.59     9.70
2061    5    39.07    13.50
2061    6    47.53    20.77
2061    7     8.20    24.49
2061    8     0.80    26.96
2061    9    19.54    19.45
2061   10    57.34    13.95
2061   11    16.17     9.55
2061   12    40.25     5.63
2062    1    49.05     1.93
2062    2    67.48     4.46
2062    3    57.78     8.00
2062    4    36.91    12.54
2062    5    40.87    15.45
2062    6    77.36    18.99
2062    7     1.48    25.74
2062    8     0.17    24.97
2062    9    31.83    17.68
2062   10    70.94    10.83
2062   11     5.82     6.58
2062   12    35.58     6.23
2063    1    44.36     4.84
2063    2    30.55     2.77
2063    3    64.00     5.05
2063    4    11.33    13.88
2063    5    10.73    18.24
2063    6    12.56    23.81
2063    7     1.39    26.78
2063    8     0.27    25.16
2063    9    25.83    20.02
2063   10    43.43    14.14
2063   11    28.77     9.82
2063   12    72.97     6.49
2064    1    45.55     5.66
2064    2    41.83     2.56
2064    3    58.86     6.48
2064    4    12.80    12.71
2064    5    39.31    17.92
2064    6    30.33    22.72
2064    7    13.58    24.77
2064    8     4.18    23.67
2064    9     8.38    18.64
2064   10    50.16    14.00
2064   11    58.65     7.96
2064   12    44.38     5.76
2065    1    23.83     4.96
2065    2    33.02     3.80
2065    3    76.51     6.96
2065    4    81.61     9.36
2065    5    28.70    15.67
2065    6    10.60    22.31
2065    7     0.41    25.57
2065    8     2.65    23.19
2065    9    24.67    19.37
2065   10    29.79    16.51
2065   11    62.05     7.17
2065   12    89.83     4.34
2066    1    55.40     2.23
2066    2    46.10     2.01
2066    3    89.90     3.90
2066    4    32.45    12.80
2066    5    45.61    16.04
2066    6     8.04    23.15
2066    7     2.20    26.52
2066    8     0.00    24.45
2066    9    24.02    20.03
2066   10    72.38    14.13
2066   11    14.53     7.98
2066   12    23.11     6.23
2067    1    98.07     0.28
2067    2    42.56     5.31
2067    3    48.77     6.84
2067    4    61.06    10.78
2067    5    20.89    19.33
2067    6     4.15    24.09
2067    7    25.06    23.93
2067    8     4.23    24.47
2067    9    26.14    18.11
2067   10    92.55    11.08
2067   11    61.43     9.80
2067   12    19.70     5.05
2068    1    37.65     3.37
2068    2    31.38     4.30
2068    3    39.42     7.70
2068    4    51.12    11.90
2068    5    87.40    14.03
2068    6    25.32    21.06
2068    7     7.11    24.74
2068    8     0.35    25.53
2068    9    53.84    20.09
2068   10    77.91    12.07
2068   11    70.07     8.58
2068   12    10.96     6.55
2069    1    53.27     3.42
2069    2    25.65     5.41
2069    3    49.07     7.68
2069    4    17.71    13.72
2069    5    38.67    18.09
2069    6    41.48    20.48
2069    7     1.05    28.74
2069    8     1.71    27.08
2069    9    39.55    18.01
2069   10    57.46    15.44
2069   11    34.37     7.08
2069   12    62.78     3.03
2070    1    31.76     3.82
2070    2    45.99     3.92
2070    3    79.65     7.35
2070    4    37.26    12.07
2070    5    71.71    16.23
2070    6    41.96    20.53
2070    7     0.00    24.85
2070    8     0.24    24.64
2070    9     2.52    22.34
2070   10    41.82    12.86
2070   11    34.77     8.64
2070   12    34.14     7.23
2071    1    19.36     5.74
2071    2    20.51     6.12
2071    3   122.38     8.57
2071    4    50.59    10.75
2071    5    47.66    15.24
2071    6    28.08    22.92
2071    7     3.37    26.93
2071    8     0.83    27.06
2071    9    48.22    17.11
2071   10    88.77    12.03
2071   11    20.43     7.77
2071   12    24.40     7.02
2072    1    14.85     4.58
2072    2    21.35     7.72
2072    3    50.05    11.46
2072    4   109.07     8.12
2072    5    55.22    12.69
2072    6    12.56    22.55
2072    7     1.96    25.96
2072    8     0.19    26.03
2072    9    25.32    17.13
2072   10   108.59    12.32
2072   11    34.90     8.30
2072   12    59.04     5.18
2073    1    74.28     1.35
2073    2    40.94     4.62
2073    3    18.99     8.17
2073    4   120.20     8.24
2073    5    24.58    16.99
2073    6    60.90    18.89
2073    7     6.63    24.73
2073    8     3.63    25.90
2073    9    32.84    18.96
2073   10   133.56    12.18
2073   11    13.89     6.24
2073   12    26.81     5.76
2074    1    68.93     2.42
2074    2    30.16     2.23
2074    3    39.43     6.84
2074    4    62.76    10.67
2074    5    68.99    15.67
2074    6    24.85    23.71
2074    7    13.04    26.36
2074    8     0.00    26.33
2074    9     6.83    22.14
2074   10    85.91    13.19
2074   11    91.40     8.07
2074   12    30.49     5.14
2075    1    66.06     4.21
2075    2    52.58     5.57
2075    3    83.58     6.39
2075    4    54.38    11.34
2075    5    58.61    14.66
2075    6    13.47    23.79
2075    7     1.11    25.91
2075    8     1.28    26.71
2075    9    19.33    18.41
2075   10    24.98    15.98
2075   11    18.97    11.09
2075   12    96.31     4.69
2076    1    28.08     5.49
2076    2    45.90     6.62
2076    3    46.74     7.49
2076    4   152.67     8.29
2076    5    42.16    15.31
2076    6    29.33    22.31
2076    7     0.75    28.92
2076    8     0.08    25.04
2076    9     2.12    22.76
2076   10     8.50    15.12
2076   11    29.53     9.30
2076   12    77.60     5.62
2077    1   103.10     3.01
2077    2    26.19     3.40
2077    3    49.75     7.72
2077    4    38.93    12.11
2077    5    27.72    15.10
2077    6    31.82    21.22
2077    7     2.84    25.10
2077    8     2.26    25.67
2077    9    26.03    19.20
2077   10   110.35    11.89
2077   11    87.88     7.67
2077   12    37.61     5.18
2078    1    62.95     3.85
2078    2    45.86     4.46
2078    3    77.11     4.49
2078    4    44.93    10.36
2078    5    60.06    17.70
2078    6    23.55    25.52
2078    7     0.54    26.42
2078    8     0.04    23.80
2078    9    19.88    18.84
2078   10    56.14    14.46
2078   11    56.92    10.22
2078   12    40.41     5.39
2079    1    55.23     3.89
2079    2    37.50     2.39
2079    3   111.52     3.03
2079    4    44.34     8.50
2079    5    16.01    17.40
2079    6    13.88    21.64
2079    7     9.89    27.56
2079    8     8.79    25.69
2079    9    12.52    21.09
2079   10    41.49    16.07
2079   11    59.75     8.35
2079   12    28.75     6.54
2080    1    23.18     3.02
2080    2    32.91     3.93
2080    3    71.79     5.83
2080    4    93.16    10.67
2080    5    41.37    12.26
2080    6    17.99    21.55
2080    7     0.96    28.04
2080    8     3.08    26.45
2080    9    46.67    18.57
2080   10    41.81    14.59
2080   11    34.27     9.78
2080   12    24.69     4.22
2081    1    31.43     4.05
2081    2    14.83     5.38
2081    3    73.21     8.80
2081    4    94.37     9.68
2081    5   113.34    13.95
2081    6    16.91    22.24
2081    7     1.42    30.36
2081    8     0.40    26.83
2081    9    12.56    20.40
2081   10    95.70    13.76
2081   11    99.15     8.19
2081   12    21.77     5.73
2082    1    63.62     3.48
2082    2    39.21     4.28
2082    3    51.61     7.86
2082    4    47.64    13.62
2082    5    57.17    14.82
2082    6    27.90    21.80
2082    7     6.01    26.20
2082    8     4.89    22.62
2082    9    26.04    20.33
2082   10    60.27    14.21
2082   11    30.71     9.55
2082   12    27.71     4.90
2083    1    55.45     3.33
2083    2    39.29     7.49
2083    3    46.53     8.18
2083    4    14.81    14.39
2083    5    36.01    13.60
2083    6     7.48    26.01
2083    7     7.87    25.11
2083    8     1.31    26.61
2083    9    22.03    21.72
2083   10    57.87    14.35
2083   11    31.94     9.26
2083   12    32.70     5.54
2084    1    20.79     5.41
2084    2    61.37     4.98
2084    3   154.03     5.78
2084    4    97.18    11.34
2084    5    43.26    17.15
2084    6     4.18    24.23
2084    7     5.35    26.14
2084    8     0.66    27.21
2084    9    27.25    18.14
2084   10    55.65    15.24
2084   11    55.57     8.42
2084   12    27.54     5.48
2085    1    32.72     1.91
2085    2    53.22     2.35
2085    3    62.48     4.45
2085    4    30.83    12.86
2085    5    17.11    18.19
2085    6    13.98    23.65
2085    7     0.00    28.64
2085    8     1.74    26.48
2085    9     4.90    19.27
2085   10    70.86    14.35
2085   11    50.92    10.18
2085   12    50.70     4.06
2086    1    41.46     2.00
2086    2    43.22     3.60
2086    3    62.29     5.83
2086    4    24.13    12.32
2086    5    27.28    16.41
2086    6    13.73    22.86
2086    7    21.80    26.99
2086    8     1.72    23.45
2086    9    54.80    20.50
2086   10    33.70    13.97
2086   11    97.75     9.25
2086   12    49.44     3.92
2087    1    22.73     3.39
2087    2    63.63     5.83
2087    3    15.07     9.46
2087    4    65.87    12.94
2087    5    55.07    14.84
2087    6    13.69    22.78
2087    7     1.82    26.12
2087    8     3.11    26.20
2087    9    38.95    20.21
2087   10    57.78    13.03
2087   11    20.93     7.43
2087   12    27.98     6.32
2088    1    27.34     4.18
2088    2    48.47     4.60
2088    3    60.38     6.80
2088    4    75.81     8.96
2088    5    69.70    14.55
2088    6    35.23    20.88
2088    7     6.59    25.60
2088    8     1.68    25.09
2088    9    42.37    20.04
2088   10    64.96    14.89
2088   11    57.64     9.59
2088   12    18.13     5.00
2089    1    10.79     6.97
2089    2    31.94     6.83
2089    3    58.55     7.52
2089    4    37.43    12.98
2089    5    38.68    17.17
2089    6    10.03    24.48
2089    7     0.26    29.95
2089    8     0.53    25.76
2089    9     1.30    19.44
2089   10    19.54    14.56
2089   11    42.08    10.76
2089   12     5.93     8.64
2090    1    33.77     6.45
2090    2    21.25     6.78
2090    3    32.60     9.08
2090    4   135.37    10.35
2090    5    43.63    15.26
2090    6    21.74    24.02
2090    7     1.77    27.93
2090    8     0.78    24.81
2090    9    32.39    19.99
2090   10    16.42    15.64
2090   11    86.81     9.16
2090   12    34.21     5.72
2091    1    61.80     3.96
2091    2    26.63     6.83
2091    3    50.72     5.96
2091    4    39.70    15.14
2091    5     9.31    18.29
2091    6     7.66    24.68
2091    7     7.04    26.16
2091    8     0.00    25.13
2091    9    67.33    18.14
2091   10   117.39    13.04
2091   11   126.25     7.14
2091   12    76.27     5.26
2092    1    42.97     4.68
2092    2    48.43     4.96
2092    3    15.45    10.55
2092    4    41.59    14.09
2092    5    58.12    18.45
2092    6     9.47    23.74
2092    7     0.70    25.82
2092    8     0.40    27.04
2092    9    16.82    19.96
2092   10    68.12    12.94
2092   11    19.49     9.83
2092   12    34.91     6.08
2093    1    43.42     3.75
2093    2    86.66     3.87
2093    3    47.64     5.31
2093    4    43.04    12.07
2093    5    16.57    18.68
2093    6    31.24    22.87
2093    7     1.15    28.97
2093    8     0.49    29.40
2093    9     5.55    22.80
2093   10    24.49    17.35
2093   11    26.48     9.75
2093   12    68.46     5.99
2094    1    97.24     2.99
2094    2    68.08     4.15
2094    3    26.73     8.43
2094    4    40.01    14.29
2094    5    92.82    16.04
2094    6    17.62    23.23
2094    7     2.06    29.14
2094    8     0.00    25.25
2094    9     4.77    22.07
2094   10    17.82    19.12
2094   11    28.30    11.04
2094   12    65.39     6.92
2095    1    19.55     7.49
2095    2   113.99     5.33
2095    3    54.92     6.76
2095    4    40.83    11.33
2095    5    33.26    18.20
2095    6    11.42    26.48
2095    7     9.98    26.22
2095    8     0.04    27.63
2095    9    12.45    21.47
2095   10    59.69    16.04
2095   11    12.13     9.98
2095   12     3.98     8.19
2096    1    33.04     6.91
2096    2    38.65     2.94
2096    3    86.41     4.88
2096    4   116.49    10.76
2096    5    32.43    17.95
2096    6    36.17    22.75
2096    7     5.44    26.76
2096    8     1.69    26.50
2096    9    22.30    19.99
2096   10    54.74    14.62
2096   11    33.70    10.70
2096   12    76.09     8.07
2097    1    63.95     5.67
2097    2    12.53     3.63
2097    3    47.64     6.56
2097    4    79.29    11.51
2097    5    41.57    17.54
2097    6    36.76    21.64
2097    7     7.98    26.73
2097    8     0.00    22.50
2097    9    23.39    18.73
2097   10    34.63    16.17
2097   11    31.06    10.75
2097   12    65.19     4.46
2098    1    35.98     5.32
2098    2    32.65     3.69
2098    3    29.36     6.68
2098    4    52.95    13.17
2098    5    14.10    17.79
2098    6     9.33    24.59
2098    7     1.62    28.80
2098    8     3.50    27.44
2098    9     9.76    20.68
2098   10    56.32    16.98
2098   11   104.70    10.87
2098   12    28.82     6.61
2099    1    47.26     5.11
2099    2    35.59     5.86
2099    3    40.83     9.35
2099    4    60.77    12.39
2099    5    11.39    18.79
2099    6    27.52    22.86
2099    7     3.26    28.18
2099    8     0.17    26.52
2099    9    12.88    22.20
2099   10    36.73    16.01
2099   11    65.07     7.56
2099   12    59.35     4.92
2100    1    57.93     4.77
2100    2    77.62     4.09
2100    3    11.40     6.59
2100    4    19.64    12.15
2100    5    68.28    14.48
2100    6    67.17    21.04
2100    7     0.05    29.21
2100    8     3.76    23.46
2100    9    47.94    20.51
2100   10    31.27    13.11
2100   11    78.65     6.98
2100   12    59.20     4.37
