2006    1    62.60     1.96
2006    2    56.95     3.08
2006    3    42.96     4.94
2006    4    64.12     7.36
2006    5   133.93    12.20
2006    6    28.55    17.45
2006    7    24.12    20.88
2006    8     4.66    22.47
2006    9    38.20    16.35
2006   10   125.02     8.40
2006   11    75.48     3.74
2006   12   111.52     0.29
2007    1    72.56    -0.34
2007    2    76.31     0.79
2007    3    79.24     0.63
2007    4    70.07     5.38
2007    5    31.34    14.32
2007    6     5.64    21.26
2007    7    16.26    23.52
2007    8    22.27    22.12
2007    9     4.30    17.74
2007   10    38.43    11.95
2007   11    17.96     7.27
2007   12    89.69     2.05
2008    1   110.92    -0.23
2008    2    93.65    -1.09
2008    3    71.95     1.54
2008    4    39.34     6.83
2008    5    70.60    14.66
2008    6    59.26    18.43
2008    7     7.28    25.33
2008    8     5.78    22.31
2008    9    19.44    19.24
2008   10    16.41    12.22
2008   11    23.02     9.97
2008   12   105.64     2.89
2009    1    84.36     0.76
2009    2    65.68     1.31
2009    3    27.01     7.71
2009    4    27.07     9.85
2009    5   126.14    12.11
2009    6    84.48    15.55
2009    7     7.42    20.12
2009    8     0.42    19.50
2009    9    44.16    14.82
2009   10    71.34    12.08
2009   11    86.56     6.33
2009   12    90.78     2.52
2010    1    81.77     1.83
2010    2    73.00     0.75
2010    3    68.90     5.08
2010    4    17.94     9.19
2010    5    45.18    14.27
2010    6    41.18    21.40
2010    7     7.00    23.39
2010    8    16.96    22.34
2010    9     1.42    14.97
2010   10    52.89    11.30
2010   11    48.13     4.91
2010   12    86.78     1.34
2011    1    74.74    -1.21
2011    2    73.44    -0.48
2011    3    78.01     1.83
2011    4    43.82     8.09
2011    5    58.04    13.16
2011    6    22.85    20.27
2011    7     6.80    23.30
2011    8     7.38    21.50
2011    9    44.56    17.80
2011   10    27.76    12.91
2011   11    54.80     5.58
2011   12   111.64     1.62
2012    1    66.78     0.38
2012    2   100.07     0.98
2012    3    54.21     4.05
2012    4    63.20     6.52
2012    5    94.77    11.43
2012    6    20.93    18.82
2012    7     6.02    25.46
2012    8     9.30    22.64
2012    9    57.01    14.88
2012   10    56.85    10.41
2012   11    78.26     5.94
2012   12    78.49     2.88
2013    1    99.54     0.63
2013    2    41.55     1.95
2013    3    93.08     4.43
2013    4    34.34     4.74
2013    5    68.46    12.24
2013    6    10.56    20.36
2013    7     1.53    23.82
2013    8    10.96    20.93
2013    9    12.50    16.11
2013   10    45.34    12.72
2013   11    95.54     5.71
2013   12   111.10     1.97
2014    1    92.10     1.86
2014    2    34.95    -1.07
2014    3    64.51     2.71
2014    4    74.23     5.91
2014    5    56.69    12.73
2014    6    18.09    17.37
2014    7    15.96    23.75
2014    8    11.07    21.35
2014    9    14.16    17.86
2014   10    74.41    11.93
2014   11    98.30     4.18
2014   12    66.14     2.96
2015    1   106.53     0.21
2015    2    53.12     2.60
2015    3    74.63     0.74
2015    4    44.60     7.41
2015    5    60.41    12.42
2015    6    99.42    18.47
2015    7     1.80    24.03
2015    8     8.24    24.95
2015    9     0.78    20.15
2015   10    26.93    14.70
2015   11    61.62     7.12
2015   12    78.32     3.37
2016    1   125.39     0.01
2016    2    66.57    -2.04
2016    3    82.56     1.43
2016    4    35.33     8.15
2016    5    49.65    12.92
2016    6    40.59    20.03
2016    7     4.26    24.82
2016    8    24.82    22.46
2016    9    11.56    18.53
2016   10    39.79    10.41
2016   11    32.81     6.60
2016   12    67.68     3.32
2017    1    68.24     2.51
2017    2    87.82     0.82
2017    3    73.77     1.64
2017    4    72.44     5.98
2017    5    67.11    12.84
2017    6    38.74    18.82
2017    7     5.01    21.98
2017    8     2.64    21.62
2017    9    25.23    17.16
2017   10    97.97    10.10
2017   11    36.73     6.77
2017   12    81.85     3.71
2018    1    90.41     0.90
2018    2    89.48    -2.11
2018    3    53.77     0.07
2018    4    69.05     6.53
2018    5    40.70    11.72
2018    6    27.66    19.15
2018    7     5.24    24.35
2018    8     0.26    24.36
2018    9    23.87    18.02
2018   10    55.17     8.14
2018   11   102.49     4.60
2018   12    96.20     1.91
2019    1    70.50    -0.34
2019    2    43.34    -0.21
2019    3    60.39     4.28
2019    4    75.24     6.47
2019    5   102.21    10.97
2019    6    43.85    16.66
2019    7    22.37    21.78
2019    8     4.45    24.54
2019    9    10.31    18.17
2019   10    27.52    10.63
2019   11   126.61     6.27
2019   12    88.62     1.63
2020    1    98.28    -0.52
2020    2   100.45    -2.35
2020    3    78.25     1.45
2020    4    36.29     7.01
2020    5    40.34    10.43
2020    6    43.73    16.53
2020    7     0.34    23.91
2020    8     7.07    22.57
2020    9    52.96    15.13
2020   10    37.49    11.25
2020   11    78.06     6.17
2020   12   136.53     0.67
2021    1    89.35     1.50
2021    2    35.12     0.55
2021    3    44.44     6.03
2021    4    69.25     5.74
2021    5    69.39    12.85
2021    6    26.58    22.37
2021    7    12.01    22.52
2021    8    31.22    19.96
2021    9     5.51    18.81
2021   10    26.15    12.24
2021   11    81.35     5.77
2021   12    97.75    -1.25
2022    1   121.62    -0.78
2022    2    87.77    -0.48
2022    3   107.79     2.56
2022    4    24.98     7.59
2022    5    79.87    11.70
2022    6    46.96    18.02
2022    7     1.60    22.96
2022    8     0.84    23.34
2022    9    16.15    18.08
2022   10    54.04    11.10
2022   11    39.58     6.01
2022   12    56.64     1.92
2023    1    55.27    -0.67
2023    2    52.27     0.17
2023    3    88.48     2.43
2023    4    46.65     7.53
2023    5    66.89    12.05
2023    6    27.56    18.94
2023    7    25.82    21.78
2023    8    12.06    20.84
2023    9     4.33    21.12
2023   10    13.65    16.76
2023   11    67.28     8.93
2023   12    70.79     2.01
2024    1    56.18     0.43
2024    2    59.93     0.16
2024    3    66.01     0.62
2024    4   109.32     4.64
2024    5    72.98    11.85
2024    6    11.64    22.30
2024    7     0.00    26.94
2024    8     1.13    23.80
2024    9    62.28    16.56
2024   10    72.50     8.46
2024   11    62.40     5.50
2024   12   101.63     1.42
2025    1    81.64    -0.45
2025    2    93.32     1.41
2025    3    82.44     0.81
2025    4    37.63     8.43
2025    5    78.35    12.82
2025    6    11.49    19.53
2025    7     1.95    24.68
2025    8     0.02    23.75
2025    9    80.20    15.72
2025   10    50.83    11.12
2025   11    79.65     6.66
2025   12    51.55     2.23
2026    1   105.44     2.50
2026    2    68.43     0.03
2026    3    52.24     2.79
2026    4    34.33     7.79
2026    5    38.58    10.89
2026    6    58.67    18.69
2026    7    10.46    25.38
2026    8     2.36    23.60
2026    9    75.98    17.14
2026   10    49.19    10.79
2026   11     9.83     5.71
2026   12    71.00     0.23
2027    1    52.17     0.92
2027    2    61.01     0.44
2027    3    98.35     1.25
2027    4    54.87     8.06
2027    5    34.73    12.89
2027    6     8.04    20.61
2027    7     4.56    26.11
2027    8     0.00    25.29
2027    9     2.39    17.39
2027   10    11.84    14.81
2027   11    68.55     6.43
2027   12   151.65     1.15
2028    1   108.26    -0.75
2028    2    64.81    -0.99
2028    3    84.04     4.09
2028    4    51.68     9.25
2028    5    91.90    11.09
2028    6    58.56    18.19
2028    7    24.72    22.50
2028    8     1.06    23.79
2028    9    27.40    17.25
2028   10    24.54    12.84
2028   11    52.18     6.11
2028   12    92.62     3.32
2029    1   123.95     0.80
2029    2    65.27     3.57
2029    3    59.85     4.16
2029    4    22.88     8.41
2029    5    51.77    15.10
2029    6    73.63    16.92
2029    7    32.72    21.46
2029    8     2.78    23.29
2029    9     6.79    19.66
2029   10    37.87    10.39
2029   11   110.13     6.00
2029   12    44.98     1.70
2030    1    71.20    -0.71
2030    2    53.85     0.46
2030    3    88.10     0.36
2030    4    81.13     7.82
2030    5    66.62    12.93
2030    6    29.09    18.55
2030    7     1.45    24.05
2030    8     0.43    23.86
2030    9    21.02    18.19
2030   10    24.50    13.40
2030   11    65.69     7.42
2030   12    59.44     3.45
2031    1    75.14     2.84
2031    2    86.39    -1.09
2031    3    68.88     3.97
2031    4    16.73    10.73
2031    5   106.33    10.35
2031    6    45.53    18.25
2031    7     7.76    24.00
2031    8     2.90    23.99
2031    9    78.16    18.92
2031   10    39.53    10.71
2031   11    79.17     6.84
2031   12   125.78     3.28
2032    1    92.46     1.68
2032    2    82.79     0.68
2032    3    50.05     2.94
2032    4    68.17     8.61
2032    5    11.41    16.89
2032    6    67.34    19.90
2032    7    20.75    24.33
2032    8    23.32    22.73
2032    9    22.31    18.54
2032   10    72.06    11.58
2032   11   125.57     6.46
2032   12   113.98     0.77
2033    1    80.96     0.68
2033    2    72.82     0.85
2033    3   107.21     2.93
2033    4   110.80     6.95
2033    5    37.44    12.73
2033    6    36.51    18.25
2033    7     0.06    24.96
2033    8     2.36    23.04
2033    9     3.36    20.60
2033   10    45.96    10.04
2033   11    40.67     5.99
2033   12   100.07     3.70
2034    1    60.66     0.53
2034    2    56.83     1.19
2034    3    67.87     1.79
2034    4    57.36     4.02
2034    5    37.03    13.01
2034    6    16.04    22.75
2034    7    18.28    25.34
2034    8     4.49    24.59
2034    9    15.71    17.70
2034   10    32.52    14.24
2034   11    52.77     4.88
2034   12    61.21     4.89
2035    1    70.56     1.31
2035    2    88.81     3.10
2035    3    68.62     4.36
2035    4    69.87     8.31
2035    5    46.39    11.72
2035    6    26.38    20.10
2035    7     0.08    26.17
2035    8     0.00    22.27
2035    9    10.08    17.25
2035   10    66.66    10.35
2035   11    85.95     4.26
2035   12    75.79     1.83
2036    1    69.43     0.73
2036    2    73.16     0.88
2036    3    70.53     3.40
2036    4    58.14     8.59
2036    5    37.94    11.81
2036    6    29.56    19.01
2036    7     0.74    26.37
2036    8     1.45    23.54
2036    9    32.08    15.57
2036   10    68.55    12.33
2036   11    78.96     6.62
2036   12    72.96     2.10
2037    1    60.11     1.57
2037    2    66.84    -0.34
2037    3    43.42     3.69
2037    4    48.20     9.07
2037    5    64.01    11.50
2037    6    63.66    17.40
2037    7     6.61    23.82
2037    8     0.16    21.10
2037    9    57.24    15.22
2037   10    34.42    13.45
2037   11    63.17     4.14
2037   12    58.36     4.54
2038    1    63.54     1.11
2038    2    62.96     2.41
2038    3    60.13     3.68
2038    4    46.18     8.97
2038    5    50.05    14.14
2038    6    62.71    19.08
2038    7     6.53    23.72
2038    8     4.71    22.59
2038    9    14.70    16.88
2038   10    61.05    11.01
2038   11    56.67     6.16
2038   12    59.27     3.44
2039    1    78.25     0.97
2039    2    66.53     0.62
2039    3    69.87     3.12
2039    4    66.58     7.99
2039    5    52.94    12.07
2039    6    84.57    16.70
2039    7    20.76    21.13
2039    8     7.97    22.73
2039    9    41.95    13.54
2039   10    66.10    11.24
2039   11    23.47     7.87
2039   12   128.12     2.88
2040    1    91.48     1.31
2040    2    71.12     3.53
2040    3    70.63     3.28
2040    4    42.77     9.70
2040    5    33.56    18.13
2040    6    14.18    23.00
2040    7     0.01    25.16
2040    8     5.72    23.94
2040    9    37.78    16.66
2040   10    66.55    10.92
2040   11    49.25     5.86
2040   12    51.70     0.61
2041    1    54.05    -0.62
2041    2    40.44     1.45
2041    3    40.12     6.32
2041    4    68.57     8.65
2041    5    55.18    12.99
2041    6    12.80    20.95
2041    7    38.50    22.92
2041    8     1.46    25.97
2041    9    23.62    18.39
2041   10    35.95    13.40
2041   11    91.40     7.70
2041   12   114.99     2.17
2042    1    88.02     0.31
2042    2    90.60    -0.93
2042    3    87.72     4.06
2042    4    59.88     9.73
2042    5    45.89    15.34
2042    6    29.49    21.29
2042    7    21.58    23.74
2042    8     2.02    23.67
2042    9    37.59    16.61
2042   10    59.55    13.13
2042   11    64.77     6.61
2042   12    32.57     3.32
2043    1    44.28     1.51
2043    2    76.86     0.99
2043    3    13.66    10.02
2043    4    62.55     9.21
2043    5    51.10    13.82
2043    6    50.60    19.35
2043    7     1.82    25.25
2043    8     3.55    23.12
2043    9     5.54    19.83
2043   10    98.12    11.18
2043   11    74.30     6.06
2043   12    86.77     3.30
2044    1    96.28     2.21
2044    2    84.94     1.16
2044    3    26.22     8.17
2044    4    70.23     7.90
2044    5    99.73    11.51
2044    6    38.41    18.32
2044    7     9.95    24.92
2044    8     7.82    23.96
2044    9    48.70    15.35
2044   10    48.70    12.45
2044   11    76.72     5.71
2044   12   114.62     2.25
2045    1    75.25     1.01
2045    2    37.45     1.99
2045    3    43.23     3.95
2045    4    53.92     7.48
2045    5   100.80    14.12
2045    6    79.71    16.08
2045    7     2.15    23.33
2045    8     0.01    24.21
2045    9    18.46    16.19
2045   10    31.92     9.86
2045   11    42.68     7.23
2045   12   154.01     2.69
2046    1   118.28     2.51
2046    2    88.46     0.45
2046    3    44.16     6.46
2046    4    21.45    11.76
2046    5    78.68    13.35
2046    6    25.92    19.75
2046    7     7.77    27.09
2046    8     4.91    24.43
2046    9    48.57    15.20
2046   10    18.36    13.24
2046   11    82.19     7.38
2046   12   143.99     1.89
2047    1   118.31     1.11
2047    2    75.38     2.55
2047    3    71.16     2.74
2047    4    26.49    10.67
2047    5   122.58    11.57
2047    6    22.94    19.75
2047    7     8.47    24.16
2047    8     7.87    21.51
2047    9    21.51    16.70
2047   10     3.87    13.95
2047   11    84.47     8.28
2047   12   130.24     2.45
2048    1   110.86    -0.49
2048    2   102.32     0.69
2048    3    21.89     5.76
2048    4    43.35    10.54
2048    5    49.57    12.62
2048    6     8.58    20.38
2048    7     2.32    25.72
2048    8     0.38    24.53
2048    9    41.57    18.13
2048   10    56.72    13.08
2048   11    63.21     4.22
2048   12    66.56     2.11
2049    1    86.10     0.59
2049    2    59.26     0.12
2049    3    76.40     2.99
2049    4    35.73     7.42
2049    5    27.85    15.02
2049    6    19.32    19.44
2049    7     0.19    26.15
2049    8     3.02    24.06
2049    9     1.97    18.94
2049   10    89.61    12.90
2049   11    69.70     9.44
2049   12    60.80     5.42
2050    1    81.00     2.14
2050    2    33.90     2.76
2050    3    31.01     3.35
2050    4    20.57    11.72
2050    5    72.89    13.77
2050    6    12.75    20.47
2050    7     0.77    25.36
2050    8     8.53    24.75
2050    9    19.99    17.17
2050   10    56.27    13.77
2050   11    62.96     8.75
2050   12    90.25     3.22
2051    1    71.79     0.42
2051    2    64.07     1.64
2051    3   118.70     3.45
2051    4    65.47     8.31
2051    5    77.33    11.39
2051    6    49.31    17.28
2051    7    34.40    23.95
2051    8     0.41    25.03
2051    9    33.44    18.88
2051   10    45.75    10.16
2051   11    67.03     6.94
2051   12    77.21     4.64
2052    1   106.85    -0.75
2052    2    92.56     1.32
2052    3    30.51     5.04
2052    4    54.66     7.08
2052    5   122.72    12.68
2052    6    45.52    18.18
2052    7     5.28    23.93
2052    8     0.01    23.32
2052    9    52.71    16.02
2052   10    36.98    11.10
2052   11    54.66     6.98
2052   12    54.40     3.78
2053    1    85.28     1.45
2053    2    49.19     0.59
2053    3    74.40     3.33
2053    4    56.42    11.44
2053    5    76.22    17.23
2053    6    79.45    17.16
2053    7     1.24    23.41
2053    8     5.92    25.63
2053    9    24.01    17.04
2053   10    63.53    11.46
2053   11    45.87     6.25
2053   12   148.22     1.15
2054    1    49.17     0.62
2054    2   115.75     1.18
2054    3    71.83     4.42
2054    4    49.46     8.63
2054    5    18.31    16.98
2054    6    12.48    21.92
2054    7    22.60    22.80
2054    8     0.03    21.96
2054    9    21.17    18.28
2054   10    29.15    16.13
2054   11    34.03     7.37
2054   12    86.46     5.44
2055    1    85.92     1.50
2055    2    61.01    -0.01
2055    3    48.61     4.35
2055    4    56.04    10.90
2055    5    55.16    11.27
2055    6    20.85    19.58
2055    7    23.17    25.00
2055    8    47.47    22.74
2055    9     9.51    17.70
2055   10    30.24    14.80
2055   11    33.23     6.29
2055   12    87.08     3.57
2056    1    69.03     1.99
2056    2    70.43     2.52
2056    3    70.72     3.35
2056    4   103.78     6.33
2056    5    68.42    13.16
2056    6    46.69    19.43
2056    7     9.09    25.75
2056    8     0.08    23.75
2056    9    50.45    18.11
2056   10    28.34    11.38
2056   11    92.25     6.59
2056   12    92.91     4.47
2057    1    65.32     1.73
2057    2    37.53     4.35
2057    3    95.66     2.94
2057    4    72.19     9.61
2057    5    81.22    11.22
2057    6    24.33    18.96
2057    7     0.31    27.51
2057    8     2.44    21.24
2057    9    60.49    16.88
2057   10    88.87     9.47
2057   11    27.41     5.92
2057   12    68.73     2.18
2058    1    91.90     0.20
2058    2    69.21     1.23
2058    3    78.06     2.83
2058    4    56.75     9.24
2058    5    78.51    11.22
2058    6    39.82    17.94
2058    7     1.38    25.57
2058    8     6.15    24.69
2058    9    32.24    19.63
2058   10    50.03    10.30
2058   11    55.54     4.88
2058   12    90.66     3.40
2059    1    80.24     1.17
2059    2    77.42     0.23
2059    3    65.78     3.92
2059    4    28.29     6.21
2059    5    78.18    11.77
2059    6    47.26    18.91
2059    7    24.43    25.16
2059    8    15.42    23.73
2059    9    32.62    17.91
2059   10    13.21    13.63
2059   11    36.07     8.86
2059   12    54.46     3.37
2060    1   113.75     0.01
2060    2    48.65     2.42
2060    3    80.17     2.01
2060    4    66.11     7.67
2060    5    94.14    13.52
2060    6    98.35    18.12
2060    7    82.77    20.29
2060    8     4.25    23.78
2060    9    21.22    17.80
2060   10    63.53    11.26
2060   11    77.34     6.84
2060   12    59.05     5.40
2061    1    81.44     2.55
2061    2    66.58     3.34
2061    3   108.36     4.46
2061    4    60.71     8.14
2061    5    47.82    11.68
2061    6    60.37    18.46
2061    7    22.07    22.95
2061    8     0.88    27.04
2061    9    22.65    19.04
2061   10    87.92    13.58
2061   11    68.60     7.56
2061   12   111.07     3.49
2062    1    83.75    -0.45
2062    2    63.53     2.26
2062    3    83.57     5.37
2062    4    43.82     8.53
2062    5    75.89    14.16
2062    6    97.68    17.23
2062    7     0.43    24.33
2062    8     3.37    24.64
2062    9    18.24    16.88
2062   10    49.49     9.90
2062   11    19.97     5.27
2062   12    87.95     4.13
2063    1   100.24     2.45
2063    2    39.66     0.36
2063    3    46.03     3.47
2063    4    40.88    10.70
2063    5    34.77    15.04
2063    6    11.68    22.11
2063    7     0.02    26.30
2063    8     1.28    24.84
2063    9    19.34    17.68
2063   10    14.42    13.39
2063   11    51.16     7.94
2063   12   103.04     3.92
2064    1   125.78     3.24
2064    2    36.24     0.37
2064    3    53.18     4.55
2064    4    28.85    10.31
2064    5    56.91    16.14
2064    6    26.90    20.86
2064    7     3.56    24.37
2064    8     6.76    22.63
2064    9     5.44    19.14
2064   10    82.55    13.81
2064   11    42.73     6.96
2064   12   111.08     3.73
2065    1    82.95     2.58
2065    2    44.53     1.38
2065    3    86.75     3.94
2065    4    54.39     6.76
2065    5    29.40    13.83
2065    6    30.09    19.33
2065    7     2.88    25.39
2065    8     4.68    21.89
2065    9    16.04    19.09
2065   10    29.89    15.24
2065   11    96.34     5.69
2065   12   130.87     2.00
2066    1    72.60     0.01
2066    2   101.40    -0.87
2066    3    98.54     1.65
2066    4    21.21     9.96
2066    5    68.47    13.68
2066    6    11.60    20.75
2066    7     8.21    24.78
2066    8     0.57    24.12
2066    9    33.70    19.02
2066   10    29.31    13.96
2066   11    44.46     6.60
2066   12    60.49     4.98
2067    1    92.34    -1.21
2067    2    75.86     3.68
2067    3    64.81     4.57
2067    4    82.81     9.74
2067    5    63.13    15.06
2067    6    11.74    21.33
2067    7    32.80    21.60
2067    8     1.60    22.86
2067    9    14.38    16.50
2067   10    99.99     9.83
2067   11    73.11     7.66
2067   12    92.44     2.40
2068    1    85.62     0.76
2068    2    50.17     1.90
2068    3    51.35     4.05
2068    4    84.40     7.53
2068    5    80.53    12.97
2068    6    55.26    19.12
2068    7     5.90    22.69
2068    8     0.00    25.12
2068    9    34.78    19.89
2068   10    48.89    11.23
2068   11    61.53     5.77
2068   12    53.42     4.59
2069    1   127.67     0.54
2069    2    40.13     3.03
2069    3    77.49     4.13
2069    4    18.23    10.97
2069    5    77.97    14.91
2069    6    51.39    18.59
2069    7     2.97    26.15
2069    8     6.20    26.24
2069    9    68.15    17.79
2069   10    98.33    12.48
2069   11    56.45     4.90
2069   12    95.51     0.19
2070    1    92.50     1.89
2070    2    42.40     2.55
2070    3    74.57     5.43
2070    4    67.89     8.87
2070    5    65.80    13.86
2070    6    52.53    19.16
2070    7     0.04    24.44
2070    8     0.31    24.22
2070    9     9.04    22.03
2070   10    59.02    10.78
2070   11    49.21     6.51
2070   12    64.46     4.51
2071    1    49.18     3.32
2071    2    63.78     2.84
2071    3    57.80     4.13
2071    4    83.93     7.14
2071    5    58.44    11.81
2071    6    59.51    18.50
2071    7     5.86    26.38
2071    8     0.37    25.32
2071    9    22.14    16.44
2071   10    72.46    11.88
2071   11    49.69     6.12
2071   12   106.94     4.29
2072    1    43.45     2.46
2072    2    40.34     4.60
2072    3    28.20     8.19
2072    4    92.67     4.77
2072    5    55.67    11.15
2072    6    39.26    19.34
2072    7     6.81    24.62
2072    8     2.71    24.87
2072    9    44.51    17.11
2072   10    93.96    10.91
2072   11    51.76     6.47
2072   12    88.46     2.84
2073    1    87.25    -1.21
2073    2    64.76     1.80
2073    3    41.05     5.45
2073    4    97.69     4.87
2073    5    23.11    14.28
2073    6    71.81    17.93
2073    7    30.79    22.01
2073    8    11.01    24.35
2073    9    12.41    18.71
2073   10    71.14    11.06
2073   11    18.95     5.16
2073   12    43.86     3.39
2074    1   101.89     0.24
2074    2    55.50    -0.23
2074    3    64.08     4.25
2074    4    47.91     8.36
2074    5    59.37    13.83
2074    6    32.58    22.07
2074    7     7.70    26.31
2074    8     0.00    25.63
2074    9     0.98    21.59
2074   10    69.09    13.07
2074   11    56.75     5.91
2074   12    58.59     3.31
2075    1   163.40     2.35
2075    2    75.32     3.44
2075    3    66.67     3.29
2075    4    83.55     8.45
2075    5    54.76    12.73
2075    6    17.89    21.84
2075    7    13.50    25.13
2075    8    17.27    25.47
2075    9     5.08    17.90
2075   10    21.13    14.54
2075   11    28.01     9.04
2075   12    64.08     2.97
2076    1    75.31     3.66
2076    2    64.50     3.12
2076    3    87.63     4.04
2076    4    86.40     5.56
2076    5    23.11    14.50
2076    6    47.96    19.89
2076    7     8.40    27.05
2076    8     0.26    24.88
2076    9     0.95    21.74
2076   10    20.74    14.68
2076   11    56.50     6.72
2076   12   119.75     3.51
2077    1    46.92     0.71
2077    2    72.47     1.06
2077    3    38.23     6.74
2077    4    67.04     8.40
2077    5    56.96    11.37
2077    6    31.98    19.64
2077    7     4.72    24.71
2077    8     1.25    25.09
2077    9    20.77    17.88
2077   10   116.27    10.83
2077   11    98.10     6.00
2077   12   142.42     3.25
2078    1    99.75     2.02
2078    2    42.55     1.66
2078    3    63.26     2.47
2078    4    50.85     8.60
2078    5    63.35    15.46
2078    6    72.48    21.89
2078    7     2.80    25.16
2078    8     1.56    23.73
2078    9     6.14    18.84
2078   10    53.67    13.89
2078   11    94.48     7.88
2078   12    61.88     2.72
2079    1    70.13     1.78
2079    2    66.91    -0.30
2079    3   143.60     1.60
2079    4    47.75     6.25
2079    5    29.32    13.68
2079    6     7.91    20.19
2079    7    15.16    26.80
2079    8    12.07    26.28
2079    9    16.48    20.66
2079   10    41.12    13.52
2079   11    98.26     5.76
2079   12    75.54     3.68
2080    1    86.63     0.50
2080    2    72.17     0.88
2080    3   102.70     2.66
2080    4    59.83     8.49
2080    5    84.07    12.30
2080    6    95.82    18.29
2080    7     0.63    26.32
2080    8    24.02    23.84
2080    9    37.49    17.60
2080   10    63.73    12.46
2080   11    38.15     8.10
2080   12    56.24     2.53
2081    1    79.44     1.59
2081    2    40.80     2.59
2081    3    90.34     5.20
2081    4    95.12     7.56
2081    5    82.41    11.05
2081    6    20.79    19.72
2081    7     1.53    27.87
2081    8     1.29    26.49
2081    9    19.63    19.20
2081   10    77.80    12.00
2081   11    78.54     7.11
2081   12    83.77     4.18
2082    1    88.37     0.63
2082    2    78.80     1.54
2082    3    84.10     4.13
2082    4    42.95    10.25
2082    5    41.93    12.12
2082    6    60.51    19.43
2082    7    24.48    23.79
2082    8     3.63    24.32
2082    9    38.27    19.40
2082   10    35.77    13.12
2082   11    86.82     7.60
2082   12    75.82     2.64
2083    1    95.17     0.80
2083    2    59.63     4.34
2083    3    47.87     5.58
2083    4    18.57    12.85
2083    5    45.89    13.12
2083    6    18.14    21.91
2083    7    24.46    23.35
2083    8     2.16    26.24
2083    9    15.13    20.73
2083   10    23.89    13.37
2083   11    65.45     7.62
2083   12    83.07     2.42
2084    1    85.84     2.32
2084    2    52.30     1.91
2084    3   119.33     3.06
2084    4    73.04     8.96
2084    5    25.83    15.89
2084    6    28.41    23.02
2084    7     2.61    25.34
2084    8     0.06    26.21
2084    9    27.62    17.93
2084   10    34.40    14.78
2084   11    52.22     6.56
2084   12    66.41     3.01
2085    1    92.85    -0.78
2085    2    98.08    -0.69
2085    3    69.36     1.85
2085    4    23.16    11.13
2085    5    45.91    16.68
2085    6    30.75    21.30
2085    7     0.09    26.84
2085    8     0.02    26.08
2085    9     1.89    19.55
2085   10   108.00    13.86
2085   11    96.20     8.11
2085   12    78.46     2.26
2086    1    75.63    -0.30
2086    2    74.22     1.63
2086    3    76.79     3.15
2086    4    73.57     9.15
2086    5    42.80    14.18
2086    6    27.76    21.26
2086    7    21.02    24.92
2086    8     7.22    22.58
2086    9    36.13    20.35
2086   10    39.70    12.85
2086   11   131.19     6.68
2086   12    51.13     2.31
2087    1    42.88     1.36
2087    2    71.24     3.06
2087    3    42.91     7.04
2087    4    56.26    10.87
2087    5    45.89    13.04
2087    6     1.33    21.50
2087    7     0.64    25.90
2087    8    11.37    25.09
2087    9    50.48    20.99
2087   10    64.37    12.07
2087   11    36.22     5.77
2087   12    94.95     4.39
2088    1    66.09     1.55
2088    2    69.50     1.67
2088    3    80.57     4.99
2088    4    96.86     6.56
2088    5    67.31    13.65
2088    6    40.11    18.56
2088    7    11.01    23.15
2088    8     3.31    24.68
2088    9    33.53    19.84
2088   10    49.38    13.98
2088   11    49.53     7.42
2088   12    56.20     3.06
2089    1    81.97     4.06
2089    2    39.14     4.19
2089    3    53.57     5.14
2089    4    46.14    10.36
2089    5    61.04    15.95
2089    6    30.72    21.51
2089    7     1.65    29.41
2089    8     4.39    25.67
2089    9     3.76    19.04
2089   10    28.65    13.24
2089   11    69.93     8.86
2089   12    72.36     5.94
2090    1    96.73     3.86
2090    2    58.74     4.20
2090    3    50.70     5.98
2090    4   110.18     7.49
2090    5    53.92    14.48
2090    6    28.79    21.73
2090    7     1.75    26.45
2090    8     1.23    24.88
2090    9     7.41    18.63
2090   10    19.22    13.82
2090   11   117.70     7.28
2090   12    65.07     3.68
2091    1    88.17     1.49
2091    2    53.12     4.34
2091    3    67.21     3.47
2091    4    26.13    11.71
2091    5     5.76    16.27
2091    6     0.03    23.28
2091    7     9.87    24.69
2091    8     0.00    24.35
2091    9    60.36    17.35
2091   10    65.72    11.00
2091   11   118.43     5.05
2091   12    77.46     3.44
2092    1   117.13     2.63
2092    2    81.29     2.39
2092    3    62.11     6.80
2092    4    55.47    10.49
2092    5    77.13    14.94
2092    6    51.08    20.07
2092    7     5.47    25.49
2092    8     1.49    24.85
2092    9    65.31    17.89
2092   10    70.34    11.47
2092   11    60.85     6.76
2092   12   124.42     3.36
2093    1    52.77     1.15
2093    2    55.89     0.36
2093    3    45.16     1.90
2093    4    21.80    10.80
2093    5    24.06    15.81
2093    6    46.82    20.79
2093    7     3.34    26.84
2093    8     1.89    27.28
2093    9    10.46    21.99
2093   10    75.62    15.19
2093   11    42.65     8.17
2093   12   144.80     3.59
2094    1    97.36    -0.13
2094    2    86.32     1.43
2094    3    44.46     5.71
2094    4    68.23    10.63
2094    5    76.39    13.71
2094    6     5.00    22.98
2094    7     0.05    29.01
2094    8     0.00    24.71
2094    9     3.89    21.79
2094   10     9.75    17.96
2094   11    74.51     8.39
2094   12   119.65     4.50
2095    1    96.94     4.89
2095    2    73.15     1.72
2095    3    80.82     3.81
2095    4    41.60     8.47
2095    5    59.25    16.16
2095    6    17.31    23.99
2095    7     1.36    26.39
2095    8     1.76    26.39
2095    9    14.74    20.80
2095   10    58.75    14.53
2095   11    39.76     8.28
2095   12    41.21     5.20
2096    1   103.44     3.08
2096    2    90.26    -0.58
2096    3    52.07     2.68
2096    4    89.52     9.84
2096    5    12.32    16.42
2096    6    15.26    21.03
2096    7    14.45    25.46
2096    8     1.61    27.39
2096    9     7.75    20.06
2096   10    62.41    13.63
2096   11    38.95     8.93
2096   12   110.04     5.71
2097    1    98.91     2.77
2097    2    69.29     0.87
2097    3    89.32     3.30
2097    4    91.52     7.75
2097    5    82.52    13.32
2097    6    22.49    19.62
2097    7    13.22    25.15
2097    8     1.50    22.54
2097    9    32.61    17.95
2097   10    40.45    14.51
2097   11    22.35     8.49
2097   12    55.33     1.34
2098    1    75.59     2.85
2098    2    28.40     0.95
2098    3    44.31     3.78
2098    4    26.66    11.24
2098    5    19.20    14.30
2098    6    18.50    22.33
2098    7     4.98    28.06
2098    8     0.51    28.47
2098    9     3.05    20.44
2098   10    44.42    15.98
2098   11    58.53     9.23
2098   12    61.22     5.39
2099    1   122.65     2.30
2099    2    77.17     2.46
2099    3    81.66     6.51
2099    4    38.00    10.31
2099    5    26.47    17.22
2099    6    45.61    20.46
2099    7     2.69    26.83
2099    8     5.82    24.93
2099    9    14.21    22.11
2099   10    26.63    15.93
2099   11    63.10     6.31
2099   12    87.85     3.07
2100    1    52.88     2.94
2100    2    67.21     2.49
2100    3    28.83     4.75
2100    4    52.31    11.19
2100    5    78.68    12.55
2100    6    58.84    19.70
2100    7     0.97    27.53
2100    8     0.34    23.22
2100    9    58.86    20.28
2100   10    27.36    12.36
2100   11    77.17     5.33
2100   12    77.25     2.93
