2006    1    57.61     9.19
2006    2   206.60     6.42
2006    3    91.30     9.32
2006    4    20.40    14.30
2006    5    70.76    15.61
2006    6    43.22    20.05
2006    7    41.11    24.81
2006    8    20.72    25.41
2006    9    26.57    18.65
2006   10    25.02    15.47
2006   11   116.87     9.39
2006   12   340.16     7.05
2007    1   186.35     4.59
2007    2   123.94     8.79
2007    3   251.07     8.48
2007    4    65.14    11.02
2007    5    23.02    15.68
2007    6    28.51    20.16
2007    7     7.36    24.05
2007    8    10.95    25.29
2007    9    12.25    23.17
2007   10   239.28    16.26
2007   11   185.45    12.67
2007   12   372.73     8.26
2008    1   177.12     5.84
2008    2    89.83     9.14
2008    3   116.71     8.19
2008    4    13.11    14.47
2008    5    30.06    16.07
2008    6     6.69    21.13
2008    7     2.53    25.18
2008    8     5.09    24.93
2008    9    19.69    19.78
2008   10    35.91    16.03
2008   11    79.04    11.64
2008   12   131.31     9.12
2009    1   109.30     6.67
2009    2   114.50     7.92
2009    3   134.39     8.18
2009    4    71.95    10.84
2009    5    43.11    15.01
2009    6    45.20    18.66
2009    7    16.47    23.22
2009    8    26.60    23.83
2009    9    76.63    18.69
2009   10   111.44    12.51
2009   11   164.26    10.79
2009   12   412.99     9.02
2010    1   182.52     7.53
2010    2   162.41     5.86
2010    3   149.12     7.34
2010    4    96.18    11.52
2010    5    48.11    15.49
2010    6    34.71    19.21
2010    7     5.27    25.71
2010    8    19.29    25.85
2010    9     3.95    20.33
2010   10   191.66    12.12
2010   11   235.89    11.91
2010   12   129.97     9.29
2011    1   210.44     8.83
2011    2    55.75     9.25
2011    3   158.57     7.45
2011    4    54.46     8.58
2011    5    49.79    14.52
2011    6    28.10    19.06
2011    7    19.64    22.56
2011    8    19.50    25.51
2011    9    76.40    19.36
2011   10   137.07    14.82
2011   11   182.61     7.28
2011   12   209.48     6.11
2012    1   345.08     4.42
2012    2    95.35     6.36
2012    3    38.18     7.50
2012    4    82.28    11.13
2012    5    34.01    16.21
2012    6    17.44    23.88
2012    7     8.32    24.63
2012    8     0.11    26.57
2012    9    23.87    20.44
2012   10    75.00    18.60
2012   11    85.26    12.35
2012   12   172.91     9.35
2013    1   166.55     8.16
2013    2    90.29     7.09
2013    3   116.57     8.30
2013    4   102.98    11.11
2013    5    34.58    14.13
2013    6     4.56    19.98
2013    7    39.21    23.00
2013    8    14.36    24.02
2013    9    56.94    21.05
2013   10   164.58    17.46
2013   11   146.06    13.46
2013   12   204.79     8.38
2014    1   128.78     7.43
2014    2    95.95     7.38
2014    3    52.04     9.77
2014    4    24.15    14.30
2014    5    35.13    17.46
2014    6    25.96    21.29
2014    7    27.55    23.95
2014    8    32.10    24.87
2014    9     8.72    21.08
2014   10    89.49    16.49
2014   11   156.81    10.24
2014   12   166.80     8.42
2015    1   262.43     5.84
2015    2   154.74     7.34
2015    3   232.38     6.79
2015    4    53.12    10.52
2015    5    86.52    15.02
2015    6    32.75    20.29
2015    7     8.01    23.41
2015    8     3.68    26.51
2015    9    12.30    19.97
2015   10    14.73    16.96
2015   11    28.78    14.11
2015   12   280.94     8.10
2016    1   272.88     4.38
2016    2   192.43     5.00
2016    3    36.34    10.02
2016    4   106.98    10.20
2016    5    23.05    16.65
2016    6    64.20    19.63
2016    7     9.42    25.75
2016    8    17.34    23.83
2016    9    99.42    18.99
2016   10    84.66    15.47
2016   11   120.53    11.88
2016   12   197.54     9.95
2017    1    96.05     8.00
2017    2   165.61     7.40
2017    3   142.72     8.43
2017    4    59.51    10.74
2017    5    37.86    18.99
2017    6    39.97    19.89
2017    7    25.92    26.45
2017    8    21.41    25.64
2017    9    21.10    20.77
2017   10    63.77    15.08
2017   11    72.73    12.61
2017   12    51.65    10.57
2018    1   210.01     7.92
2018    2   156.60     7.24
2018    3   158.06     6.14
2018    4    78.87    10.53
2018    5    62.76    16.77
2018    6    47.72    19.29
2018    7     6.41    24.82
2018    8     2.30    25.75
2018    9    28.76    20.42
2018   10    86.40    18.26
2018   11    76.86    12.67
2018   12   169.76     7.83
2019    1   206.77     8.40
2019    2   150.83     6.35
2019    3    46.39     7.19
2019    4    37.23    13.16
2019    5    66.57    16.74
2019    6    22.71    23.16
2019    7     1.96    28.00
2019    8     7.43    26.33
2019    9     3.66    23.49
2019   10    58.20    17.50
2019   11    73.23    11.47
2019   12   277.11     7.66
2020    1   273.09     5.11
2020    2    94.08     5.76
2020    3   166.55     6.81
2020    4    60.12    11.94
2020    5    60.56    15.71
2020    6    37.46    21.03
2020    7     2.29    24.12
2020    8    17.59    24.21
2020    9    49.35    21.03
2020   10    66.59    17.87
2020   11   192.83    12.82
2020   12   280.48     8.01
2021    1   285.91     8.57
2021    2   117.13     8.34
2021    3   154.03     8.33
2021    4   144.63    10.30
2021    5    18.90    15.06
2021    6    27.69    19.73
2021    7    14.16    23.63
2021    8    34.06    25.53
2021    9    54.61    21.02
2021   10    60.23    15.80
2021   11   110.56    10.20
2021   12    92.75     8.86
2022    1   129.33     9.54
2022    2   137.37     6.74
2022    3   105.08     9.33
2022    4    83.72    14.07
2022    5    82.17    17.12
2022    6    14.58    22.90
2022    7    39.76    24.29
2022    8    11.72    25.48
2022    9    81.31    19.06
2022   10    58.86    16.68
2022   11   168.97    11.56
2022   12   173.24    10.61
2023    1   276.59     5.96
2023    2    98.73     8.88
2023    3    55.21    10.20
2023    4    88.12     9.73
2023    5    64.96    16.38
2023    6    80.36    21.07
2023    7     8.07    25.87
2023    8    11.17    25.09
2023    9    68.04    22.85
2023   10   137.38    17.51
2023   11   125.27    12.23
2023   12   275.52     7.94
2024    1   243.12     5.58
2024    2   152.18     6.55
2024    3   130.84     9.49
2024    4   106.02    11.65
2024    5    30.78    17.42
2024    6    54.09    20.62
2024    7     6.60    25.14
2024    8     4.30    25.26
2024    9    55.71    20.76
2024   10    55.36    17.52
2024   11   110.83    14.35
2024   12    88.62     7.72
2025    1   111.71     6.19
2025    2   105.11     9.14
2025    3   120.49     8.78
2025    4    22.94    13.74
2025    5    60.11    17.91
2025    6    44.18    19.77
2025    7     4.29    26.91
2025    8    31.48    26.24
2025    9    23.67    20.66
2025   10    73.31    15.93
2025   11   170.66    11.60
2025   12    75.40    10.77
2026    1    82.73     9.37
2026    2   179.71     9.18
2026    3   120.65     9.23
2026    4    64.99    11.56
2026    5    44.18    16.26
2026    6    15.48    20.33
2026    7     2.65    26.32
2026    8    21.91    25.55
2026    9    56.22    21.10
2026   10   236.59    13.60
2026   11   132.31    11.98
2026   12   133.81     9.30
2027    1   184.57     6.49
2027    2   142.43     8.04
2027    3   188.99     7.88
2027    4    82.15    13.40
2027    5    57.87    14.85
2027    6    61.82    19.31
2027    7     6.95    24.86
2027    8     7.53    25.58
2027    9     6.42    19.77
2027   10    58.64    15.57
2027   11   223.40    11.96
2027   12   135.15     8.26
2028    1   137.07     7.10
2028    2   154.31     7.60
2028    3   146.23     8.57
2028    4    71.07    11.85
2028    5    28.85    15.08
2028    6    38.47    19.55
2028    7    19.03    25.30
2028    8    15.49    25.85
2028    9    44.20    20.16
2028   10    18.52    16.50
2028   11   294.66    10.54
2028   12   242.28     6.73
2029    1   209.41     6.22
2029    2    70.19     7.19
2029    3    71.08    10.40
2029    4    94.99    12.39
2029    5    33.10    15.61
2029    6    44.13    20.22
2029    7     9.65    25.16
2029    8    12.66    23.61
2029    9    30.64    21.11
2029   10   100.42    15.65
2029   11   276.72    10.20
2029   12    99.53     9.37
2030    1    50.14     7.53
2030    2    76.78     7.94
2030    3    79.42     6.92
2030    4    64.53    12.72
2030    5    49.69    15.59
2030    6     8.90    21.59
2030    7    10.46    24.19
2030    8     3.85    25.48
2030    9    64.22    21.24
2030   10   149.38    14.96
2030   11   117.68    11.91
2030   12   119.01     8.27
2031    1   326.19     7.12
2031    2    89.94     9.80
2031    3   110.44     9.77
2031    4   171.72     9.97
2031    5    75.26    13.88
2031    6     9.82    19.53
2031    7     1.50    25.08
2031    8    34.86    23.56
2031    9    26.23    20.03
2031   10    85.99    15.49
2031   11   129.15    12.97
2031   12   125.26     7.97
2032    1   238.53     8.46
2032    2   112.33     6.90
2032    3   109.33     9.81
2032    4    71.05    13.59
2032    5    28.31    17.66
2032    6    14.89    23.66
2032    7     0.61    26.88
2032    8     4.68    27.06
2032    9    72.29    20.70
2032   10    57.38    17.01
2032   11   129.33    11.64
2032   12    40.67     8.33
2033    1    69.38     8.16
2033    2    92.39     5.06
2033    3    20.77    11.32
2033    4    73.38    12.76
2033    5    76.07    16.89
2033    6    19.25    20.59
2033    7     0.79    27.52
2033    8    18.95    27.21
2033    9    31.39    19.91
2033   10    57.44    19.35
2033   11   138.29    10.63
2033   12   311.53     8.44
2034    1   110.29     9.93
2034    2   273.57     3.78
2034    3   148.10     8.29
2034    4    77.91     9.92
2034    5    42.66    16.32
2034    6    23.48    23.76
2034    7     5.79    25.04
2034    8    25.65    26.49
2034    9    12.76    21.72
2034   10    27.52    15.22
2034   11    86.20    12.12
2034   12   200.14     4.85
2035    1   301.83     4.13
2035    2   171.83     5.96
2035    3    85.89     9.08
2035    4    37.24    12.36
2035    5    58.37    17.58
2035    6   128.06    20.80
2035    7     9.90    25.51
2035    8    17.58    25.48
2035    9    15.65    26.06
2035   10   144.25    14.34
2035   11   182.11    11.69
2035   12   214.06     9.04
2036    1   138.16     3.69
2036    2    33.38     7.16
2036    3    58.88    10.11
2036    4    54.60    12.49
2036    5    85.72    17.16
2036    6    72.12    21.91
2036    7    56.46    23.49
2036    8     0.88    24.50
2036    9    18.32    20.80
2036   10   183.35    13.90
2036   11   122.31    11.00
2036   12   146.47     9.43
2037    1   147.36     8.75
2037    2    50.03     9.44
2037    3    70.72    10.26
2037    4   109.92     9.20
2037    5    21.05    18.21
2037    6    58.05    21.36
2037    7     0.94    26.21
2037    8    18.56    26.65
2037    9    86.73    21.06
2037   10   110.97    16.41
2037   11   108.27    13.43
2037   12   238.89     8.71
2038    1   225.74     8.03
2038    2   183.60     7.38
2038    3   100.23     6.59
2038    4    58.02    13.32
2038    5    44.02    15.61
2038    6    38.95    20.23
2038    7     9.29    25.13
2038    8    36.26    26.10
2038    9    14.49    21.79
2038   10   140.75    15.06
2038   11   129.56    10.32
2038   12   180.34    10.74
2039    1   206.67     7.45
2039    2    67.40     8.03
2039    3    66.66     9.53
2039    4    22.64    11.63
2039    5    33.41    17.60
2039    6    33.97    22.13
2039    7    21.44    26.29
2039    8     7.83    25.32
2039    9    70.42    23.29
2039   10   247.72    16.91
2039   11   176.29    14.29
2039   12   223.19     9.56
2040    1   185.07     9.13
2040    2    85.47    10.19
2040    3   245.53     7.07
2040    4    27.93    14.58
2040    5    66.58    17.17
2040    6    16.10    20.69
2040    7    18.21    24.25
2040    8    41.45    25.84
2040    9    43.93    19.63
2040   10    35.34    15.67
2040   11   114.82    12.48
2040   12   281.99     8.14
2041    1   299.23     6.58
2041    2    49.12     7.38
2041    3    90.76     9.22
2041    4    60.40    12.53
2041    5    41.59    15.86
2041    6    18.89    21.50
2041    7     8.16    26.08
2041    8    11.23    25.35
2041    9     3.63    21.36
2041   10   149.45    15.94
2041   11   159.07    10.59
2041   12   231.18     7.60
2042    1   195.27     7.29
2042    2   194.44     4.98
2042    3    50.44     8.44
2042    4    90.45    12.70
2042    5    42.05    15.43
2042    6     8.73    21.15
2042    7    23.85    24.10
2042    8    29.36    26.08
2042    9    16.34    21.39
2042   10   101.16    17.35
2042   11   224.72    11.59
2042   12   388.34     7.67
2043    1    46.46     8.60
2043    2   189.78     8.74
2043    3   126.30     8.49
2043    4    51.34    13.08
2043    5   149.42    13.78
2043    6    32.82    20.07
2043    7    13.97    24.29
2043    8     7.51    23.65
2043    9   137.79    19.83
2043   10    63.35    18.14
2043   11    48.16    13.27
2043   12   141.97     8.53
2044    1   268.46     9.22
2044    2   195.90     2.36
2044    3    74.13     9.62
2044    4    64.02    13.57
2044    5    33.89    16.27
2044    6    11.74    22.19
2044    7    16.80    24.02
2044    8    42.30    25.81
2044    9    24.86    21.03
2044   10   106.23    17.02
2044   11   217.19    11.35
2044   12    95.76    10.16
2045    1   158.63     7.86
2045    2    63.08     9.61
2045    3   103.18     9.21
2045    4    17.48    12.62
2045    5    39.93    16.41
2045    6    41.54    21.24
2045    7     3.76    27.10
2045    8    30.36    25.72
2045    9    31.58    23.29
2045   10    85.44    20.03
2045   11    93.29    12.82
2045   12   145.88    10.51
2046    1   334.04     8.39
2046    2   221.20     8.08
2046    3   123.99     8.23
2046    4    67.45    11.33
2046    5    48.93    16.55
2046    6    83.07    20.08
2046    7     7.23    24.83
2046    8     6.16    25.32
2046    9    49.56    21.57
2046   10    47.50    18.90
2046   11    70.33    15.34
2046   12   184.40    11.62
2047    1   155.33     8.56
2047    2   289.08     5.30
2047    3   108.72     7.45
2047    4   115.68    10.81
2047    5    65.29    13.24
2047    6    11.22    21.13
2047    7     8.09    24.29
2047    8    53.03    25.12
2047    9    80.36    18.66
2047   10   161.26    12.62
2047   11    19.09    11.47
2047   12   240.35     8.05
2048    1   259.18     6.18
2048    2    74.26     5.97
2048    3    98.85     8.14
2048    4    34.41    13.55
2048    5    51.39    17.25
2048    6    11.28    21.46
2048    7     0.18    27.23
2048    8    32.59    26.47
2048    9   100.92    20.65
2048   10   112.49    16.17
2048   11   206.68     8.25
2048   12    89.63     8.99
2049    1   201.33     7.59
2049    2   307.14     4.94
2049    3    86.13     7.07
2049    4    76.67     9.59
2049    5    24.52    15.88
2049    6    29.01    20.80
2049    7    11.88    25.08
2049    8     8.67    26.33
2049    9    24.95    20.41
2049   10   181.34    14.16
2049   11   150.31    10.26
2049   12   241.45     8.16
2050    1   106.75     8.44
2050    2    75.97     7.66
2050    3    72.34    10.31
2050    4   126.28    11.10
2050    5    30.16    18.24
2050    6    30.12    23.11
2050    7    38.06    25.29
2050    8    34.48    26.22
2050    9    55.08    21.45
2050   10   312.77    13.08
2050   11   197.84    12.20
2050   12   289.01    10.16
2051    1   204.98     7.14
2051    2   127.41     5.09
2051    3   126.26     8.74
2051    4    61.56    10.02
2051    5    13.61    16.81
2051    6    14.82    22.40
2051    7    19.56    25.65
2051    8    12.42    25.52
2051    9    99.55    21.17
2051   10    70.14    18.92
2051   11    69.35    14.02
2051   12    38.90     9.74
2052    1   215.73     8.36
2052    2   134.00     5.48
2052    3   162.64     8.33
2052    4   119.25    11.41
2052    5    43.09    14.97
2052    6    25.75    22.44
2052    7    15.72    26.23
2052    8     3.69    25.21
2052    9    24.04    21.25
2052   10   127.42    17.70
2052   11   201.74    11.09
2052   12   216.00     8.21
2053    1   452.66     4.20
2053    2   143.10     5.35
2053    3   136.99     6.04
2053    4    87.20    11.76
2053    5    32.34    16.71
2053    6    38.86    19.08
2053    7    23.61    23.89
2053    8    26.11    24.71
2053    9    38.10    21.49
2053   10    65.19    18.17
2053   11   181.18    10.26
2053   12   122.62     5.95
2054    1   126.42     7.00
2054    2    62.81     7.67
2054    3    89.39     9.62
2054    4    45.26    13.87
2054    5    44.40    18.18
2054    6    22.19    22.18
2054    7    47.78    24.11
2054    8    12.43    25.68
2054    9    21.03    20.51
2054   10    51.78    16.31
2054   11   239.42    12.15
2054   12   208.36     6.84
2055    1   341.31     4.86
2055    2   144.17     5.82
2055    3    63.77    10.47
2055    4    34.50    13.88
2055    5    73.45    16.62
2055    6    26.17    21.60
2055    7     6.16    24.08
2055    8     4.42    26.16
2055    9    38.81    18.36
2055   10   147.26    12.22
2055   11    98.40    12.33
2055   12   217.32     8.00
2056    1   342.49     6.77
2056    2   215.14     7.69
2056    3   114.57     8.72
2056    4    82.60    11.02
2056    5    80.08    15.14
2056    6    20.26    21.40
2056    7    22.97    24.89
2056    8    15.18    26.37
2056    9    57.86    20.05
2056   10    60.87    18.08
2056   11   350.07    12.13
2056   12   205.69     9.75
2057    1   301.54     6.25
2057    2   252.03     5.31
2057    3    74.31     8.92
2057    4   142.03    11.20
2057    5    95.22    15.43
2057    6    53.38    19.05
2057    7     2.89    25.96
2057    8    13.85    25.43
2057    9    17.94    19.79
2057   10    72.94    16.08
2057   11   136.14    13.46
2057   12   367.01     6.46
2058    1   183.55     8.53
2058    2   197.93     8.63
2058    3    92.27     9.38
2058    4    42.97    11.61
2058    5    28.30    17.38
2058    6    12.16    20.45
2058    7     5.54    25.83
2058    8     1.59    26.16
2058    9    38.66    22.60
2058   10    36.01    16.23
2058   11   131.33    11.63
2058   12   141.16     9.63
2059    1   348.78     6.05
2059    2    89.13    10.08
2059    3   105.57     7.75
2059    4    62.47     8.03
2059    5   101.33    14.73
2059    6    19.15    20.57
2059    7    10.06    24.04
2059    8     5.49    25.38
2059    9    26.26    23.35
2059   10   100.25    19.68
2059   11    81.51    14.20
2059   12   183.04    10.20
2060    1    89.23     9.19
2060    2   148.13     8.46
2060    3    84.39     7.76
2060    4    41.89    12.23
2060    5    72.82    15.68
2060    6    27.46    20.65
2060    7    23.40    24.35
2060    8     4.15    27.25
2060    9    77.08    18.22
2060   10   118.90    14.77
2060   11    83.16    12.52
2060   12   437.32     9.56
2061    1   129.05     8.76
2061    2   221.78     6.95
2061    3    36.24    10.84
2061    4    72.56    11.26
2061    5    59.51    16.47
2061    6    39.79    20.49
2061    7    16.84    24.15
2061    8     6.62    27.35
2061    9    25.06    21.91
2061   10   106.05    17.53
2061   11   167.77    14.82
2061   12   295.19     8.90
2062    1   335.77     7.02
2062    2   144.04     4.64
2062    3   134.51     7.22
2062    4   142.92     8.83
2062    5   109.76    15.32
2062    6    22.87    19.26
2062    7    13.58    24.97
2062    8    40.78    25.04
2062    9    45.35    21.99
2062   10    40.37    19.28
2062   11   159.68    11.59
2062   12   209.25     7.93
2063    1   240.44     6.79
2063    2   128.60     8.24
2063    3   117.06     6.03
2063    4    86.96    10.49
2063    5    29.64    15.54
2063    6    22.35    22.31
2063    7    16.71    25.52
2063    8    18.57    25.78
2063    9    35.71    22.56
2063   10    40.84    16.67
2063   11   124.27    11.82
2063   12   287.03    10.68
2064    1    94.05     7.89
2064    2   131.37     7.49
2064    3   127.79     6.63
2064    4    98.87     9.81
2064    5     6.92    18.23
2064    6    38.67    21.03
2064    7    59.65    22.57
2064    8     8.22    25.14
2064    9    31.72    19.79
2064   10    46.22    18.44
2064   11   105.05     9.20
2064   12   307.11     8.48
2065    1   181.22     4.63
2065    2   243.14     4.97
2065    3    90.65     8.46
2065    4    38.78    10.63
2065    5    38.10    15.62
2065    6     9.82    21.68
2065    7    10.03    25.87
2065    8    35.76    26.32
2065    9    78.75    20.31
2065   10   132.48    15.67
2065   11   280.97     9.37
2065   12   309.93     6.48
2066    1   208.12     5.86
2066    2   137.67     7.75
2066    3    78.88    10.11
2066    4    32.80    12.69
2066    5    55.27    15.66
2066    6    44.83    20.37
2066    7    12.06    24.85
2066    8    13.43    24.99
2066    9   104.89    20.75
2066   10   128.34    15.11
2066   11   101.70    10.98
2066   12   211.08     7.93
2067    1   140.11     8.50
2067    2   125.59     8.07
2067    3   113.20     7.11
2067    4   131.44     9.76
2067    5    30.38    17.57
2067    6    20.36    19.25
2067    7     0.92    25.35
2067    8     4.15    26.41
2067    9    17.97    21.67
2067   10    23.21    17.60
2067   11   127.64     8.94
2067   12   187.08     9.15
2068    1   269.34     8.95
2068    2   102.66     9.64
2068    3   125.88    10.16
2068    4    72.42    11.42
2068    5    74.31    16.74
2068    6    32.29    22.84
2068    7    38.90    23.47
2068    8     9.68    24.98
2068    9    38.13    19.76
2068   10    96.25    19.52
2068   11   160.46    13.12
2068   12    50.27     8.73
2069    1    45.07     8.81
2069    2   135.98     8.62
2069    3   134.88     8.15
2069    4    52.87    12.98
2069    5    31.19    15.91
2069    6    26.43    21.84
2069    7    13.88    25.90
2069    8    47.87    24.87
2069    9    29.96    21.60
2069   10   101.59    16.42
2069   11   106.85    10.19
2069   12   254.92     8.87
2070    1   191.75     7.31
2070    2   244.01     6.47
2070    3    69.70    10.34
2070    4    44.05    11.37
2070    5    60.09    17.15
2070    6    71.01    22.02
2070    7     4.33    25.99
2070    8    17.11    25.78
2070    9    19.95    22.60
2070   10    96.43    18.24
2070   11   185.88    10.73
2070   12   149.52     8.87
2071    1   172.78     7.75
2071    2   152.61     8.09
2071    3    38.73    11.23
2071    4    43.42    14.68
2071    5    35.77    17.59
2071    6    30.39    22.27
2071    7    16.85    26.69
2071    8    31.77    26.12
2071    9    18.90    25.37
2071   10   118.23    17.52
2071   11   128.55    14.25
2071   12   341.34     8.86
2072    1   325.25     5.22
2072    2   132.10     4.94
2072    3   150.52     7.74
2072    4    73.05    11.78
2072    5    97.42    16.32
2072    6    51.85    21.19
2072    7    25.23    23.65
2072    8    17.90    25.43
2072    9     6.41    20.57
2072   10   165.76    15.37
2072   11   212.84    12.24
2072   12   132.75     8.62
2073    1   195.17     5.98
2073    2   239.75     7.05
2073    3    63.20     7.45
2073    4    20.53    13.13
2073    5    30.71    15.53
2073    6    24.21    20.86
2073    7     4.65    26.26
2073    8    13.76    26.00
2073    9    58.05    22.08
2073   10    94.67    17.47
2073   11   244.04    11.95
2073   12   375.03     6.46
2074    1   315.40     7.73
2074    2   157.82     6.01
2074    3   108.33     7.78
2074    4    46.04    13.14
2074    5    64.34    17.62
2074    6    49.58    20.40
2074    7    22.72    24.33
2074    8    16.61    22.27
2074    9    33.74    21.33
2074   10    75.89    16.55
2074   11   139.55    13.26
2074   12   123.47     7.30
2075    1   195.13     6.40
2075    2   129.96     9.34
2075    3   111.84    10.30
2075    4    46.86    11.62
2075    5   112.39    14.35
2075    6    24.03    20.90
2075    7    14.92    24.74
2075    8    12.20    23.95
2075    9    47.50    20.29
2075   10    75.71    14.44
2075   11   166.17    12.30
2075   12   123.94     9.07
2076    1    90.71     6.16
2076    2    29.77     6.90
2076    3   148.95     8.51
2076    4    87.83    12.11
2076    5    12.31    16.73
2076    6     5.40    22.73
2076    7     4.10    27.78
2076    8     1.17    27.13
2076    9    20.49    22.57
2076   10   150.97    16.54
2076   11   187.53    11.12
2076   12    89.63    11.59
2077    1   290.83     7.86
2077    2   201.17     8.10
2077    3   143.16     7.99
2077    4    65.96    12.73
2077    5    45.82    16.26
2077    6    94.38    20.53
2077    7    19.22    25.31
2077    8    38.02    22.70
2077    9    29.50    19.35
2077   10    64.06    18.28
2077   11   124.52    14.53
2077   12   316.89     9.66
2078    1   108.21     5.82
2078    2   136.15     3.87
2078    3    67.18    10.17
2078    4    76.57    12.48
2078    5    39.21    18.26
2078    6    31.00    21.55
2078    7     6.32    27.59
2078    8     9.38    27.20
2078    9    22.35    20.24
2078   10   164.22    14.50
2078   11   234.52     9.18
2078   12   418.42     7.81
2079    1   129.68     8.46
2079    2   215.38     6.35
2079    3   119.72    10.17
2079    4    40.62    11.26
2079    5    61.05    16.68
2079    6    36.28    19.51
2079    7     5.29    25.69
2079    8     7.84    24.33
2079    9    46.44    20.30
2079   10   104.11    15.65
2079   11   176.15    12.72
2079   12   233.97     8.18
2080    1   315.94     5.82
2080    2   140.23     6.78
2080    3    60.24     7.84
2080    4    10.23    12.73
2080    5    56.75    17.61
2080    6    51.12    21.81
2080    7    12.54    27.26
2080    8     8.94    27.72
2080    9    30.05    21.16
2080   10    40.43    14.92
2080   11   173.58    10.79
2080   12   311.19     8.59
2081    1    42.10     6.54
2081    2    91.11     8.53
2081    3    42.67    11.01
2081    4   141.59     9.84
2081    5    45.00    16.19
2081    6    63.98    21.04
2081    7     5.50    25.29
2081    8     1.91    26.28
2081    9    94.92    20.61
2081   10    51.87    18.04
2081   11   198.93    12.83
2081   12   202.52    10.17
2082    1   284.92     7.25
2082    2   308.84     5.06
2082    3   111.66     7.74
2082    4    56.66    13.62
2082    5   104.48    16.24
2082    6    13.97    21.07
2082    7    31.18    23.94
2082    8     1.84    25.11
2082    9     5.69    20.34
2082   10   190.41    16.99
2082   11   290.74     8.29
2082   12   160.81     9.14
2083    1   133.76     8.18
2083    2    96.19     5.90
2083    3    49.41     7.80
2083    4    54.07    12.06
2083    5   118.21    15.66
2083    6    88.30    20.91
2083    7    19.72    25.91
2083    8     6.17    27.18
2083    9    90.91    21.02
2083   10   142.36    13.74
2083   11    77.55    14.36
2083   12   213.25     9.82
2084    1   136.34     9.36
2084    2    81.49     9.02
2084    3   106.65    10.21
2084    4   209.38     9.28
2084    5    53.86    16.24
2084    6    27.38    21.13
2084    7     3.31    24.89
2084    8     1.46    25.66
2084    9    38.22    19.27
2084   10    66.05    14.08
2084   11   149.23    12.73
2084   12   213.71     9.18
2085    1   129.45     8.25
2085    2    79.25     9.72
2085    3    48.99     9.20
2085    4    45.55    11.92
2085    5    10.75    17.88
2085    6    37.74    22.48
2085    7    37.90    25.16
2085    8    18.43    25.42
2085    9    54.90    22.01
2085   10    99.68    16.74
2085   11   223.96    11.44
2085   12    77.30     9.48
2086    1   211.08     8.36
2086    2   118.43    10.03
2086    3    53.41     9.12
2086    4    94.60    11.94
2086    5    54.07    17.22
2086    6    51.63    21.53
2086    7    43.72    23.66
2086    8    36.54    25.01
2086    9    53.31    21.41
2086   10    31.77    19.49
2086   11   296.70    11.61
2086   12   106.14     7.31
2087    1   242.39     8.77
2087    2   206.40     8.11
2087    3   140.76     9.10
2087    4   147.89    11.30
2087    5    46.99    16.53
2087    6    41.32    21.84
2087    7    12.11    24.89
2087    8    19.66    24.64
2087    9    20.63    20.58
2087   10   101.54    16.51
2087   11   197.05    12.59
2087   12   281.59     8.91
2088    1    95.62     7.46
2088    2   144.39     5.93
2088    3   103.55     8.59
2088    4   118.93    10.17
2088    5    21.76    18.38
2088    6   117.73    21.74
2088    7     5.42    24.90
2088    8    55.69    26.59
2088    9   100.93    19.69
2088   10    25.41    14.67
2088   11   101.47    10.67
2088   12   260.14     9.98
2089    1   294.28     7.42
2089    2   121.28     8.34
2089    3    51.93    11.00
2089    4    53.34    12.91
2089    5    49.38    19.10
2089    6    28.48    25.47
2089    7    97.04    23.16
2089    8     9.89    27.03
2089    9    15.30    20.47
2089   10    94.88    17.23
2089   11   277.52    14.74
2089   12   279.60     8.18
2090    1   246.05     8.82
2090    2   251.67     5.04
2090    3   232.52     7.76
2090    4    84.06    12.94
2090    5    84.00    16.58
2090    6     9.80    20.81
2090    7     6.18    26.53
2090    8     1.11    26.84
2090    9    41.81    20.10
2090   10    91.65    17.13
2090   11    50.01    10.77
2090   12   137.52     9.34
2091    1   268.46     7.68
2091    2   148.82     8.00
2091    3   148.25     8.13
2091    4    88.79    11.65
2091    5    25.37    18.31
2091    6    15.82    19.69
2091    7     2.79    25.18
2091    8     6.85    26.40
2091    9    49.10    20.67
2091   10    76.65    17.58
2091   11    64.88    11.53
2091   12   290.85     8.46
2092    1   363.87     6.91
2092    2   137.15     6.49
2092    3   152.26     7.69
2092    4    34.85    10.44
2092    5    53.03    17.31
2092    6    71.52    20.06
2092    7     2.95    24.47
2092    8    33.36    23.42
2092    9    23.63    19.01
2092   10    99.99    15.17
2092   11   102.86    11.82
2092   12   303.84     9.45
2093    1   170.15     6.95
2093    2   148.79     8.60
2093    3    87.55    11.12
2093    4    59.34    12.61
2093    5    93.07    17.61
2093    6    32.67    23.65
2093    7     5.51    25.84
2093    8     5.65    26.83
2093    9    14.99    19.81
2093   10    69.13    16.81
2093   11   113.53    13.94
2093   12   212.85     9.53
2094    1   238.26     8.31
2094    2   134.33     7.65
2094    3    13.30    11.98
2094    4   134.38    15.41
2094    5    94.86    17.32
2094    6    80.28    23.16
2094    7    20.40    24.66
2094    8    20.58    26.88
2094    9    92.50    21.52
2094   10   117.75    17.87
2094   11   196.80    13.03
2094   12   183.04     8.22
2095    1   210.15     4.92
2095    2   176.27     7.17
2095    3    29.28     6.73
2095    4   156.36    11.10
2095    5    32.76    17.67
2095    6    35.94    22.47
2095    7    17.96    27.37
2095    8    22.54    25.64
2095    9    59.01    20.01
2095   10    54.68    15.84
2095   11   206.58    12.90
2095   12   309.97     7.80
2096    1   205.24     7.05
2096    2    57.12     8.82
2096    3   138.78     8.11
2096    4    37.96    13.48
2096    5    81.48    16.48
2096    6    19.84    21.63
2096    7     8.22    23.73
2096    8    13.23    27.25
2096    9    66.45    19.43
2096   10   135.48    15.21
2096   11    78.74     9.70
2096   12   194.33     8.07
2097    1   190.52     8.23
2097    2    30.80     7.15
2097    3   108.24     9.72
2097    4   116.84    11.30
2097    5    73.82    16.51
2097    6    33.88    21.66
2097    7     2.96    23.58
2097    8     7.37    24.75
2097    9    39.85    22.84
2097   10    72.00    17.30
2097   11    56.87    13.88
2097   12   297.54     6.31
2098    1   311.33     7.80
2098    2   217.18     8.08
2098    3   136.56     8.76
2098    4   141.21     9.90
2098    5    22.22    17.39
2098    6    65.66    21.86
2098    7     7.28    24.48
2098    8     1.96    25.51
2098    9    66.69    20.52
2098   10    73.16    16.95
2098   11   286.63    10.64
2098   12   188.38     8.60
2099    1   348.74     5.39
2099    2   185.61     6.07
2099    3    96.58     8.31
2099    4    79.41    11.98
2099    5    53.34    16.50
2099    6     7.53    21.28
2099    7     0.73    27.22
2099    8    11.84    26.86
2099    9    35.59    21.99
2099   10    72.55    14.33
2099   11   136.90    10.40
2099   12   296.66     6.95
2100    1   175.58     7.38
2100    2   329.02     4.13
2100    3   142.04     8.08
2100    4    27.10    11.85
2100    5    35.96    14.50
2100    6    55.60    20.08
2100    7    15.34    23.98
2100    8     8.94    24.35
2100    9    27.53    22.21
2100   10   178.56    17.91
2100   11   111.86    11.96
2100   12   334.79     9.05
2101    1    98.09     9.85
2101    2   180.93     3.75
2101    3    70.58     7.66
2101    4    59.76    13.95
2101    5    44.14    16.64
2101    6    53.62    21.72
2101    7    18.50    26.93
2101    8    48.49    24.82
2101    9    73.26    21.92
2101   10    75.44    16.24
2101   11   183.21    12.10
2101   12   394.50     9.88
2102    1   102.00     6.75
2102    2   115.95     9.88
2102    3   107.21    10.31
2102    4    57.23    13.03
2102    5    21.14    16.80
2102    6    13.89    23.12
2102    7    17.90    25.54
2102    8     8.96    25.41
2102    9    22.41    20.61
2102   10    13.87    16.10
2102   11    45.49    13.01
2102   12   143.56    11.58
2103    1   322.07     5.10
2103    2   158.33     7.40
2103    3    54.09     9.77
2103    4    50.56    13.52
2103    5    38.37    17.75
2103    6    61.06    21.39
2103    7    11.57    24.93
2103    8    11.62    26.67
2103    9    60.58    24.47
2103   10   106.98    17.51
2103   11   154.09    10.96
2103   12   243.26     8.26
2104    1   221.33     7.51
2104    2   100.80     5.83
2104    3   121.34     7.56
2104    4    73.84    12.26
2104    5    66.20    15.49
2104    6    35.96    19.58
2104    7    29.12    24.79
2104    8     3.44    26.34
2104    9    75.80    18.70
2104   10   112.15    14.52
2104   11    42.20    10.79
2104   12   165.89     8.91
2105    1   290.54     7.30
2105    2   298.77     6.12
2105    3   100.09     8.34
2105    4    86.62    11.36
2105    5    40.67    16.19
2105    6    42.70    20.58
2105    7    56.99    24.50
2105    8    18.13    25.52
2105    9    69.17    19.88
2105   10   103.61    12.88
2105   11    93.71    12.62
2105   12   243.17     8.56
2106    1   259.21     6.77
2106    2    55.24     8.44
2106    3   140.97     6.84
2106    4    72.92    10.52
2106    5   113.41    13.84
2106    6    49.54    18.60
2106    7    30.12    24.21
2106    8    10.51    27.28
2106    9    49.22    22.23
2106   10   149.76    16.83
2106   11   239.65    12.11
2106   12   203.30     8.95
2107    1   149.84     8.65
2107    2   165.68     7.38
2107    3    56.87     8.87
2107    4    63.84    13.50
2107    5    62.05    17.90
2107    6   116.82    18.87
2107    7    30.87    24.23
2107    8    17.72    26.78
2107    9    11.03    21.82
2107   10   177.25    14.79
2107   11    43.38    14.10
2107   12   105.62     7.25
2108    1   146.99     6.27
2108    2   243.55     7.35
2108    3    44.74     9.59
2108    4    64.48    10.38
2108    5    36.39    16.88
2108    6   117.29    20.21
2108    7    21.39    23.93
2108    8     3.82    26.14
2108    9    24.40    20.66
2108   10    48.38    17.36
2108   11   159.00    11.82
2108   12   255.76     9.35
2109    1   147.55     8.26
2109    2    34.79     7.91
2109    3   109.56     9.71
2109    4    85.25    10.89
2109    5    52.24    16.74
2109    6    18.38    20.70
2109    7    15.90    24.96
2109    8    29.05    23.63
2109    9    18.58    21.17
2109   10    73.79    18.97
2109   11   159.81    14.09
2109   12   146.84    10.87
2110    1   217.37     7.07
2110    2   129.67     7.05
2110    3   150.38     7.12
2110    4    75.99    12.62
2110    5    51.13    16.86
2110    6    16.06    21.36
2110    7    48.63    23.42
2110    8    34.19    25.16
2110    9    30.75    22.46
2110   10   100.67    16.96
2110   11   107.93    14.22
2110   12   118.22    10.86
2111    1   311.58     9.56
2111    2   163.76     3.99
2111    3    97.65     9.79
2111    4    67.62    11.57
2111    5    95.67    14.20
2111    6    28.27    19.40
2111    7    28.90    25.21
2111    8    10.38    25.49
2111    9     6.67    21.24
2111   10   107.79    14.83
2111   11   187.09    11.36
2111   12   144.91     7.69
2112    1   352.44     6.93
2112    2   220.26     6.67
2112    3   211.09     7.10
2112    4   101.86    10.02
2112    5    87.87    14.71
2112    6    28.79    22.05
2112    7    10.14    25.75
2112    8    15.42    25.01
2112    9    44.84    21.78
2112   10   142.37    16.23
2112   11   206.73    13.07
2112   12   237.95    10.33
2113    1   125.88     9.79
2113    2   108.81     9.80
2113    3   212.37    10.30
2113    4   122.14    12.01
2113    5    14.47    18.33
2113    6    59.21    21.29
2113    7     6.15    24.50
2113    8     8.59    26.61
2113    9    26.71    19.47
2113   10    24.71    17.87
2113   11    47.34    12.79
2113   12   169.68    10.34
2114    1   152.59     7.25
2114    2   160.45     8.08
2114    3   126.80     8.79
2114    4    91.34    11.41
2114    5    25.27    17.44
2114    6    56.17    21.47
2114    7    30.01    23.43
2114    8     3.22    25.23
2114    9    31.17    21.95
2114   10   104.12    17.33
2114   11   158.95    10.94
2114   12    72.14    10.23
2115    1   218.99     9.75
2115    2    89.32     9.06
2115    3    64.29    10.16
2115    4    60.21    14.59
2115    5    27.21    18.33
2115    6    57.71    22.14
2115    7     1.30    26.24
2115    8     7.97    27.37
2115    9     7.91    22.04
2115   10    75.92    17.91
2115   11   199.92    10.62
2115   12   238.38     8.68
2116    1   325.58     8.28
2116    2   176.86     7.90
2116    3   141.23    10.18
2116    4    38.79    14.26
2116    5    52.38    16.97
2116    6    91.06    22.46
2116    7    55.21    24.91
2116    8    13.25    25.89
2116    9    12.28    20.90
2116   10   131.57    15.31
2116   11   171.77    11.01
2116   12   264.82     9.32
2117    1   283.69     5.06
2117    2    94.26     7.19
2117    3    90.39    10.74
2117    4    47.62    13.11
2117    5    93.00    16.12
2117    6    31.18    21.00
2117    7    10.07    26.03
2117    8     5.91    25.13
2117    9    17.10    21.80
2117   10   127.24    17.10
2117   11   154.59    12.60
2117   12   125.68     8.86
2118    1   199.90     3.30
2118    2    59.57     9.01
2118    3    66.25    10.22
2118    4   186.04    10.37
2118    5    15.50    17.98
2118    6    82.34    20.63
2118    7    27.68    24.65
2118    8    66.98    25.18
2118    9    57.85    22.66
2118   10    45.69    18.80
2118   11   242.19    12.18
2118   12   199.43     3.69
2119    1   210.83     6.84
2119    2   166.60     6.55
2119    3    17.54    11.76
2119    4   139.93    11.07
2119    5    20.03    17.55
2119    6    62.90    22.45
2119    7    16.40    24.85
2119    8    26.48    25.54
2119    9    36.19    19.74
2119   10    45.71    18.30
2119   11   279.18    10.89
2119   12   239.70     9.21
2120    1   156.65     7.07
2120    2   146.78     8.22
2120    3   104.64     7.69
2120    4    85.44    10.42
2120    5   104.44    15.77
2120    6    19.08    21.19
2120    7    19.71    23.90
2120    8     2.00    27.51
2120    9    34.97    19.87
2120   10   101.55    15.11
2120   11   283.14    11.33
2120   12   185.50     9.88
2121    1   221.00     5.90
2121    2    94.25     6.75
2121    3    93.22    10.65
2121    4    73.48    12.74
2121    5    55.54    18.73
2121    6    50.13    19.24
2121    7    32.13    25.45
2121    8    17.65    26.39
2121    9    34.54    20.33
2121   10    87.06    16.80
2121   11    39.75    12.74
2121   12   145.81     8.83
2122    1   165.09     6.03
2122    2   196.28     7.89
2122    3   132.63     8.29
2122    4   129.27    11.77
2122    5    87.39    16.00
2122    6    13.53    20.76
2122    7    27.26    24.18
2122    8     1.91    25.97
2122    9    17.63    23.04
2122   10    76.08    13.26
2122   11    32.45    13.14
2122   12   141.57     7.61
2123    1   400.83     7.07
2123    2   108.17     9.00
2123    3    75.20     9.07
2123    4   100.39    11.02
2123    5    47.97    16.31
2123    6    90.44    20.51
2123    7    28.11    24.54
2123    8     4.76    26.99
2123    9    39.59    22.14
2123   10    50.52    16.95
2123   11   133.01    12.55
2123   12   112.86     9.11
2124    1   220.79     5.21
2124    2   191.89     4.32
2124    3   103.01     9.68
2124    4    61.40    11.80
2124    5    34.33    16.54
2124    6    30.49    21.71
2124    7     2.47    25.51
2124    8    12.89    26.56
2124    9    55.76    21.76
2124   10   119.78    19.65
2124   11   296.00    13.58
2124   12   457.18     5.43
2125    1   100.18     5.45
2125    2   101.53     8.29
2125    3    75.11     3.73
2125    4    57.36    11.60
2125    5    58.06    15.99
2125    6    12.91    22.59
2125    7    33.75    25.30
2125    8    51.85    23.40
2125    9    59.11    19.06
2125   10   125.53    13.47
2125   11    17.28    14.60
2125   12    49.46     7.88
2126    1   121.32     8.23
2126    2    91.38     5.99
2126    3    53.12    10.96
2126    4    94.38     9.51
2126    5    37.74    15.03
2126    6    31.47    21.86
2126    7     6.25    25.06
2126    8     0.66    25.55
2126    9    37.59    20.81
2126   10    80.80    16.04
2126   11    18.61    13.25
2126   12   245.66     8.52
2127    1   260.77     8.17
2127    2    93.00     7.66
2127    3   164.05     9.60
2127    4    33.17    12.31
2127    5    70.40    15.90
2127    6    32.72    20.20
2127    7    55.47    24.46
2127    8     2.66    23.54
2127    9    25.41    19.53
2127   10    18.19    19.62
2127   11   199.47    14.70
2127   12    57.20     8.01
2128    1   166.38     9.30
2128    2   241.28     6.03
2128    3    46.06     8.72
2128    4    95.10    10.09
2128    5    32.06    18.47
2128    6    37.67    22.96
2128    7    24.10    24.22
2128    8     2.48    25.18
2128    9    68.06    20.24
2128   10    64.69    15.39
2128   11    63.13    13.17
2128   12   423.54     8.10
2129    1   225.76     7.78
2129    2   107.69     8.73
2129    3   120.30     7.15
2129    4   103.32    12.23
2129    5    80.88    17.24
2129    6    52.41    21.83
2129    7    32.62    24.68
2129    8    17.13    26.60
2129    9     4.83    22.17
2129   10    63.50    19.35
2129   11   134.67    12.20
2129   12   288.14     8.83
2130    1   286.51     6.49
2130    2   114.31     5.44
2130    3   106.35     9.48
2130    4    75.71    12.54
2130    5    71.71    15.87
2130    6    97.65    20.00
2130    7    11.35    23.30
2130    8    28.30    26.06
2130    9    56.72    20.50
2130   10    92.13    16.04
2130   11   154.32     9.39
2130   12    86.41     9.60
2131    1   178.05     5.09
2131    2   111.06     6.70
2131    3    85.31     7.70
2131    4    60.28     8.48
2131    5    56.53    15.26
2131    6    30.65    21.81
2131    7    20.01    25.30
2131    8    35.87    25.86
2131    9    25.28    20.84
2131   10   107.27    18.70
2131   11    89.78    14.90
2131   12   280.42     8.20
2132    1   281.98     7.35
2132    2   126.53     6.11
2132    3   140.78     8.31
2132    4    30.48    13.17
2132    5    42.73    15.97
2132    6    40.05    20.63
2132    7     5.90    24.78
2132    8    14.02    24.89
2132    9     6.14    23.26
2132   10   148.21    18.36
2132   11   184.54    12.42
2132   12   171.61    10.63
2133    1   208.37     8.14
2133    2    45.53     8.46
2133    3   110.40     9.77
2133    4    74.35    10.94
2133    5    49.35    15.94
2133    6    40.67    21.23
2133    7     3.46    25.21
2133    8     5.29    25.92
2133    9    68.37    21.13
2133   10    81.37    17.47
2133   11   179.81    13.39
2133   12   353.93     9.39
2134    1   246.61     7.64
2134    2   161.54     7.19
2134    3   169.45     8.38
2134    4    38.96    13.32
2134    5   121.35    16.30
2134    6    42.88    21.00
2134    7    25.96    25.12
2134    8    47.77    23.60
2134    9    70.79    20.14
2134   10   108.38    17.56
2134   11   138.34    14.26
2134   12   149.43     6.39
2135    1   230.38     7.28
2135    2   182.20     5.52
2135    3   155.11     8.82
2135    4   126.81    11.08
2135    5    44.24    16.03
2135    6    80.70    21.97
2135    7    24.36    24.12
2135    8    14.33    25.57
2135    9     6.14    22.16
2135   10    21.21    19.08
2135   11    57.38    14.06
2135   12   165.28    10.51
2136    1   244.51     8.79
2136    2   201.06     6.94
2136    3    84.14     8.78
2136    4    94.42    11.28
2136    5    51.49    17.45
2136    6    68.73    20.54
2136    7     7.57    25.19
2136    8    20.81    26.43
2136    9    20.33    22.32
2136   10   104.07    17.15
2136   11   206.95    12.16
2136   12   161.03     9.54
2137    1   277.96     6.18
2137    2   225.04     6.90
2137    3   126.08     9.88
2137    4    42.07    10.77
2137    5    48.43    14.22
2137    6    18.93    20.59
2137    7    20.42    23.44
2137    8    69.93    24.26
2137    9    12.49    21.15
2137   10    94.30    15.26
2137   11    53.73     9.92
2137   12   110.78     5.14
2138    1   135.98     8.20
2138    2   201.60     8.54
2138    3    99.66     6.06
2138    4    95.70     9.84
2138    5    45.41    13.69
2138    6    15.11    21.16
2138    7    14.40    24.56
2138    8    28.78    25.75
2138    9   124.31    19.28
2138   10   132.14    14.99
2138   11   134.39    11.44
2138   12   236.20     7.96
2139    1   163.15     7.00
2139    2   197.60     7.51
2139    3   201.11     6.81
2139    4    45.46    12.67
2139    5    16.36    17.95
2139    6    41.12    21.14
2139    7    15.57    25.23
2139    8    64.37    24.90
2139    9    84.56    20.35
2139   10   228.66    15.06
2139   11   266.79    11.18
2139   12   283.58     8.07
2140    1   263.22     4.02
2140    2   148.82     7.78
2140    3   127.32     8.99
2140    4    96.09    12.02
2140    5    14.04    16.48
2140    6    19.20    21.22
2140    7     9.53    24.94
2140    8    37.59    24.54
2140    9    69.12    21.03
2140   10   191.41    13.87
2140   11   143.56    10.77
2140   12   109.33    11.30
2141    1   153.85     9.53
2141    2   186.90     6.93
2141    3   126.35     8.40
2141    4    79.83    12.33
2141    5    11.96    19.54
2141    6    43.95    21.69
2141    7    15.75    26.27
2141    8    17.05    26.96
2141    9    37.12    20.80
2141   10    30.00    16.02
2141   11    63.55    14.56
2141   12   166.23    10.03
2142    1   374.98     6.76
2142    2    99.79     7.77
2142    3   164.01     9.56
2142    4   109.24     9.67
2142    5    71.49    14.93
2142    6    91.82    18.59
2142    7    19.85    24.52
2142    8     4.27    24.45
2142    9    75.96    19.71
2142   10   147.82    15.61
2142   11   132.50    12.08
2142   12   197.13     9.61
2143    1   336.89     8.12
2143    2   193.67     5.77
2143    3    90.38     5.85
2143    4    42.46    11.82
2143    5    63.17    15.71
2143    6     4.29    20.87
2143    7     5.77    27.04
2143    8    54.44    23.75
2143    9    49.80    21.27
2143   10    84.38    19.34
2143   11   205.40    13.43
2143   12   154.37     9.48
2144    1   278.89     5.57
2144    2   165.87     7.17
2144    3   162.59     7.02
2144    4    37.52    12.35
2144    5    22.14    16.71
2144    6   157.24    19.02
2144    7    19.20    23.15
2144    8    22.06    25.57
2144    9    55.19    20.86
2144   10    67.40    15.05
2144   11    95.59    13.19
2144   12   196.45    10.80
2145    1   127.69     9.08
2145    2    91.98     9.38
2145    3    27.89    11.29
2145    4   152.02    10.87
2145    5    31.83    17.39
2145    6    50.42    21.73
2145    7     9.07    27.44
2145    8     5.76    26.66
2145    9    38.77    21.47
2145   10   134.45    14.86
2145   11   144.03    10.97
2145   12   101.68     9.74
2146    1   445.38     7.09
2146    2    82.11     7.36
2146    3    32.40    11.97
2146    4    63.99    14.46
2146    5    24.97    15.44
2146    6    72.01    21.37
2146    7    20.35    25.80
2146    8    18.63    27.34
2146    9    65.48    22.72
2146   10   117.19    18.41
2146   11   224.23    13.52
2146   12   111.65     9.71
2147    1   336.42     6.79
2147    2   178.02     5.30
2147    3    57.35     8.99
2147    4    96.58    12.71
2147    5    38.87    16.32
2147    6    54.58    22.13
2147    7    14.09    26.57
2147    8    24.97    26.13
2147    9    18.98    22.70
2147   10   172.85    14.06
2147   11   215.93    12.67
2147   12   301.65     8.98
2148    1   323.76     7.17
2148    2   283.40     6.41
2148    3   207.48     6.83
2148    4    74.56    11.14
2148    5    38.19    15.74
2148    6   153.04    19.11
2148    7    21.79    23.26
2148    8     3.39    27.52
2148    9    42.64    20.96
2148   10    91.85    15.25
2148   11    63.00    13.03
2148   12   317.51     9.52
2149    1   393.39     4.80
2149    2    91.76     7.46
2149    3    97.67     8.82
2149    4    47.03    12.64
2149    5    54.21    17.66
2149    6    51.82    21.28
2149    7     0.89    26.15
2149    8     4.58    26.27
2149    9    56.80    18.87
2149   10   133.30    15.47
2149   11   154.74    12.12
2149   12   129.32     7.90
2150    1   181.24     7.39
2150    2   132.52     7.70
2150    3   119.40     8.69
2150    4    23.07    13.35
2150    5    34.63    14.12
2150    6    46.04    21.02
2150    7    14.32    26.54
2150    8     0.73    25.27
2150    9    76.65    19.37
2150   10    46.74    16.10
2150   11   210.05     9.32
2150   12   213.33     9.05
2151    1   248.34     5.75
2151    2    82.72     7.01
2151    3    83.88    11.32
2151    4    67.27    11.18
2151    5    72.79    16.07
2151    6    35.05    21.43
2151    7    11.26    22.84
2151    8    16.90    24.67
2151    9    11.99    20.87
2151   10   143.00    13.74
2151   11    80.57    10.71
2151   12   135.26     7.66
2152    1   131.73     8.18
2152    2   324.62     6.22
2152    3    76.10     9.16
2152    4    77.68    12.59
2152    5    23.04    17.54
2152    6    59.28    21.93
2152    7    39.90    23.37
2152    8     5.83    23.40
2152    9    33.25    21.82
2152   10    24.62    16.50
2152   11   146.43    12.46
2152   12   288.43     9.65
2153    1   193.99     8.78
2153    2   225.26     4.63
2153    3    65.80     8.27
2153    4    62.57    11.34
2153    5    67.60    15.16
2153    6    59.52    20.62
2153    7    15.39    23.73
2153    8     4.79    24.05
2153    9    40.75    21.37
2153   10    93.02    15.86
2153   11   172.50    12.90
2153   12   191.45     7.52
2154    1   249.11     6.16
2154    2    62.30     8.08
2154    3   115.63     7.64
2154    4    53.87    11.29
2154    5    50.52    16.02
2154    6    31.24    21.05
2154    7    14.11    23.52
2154    8    30.80    26.49
2154    9    82.67    20.31
2154   10   188.38    15.99
2154   11   161.27    11.45
2154   12    89.01     9.48
2155    1   184.04     9.71
2155    2    49.90     5.85
2155    3   109.52     7.81
2155    4    74.32    11.71
2155    5    49.41    15.27
2155    6    11.19    21.19
2155    7     8.43    25.85
2155    8    76.71    25.52
2155    9    38.70    20.73
2155   10   129.58    16.13
2155   11   167.93     9.65
2155   12   455.52     7.40
2156    1   193.33     7.80
2156    2   140.42     8.16
2156    3    88.24     9.28
2156    4    86.52    13.14
2156    5    92.41    17.02
2156    6    74.00    21.08
2156    7    23.57    24.76
2156    8     3.73    26.07
2156    9    21.75    21.67
2156   10    31.86    19.73
2156   11   146.28    14.23
2156   12   165.35    10.42
2157    1   229.18     9.29
2157    2   112.67     6.83
2157    3   172.78     5.93
2157    4    61.04    11.55
2157    5    44.97    17.29
2157    6    67.82    21.84
2157    7    32.62    25.52
2157    8    20.26    26.15
2157    9    39.72    20.49
2157   10    49.44    17.60
2157   11   259.05    11.92
2157   12   169.61     4.51
2158    1    80.21     6.43
2158    2    97.48     6.81
2158    3   152.30     7.50
2158    4   112.84     9.89
2158    5    15.91    16.91
2158    6    26.53    19.51
2158    7     4.15    26.68
2158    8     6.15    26.91
2158    9    11.36    21.95
2158   10    27.99    17.19
2158   11   142.34    11.20
2158   12   343.64     9.62
2159    1   181.39     5.24
2159    2   236.43     6.42
2159    3    77.05     9.67
2159    4    42.18    11.82
2159    5    44.31    17.12
2159    6    31.03    21.40
2159    7    28.16    24.47
2159    8    15.02    26.05
2159    9    18.48    21.55
2159   10    61.24    17.59
2159   11   118.63    12.94
2159   12   169.85     8.95
2160    1   181.32     7.58
2160    2   222.32     7.69
2160    3   209.59     7.84
2160    4    53.70    11.17
2160    5    59.30    16.04
2160    6    28.25    20.99
2160    7    24.01    24.82
2160    8    10.05    24.70
2160    9    37.31    20.17
2160   10   112.95    17.66
2160   11   213.85    14.50
2160   12    38.94     9.85
2161    1   369.41     5.37
2161    2    19.69     8.98
2161    3   136.57     5.30
2161    4    42.11    11.11
2161    5    61.99    14.76
2161    6    28.52    19.36
2161    7    14.64    24.77
2161    8     6.24    26.56
2161    9    60.11    20.66
2161   10    60.95    16.62
2161   11    53.40    12.91
2161   12   117.19     9.18
2162    1   208.97     6.24
2162    2    93.23     7.37
2162    3    73.12     9.54
2162    4    31.23    12.80
2162    5    53.75    16.43
2162    6    29.53    21.59
2162    7    16.51    23.20
2162    8    33.75    22.73
2162    9    35.57    20.04
2162   10    73.14    14.80
2162   11    33.39    12.98
2162   12   265.04     6.22
2163    1   120.84     8.15
2163    2   240.80     4.25
2163    3   103.53     9.38
2163    4   123.36    11.61
2163    5    49.64    15.76
2163    6    56.84    21.20
2163    7    25.52    24.02
2163    8    14.27    26.42
2163    9    26.85    20.77
2163   10   120.81    14.46
2163   11    79.22    13.03
2163   12    50.69     8.01
2164    1   168.49     5.22
2164    2    68.68     9.25
2164    3   177.36     7.64
2164    4   209.65     9.72
2164    5    99.40    15.89
2164    6    55.07    20.58
2164    7     9.01    25.41
2164    8     5.23    25.31
2164    9    25.13    20.91
2164   10   135.32    16.74
2164   11   202.74    12.44
2164   12   284.51     8.37
2165    1   130.55     8.01
2165    2    27.54     8.90
2165    3   154.01     9.77
2165    4    79.57    12.53
2165    5    60.08    16.11
2165    6    18.91    21.78
2165    7     7.45    23.53
2165    8    25.94    24.60
2165    9   101.79    19.50
2165   10    48.66    14.43
2165   11   128.08    12.46
2165   12   268.54     5.63
2166    1   300.69     3.85
2166    2   146.38     4.36
2166    3    86.56     8.72
2166    4   230.61     8.53
2166    5    72.43    16.61
2166    6    21.03    21.71
2166    7    23.56    24.63
2166    8    22.82    24.72
2166    9    47.12    20.59
2166   10   112.26    16.45
2166   11   206.01    12.30
2166   12   288.68     7.31
2167    1   297.26     8.05
2167    2   165.05     8.79
2167    3   146.03     9.72
2167    4    51.19    11.48
2167    5    80.35    15.42
2167    6    54.19    19.89
2167    7    25.52    24.14
2167    8     8.20    23.37
2167    9    18.99    20.53
2167   10    38.83    17.48
2167   11    78.81    12.76
2167   12   263.15     9.04
2168    1   188.88     6.50
2168    2   185.15     7.35
2168    3   122.16     5.80
2168    4    60.45    13.50
2168    5    71.23    15.78
2168    6    59.08    20.92
2168    7    23.42    25.94
2168    8     9.08    27.64
2168    9    34.03    20.74
2168   10    55.47    17.46
2168   11   108.47    13.71
2168   12    90.34     9.22
2169    1   135.81     8.25
2169    2   341.95     6.95
2169    3    52.30    10.03
2169    4    39.49    11.09
2169    5    72.84    17.18
2169    6    38.38    21.10
2169    7     7.14    23.91
2169    8    20.24    26.63
2169    9    66.54    22.45
2169   10    82.93    16.05
2169   11   161.41    15.09
2169   12   253.28    10.19
2170    1   148.20     7.84
2170    2   209.91     7.98
2170    3   126.50     9.64
2170    4    99.51    11.06
2170    5    65.92    15.20
2170    6    68.27    19.88
2170    7     4.85    24.23
2170    8    15.73    26.42
2170    9    46.39    23.41
2170   10    78.74    18.77
2170   11    81.82    10.45
2170   12   114.17     9.22
2171    1    15.59     3.71
2171    2   158.22     7.96
2171    3    82.55     8.60
2171    4    94.90    11.07
2171    5    34.03    17.19
2171    6    36.33    23.52
2171    7     6.53    25.59
2171    8    21.14    26.60
2171    9     8.64    20.42
2171   10    69.76    15.29
2171   11    64.78    12.47
2171   12   210.21     8.66
2172    1   174.92     8.11
2172    2    12.15     5.08
2172    3    53.52     9.86
2172    4    88.59     9.61
2172    5    28.87    17.23
2172    6    36.87    20.20
2172    7    13.27    24.55
2172    8    76.78    24.30
2172    9    25.55    20.89
2172   10    64.63    14.75
2172   11   111.57    13.02
2172   12   360.57     7.07
2173    1    59.52     7.62
2173    2    38.33    10.26
2173    3    60.25    10.93
2173    4    63.65    12.67
2173    5    42.22    17.07
2173    6    20.45    22.02
2173    7    27.88    24.99
2173    8    39.74    24.79
2173    9    34.14    19.35
2173   10    35.13    15.84
2173   11    99.65    13.72
2173   12   306.05     6.96
2174    1   118.26     8.45
2174    2   277.79     5.24
2174    3    78.72     6.63
2174    4    77.11    11.89
2174    5    25.44    16.69
2174    6    55.13    21.08
2174    7    49.53    24.20
2174    8    30.31    23.08
2174    9    39.34    20.48
2174   10    41.59    18.44
2174   11   290.77    13.00
2174   12   173.14     8.92
2175    1   143.20     8.34
2175    2    54.59     7.04
2175    3    81.95     7.26
2175    4   116.56    10.44
2175    5    38.41    15.03
2175    6    80.40    19.96
2175    7     0.80    24.51
2175    8    23.07    24.22
2175    9    60.89    22.64
2175   10    41.13    17.63
2175   11    84.01    15.36
2175   12   242.42     7.50
2176    1   163.24     6.81
2176    2   196.82     7.00
2176    3   227.98     6.53
2176    4    62.16    10.45
2176    5    51.02    15.48
2176    6    54.95    19.64
2176    7    22.30    22.09
2176    8    12.53    24.52
2176    9     7.76    21.98
2176   10   269.65    13.34
2176   11    94.37    11.70
2176   12   126.79     9.22
2177    1   228.13     8.14
2177    2   133.67     1.69
2177    3   111.00     9.43
2177    4   135.77    11.44
2177    5    63.53    15.43
2177    6    30.78    20.07
2177    7     4.82    24.36
2177    8    50.94    24.05
2177    9    23.54    21.10
2177   10    90.94    16.23
2177   11    76.61    13.91
2177   12    86.50    10.24
2178    1   120.50     8.31
2178    2    80.66     7.81
2178    3   142.16     9.60
2178    4   116.29     8.88
2178    5    19.61    15.15
2178    6    53.25    19.29
2178    7     9.45    24.84
2178    8    18.95    25.47
2178    9    32.00    20.62
2178   10   150.37    15.04
2178   11   250.74    11.38
2178   12   132.77     8.74
2179    1   297.11     5.31
2179    2    95.62     2.61
2179    3    98.33     8.41
2179    4    37.66    11.06
2179    5    65.37    16.62
2179    6    53.01    22.48
2179    7    30.51    23.86
2179    8    18.18    25.92
2179    9    33.54    21.95
2179   10    57.39    14.26
2179   11   107.55    11.08
2179   12   342.84     8.11
2180    1   478.61     4.66
2180    2   176.39     4.48
2180    3   124.80     7.65
2180    4    24.96    14.67
2180    5    67.65    17.93
2180    6    46.50    20.97
2180    7    10.28    25.90
2180    8     9.62    25.48
2180    9    66.92    21.05
2180   10    87.65    16.22
2180   11   181.22    10.59
2180   12   176.28     8.68
2181    1   175.36     6.50
2181    2   104.89     6.94
2181    3   178.90     9.50
2181    4    61.20    10.05
2181    5    22.96    17.05
2181    6    55.50    20.54
2181    7    14.53    25.38
2181    8     5.35    24.52
2181    9     8.13    21.93
2181   10    80.28    18.15
2181   11   183.83    13.52
2181   12   301.86     8.36
2182    1   358.80     6.09
2182    2   179.14     6.30
2182    3    67.38     9.22
2182    4    79.62     8.52
2182    5   122.15    14.47
2182    6    47.00    20.14
2182    7    27.00    24.88
2182    8     5.93    27.00
2182    9     4.60    21.02
2182   10    69.24    17.14
2182   11    87.81    13.49
2182   12   131.92     9.87
2183    1   108.10     9.21
2183    2   191.15    10.18
2183    3   122.96     8.92
2183    4    52.18    11.76
2183    5    38.96    17.35
2183    6    46.42    20.08
2183    7     3.49    24.76
2183    8    10.55    27.49
2183    9    18.49    23.71
2183   10   146.85    18.95
2183   11   125.05    13.89
2183   12   168.73     9.23
2184    1   244.53     7.32
2184    2   148.22     6.50
2184    3    57.31    10.66
2184    4    78.22    12.21
2184    5   101.28    15.86
2184    6    39.72    20.71
2184    7    11.96    22.77
2184    8    21.49    23.85
2184    9    63.17    22.58
2184   10    64.68    15.96
2184   11    87.23    14.73
2184   12   143.47     9.92
2185    1   164.64     8.51
2185    2   268.12     5.62
2185    3   205.59     7.14
2185    4    85.98    10.56
2185    5    69.48    14.81
2185    6    41.59    20.28
2185    7    13.06    25.59
2185    8    21.02    25.79
2185    9    42.75    19.65
2185   10   138.99    15.96
2185   11    14.27    13.30
2185   12   314.88     9.34
2186    1   164.05     8.28
2186    2   228.77     6.69
2186    3   135.04     9.00
2186    4    90.43    10.54
2186    5    36.51    17.04
2186    6   115.51    18.91
2186    7    17.43    24.70
2186    8    49.03    23.74
2186    9     8.59    20.56
2186   10    58.16    15.41
2186   11   171.99    12.77
2186   12   149.16    11.02
2187    1   247.49     6.90
2187    2   177.87     8.64
2187    3   128.67     8.30
2187    4    48.65    13.32
2187    5    54.60    17.14
2187    6    43.26    21.52
2187    7    25.76    23.85
2187    8    27.75    24.22
2187    9    64.38    20.06
2187   10   107.17    16.62
2187   11   140.26    11.04
2187   12   158.33     9.52
2188    1   248.08     8.14
2188    2    90.35     6.33
2188    3   122.88     9.44
2188    4    37.59    12.42
2188    5    39.52    16.77
2188    6    22.66    21.44
2188    7    11.12    25.09
2188    8     7.61    25.22
2188    9    78.34    21.77
2188   10    48.03    16.37
2188   11   146.96    13.43
2188   12   294.41     7.99
2189    1   166.29     7.22
2189    2    76.77     5.44
2189    3    83.75     8.31
2189    4    70.72    10.80
2189    5    36.63    14.91
2189    6    37.89    20.72
2189    7     2.29    23.53
2189    8    31.25    24.07
2189    9     4.21    22.95
2189   10   133.87    16.76
2189   11    84.25    14.83
2189   12   214.93    10.87
2190    1   131.02     7.85
2190    2   180.15     7.52
2190    3   148.50     7.11
2190    4    54.56    13.61
2190    5    60.86    15.11
2190    6    23.74    21.27
2190    7     3.79    26.64
2190    8     7.33    27.03
2190    9    23.64    20.44
2190   10    58.83    15.64
2190   11    82.10    11.35
2190   12   282.46     8.21
2191    1   137.56     8.02
2191    2   377.82     6.08
2191    3    42.30    10.04
2191    4    94.52    12.61
2191    5    43.57    16.86
2191    6    44.17    18.83
2191    7    27.26    23.24
2191    8    32.07    24.77
2191    9    32.15    20.27
2191   10   128.94    19.71
2191   11   238.72    13.26
2191   12   478.19     8.89
2192    1   304.43     6.68
2192    2   185.22     2.60
2192    3   112.42    10.19
2192    4   139.34    11.95
2192    5    20.75    18.38
2192    6    32.18    21.66
2192    7    42.79    25.47
2192    8    27.66    26.20
2192    9    36.03    20.71
2192   10    35.94    17.18
2192   11   257.25    10.49
2192   12   195.31     8.39
2193    1   167.23     6.87
2193    2    82.81     6.91
2193    3   193.86     8.75
2193    4    81.92    12.43
2193    5    96.05    15.73
2193    6    97.21    20.08
2193    7     3.56    24.21
2193    8    14.82    26.02
2193    9    77.49    17.68
2193   10    62.24    18.10
2193   11   258.54     9.95
2193   12    40.55     8.81
2194    1   212.59     7.68
2194    2   158.53     7.59
2194    3   121.89     8.47
2194    4   117.65    11.13
2194    5    54.56    16.29
2194    6    59.08    19.47
2194    7     4.50    26.40
2194    8     3.06    24.30
2194    9    95.59    19.56
2194   10    94.13    15.65
2194   11   151.48    12.03
2194   12   292.54     6.64
2195    1   184.06     8.49
2195    2   194.68     6.32
2195    3    71.23     9.95
2195    4    71.87    12.78
2195    5    88.54    15.40
2195    6    13.75    20.24
2195    7     7.05    24.39
2195    8     1.60    24.53
2195    9    43.65    19.50
2195   10    95.64    16.22
2195   11   177.64    11.74
2195   12   215.98     9.64
2196    1   242.86     5.18
2196    2   158.91     7.41
2196    3    86.87     9.34
2196    4    89.61    12.22
2196    5    51.95    16.75
2196    6    46.07    21.26
2196    7    39.00    24.47
2196    8     3.42    25.55
2196    9    21.51    23.28
2196   10    73.78    16.99
2196   11   181.79    13.83
2196   12   270.16    10.06
2197    1   269.78     5.52
2197    2   281.65     4.74
2197    3    60.48     9.03
2197    4    37.08    12.36
2197    5    47.72    15.24
2197    6    33.77    20.55
2197    7    27.93    24.10
2197    8    14.37    25.13
2197    9    20.85    20.49
2197   10    70.57    18.94
2197   11    35.44    12.39
2197   12   231.94     8.88
2198    1   177.28     9.73
2198    2   165.91    10.28
2198    3    58.20     9.33
2198    4    76.96    12.16
2198    5    53.42    17.00
2198    6    23.00    20.43
2198    7     2.13    24.01
2198    8     3.22    25.31
2198    9    67.94    19.51
2198   10    23.78    16.67
2198   11    48.78    12.41
2198   12   251.54     8.97
2199    1   293.09     6.53
2199    2    83.79     6.83
2199    3    69.44    11.44
2199    4    23.51    14.33
2199    5    26.94    18.28
2199    6    83.86    21.30
2199    7    15.19    25.10
2199    8    19.19    26.06
2199    9    20.80    21.78
2199   10   139.20    14.38
2199   11   101.56    10.71
2199   12   173.33     6.82
2200    1   172.69     7.11
2200    2   210.69     5.40
2200    3    21.45     9.14
2200    4    71.00    10.88
2200    5    17.60    16.26
2200    6    21.40    21.95
2200    7     3.49    26.08
2200    8     8.05    27.11
2200    9    40.97    22.72
2200   10   147.22    14.86
2200   11   253.11    11.46
2200   12   320.42     8.47
2201    1   191.00     6.25
2201    2    28.83     7.87
2201    3    84.98     9.28
2201    4   113.56    10.98
2201    5    71.00    17.43
2201    6    26.58    19.96
2201    7     3.70    24.48
2201    8    18.23    25.51
2201    9    89.76    23.14
2201   10    73.50    17.44
2201   11    94.10    13.33
2201   12   269.37     7.10
2202    1   177.45     8.32
2202    2   151.89     2.84
2202    3    56.88    10.92
2202    4   103.64    12.22
2202    5    24.72    17.32
2202    6    47.26    22.11
2202    7    13.74    24.98
2202    8    14.71    24.70
2202    9    64.99    21.56
2202   10   117.71    17.47
2202   11    69.90    13.91
2202   12   142.84    11.30
2203    1   151.39     9.57
2203    2    60.70     8.87
2203    3   123.94     9.78
2203    4    91.78    12.08
2203    5    89.42    14.95
2203    6    56.27    21.72
2203    7    24.11    23.35
2203    8     8.21    25.83
2203    9    26.56    19.31
2203   10    76.20    15.16
2203   11    99.57    12.51
2203   12   127.30    10.99
2204    1   240.06     7.35
2204    2   228.79     7.75
2204    3   135.58     9.71
2204    4    36.32    13.88
2204    5    51.77    15.55
2204    6    51.68    21.66
2204    7    26.62    25.29
2204    8     4.76    25.33
2204    9    61.82    21.19
2204   10    85.57    15.70
2204   11   170.56    13.11
2204   12   210.27     9.65
2205    1   458.56     6.23
2205    2   162.60     7.65
2205    3   128.45     7.02
2205    4    73.07    11.79
2205    5    81.07    15.16
2205    6    20.68    21.45
2205    7     8.07    25.63
2205    8    16.10    24.03
2205    9    53.21    22.69
2205   10   129.56    16.59
2205   11   161.57    11.37
2205   12   295.70     9.15
2206    1   180.16     7.49
2206    2    93.71     5.48
2206    3   101.34     8.23
2206    4    31.01    11.79
2206    5   129.13    16.86
2206    6    29.85    21.18
2206    7    11.95    27.31
2206    8    34.55    24.04
2206    9    79.73    20.01
2206   10   104.54    15.33
2206   11   134.50    12.81
2206   12   209.27     8.00
2207    1   279.61     6.06
2207    2    98.54     7.24
2207    3    47.93     8.07
2207    4    60.84    11.72
2207    5    30.52    18.08
2207    6    39.18    20.94
2207    7     2.48    26.28
2207    8    15.79    25.36
2207    9    19.84    20.76
2207   10    75.72    15.50
2207   11   339.12    12.03
2207   12   229.09     9.27
2208    1    71.58    10.51
2208    2   166.54     5.87
2208    3    89.69     9.77
2208    4    87.41    11.93
2208    5    68.65    16.87
2208    6    64.27    20.41
2208    7     3.59    24.85
2208    8     6.32    25.62
2208    9    14.84    22.98
2208   10   123.24    15.46
2208   11    70.48    11.71
2208   12   165.99     9.17
2209    1   246.17     7.55
2209    2    54.44     9.33
2209    3   121.66    10.80
2209    4   107.25    12.62
2209    5    61.44    17.26
2209    6    55.98    19.86
2209    7    14.90    24.91
2209    8     6.57    27.23
2209    9    22.16    24.37
2209   10   111.70    17.94
2209   11   188.94    13.37
2209   12    99.42     9.98
2210    1   229.91     7.60
2210    2   231.31     6.05
2210    3   165.17     6.88
2210    4    76.43    11.64
2210    5    73.98    15.11
2210    6    42.60    19.45
2210    7    12.97    23.96
2210    8    22.75    24.65
2210    9    34.46    21.08
2210   10   196.55    13.15
2210   11   136.27    11.80
2210   12   223.67     5.69
2211    1   351.48     7.00
2211    2   123.15     6.89
2211    3   173.61     9.56
2211    4   110.30     7.96
2211    5    21.57    16.22
2211    6    42.17    18.95
2211    7    10.20    23.01
2211    8    18.80    24.64
2211    9    52.05    19.12
2211   10    38.37    14.83
2211   11    95.72    13.05
2211   12   301.05     6.04
2212    1   155.21     7.67
2212    2    92.98     8.18
2212    3   157.20     8.80
2212    4    85.77    11.47
2212    5    72.25    15.86
2212    6    30.85    20.79
2212    7    28.74    24.31
2212    8    48.29    25.66
2212    9    37.50    20.98
2212   10    69.84    17.00
2212   11   174.04    12.69
2212   12   203.50     8.26
2213    1   131.26     6.40
2213    2    88.74     6.61
2213    3    64.52     8.49
2213    4    57.61    14.11
2213    5    42.06    15.15
2213    6    20.58    21.68
2213    7     5.02    24.64
2213    8     3.37    25.48
2213    9    45.03    19.89
2213   10    40.51    17.80
2213   11   234.04    12.57
2213   12    80.70     5.04
2214    1   155.10     6.80
2214    2    92.24     9.59
2214    3    87.47    10.73
2214    4    68.83    12.65
2214    5    91.87    15.02
2214    6    25.94    22.44
2214    7    10.85    25.51
2214    8    11.08    26.05
2214    9    12.20    23.79
2214   10   106.26    16.00
2214   11    68.67    11.36
2214   12   234.17     6.00
2215    1   236.52     8.17
2215    2   242.64     7.60
2215    3    25.23    10.38
2215    4    23.21    13.64
2215    5    83.92    16.67
2215    6    50.46    18.37
2215    7     7.60    23.14
2215    8    23.44    25.76
2215    9     7.27    21.80
2215   10    57.61    18.94
2215   11   137.07    14.24
2215   12   413.74     9.49
2216    1   132.71     7.87
2216    2   162.88     8.70
2216    3   218.03     8.89
2216    4   119.49    10.77
2216    5    51.00    15.62
2216    6    38.50    20.56
2216    7    30.91    23.19
2216    8    18.00    24.50
2216    9     7.31    20.56
2216   10   149.84    17.65
2216   11    99.58    13.38
2216   12   192.72     9.20
2217    1   124.90     8.08
2217    2   222.03     6.40
2217    3   203.69     7.08
2217    4   119.67    10.66
2217    5    22.38    17.83
2217    6    54.57    20.30
2217    7    22.78    24.66
2217    8    16.30    24.05
2217    9    16.86    20.05
2217   10   105.25    16.02
2217   11   174.09    11.18
2217   12    63.65     8.44
2218    1   149.25     8.06
2218    2   160.74     6.46
2218    3    72.14     9.09
2218    4    76.98    12.39
2218    5    58.15    18.26
2218    6    13.46    20.00
2218    7     7.82    24.19
2218    8    11.06    24.81
2218    9    29.24    20.19
2218   10    70.82    15.05
2218   11   141.93     9.98
2218   12   202.51     9.86
2219    1   255.31     7.56
2219    2   106.21     7.69
2219    3   135.16     8.16
2219    4   146.39    10.58
2219    5    96.63    13.79
2219    6    30.11    19.50
2219    7    11.43    25.34
2219    8    28.97    24.21
2219    9     2.94    22.40
2219   10    43.58    19.56
2219   11   128.11    13.13
2219   12   142.14    10.24
2220    1   125.78     8.18
2220    2   208.32     4.07
2220    3   129.29     9.39
2220    4    37.95    13.34
2220    5   133.41    15.19
2220    6    33.29    19.85
2220    7    43.51    22.88
2220    8    11.93    26.07
2220    9    40.68    22.62
2220   10    79.03    16.15
2220   11    96.32    12.73
2220   12   241.91     9.58
2221    1   257.13     8.05
2221    2    42.41     8.55
2221    3   108.60     9.68
2221    4   110.62    10.29
2221    5    36.73    15.41
2221    6    53.78    19.89
2221    7    14.09    23.23
2221    8    36.87    25.98
2221    9    15.33    21.89
2221   10    68.10    18.83
2221   11     9.93    12.89
2221   12   380.58     9.30
2222    1   211.22     5.40
2222    2   117.16     4.80
2222    3   142.98     7.72
2222    4    78.41    11.26
2222    5    56.77    15.85
2222    6    24.46    21.21
2222    7    48.03    23.99
2222    8    51.52    24.91
2222    9    63.94    19.72
2222   10    73.91    17.02
2222   11   158.96    10.56
2222   12    85.29     6.88
2223    1   147.87     9.23
2223    2   176.55     8.41
2223    3   112.14     9.60
2223    4   105.73     9.38
2223    5    43.83    15.40
2223    6    19.42    19.75
2223    7    27.75    24.68
2223    8     2.84    26.61
2223    9    10.36    25.31
2223   10    87.56    17.09
2223   11   123.95    11.27
2223   12   155.58    10.61
2224    1   170.37     6.45
2224    2   144.73     4.18
2224    3   171.31     6.02
2224    4    28.43    12.40
2224    5    39.08    15.93
2224    6    11.86    21.27
2224    7    13.92    22.93
2224    8    26.27    25.65
2224    9     8.57    20.78
2224   10    99.18    15.99
2224   11   132.89    10.54
2224   12    68.53     6.87
2225    1   189.16     6.56
2225    2   149.68     6.14
2225    3   183.64     7.10
2225    4    56.75    12.55
2225    5    48.84    14.77
2225    6    20.19    19.75
2225    7     3.35    27.15
2225    8    21.59    26.89
2225    9    35.18    21.87
2225   10   107.95    17.38
2225   11    97.73    16.02
2225   12   110.97     9.95
2226    1   268.73     6.54
2226    2   176.13     9.74
2226    3    82.85     9.91
2226    4   140.58    10.46
2226    5    58.44    15.50
2226    6    37.62    20.26
2226    7     6.70    24.50
2226    8    24.74    25.00
2226    9    54.19    18.45
2226   10   121.02    16.70
2226   11   242.47    12.62
2226   12   154.29     8.85
2227    1   408.81     6.07
2227    2   107.28     8.10
2227    3   198.73     8.70
2227    4   136.38    11.27
2227    5    15.08    14.51
2227    6    59.58    19.38
2227    7    54.24    22.26
2227    8    38.78    24.36
2227    9     5.93    20.50
2227   10    44.74    18.23
2227   11    75.53    14.38
2227   12   119.40     9.85
2228    1   257.60     7.05
2228    2   179.80     5.84
2228    3   179.37     8.64
2228    4   125.36    10.46
2228    5    19.32    17.07
2228    6    22.80    20.24
2228    7     4.76    23.61
2228    8     1.19    25.74
2228    9    16.85    20.35
2228   10    20.50    17.11
2228   11    54.97    12.88
2228   12   245.94     8.31
2229    1   228.18     8.63
2229    2    49.56     9.56
2229    3   110.32     8.26
2229    4    57.88    11.95
2229    5    49.74    16.96
2229    6   106.64    21.78
2229    7    10.77    25.75
2229    8    15.98    25.37
2229    9    26.72    19.19
2229   10   117.26    15.30
2229   11    89.65    14.42
2229   12   293.54     7.73
2230    1   368.50     8.86
2230    2   242.55     6.60
2230    3    95.21    10.14
2230    4    93.77     8.93
2230    5    59.73    17.44
2230    6    43.09    21.35
2230    7    21.52    23.28
2230    8    24.20    25.00
2230    9    12.58    22.93
2230   10   235.76    15.67
2230   11   318.43    12.87
2230   12   134.67     9.95
2231    1   124.79     4.40
2231    2    61.87     9.06
2231    3   164.71     5.98
2231    4    53.03    12.62
2231    5    56.90    14.55
2231    6    43.92    19.78
2231    7     7.87    21.93
2231    8     5.90    24.28
2231    9    18.09    20.71
2231   10    32.55    19.13
2231   11    69.90    11.74
2231   12   313.29     7.56
2232    1   137.41     5.03
2232    2    67.48     7.85
2232    3    65.11     8.89
2232    4    27.39    15.34
2232    5    56.94    19.06
2232    6    54.70    21.82
2232    7    14.71    26.03
2232    8    32.96    25.25
2232    9    39.26    21.41
2232   10    33.77    18.06
2232   11   106.30    12.16
2232   12   260.63     9.62
2233    1   369.81     6.02
2233    2   210.95     7.06
2233    3    63.41     8.41
2233    4   112.90    11.25
2233    5    52.40    17.56
2233    6    69.76    19.84
2233    7    12.56    24.74
2233    8    34.94    23.62
2233    9    42.93    19.38
2233   10    55.52    13.06
2233   11   153.43    11.91
2233   12   243.33     8.64
2234    1   254.55     5.55
2234    2   111.62     6.74
2234    3   123.61    10.64
2234    4    62.29    10.56
2234    5    41.26    17.25
2234    6    15.98    21.58
2234    7     6.01    26.45
2234    8     3.50    27.61
2234    9    34.91    19.92
2234   10    59.75    15.54
2234   11    45.43    13.03
2234   12   377.15     8.90
2235    1   121.27     7.19
2235    2    41.89     6.00
2235    3   174.31     9.71
2235    4    63.85    11.47
2235    5    43.39    14.19
2235    6    47.90    19.80
2235    7    11.56    24.86
2235    8    25.99    24.71
2235    9    31.38    21.29
2235   10    38.27    15.13
2235   11    91.83    11.86
2235   12   191.41     4.29
2236    1   309.93     4.63
2236    2   168.44     7.23
2236    3   187.47     6.74
2236    4    48.06    10.77
2236    5    25.77    15.96
2236    6    30.72    21.30
2236    7    23.31    26.63
2236    8    42.39    25.04
2236    9    22.38    21.55
2236   10    69.13    14.77
2236   11   136.02     9.99
2236   12    74.54    10.85
2237    1   197.36     6.49
2237    2   168.75     6.33
2237    3   149.68    10.33
2237    4    80.76    10.98
2237    5    40.34    14.38
2237    6    13.36    22.28
2237    7    11.70    24.87
2237    8    18.67    25.83
2237    9    24.32    20.22
2237   10    99.04    15.67
2237   11    23.74    12.82
2237   12    90.91     6.42
2238    1   323.46     4.96
2238    2    89.63     4.26
2238    3   129.11     8.28
2238    4   110.44    11.28
2238    5    76.66    14.74
2238    6    31.31    19.99
2238    7    17.21    23.17
2238    8    25.90    25.70
2238    9    21.13    18.43
2238   10    97.90    17.47
2238   11   136.32    10.43
2238   12   251.88     8.69
2239    1   187.92     9.91
2239    2    43.76    10.95
2239    3    29.42    12.08
2239    4    34.06    12.94
2239    5    75.36    17.29
2239    6    47.29    21.96
2239    7     9.76    26.98
2239    8    19.88    25.53
2239    9    53.54    19.92
2239   10   150.85    15.99
2239   11   227.53    14.15
2239   12   250.76     8.14
2240    1   158.29     7.02
2240    2   239.47     6.17
2240    3   156.90     8.31
2240    4   158.39     9.99
2240    5   103.04    13.84
2240    6    48.41    19.22
2240    7    32.49    24.14
2240    8     5.95    24.86
2240    9    61.06    19.53
2240   10    57.69    16.26
2240   11   139.60    11.66
2240   12   244.94     6.98
2241    1   262.65     7.00
2241    2   150.34     4.92
2241    3    74.06    10.26
2241    4   110.48    12.58
2241    5    94.10    15.89
2241    6    24.14    20.98
2241    7     8.19    25.49
2241    8    16.74    25.12
2241    9    41.82    21.18
2241   10    91.49    17.10
2241   11    60.85    11.71
2241   12    76.29     8.86
2242    1   119.32     7.43
2242    2   112.05     9.30
2242    3   135.45    10.41
2242    4    86.10    11.87
2242    5    40.07    15.94
2242    6    36.58    20.77
2242    7    10.94    23.40
2242    8     4.08    25.17
2242    9    46.47    22.92
2242   10   161.81    15.25
2242   11   185.46    11.29
2242   12   266.21     9.03
2243    1   113.36     7.03
2243    2   178.33     4.91
2243    3   116.78     7.74
2243    4    83.60    10.09
2243    5    15.43    16.18
2243    6    24.63    18.95
2243    7     3.53    24.30
2243    8    26.43    24.75
2243    9    41.22    20.95
2243   10    69.88    18.07
2243   11   221.82    12.30
2243   12   251.73    10.13
2244    1   357.71     6.80
2244    2   227.60     5.84
2244    3    46.01     8.25
2244    4    67.05    11.74
2244    5    69.04    15.49
2244    6    26.08    23.21
2244    7    38.55    26.26
2244    8    25.77    26.62
2244    9    57.01    20.89
2244   10   189.03    13.41
2244   11   157.22    12.91
2244   12   164.01     8.77
2245    1   149.01     7.12
2245    2   141.42     6.28
2245    3   155.46     9.54
2245    4    87.76    11.79
2245    5    26.63    17.47
2245    6    38.55    20.84
2245    7    31.19    24.61
2245    8    16.41    24.78
2245    9    19.93    20.92
2245   10    63.27    17.23
2245   11   118.54    10.77
2245   12   153.51     9.24
2246    1   255.99     8.48
2246    2   131.28     8.23
2246    3   154.26     7.88
2246    4    89.48    10.00
2246    5    17.34    17.17
2246    6    34.86    20.18
2246    7     4.31    24.69
2246    8    36.41    25.33
2246    9     9.73    20.41
2246   10   109.93    15.93
2246   11    85.92    11.11
2246   12   187.63     8.58
2247    1   168.52     5.65
2247    2   114.52     6.39
2247    3   181.34     6.68
2247    4   104.85     8.02
2247    5    45.57    14.76
2247    6    55.19    19.96
2247    7    15.80    22.99
2247    8    27.52    24.87
2247    9    42.97    21.03
2247   10   143.75    16.64
2247   11   113.57    14.49
2247   12   111.79    10.83
2248    1   340.44     6.35
2248    2    74.75     6.90
2248    3    71.31    10.15
2248    4    51.47    13.68
2248    5    76.98    14.72
2248    6    36.67    21.54
2248    7    26.27    25.02
2248    8    23.17    26.28
2248    9    23.16    21.25
2248   10    67.38    20.51
2248   11   133.78    14.14
2248   12   334.98     9.75
2249    1   316.69     8.77
2249    2   108.47     9.49
2249    3   131.70    10.51
2249    4    80.83    11.74
2249    5    21.58    15.99
2249    6    43.72    21.11
2249    7    16.93    22.61
2249    8    14.09    24.86
2249    9    28.44    22.00
2249   10    48.26    16.94
2249   11   106.08    14.42
2249   12   251.23     7.78
2250    1   288.99     7.91
2250    2    74.17     7.61
2250    3    96.81     3.30
2250    4    73.39    11.86
2250    5    22.79    16.73
2250    6    20.43    19.87
2250    7     9.54    22.33
2250    8     3.19    24.21
2250    9    12.52    22.70
2250   10   172.52    16.51
2250   11    97.24    11.15
2250   12   388.65     7.12
2251    1   196.89     5.91
2251    2   117.49     5.49
2251    3    60.77     9.37
2251    4    50.37    13.26
2251    5    33.20    17.26
2251    6    26.17    22.25
2251    7     4.00    24.31
2251    8    12.24    25.63
2251    9    43.79    21.64
2251   10    47.20    16.81
2251   11    75.61    12.63
2251   12   177.86     9.76
2252    1   302.99     8.45
2252    2   169.41     7.52
2252    3    40.91    10.60
2252    4    51.62    11.08
2252    5    67.22    15.81
2252    6    15.89    20.25
2252    7    20.65    25.64
2252    8    25.02    24.42
2252    9    21.87    21.43
2252   10   100.03    18.12
2252   11   169.18    14.35
2252   12   259.86     9.41
2253    1   220.59     6.81
2253    2   103.41     7.11
2253    3    93.06     9.12
2253    4   187.27     8.91
2253    5    60.59    15.74
2253    6    65.62    18.06
2253    7    14.52    24.88
2253    8    15.08    24.64
2253    9    47.62    19.51
2253   10    51.04    15.42
2253   11   318.75     8.01
2253   12   207.60     7.80
2254    1   173.07     7.55
2254    2   215.07     7.67
2254    3    66.23     9.70
2254    4    34.03    13.52
2254    5    69.78    16.47
2254    6    23.16    22.78
2254    7     5.45    25.25
2254    8    14.94    24.90
2254    9    34.73    18.75
2254   10    49.09    16.24
2254   11   349.38    11.09
2254   12   330.54     7.10
2255    1   226.35     6.36
2255    2   161.26     6.71
2255    3   188.76     7.73
2255    4    22.27    11.32
2255    5    11.72    17.97
2255    6    17.50    21.58
2255    7    11.95    26.69
2255    8    15.78    26.03
2255    9    23.71    19.97
2255   10   209.79    15.62
2255   11   110.24    13.03
2255   12    36.12    10.16
2256    1   118.57     8.97
2256    2    79.13     9.32
2256    3   102.42    11.19
2256    4   122.42    11.84
2256    5    34.26    17.91
2256    6    73.10    21.62
2256    7    26.72    24.52
2256    8    29.08    23.24
2256    9    19.64    20.85
2256   10   145.87    14.55
2256   11   105.34    14.10
2256   12   161.25     7.68
2257    1   349.01     4.52
2257    2   102.85     7.56
2257    3   107.60     8.74
2257    4    61.63    10.07
2257    5    36.43    16.87
2257    6    18.62    21.26
2257    7    56.84    24.64
2257    8    49.87    25.54
2257    9    13.14    21.58
2257   10   187.20    15.14
2257   11    54.56    13.40
2257   12   148.19     9.85
2258    1   156.67     6.21
2258    2   129.04     9.15
2258    3   160.20     9.59
2258    4    41.46    12.68
2258    5   123.82    14.17
2258    6    35.44    19.27
2258    7    46.24    24.12
2258    8    19.31    24.54
2258    9    32.53    20.91
2258   10    26.46    17.56
2258   11   263.13    11.68
2258   12   266.35     8.80
2259    1   206.92     5.99
2259    2   127.88     4.72
2259    3   116.40     7.13
2259    4   108.92    11.67
2259    5    18.57    16.45
2259    6    26.99    21.18
2259    7    14.45    25.13
2259    8    37.80    24.85
2259    9    79.43    19.79
2259   10    48.10    19.59
2259   11    66.92    14.88
2259   12   387.18     7.93
2260    1   179.84     8.57
2260    2   198.14     6.07
2260    3   117.19     6.53
2260    4    72.74    11.61
2260    5    60.86    15.07
2260    6    45.58    21.23
2260    7    54.92    24.29
2260    8    57.23    24.27
2260    9    61.93    19.11
2260   10   102.93    16.62
2260   11   127.71    13.89
2260   12   216.08     9.95
2261    1   294.80     7.75
2261    2    64.17     9.23
2261    3   158.66     9.95
2261    4   178.10     9.99
2261    5   140.78    14.27
2261    6    28.07    20.74
2261    7    22.60    23.68
2261    8     9.22    24.90
2261    9    24.98    20.20
2261   10    68.75    16.01
2261   11    80.41    12.07
2261   12   255.29     8.90
2262    1   326.41     6.04
2262    2    89.30     8.08
2262    3    93.11     8.24
2262    4    31.13    13.27
2262    5    31.29    17.42
2262    6    32.76    22.63
2262    7     6.59    25.73
2262    8    21.82    25.69
2262    9    85.59    22.22
2262   10    42.74    14.33
2262   11   138.67    11.96
2262   12   349.86     8.83
2263    1    92.75     8.95
2263    2   118.27     7.62
2263    3   117.47     7.62
2263    4    74.44     9.56
2263    5    40.23    14.75
2263    6    20.19    21.42
2263    7     9.94    24.22
2263    8    27.15    24.82
2263    9    26.96    21.27
2263   10   137.80    13.44
2263   11   137.41    11.08
2263   12   217.68     8.91
2264    1   254.54     7.87
2264    2   133.18     7.81
2264    3    38.32     9.84
2264    4    45.93    11.45
2264    5    19.04    17.55
2264    6    88.58    20.78
2264    7    15.12    23.20
2264    8    35.63    23.11
2264    9    57.13    19.41
2264   10    49.25    17.19
2264   11    77.92    14.42
2264   12   288.48     8.57
2265    1   306.27     6.22
2265    2    70.89     5.57
2265    3    49.14    10.28
2265    4    75.42    11.43
2265    5    26.64    15.67
2265    6    54.40    21.97
2265    7     6.43    23.65
2265    8    14.51    25.15
2265    9    10.63    20.23
2265   10    30.31    16.80
2265   11   138.67    10.69
2265   12   254.67     9.45
2266    1   369.08     7.51
2266    2   139.50     7.72
2266    3    38.60     9.84
2266    4    55.98    12.97
2266    5    59.46    16.46
2266    6    48.88    20.96
2266    7    10.02    22.93
2266    8    15.61    25.65
2266    9    27.92    20.88
2266   10    36.44    15.49
2266   11   243.09    11.37
2266   12   247.04     9.65
2267    1   297.87     3.80
2267    2    81.93     7.96
2267    3   154.54     7.62
2267    4    26.91    12.54
2267    5    64.47    15.71
2267    6    67.59    19.55
2267    7    13.12    24.46
2267    8    17.16    25.19
2267    9    85.65    22.30
2267   10   124.84    16.54
2267   11    78.74    12.70
2267   12   108.77     9.17
2268    1   112.54     5.90
2268    2    32.37     9.96
2268    3    34.52    11.02
2268    4    58.74    13.89
2268    5    97.78    16.50
2268    6    43.18    21.28
2268    7    35.37    22.64
2268    8    11.48    25.03
2268    9    10.00    23.67
2268   10   141.29    14.97
2268   11   142.46    10.85
2268   12   216.81     7.20
2269    1   297.54     7.09
2269    2   198.01     8.22
2269    3   109.79     9.54
2269    4    72.46    12.65
2269    5    37.21    15.95
2269    6    24.26    22.29
2269    7     5.39    25.12
2269    8     2.17    24.95
2269    9    54.79    23.18
2269   10   168.77    18.70
2269   11   133.38    11.99
2269   12   212.96    10.03
2270    1   214.45     7.62
2270    2    47.35    10.40
2270    3    64.65     9.10
2270    4    64.62    13.27
2270    5   107.12    16.04
2270    6    23.48    19.03
2270    7     0.47    26.32
2270    8    13.04    26.46
2270    9    96.61    21.01
2270   10   120.35    12.61
2270   11    18.40    10.78
2270   12   224.02     8.82
2271    1   160.92     2.66
2271    2   188.92     6.15
2271    3   132.06     7.38
2271    4    65.10    11.12
2271    5    53.26    15.70
2271    6    14.74    20.05
2271    7    11.71    21.73
2271    8     3.40    25.49
2271    9    47.16    22.95
2271   10   197.22    16.87
2271   11    57.42    11.05
2271   12   235.53     9.10
2272    1   164.76     8.04
2272    2    77.06     7.49
2272    3    52.63    11.07
2272    4    61.50    11.29
2272    5    64.31    14.45
2272    6    77.29    21.32
2272    7    28.43    22.69
2272    8    35.22    24.74
2272    9    79.85    20.66
2272   10   117.62    14.95
2272   11   196.35    11.66
2272   12   203.63     7.14
2273    1   194.42     5.91
2273    2   118.13     6.10
2273    3   108.72     9.02
2273    4    30.29    13.88
2273    5    65.58    17.23
2273    6    44.33    20.80
2273    7    16.79    25.12
2273    8    19.78    24.92
2273    9    49.35    21.33
2273   10   104.95    16.59
2273   11   143.22    12.51
2273   12   144.78     9.66
2274    1   193.16     6.96
2274    2    91.91     7.55
2274    3   105.93     8.73
2274    4    80.79    11.06
2274    5    45.73    18.19
2274    6    16.29    20.87
2274    7     9.71    26.60
2274    8     9.87    25.52
2274    9    54.94    21.14
2274   10    46.87    16.53
2274   11   137.00    11.36
2274   12   312.89     6.06
2275    1   171.29     6.65
2275    2   162.85     8.51
2275    3   104.44     9.51
2275    4    24.13    13.14
2275    5    57.97    16.41
2275    6    41.55    19.21
2275    7    11.15    23.99
2275    8    22.10    24.52
2275    9    21.99    18.39
2275   10    44.19    14.33
2275   11   111.94    14.01
2275   12   127.72    11.04
2276    1    83.50     8.83
2276    2    82.62     8.63
2276    3   112.78     9.24
2276    4   228.87    10.17
2276    5    21.25    16.83
2276    6    27.40    20.32
2276    7    39.82    25.23
2276    8    15.45    25.88
2276    9    80.53    22.09
2276   10   122.94    14.32
2276   11   202.94     9.67
2276   12   109.79    10.92
2277    1   147.78     7.42
2277    2   138.07     8.44
2277    3    80.67    10.68
2277    4    82.83    11.46
2277    5    54.93    16.52
2277    6    50.10    19.98
2277    7     3.50    23.90
2277    8    22.99    25.34
2277    9    74.55    22.46
2277   10    45.78    15.31
2277   11    77.78    12.60
2277   12    57.73     9.85
2278    1   159.79     8.17
2278    2    87.14     7.08
2278    3   138.10     9.33
2278    4   105.67    11.38
2278    5    49.96    14.94
2278    6     8.01    20.10
2278    7    22.10    24.72
2278    8     9.04    25.59
2278    9    17.80    20.96
2278   10   111.35    16.25
2278   11   202.50    11.62
2278   12   285.46    10.28
2279    1   248.80     7.11
2279    2   113.15     5.36
2279    3    41.63     7.82
2279    4    76.46    12.07
2279    5    51.89    17.98
2279    6    87.74    21.25
2279    7    37.42    24.66
2279    8    18.75    24.74
2279    9    17.83    22.22
2279   10   137.87    17.98
2279   11    20.67    14.86
2279   12   202.69     7.39
2280    1   163.39     6.24
2280    2   259.10     5.71
2280    3    39.36     8.03
2280    4    48.19    11.21
2280    5    65.42    16.49
2280    6    57.01    20.76
2280    7    30.46    24.82
2280    8    32.38    24.89
2280    9    43.08    20.64
2280   10    75.03    17.00
2280   11   211.63    11.95
2280   12   353.91     8.07
2281    1   164.50     5.86
2281    2    85.33     8.53
2281    3   123.73     9.10
2281    4   125.74     9.36
2281    5    25.48    15.35
2281    6    71.15    19.94
2281    7    11.35    24.69
2281    8    31.52    24.22
2281    9     5.84    21.68
2281   10    13.33    16.44
2281   11    61.88    13.26
2281   12   213.14     8.34
2282    1   250.69     6.46
2282    2   171.80     7.74
2282    3   127.80     8.59
2282    4   170.02     9.42
2282    5    35.09    13.98
2282    6    28.26    20.47
2282    7    17.91    22.85
2282    8    14.21    23.87
2282    9    24.14    21.42
2282   10    89.81    17.33
2282   11   121.01    15.36
2282   12   180.49    10.13
2283    1   133.29     7.07
2283    2   119.82     9.46
2283    3    58.03     8.26
2283    4    72.82    13.56
2283    5    47.32    17.99
2283    6    65.49    23.02
2283    7    11.47    23.60
2283    8     4.49    26.75
2283    9    58.29    22.88
2283   10   122.65    15.43
2283   11   189.51     9.36
2283   12   233.08     8.78
2284    1   124.69     7.84
2284    2    57.37     6.66
2284    3    64.61     7.22
2284    4    97.88    10.77
2284    5    50.17    16.27
2284    6    69.83    18.14
2284    7    28.35    24.39
2284    8     1.04    25.53
2284    9    26.11    20.88
2284   10   159.44    14.93
2284   11    82.42    12.35
2284   12   152.70    10.84
2285    1   200.33     6.60
2285    2    98.46     9.23
2285    3    59.31     9.18
2285    4    55.65    13.35
2285    5   101.70    14.42
2285    6    53.15    19.36
2285    7    19.36    23.61
2285    8    24.27    26.91
2285    9    56.74    20.96
2285   10   248.78    16.00
2285   11   162.84    12.67
2285   12   136.94     9.76
2286    1   139.69     8.31
2286    2   147.12     6.91
2286    3   107.51     7.00
2286    4    65.19    13.91
2286    5    21.96    18.36
2286    6    77.66    19.96
2286    7    12.14    25.35
2286    8     3.65    26.93
2286    9    97.73    19.40
2286   10    58.63    16.66
2286   11   271.41    13.21
2286   12   122.69    11.53
2287    1   111.70     8.04
2287    2   114.72     8.96
2287    3   124.83    11.27
2287    4    99.05    12.44
2287    5    65.26    17.20
2287    6     8.95    23.20
2287    7     5.30    25.35
2287    8    18.47    25.81
2287    9     5.69    22.17
2287   10    77.35    16.88
2287   11   300.12    12.36
2287   12   313.89     9.85
2288    1   430.37     4.86
2288    2   178.46     6.89
2288    3   108.41     7.63
2288    4    93.83    10.63
2288    5    69.08    15.94
2288    6    49.66    19.81
2288    7     4.70    24.13
2288    8     9.36    24.92
2288    9    36.90    19.91
2288   10   126.82    16.90
2288   11   185.72    12.39
2288   12   279.15     7.65
2289    1   217.48     7.22
2289    2    64.31     9.38
2289    3    68.31    10.70
2289    4   108.51    11.68
2289    5    85.66    14.94
2289    6    71.83    19.31
2289    7    31.71    23.63
2289    8    21.98    24.88
2289    9    46.58    21.47
2289   10   167.94    13.39
2289   11   190.11    10.04
2289   12   549.50     6.48
2290    1   277.57     5.21
2290    2   303.09     4.40
2290    3    69.54     8.60
2290    4    19.44    11.55
2290    5    17.11    16.12
2290    6    33.00    22.64
2290    7    59.33    23.44
2290    8     6.92    24.58
2290    9    28.85    22.48
2290   10    96.24    19.17
2290   11   207.89    12.30
2290   12   106.07    10.02
2291    1   442.46     6.71
2291    2   157.45     6.54
2291    3    74.34    10.48
2291    4    81.05    13.41
2291    5    48.20    16.05
2291    6    17.62    22.40
2291    7    13.76    24.90
2291    8    12.11    26.19
2291    9    22.83    22.14
2291   10    32.12    17.63
2291   11   245.22    11.18
2291   12   243.20     8.00
2292    1   160.21     7.76
2292    2   263.86     8.27
2292    3    61.86    11.09
2292    4    51.26    14.98
2292    5    48.58    16.58
2292    6    24.39    22.77
2292    7    49.53    24.03
2292    8    12.14    25.92
2292    9    45.36    21.89
2292   10   185.99    15.80
2292   11   101.71    11.53
2292   12   130.37     6.05
2293    1   154.49     8.77
2293    2   102.87     8.09
2293    3   142.00     8.03
2293    4    53.02    10.87
2293    5    51.24    15.90
2293    6    27.39    21.73
2293    7     1.81    26.16
2293    8    42.72    24.89
2293    9   100.71    20.33
2293   10    40.34    17.05
2293   11   160.85    12.50
2293   12   308.41     9.00
2294    1   297.19     6.86
2294    2    55.51     9.86
2294    3    84.48    10.73
2294    4    64.26    12.93
2294    5    55.40    17.79
2294    6    20.63    21.81
2294    7    13.19    24.77
2294    8     9.65    25.23
2294    9    21.48    20.84
2294   10    66.66    16.77
2294   11   194.64    10.30
2294   12   191.87     8.58
2295    1   251.88     8.00
2295    2   168.67     4.76
2295    3   169.45     6.74
2295    4    89.14    10.08
2295    5    24.96    14.80
2295    6    44.00    20.88
2295    7    11.20    24.56
2295    8     6.30    26.91
2295    9    20.08    23.78
2295   10   241.73    16.46
2295   11    46.95    13.32
2295   12   243.15    10.11
2296    1   330.30     7.77
2296    2    65.93     8.69
2296    3   128.78     9.24
2296    4    79.28    11.67
2296    5    16.07    18.07
2296    6    25.46    23.10
2296    7    36.73    25.30
2296    8     7.33    24.77
2296    9    11.82    20.73
2296   10   122.38    16.27
2296   11   187.23    12.66
2296   12   187.22     6.44
2297    1   188.54     6.36
2297    2   116.42     7.02
2297    3    78.69    11.30
2297    4    71.30    11.75
2297    5    64.98    14.74
2297    6    62.26    20.24
2297    7    39.28    24.74
2297    8    14.34    26.51
2297    9    40.76    21.15
2297   10    68.19    18.42
2297   11    72.15    13.25
2297   12   179.96     9.60
2298    1   143.38     7.30
2298    2    83.49     6.10
2298    3   106.35     9.48
2298    4   103.49     9.46
2298    5     9.22    16.90
2298    6    35.82    22.11
2298    7    17.95    24.63
2298    8    16.14    24.96
2298    9    26.75    21.37
2298   10   115.54    17.09
2298   11   242.03    12.97
2298   12   293.66     8.76
2299    1   165.12     6.44
2299    2   155.08     8.45
2299    3    58.95     9.48
2299    4    95.80     9.98
2299    5    85.34    15.89
2299    6    61.52    20.74
2299    7    28.85    24.28
2299    8     8.82    24.76
2299    9    50.90    20.15
2299   10    43.63    17.54
2299   11    66.02    14.01
2299   12   141.08    11.28
2300    1   196.03     8.67
2300    2    63.68     6.07
2300    3   186.67     9.43
2300    4    45.69    13.68
2300    5    35.53    18.62
2300    6   130.72    19.41
2300    7    18.96    24.73
2300    8    18.49    26.15
2300    9    12.21    21.74
2300   10    71.69    16.05
2300   11   179.84    12.29
2300   12   293.88     7.45
