1850    1    41.37     3.01
1850    2    77.84     3.50
1850    3    39.86     7.30
1850    4    11.63     7.30
1850    5    55.54    15.29
1850    6    55.87    17.76
1850    7    19.24    18.56
1850    8    13.49    19.11
1850    9    20.21    14.98
1850   10     5.55    15.75
1850   11    43.18     7.82
1850   12   132.87     7.06
1851    1   121.73     3.50
1851    2    50.87     0.36
1851    3    11.29     7.93
1851    4    11.74    12.90
1851    5    58.11    16.88
1851    6    76.71    16.93
1851    7     9.91    19.39
1851    8    17.58    18.92
1851    9    31.20    16.74
1851   10    29.76    13.07
1851   11   102.01     4.95
1851   12    95.99     5.10
1852    1    64.69    -1.41
1852    2    71.49     2.61
1852    3    53.04     6.53
1852    4    48.91    12.70
1852    5    40.48    16.42
1852    6    41.28    17.57
1852    7     5.00    22.24
1852    8    26.57    19.74
1852    9    28.26    17.20
1852   10    48.15     9.82
1852   11    93.14     6.31
1852   12    54.04     1.08
1853    1    70.45    -4.33
1853    2   122.94     3.87
1853    3    52.60     6.92
1853    4    61.35    10.52
1853    5    50.79    13.60
1853    6    66.68    16.09
1853    7    47.26    18.05
1853    8    31.10    18.06
1853    9    14.52    17.46
1853   10    40.11     9.79
1853   11    38.35     6.83
1853   12    70.03     3.30
1854    1   101.53    -1.31
1854    2    25.36    -0.11
1854    3    98.39     8.00
1854    4    42.19    12.41
1854    5    43.53    15.73
1854    6    52.32    18.10
1854    7     5.25    20.03
1854    8    18.85    19.68
1854    9    20.63    16.54
1854   10    34.80    13.15
1854   11    87.42     6.21
1854   12    16.73     1.59
1855    1    73.13     1.40
1855    2   112.90     3.69
1855    3   128.25     5.07
1855    4    61.96     8.83
1855    5    98.61    14.70
1855    6    81.30    17.10
1855    7    20.22    19.61
1855    8     7.02    19.99
1855    9    37.57    12.43
1855   10    87.10    10.45
1855   11    11.95     8.59
1855   12   101.91     3.60
1856    1   110.82     1.59
1856    2    44.08     2.48
1856    3    96.43     6.71
1856    4    15.18    10.73
1856    5     8.84    16.11
1856    6    21.05    22.19
1856    7     2.32    20.71
1856    8     7.34    19.45
1856    9    19.72    15.06
1856   10    16.42    12.89
1856   11    68.62     7.97
1856   12   191.09     6.93
1857    1   153.45     0.24
1857    2    71.75     4.08
1857    3    68.53     4.03
1857    4    27.45    12.82
1857    5   104.52    13.10
1857    6    24.26    16.07
1857    7    26.38    19.08
1857    8    33.66    18.30
1857    9    53.78    14.87
1857   10    36.79    12.94
1857   11    84.60     6.85
1857   12    95.18     6.29
1858    1    99.30     1.87
1858    2    85.57     3.31
1858    3    98.89     3.61
1858    4    82.62     9.50
1858    5    89.23    15.73
1858    6    73.92    18.37
1858    7    21.29    21.34
1858    8     5.15    19.80
1858    9     0.30    20.11
1858   10    35.20    15.65
1858   11   100.84     8.69
1858   12    58.79     3.19
1859    1   123.14    -1.29
1859    2    97.00     5.02
1859    3    49.42     5.36
1859    4    62.68     9.77
1859    5    55.06    16.70
1859    6     7.51    17.27
1859    7     9.58    21.12
1859    8     2.84    20.88
1859    9    17.03    16.10
1859   10     8.25    11.18
1859   11    42.04     5.31
1859   12   100.42     4.92
1860    1   156.11     1.26
1860    2    68.46     0.34
1860    3    30.05     6.12
1860    4    36.81    11.59
1860    5    45.07    14.68
1860    6    61.91    20.06
1860    7    42.03    19.26
1860    8     2.63    21.14
1860    9    35.07    15.50
1860   10    47.49    13.31
1860   11    13.98     6.61
1860   12   125.59     1.57
1861    1    90.41     2.59
1861    2    31.74     4.63
1861    3    55.23     4.90
1861    4    28.40     8.81
1861    5    11.44    16.65
1861    6   108.54    19.80
1861    7    34.67    21.62
1861    8     0.59    25.32
1861    9    12.13    16.52
1861   10     8.34    13.43
1861   11   116.00     6.92
1861   12   122.80     2.61
1862    1    65.97     2.84
1862    2    67.18     3.53
1862    3    53.73     4.67
1862    4    87.83    10.58
1862    5   120.02    12.14
1862    6    20.83    18.17
1862    7    49.55    19.50
1862    8    23.45    20.70
1862    9    21.08    17.64
1862   10   118.79    13.00
1862   11    83.43     9.63
1862   12    89.20     2.55
1863    1    92.18     1.94
1863    2    81.26     4.80
1863    3    48.63     5.48
1863    4    91.82     9.40
1863    5    70.36    14.20
1863    6    24.72    19.54
1863    7    22.22    19.29
1863    8    13.18    19.61
1863    9    17.07    16.96
1863   10    34.97    14.04
1863   11    43.06     7.68
1863   12   137.26     4.59
1864    1   126.91     2.48
1864    2    66.08     3.97
1864    3    18.96     6.95
1864    4   102.33    11.49
1864    5    61.52    15.13
1864    6    57.94    17.02
1864    7    65.06    17.89
1864    8     6.56    18.41
1864    9    31.50    16.54
1864   10    13.10    12.01
1864   11    30.20     4.74
1864   12    60.51     2.44
1865    1   166.86     1.39
1865    2     6.28     0.52
1865    3    60.10     7.02
1865    4    45.82     7.10
1865    5    37.36    13.19
1865    6    55.64    16.41
1865    7    22.03    21.61
1865    8     8.42    19.10
1865    9    11.62    15.65
1865   10    24.34    10.74
1865   11    64.44     6.95
1865   12   151.93     4.07
1866    1   135.61     4.58
1866    2    61.57     2.37
1866    3    57.44     8.06
1866    4    42.54    10.71
1866    5   117.26    14.52
1866    6    28.99    18.84
1866    7    79.23    18.38
1866    8     0.82    20.74
1866    9    49.17    16.76
1866   10    49.55    12.85
1866   11    15.79     4.34
1866   12   132.17     4.38
1867    1   124.53     2.89
1867    2   140.67     1.29
1867    3    79.86     5.15
1867    4    43.23    12.26
1867    5    63.30    13.04
1867    6    43.30    17.32
1867    7    60.74    17.92
1867    8    14.87    18.24
1867    9    45.79    15.71
1867   10     0.01    11.43
1867   11    16.62     3.49
1867   12   115.41     5.03
1868    1    27.19     3.10
1868    2    97.23     4.01
1868    3    43.59     8.68
1868    4     7.93    15.27
1868    5    55.90    14.31
1868    6    56.32    18.88
1868    7     7.41    21.50
1868    8     3.10    22.43
1868    9    65.16    17.52
1868   10    70.35    11.03
1868   11    43.10     4.41
1868   12   118.69     2.30
1869    1    81.50     3.84
1869    2    50.58     2.37
1869    3    65.81     5.31
1869    4    85.60     9.19
1869    5    23.65    12.17
1869    6    76.11    14.94
1869    7     7.58    20.01
1869    8     0.34    22.16
1869    9     2.42    17.64
1869   10   144.99     9.02
1869   11   174.44     5.70
1869   12   113.87     2.26
1870    1   117.83     0.08
1870    2    68.18     0.48
1870    3    55.22     6.83
1870    4    70.16     9.71
1870    5    80.62    16.60
1870    6    65.86    15.66
1870    7    73.98    18.30
1870    8     4.74    18.88
1870    9     9.22    17.92
1870   10    44.27    12.84
1870   11    93.99     5.83
1870   12   121.94     4.44
1871    1    16.94    -1.15
1871    2    78.50     3.06
1871    3    66.05     4.27
1871    4    81.78     6.23
1871    5    90.79    14.40
1871    6     9.70    18.74
1871    7     1.84    22.34
1871    8     0.03    22.00
1871    9    43.55    15.81
1871   10    14.97    12.16
1871   11    60.27     3.42
1871   12   138.18     5.74
1872    1    65.01     1.09
1872    2   106.19     3.62
1872    3    66.41     6.31
1872    4    70.77     9.44
1872    5    58.22    13.64
1872    6    65.07    19.11
1872    7    12.85    18.37
1872    8    19.75    18.30
1872    9     0.00    18.80
1872   10    11.54    13.73
1872   11    68.28     7.62
1872   12   109.76    -0.01
1873    1    52.05    -4.70
1873    2    28.23     3.88
1873    3    64.02     7.09
1873    4    28.27    10.37
1873    5    82.44    14.44
1873    6    52.81    17.16
1873    7     6.73    18.23
1873    8    14.03    21.40
1873    9    10.58    16.15
1873   10    50.06     9.25
1873   11    96.77     7.93
1873   12   131.77     1.97
1874    1   103.36     4.55
1874    2    79.91     4.23
1874    3    25.10     6.99
1874    4     5.88    10.41
1874    5    51.63    14.85
1874    6   125.75    18.90
1874    7    39.36    20.44
1874    8    15.19    18.13
1874    9    10.82    17.45
1874   10     8.48    12.16
1874   11    36.00     7.16
1874   12    46.32     4.10
1875    1   177.78     1.11
1875    2    77.36    -1.21
1875    3    66.98     5.17
1875    4    42.70    10.18
1875    5    54.66    13.22
1875    6    65.33    16.13
1875    7    28.42    19.92
1875    8    29.68    18.50
1875    9     0.06    16.50
1875   10    25.98    11.46
1875   11    68.22     7.85
1875   12   135.65    -0.19
1876    1   162.91     1.45
1876    2   138.88    -1.73
1876    3   110.60     5.22
1876    4    35.00     9.46
1876    5    22.21    16.29
1876    6    11.58    19.67
1876    7    10.51    20.34
1876    8     4.00    22.85
1876    9     1.76    20.98
1876   10    46.09    13.43
1876   11   117.38    10.58
1876   12   118.14     5.77
1877    1    93.86     2.97
1877    2    65.53     0.26
1877    3    24.32     4.51
1877    4    19.06     9.02
1877    5   102.72    14.84
1877    6    33.90    15.73
1877    7    26.42    18.96
1877    8     9.26    21.44
1877    9    11.26    18.92
1877   10    84.68    11.00
1877   11    61.30     7.79
1877   12   239.45     4.19
1878    1   115.00    -0.38
1878    2    39.37     3.32
1878    3    65.96     3.40
1878    4    41.23    11.24
1878    5   101.65    16.97
1878    6    69.16    18.34
1878    7    40.19    19.39
1878    8    15.95    17.43
1878    9     5.10    19.24
1878   10    18.69    14.21
1878   11    63.11     7.60
1878   12    20.63     6.11
1879    1    22.64    -0.17
1879    2    11.77    -4.49
1879    3    39.19     6.09
1879    4    33.84    14.38
1879    5    75.84    16.71
1879    6    59.05    17.49
1879    7    65.76    18.26
1879    8    30.13    18.64
1879    9    55.10    13.73
1879   10    57.68    10.10
1879   11    42.45     4.40
1879   12    20.71     3.21
1880    1    74.26     0.88
1880    2    88.29     6.44
1880    3    37.93     3.38
1880    4    74.53     9.56
1880    5    65.30    13.12
1880    6    25.70    17.26
1880    7     0.29    24.13
1880    8     0.09    25.26
1880    9    15.98    15.61
1880   10    12.42    10.47
1880   11    71.45     7.36
1880   12    35.87     0.51
1881    1   212.24     0.50
1881    2    43.27     3.02
1881    3    92.25     6.75
1881    4    27.38    10.09
1881    5    43.55    16.44
1881    6    80.55    17.78
1881    7     7.53    20.12
1881    8    12.82    20.75
1881    9     8.49    18.24
1881   10    15.65    13.05
1881   11    97.73     9.70
1881   12   115.38     3.04
1882    1   150.32     1.30
1882    2    70.90     0.50
1882    3   100.99     2.92
1882    4    41.83    11.32
1882    5    40.14    15.25
1882    6    30.72    18.85
1882    7     5.95    20.61
1882    8    66.35    19.36
1882    9     0.51    18.98
1882   10    54.90    14.46
1882   11    49.26    10.33
1882   12   177.40     0.88
1883    1   130.19     0.12
1883    2    18.26     4.51
1883    3    34.19     6.41
1883    4    40.60    12.22
1883    5    26.21    17.65
1883    6    96.86    17.33
1883    7     7.99    21.73
1883    8    43.58    19.82
1883    9     3.40    18.40
1883   10     0.19    12.61
1883   11    59.11    10.06
1883   12    40.71     7.44
1884    1   163.26     1.04
1884    2     1.25     1.37
1884    3    83.54     5.47
1884    4    79.12    10.73
1884    5    43.12    18.05
1884    6    47.22    19.56
1884    7    27.31    21.66
1884    8    18.09    21.33
1884    9     2.03    18.85
1884   10    35.30    13.87
1884   11    75.17     8.38
1884   12   100.79     1.31
1885    1    70.33     1.88
1885    2    64.60     2.97
1885    3   101.59     5.21
1885    4    13.82    12.47
1885    5    46.63    16.07
1885    6   108.72    19.40
1885    7    36.21    20.31
1885    8     0.00    22.61
1885    9     2.46    18.34
1885   10    73.76     9.62
1885   11    17.64     7.13
1885   12    44.61    -0.16
1886    1    95.27     3.44
1886    2    91.30     5.40
1886    3    68.88     7.52
1886    4    33.28     8.86
1886    5    61.59    16.36
1886    6    22.31    19.68
1886    7    17.83    20.93
1886    8     8.36    19.98
1886    9    58.81    12.33
1886   10    12.94    10.41
1886   11    75.89     4.49
1886   12    84.10     1.96
1887    1   108.45    -0.48
1887    2    72.14     3.10
1887    3    20.52     2.41
1887    4    28.29     9.75
1887    5    64.46    17.26
1887    6    82.55    17.19
1887    7    48.45    18.57
1887    8    17.45    18.63
1887    9     6.45    17.81
1887   10    24.30    11.00
1887   11    23.44     7.12
1887   12   132.37     1.36
1888    1   125.21     1.43
1888    2    72.67     3.40
1888    3    76.65     6.04
1888    4    24.86    12.27
1888    5   130.64    16.32
1888    6    36.40    17.90
1888    7    51.12    19.01
1888    8    36.69    17.80
1888    9     9.73    17.12
1888   10   123.09    11.84
1888   11    16.67     4.46
1888   12    15.25     3.72
1889    1    99.49     2.19
1889    2   155.07     2.95
1889    3    56.24     6.19
1889    4    53.79     6.86
1889    5    51.53    12.77
1889    6    30.84    17.71
1889    7    27.04    17.03
1889    8     8.06    18.97
1889    9    45.11    14.07
1889   10    36.46    10.31
1889   11    98.24     5.87
1889   12   199.75     3.81
1890    1    52.45     3.24
1890    2   123.32     4.40
1890    3    86.66     6.53
1890    4    84.99     8.44
1890    5    63.37    12.69
1890    6    31.71    14.68
1890    7     8.61    17.56
1890    8    28.72    17.28
1890    9    18.79    16.64
1890   10    51.65    13.16
1890   11   104.90     7.80
1890   12    80.57    -0.42
1891    1   132.35     0.83
1891    2    59.67     2.94
1891    3    31.01     2.69
1891    4    84.75    10.00
1891    5    68.95    14.05
1891    6    43.57    16.41
1891    7    26.28    18.59
1891    8     4.68    18.49
1891    9    32.28    14.64
1891   10   110.48     8.33
1891   11    75.20     7.06
1891   12   164.65     1.54
1892    1   188.30     0.24
1892    2    84.42     0.42
1892    3    72.90     4.09
1892    4    95.20     8.20
1892    5    29.22    14.32
1892    6    38.80    15.45
1892    7    10.16    18.09
1892    8     5.63    19.22
1892    9    11.53    17.67
1892   10     0.62    10.63
1892   11    63.92     4.63
1892   12   100.08     3.11
1893    1   113.11     0.47
1893    2   100.36     4.05
1893    3    84.89     4.82
1893    4    24.36    11.62
1893    5    56.87    17.77
1893    6    81.26    18.14
1893    7    22.57    18.48
1893    8     5.91    19.14
1893    9     5.09    17.46
1893   10    67.35    10.43
1893   11    53.81     7.98
1893   12    60.04     2.67
1894    1   112.88    -2.43
1894    2    77.74     1.04
1894    3    76.16     3.57
1894    4    84.46     7.92
1894    5    63.70    13.79
1894    6    35.09    18.58
1894    7    31.54    20.98
1894    8    46.22    17.14
1894    9    72.42    13.31
1894   10   107.64    10.99
1894   11   140.59     6.57
1894   12   193.34     3.89
1895    1   158.10    -1.07
1895    2    18.13     0.62
1895    3    44.64     5.86
1895    4    21.65    12.11
1895    5    32.09    15.25
1895    6    18.12    18.70
1895    7    10.04    21.54
1895    8    46.81    20.76
1895    9    35.69    17.84
1895   10    17.82    11.00
1895   11    37.64     4.83
1895   12    90.39    -1.76
1896    1    82.39    -3.97
1896    2    38.34     3.81
1896    3    25.43     3.32
1896    4    45.74    10.17
1896    5    84.18    13.67
1896    6    69.87    18.66
1896    7     5.67    20.31
1896    8    19.20    21.43
1896    9     6.10    17.23
1896   10    52.63    11.93
1896   11    47.42     7.84
1896   12   195.00     2.82
1897    1    94.90    -1.69
1897    2    53.11     2.48
1897    3    14.04     4.16
1897    4    40.76    14.01
1897    5    64.23    14.52
1897    6    53.20    19.20
1897    7    24.07    19.29
1897    8     1.48    20.09
1897    9     6.03    19.63
1897   10    79.09    12.73
1897   11    60.82     7.93
1897   12   119.12     0.91
1898    1   143.72    -0.07
1898    2    69.88     1.97
1898    3    53.58     6.43
1898    4    32.74     9.64
1898    5    92.38    15.73
1898    6    34.88    16.17
1898    7    57.57    16.89
1898    8     5.19    19.44
1898    9     1.18    15.40
1898   10    13.85     6.95
1898   11    13.36     6.94
1898   12   227.26     3.61
1899    1   106.07     1.48
1899    2    71.34    -1.21
1899    3    17.12     4.36
1899    4    71.64     9.79
1899    5    72.59    14.02
1899    6    31.41    17.54
1899    7     6.24    18.70
1899    8    27.21    18.32
1899    9    19.02    16.76
1899   10    34.14    13.45
1899   11    94.12     9.70
1899   12   105.51     4.44
1900    1    85.64     4.54
1900    2   108.68     0.86
1900    3    42.84     7.70
1900    4    48.15    12.77
1900    5    52.29    14.42
1900    6    31.25    20.60
1900    7    27.16    18.43
1900    8    19.98    20.76
1900    9     0.87    18.38
1900   10    50.01    10.17
1900   11    84.41     9.85
1900   12    95.48     4.56
1901    1    71.14     3.40
1901    2    37.43     6.76
1901    3    63.75     8.24
1901    4     5.95    12.23
1901    5    59.78    13.56
1901    6    87.55    18.55
1901    7    44.28    19.75
1901    8    36.79    17.80
1901    9     4.22    16.57
1901   10     0.16    14.10
1901   11    28.80     7.72
1901   12   161.25     4.28
1902    1   161.57     2.58
1902    2   112.65     0.65
1902    3    74.37     5.48
1902    4   112.24     9.81
1902    5    99.82    14.18
1902    6    41.93    17.88
1902    7    17.07    18.30
1902    8     1.53    18.62
1902    9    21.32    15.53
1902   10    14.88    11.33
1902   11    98.02     4.10
1902   12    62.81     2.71
1903    1    75.86     0.84
1903    2    73.94     3.41
1903    3    50.62     4.65
1903    4    21.47     9.99
1903    5   115.48    15.30
1903    6    76.70    15.26
1903    7    45.85    16.44
1903    8    19.09    16.86
1903    9    39.44    15.58
1903   10    54.17    10.42
1903   11    95.25     2.20
1903   12   172.42     1.57
1904    1    93.92    -0.33
1904    2    67.65     2.32
1904    3    78.06     3.25
1904    4    70.01     8.94
1904    5    38.49    15.65
1904    6   110.57    15.54
1904    7    26.57    17.39
1904    8     1.29    17.95
1904    9    21.32    17.14
1904   10    12.69    13.80
1904   11   212.15     4.61
1904   12    30.25     3.79
1905    1    31.15     1.17
1905    2    99.02     1.41
1905    3    59.63     1.99
1905    4    57.23     7.15
1905    5    27.78    13.27
1905    6    75.09    15.87
1905    7     9.65    20.51
1905    8     0.80    22.46
1905    9     0.84    22.02
1905   10     1.14    14.50
1905   11    85.41     7.88
1905   12   129.03     0.51
1906    1   145.77     2.07
1906    2    59.93     5.73
1906    3    66.25     7.59
1906    4    43.85    12.69
1906    5    91.64    14.58
1906    6    23.22    18.41
1906    7    71.68    19.80
1906    8    15.43    18.33
1906    9    35.71    14.63
1906   10    47.91    10.79
1906   11    49.06     9.30
1906   12    96.23     0.85
1907    1    17.15     1.75
1907    2    48.73     3.36
1907    3    73.92     3.04
1907    4    28.40     7.12
1907    5    63.55    17.73
1907    6    43.31    19.04
1907    7     8.65    23.66
1907    8     0.06    23.15
1907    9    24.10    19.12
1907   10    13.20    15.25
1907   11    47.61     9.18
1907   12   196.78     4.11
1908    1   128.12     0.19
1908    2    26.72     4.80
1908    3    31.11     6.30
1908    4    69.43     9.24
1908    5    89.18    14.10
1908    6    65.77    16.81
1908    7    31.00    17.96
1908    8    33.44    19.16
1908    9     6.65    14.65
1908   10    49.01    13.20
1908   11    17.80     6.37
1908   12   117.65    -1.16
1909    1    79.17    -1.68
1909    2    60.51     2.74
1909    3    25.37     6.77
1909    4    54.96    12.40
1909    5    67.28    13.33
1909    6    46.29    18.34
1909    7    77.57    18.84
1909    8     6.34    18.71
1909    9     0.23    19.40
1909   10    63.36    11.89
1909   11    45.51     5.63
1909   12    94.22     3.40
1910    1    40.81    -1.41
1910    2    51.34     3.59
1910    3    13.74     6.20
1910    4    47.80    11.24
1910    5    49.38    16.38
1910    6    70.74    16.74
1910    7     3.40    20.13
1910    8    49.53    18.32
1910    9    56.24    15.65
1910   10    35.84    12.53
1910   11    57.82     5.20
1910   12   238.38     3.72
1911    1   137.51     2.83
1911    2   126.73     0.70
1911    3    35.90     5.78
1911    4    71.34    10.07
1911    5   103.92    12.39
1911    6     5.05    18.23
1911    7    14.33    17.90
1911    8     0.46    20.64
1911    9    20.12    16.40
1911   10    42.13    12.58
1911   11   104.70     7.64
1911   12    95.05     5.43
1912    1   126.80     2.13
1912    2    96.21     4.69
1912    3    69.73     6.03
1912    4    22.57     8.47
1912    5    64.20    14.20
1912    6    29.70    19.18
1912    7     9.06    19.33
1912    8    42.20    22.54
1912    9    36.25    14.44
1912   10   101.99     7.01
1912   11    13.45     3.64
1912   12    90.71     3.83
1913    1   127.38     2.79
1913    2    52.10     3.48
1913    3   103.98     6.04
1913    4    32.36    12.41
1913    5    46.82    12.30
1913    6    46.40    16.71
1913    7     3.54    19.31
1913    8     7.34    18.98
1913    9    90.46    13.00
1913   10    15.81     9.30
1913   11    15.43     2.37
1913   12    40.64     0.71
1914    1   226.63     0.65
1914    2    57.23     2.34
1914    3    46.91     6.79
1914    4    98.30     9.51
1914    5    56.57    14.09
1914    6    17.13    17.84
1914    7    74.92    18.67
1914    8     2.36    17.28
1914    9    16.37    14.67
1914   10     0.10    12.97
1914   11    58.80     7.75
1914   12    61.12     4.15
1915    1   108.04     1.35
1915    2    94.46     2.07
1915    3    76.08     7.23
1915    4    21.65    13.00
1915    5    31.05    15.27
1915    6    38.23    17.74
1915    7    17.96    21.10
1915    8    36.69    17.25
1915    9     0.71    20.57
1915   10    15.83    10.93
1915   11    58.87     6.78
1915   12   163.98     3.35
1916    1   139.62    -1.10
1916    2    14.76    -0.90
1916    3     2.41     5.68
1916    4    76.24    10.83
1916    5    56.68    14.41
1916    6     2.53    18.72
1916    7    15.26    19.00
1916    8    10.75    18.57
1916    9    50.55    12.89
1916   10    37.93     8.75
1916   11    42.31     7.14
1916   12    69.94     2.52
1917    1   150.66    -1.37
1917    2   137.72     4.47
1917    3    37.78     5.03
1917    4    23.46    11.45
1917    5    98.52    16.62
1917    6    11.30    20.08
1917    7    32.01    18.85
1917    8    11.80    17.75
1917    9    40.45    16.42
1917   10    68.17    11.28
1917   11    14.40     5.01
1917   12   189.48    -0.48
1918    1    99.91    -1.17
1918    2    56.69     0.41
1918    3    46.52     3.80
1918    4    21.90    12.12
1918    5    45.72    17.75
1918    6    19.73    19.26
1918    7    39.08    22.05
1918    8    31.25    20.34
1918    9    16.12    17.88
1918   10    48.52    12.78
1918   11    68.45     6.96
1918   12    51.88     6.56
1919    1    86.07     0.66
1919    2    71.73     1.75
1919    3   134.02     4.28
1919    4   150.53     7.81
1919    5    28.34    11.69
1919    6    79.46    18.14
1919    7     8.29    20.94
1919    8    19.31    21.62
1919    9     4.04    18.20
1919   10    49.63    13.47
1919   11   138.55     6.07
1919   12   116.02     2.80
1920    1   101.84     1.46
1920    2    49.21     2.63
1920    3    72.55     6.48
1920    4    14.14    10.54
1920    5    28.32    13.02
1920    6    58.54    16.87
1920    7    10.20    18.13
1920    8     0.04    20.19
1920    9    39.97    16.41
1920   10    62.81    12.20
1920   11    95.13     4.00
1920   12   101.98     2.00
1921    1    75.24     4.58
1921    2    75.43     3.31
1921    3    66.94     7.58
1921    4    45.80    10.29
1921    5   106.81    16.37
1921    6    75.15    16.45
1921    7    27.97    19.27
1921    8     4.79    19.37
1921    9     6.89    19.18
1921   10    11.35    12.06
1921   11    80.78    10.49
1921   12   140.93     4.04
1922    1   157.90     3.62
1922    2    68.55     1.63
1922    3    67.53     5.16
1922    4    82.02     9.67
1922    5   112.98    13.35
1922    6    20.64    18.50
1922    7    30.19    21.56
1922    8    10.99    17.98
1922    9    11.26    15.19
1922   10    14.23    13.47
1922   11    74.95     9.19
1922   12    83.33    -0.81
1923    1   126.38     0.59
1923    2    64.11     1.09
1923    3    86.20     1.79
1923    4     6.32     6.13
1923    5    28.16    12.44
1923    6    26.27    16.40
1923    7    20.16    19.68
1923    8    34.15    18.86
1923    9    25.97    14.87
1923   10    29.49    12.19
1923   11    22.96     5.77
1923   12   194.52     3.90
1924    1   126.31    -1.15
1924    2   101.80     2.92
1924    3    47.67     5.05
1924    4    36.06     8.54
1924    5    49.49    14.51
1924    6     7.94    16.83
1924    7    69.35    18.63
1924    8    50.76    16.40
1924    9     0.00    18.49
1924   10    59.93    10.07
1924   11   117.10     7.07
1924   12   132.09     4.88
1925    1   101.19     4.12
1925    2    95.97     2.74
1925    3    49.49     3.43
1925    4    29.65    11.34
1925    5    49.33    13.70
1925    6    18.17    18.86
1925    7    32.20    18.91
1925    8     5.67    20.33
1925    9     5.73    16.50
1925   10    61.35    12.72
1925   11   149.63     4.69
1925   12    62.31     4.16
1926    1   164.46     0.80
1926    2   133.87     1.98
1926    3    39.52     2.78
1926    4    98.52     7.44
1926    5    22.30    16.48
1926    6    38.75    17.78
1926    7    12.02    19.58
1926    8    12.97    19.04
1926    9     0.74    18.30
1926   10    47.57    12.72
1926   11    20.77     5.62
1926   12   112.67    -1.31
1927    1   110.24     1.56
1927    2    53.64    -1.12
1927    3   110.80     2.45
1927    4    74.57     7.90
1927    5    42.02    15.41
1927    6    49.70    15.48
1927    7    19.90    18.85
1927    8    65.33    17.29
1927    9    13.71    17.62
1927   10    19.96    14.08
1927   11    66.56    10.51
1927   12   200.69     5.11
1928    1    75.01     3.61
1928    2    90.34     1.01
1928    3    54.64     4.76
1928    4    50.73     9.97
1928    5    83.63    17.07
1928    6    77.95    18.01
1928    7     4.79    19.65
1928    8    20.54    18.09
1928    9     0.02    17.44
1928   10    19.72    11.32
1928   11   107.57     5.86
1928   12   184.45     2.33
1929    1   105.40    -0.08
1929    2    53.78     0.42
1929    3    60.48     4.17
1929    4    76.70     6.81
1929    5    47.63    15.42
1929    6    35.19    17.82
1929    7    41.42    18.28
1929    8    24.28    17.46
1929    9    24.06    14.68
1929   10    35.24    11.65
1929   11    38.12     6.57
1929   12    49.26     2.34
1930    1    87.85     2.07
1930    2    71.12     1.84
1930    3    75.23     4.05
1930    4    61.21     9.42
1930    5    93.79    12.65
1930    6    67.65    16.66
1930    7     7.23    21.20
1930    8    27.12    18.89
1930    9    30.42    15.24
1930   10    26.37    11.41
1930   11    99.17     5.10
1930   12    56.03     2.09
1931    1    68.96     1.44
1931    2    51.47     3.86
1931    3    51.88     7.21
1931    4    15.18    14.10
1931    5    64.97    13.42
1931    6    75.44    20.38
1931    7    22.62    20.64
1931    8     0.23    21.16
1931    9    31.04    16.79
1931   10    32.14    13.48
1931   11    64.74     5.36
1931   12   102.71     1.64
1932    1   120.73     0.75
1932    2    44.61     1.64
1932    3    37.37     8.38
1932    4   126.28     9.62
1932    5    61.33    13.51
1932    6    62.51    17.04
1932    7     7.87    21.49
1932    8     0.12    20.27
1932    9     1.87    19.00
1932   10    30.55    12.19
1932   11   104.42     5.16
1932   12   105.80     1.54
1933    1    98.72    -2.61
1933    2    50.62    -5.70
1933    3     0.20     9.63
1933    4    60.03     9.98
1933    5    44.08    13.20
1933    6    34.10    19.70
1933    7    31.60    21.72
1933    8    90.21    16.93
1933    9    67.07    13.83
1933   10     1.53    10.30
1933   11    89.31     3.09
1933   12   116.36     3.15
1934    1   126.47     0.58
1934    2    58.85    -0.69
1934    3    40.47     8.64
1934    4    27.65    10.82
1934    5   115.52    13.11
1934    6    46.48    16.38
1934    7   104.14    17.48
1934    8    28.48    16.54
1934    9     9.45    15.35
1934   10     0.32    10.29
1934   11    54.23     7.49
1934   12    70.84     1.29
1935    1    86.86    -2.64
1935    2    71.19     1.99
1935    3    89.01     1.73
1935    4    46.86    11.09
1935    5    67.08    14.20
1935    6    23.93    16.88
1935    7    13.11    19.58
1935    8    30.84    20.67
1935    9    13.46    17.92
1935   10    13.57    13.41
1935   11    15.72     8.26
1935   12    85.19     3.62
1936    1    39.42     1.06
1936    2    61.48     1.65
1936    3    40.33     6.90
1936    4    28.25    12.09
1936    5    78.95    15.36
1936    6    30.79    16.90
1936    7    27.99    21.27
1936    8    12.26    19.41
1936    9    17.53    17.45
1936   10    50.71    12.52
1936   11   127.87     8.20
1936   12   151.38     4.87
1937    1    95.84     2.31
1937    2    58.29     3.26
1937    3    52.85     8.61
1937    4    54.36    13.11
1937    5    76.43    17.72
1937    6    34.19    16.61
1937    7    29.65    18.44
1937    8     3.74    20.58
1937    9     0.00    19.23
1937   10    29.69     8.92
1937   11    53.99     8.35
1937   12   132.56     4.74
1938    1    69.30     0.49
1938    2    21.13     0.10
1938    3    65.90     5.10
1938    4    65.21     4.57
1938    5    66.22    13.16
1938    6   111.65    14.51
1938    7    15.68    18.76
1938    8    11.57    18.33
1938    9     9.05    14.89
1938   10     0.48    15.75
1938   11    31.84     7.56
1938   12   116.47     5.01
1939    1    99.50     3.81
1939    2    93.89     0.43
1939    3    44.66     6.11
1939    4    62.58    11.64
1939    5    49.67    13.39
1939    6    36.78    17.38
1939    7     8.20    19.48
1939    8    20.32    20.61
1939    9    10.62    17.63
1939   10    16.86    14.95
1939   11   125.54     6.22
1939   12    60.08     5.04
1940    1    79.57     3.90
1940    2    58.09     5.76
1940    3   107.32     3.09
1940    4     8.17    13.16
1940    5    93.06    14.58
1940    6    21.32    19.05
1940    7    44.06    19.78
1940    8    11.24    18.78
1940    9    43.29    16.98
1940   10    36.67    12.13
1940   11    90.56     6.71
1940   12   129.64     5.10
1941    1   109.47    -0.55
1941    2    35.25    -0.62
1941    3     6.09     6.74
1941    4    16.77     6.69
1941    5    20.52    16.35
1941    6    54.55    18.88
1941    7     2.61    22.08
1941    8     9.37    21.93
1941    9     4.63    20.96
1941   10    29.19    14.45
1941   11   135.31     9.23
1941   12    54.82     6.49
1942    1   152.44     0.76
1942    2    47.57     1.85
1942    3    61.74     3.00
1942    4   131.55     9.66
1942    5    36.52    14.96
1942    6    50.28    17.25
1942    7    59.62    18.64
1942    8     5.86    18.93
1942    9    12.65    17.88
1942   10    24.26    12.28
1942   11    83.22    10.10
1942   12   106.87     4.45
1943    1   215.55     3.94
1943    2    62.84     4.23
1943    3    71.74     6.23
1943    4    35.63    11.70
1943    5    61.79    14.07
1943    6    51.60    18.09
1943    7     8.03    18.63
1943    8    43.07    18.40
1943    9    45.26    12.84
1943   10    26.81    13.24
1943   11    55.80     8.88
1943   12    98.32     6.02
1944    1   102.53    -1.33
1944    2    60.33    -2.79
1944    3    59.75     8.87
1944    4   106.49     8.40
1944    5    48.38    13.37
1944    6    25.94    15.53
1944    7    35.02    17.64
1944    8     0.61    20.26
1944    9    10.88    15.29
1944   10    29.64    11.45
1944   11    61.37     4.43
1944   12   138.06     4.08
1945    1    50.15     3.34
1945    2    59.58     1.18
1945    3    76.71     7.72
1945    4    48.73     9.01
1945    5    27.02    14.72
1945    6    52.26    14.85
1945    7     7.02    19.68
1945    8    50.46    17.96
1945    9    12.25    17.75
1945   10    81.34    11.43
1945   11    84.34     6.37
1945   12    90.88     2.94
1946    1    46.82    -0.44
1946    2    95.38     1.36
1946    3     5.81     8.85
1946    4    28.80    10.33
1946    5    73.47    15.70
1946    6    28.50    17.94
1946    7    43.45    20.59
1946    8    18.42    19.67
1946    9     0.34    17.98
1946   10    73.14     9.71
1946   11    25.95     0.91
1946   12    60.68     6.06
1947    1    82.27    -0.68
1947    2   120.20     0.19
1947    3   104.93     2.10
1947    4    14.03    11.80
1947    5    99.76    11.13
1947    6    67.67    15.93
1947    7    82.98    17.90
1947    8    30.79    18.55
1947    9    11.30    13.94
1947   10    58.03    11.42
1947   11     0.76     6.86
1947   12    44.82     3.22
1948    1   126.75     1.18
1948    2    95.34    -0.08
1948    3    64.66     2.70
1948    4    45.75     7.82
1948    5    32.18    13.40
1948    6    44.01    19.47
1948    7    32.04    19.38
1948    8    21.49    17.98
1948    9    26.52    17.09
1948   10    43.78     7.74
1948   11    43.33     3.13
1948   12   126.42     1.25
1949    1    52.18    -1.00
1949    2    92.62     1.41
1949    3    81.33     4.67
1949    4   104.86     9.11
1949    5    55.74    14.59
1949    6    86.34    15.36
1949    7     2.65    20.54
1949    8     3.47    22.35
1949    9    49.92    15.27
1949   10    35.70     9.74
1949   11    62.36     3.69
1949   12    27.20    -0.99
1950    1    89.79     3.11
1950    2    88.99     3.56
1950    3    60.70     2.70
1950    4    25.67     9.47
1950    5    14.25    13.25
1950    6    41.02    20.13
1950    7    14.00    21.07
1950    8     2.50    20.24
1950    9    38.15    16.99
1950   10    20.59    11.32
1950   11    76.67     2.77
1950   12    99.02    -1.28
1951    1    83.31     0.49
1951    2    75.60     4.98
1951    3    72.21     4.51
1951    4    79.88    10.11
1951    5    81.49    11.68
1951    6    24.86    19.34
1951    7    55.32    18.78
1951    8     5.56    17.19
1951    9    18.32    16.53
1951   10    38.51    11.28
1951   11    21.09     5.01
1951   12    96.63     2.54
1952    1   100.20     4.11
1952    2   106.55     1.83
1952    3    90.41     3.52
1952    4    14.47    12.19
1952    5    27.91    15.04
1952    6    52.17    16.49
1952    7    27.34    20.15
1952    8    36.65    18.84
1952    9    16.83    14.78
1952   10    50.59    10.79
1952   11    94.24     6.76
1952   12   138.26     3.93
1953    1     9.45    -1.89
1953    2    57.49     0.97
1953    3   120.84     1.97
1953    4    67.81    10.23
1953    5    90.83    12.85
1953    6    35.19    16.30
1953    7    29.29    18.81
1953    8    16.90    18.02
1953    9    28.14    14.06
1953   10    12.37    12.30
1953   11   118.83     3.12
1953   12   107.94     4.63
1954    1   146.20    -0.63
1954    2    46.32     3.44
1954    3    64.51     5.55
1954    4    34.46    15.40
1954    5    52.68    14.32
1954    6    56.54    18.25
1954    7    28.95    18.87
1954    8     2.02    20.41
1954    9    38.42    14.92
1954   10    14.42    10.47
1954   11    21.88     8.81
1954   12   159.14     4.55
1955    1    96.67     2.61
1955    2    79.40     3.19
1955    3    19.61     3.46
1955    4    58.68    11.05
1955    5    40.47    12.97
1955    6    51.15    18.45
1955    7     9.59    18.49
1955    8    35.90    19.32
1955    9    25.32    17.04
1955   10    56.38    13.67
1955   11    49.50     7.45
1955   12   158.12     4.40
1956    1    69.04     0.25
1956    2    63.47    -5.23
1956    3    59.65     6.00
1956    4    39.25    10.43
1956    5    59.47    15.30
1956    6    79.34    17.56
1956    7    89.84    17.99
1956    8     4.82    19.75
1956    9    16.84    16.05
1956   10    33.58    11.41
1956   11    26.15     5.29
1956   12   210.31     2.17
1957    1    39.22     2.29
1957    2   132.63     4.35
1957    3    54.86     7.12
1957    4   115.38     7.23
1957    5    44.28    13.24
1957    6    67.32    17.04
1957    7    34.72    18.26
1957    8    12.07    18.60
1957    9    18.00    13.95
1957   10    38.91     9.51
1957   11   109.37     3.71
1957   12   114.42     1.49
1958    1   155.26    -0.90
1958    2   130.26     1.77
1958    3    92.96     4.19
1958    4    33.51    10.63
1958    5    28.65    15.28
1958    6    77.37    15.24
1958    7     8.29    19.14
1958    8     1.14    21.05
1958    9    28.17    16.42
1958   10    21.04    14.09
1958   11    61.87     7.86
1958   12    24.84     1.46
1959    1    44.96    -0.24
1959    2    64.96    -2.77
1959    3    31.20     3.89
1959    4    55.44    11.39
1959    5    17.56    15.73
1959    6    33.03    17.68
1959    7    21.18    21.18
1959    8     6.53    19.77
1959    9     2.06    20.88
1959   10    27.32     8.85
1959   11    81.57     7.79
1959   12   164.24     5.06
1960    1   146.40     1.15
1960    2    86.05     1.24
1960    3    76.53     3.72
1960    4    83.84     8.39
1960    5    46.76    13.25
1960    6    39.88    19.70
1960    7    16.08    21.20
1960    8     3.10    19.76
1960    9    15.96    16.20
1960   10    63.95    12.15
1960   11    63.17     8.54
1960   12   114.83     7.22
1961    1   186.74    -2.04
1961    2   164.65     3.26
1961    3    74.53     4.30
1961    4    37.65    10.10
1961    5    70.61    15.31
1961    6    18.03    18.02
1961    7    11.70    19.28
1961    8     7.23    18.21
1961    9     3.55    20.74
1961   10   110.92    12.19
1961   11   118.39     8.75
1961   12   122.45     4.88
1962    1   115.91     3.53
1962    2    53.05     3.02
1962    3     8.53     6.21
1962    4    63.01    11.08
1962    5    65.85    11.77
1962    6    21.82    17.49
1962    7    40.04    19.85
1962    8     0.23    21.18
1962    9     1.82    18.99
1962   10     3.20    13.69
1962   11    98.06     8.82
1962   12    45.54     1.09
1963    1    97.74     2.93
1963    2   164.72     4.01
1963    3    74.64     4.28
1963    4    37.14    12.42
1963    5    87.96    14.01
1963    6    91.19    15.25
1963    7     7.00    21.45
1963    8    10.34    18.35
1963    9    35.83    12.65
1963   10     4.29    10.21
1963   11    47.20     6.59
1963   12   115.37     2.30
1964    1   204.68     1.03
1964    2    60.32    -0.44
1964    3    36.49     7.10
1964    4    30.92     6.84
1964    5    69.00    12.82
1964    6    26.00    16.76
1964    7    41.11    17.38
1964    8    55.04    17.11
1964    9     2.40    15.71
1964   10     2.02    12.95
1964   11    46.58     3.31
1964   12    80.31     1.47
1965    1    78.55     3.32
1965    2    58.46     2.12
1965    3    45.41     4.74
1965    4    30.36    10.97
1965    5    62.53    14.05
1965    6    56.26    19.61
1965    7    86.62    20.76
1965    8    24.62    20.75
1965    9    12.45    16.53
1965   10    24.69    12.86
1965   11    47.84    10.69
1965   12    88.60     5.93
1966    1    79.70     0.76
1966    2    29.81     2.51
1966    3    20.48     6.98
1966    4    69.71    10.90
1966    5    30.89    12.89
1966    6    30.36    18.48
1966    7    20.34    18.15
1966    8     5.45    21.46
1966    9     9.17    18.10
1966   10    24.85    13.89
1966   11   132.89     6.94
1966   12   112.55     5.85
1967    1   140.51     1.73
1967    2    97.80     4.17
1967    3    64.16     3.84
1967    4   114.81     9.45
1967    5    80.07    12.70
1967    6    87.70    15.29
1967    7    36.70    18.54
1967    8    14.35    18.57
1967    9    15.17    16.71
1967   10   113.50    11.53
1967   11    83.14     2.96
1967   12    42.32    -0.66
1968    1    88.45     1.29
1968    2    61.77     1.96
1968    3    56.81     6.66
1968    4    19.47    11.48
1968    5    70.63    13.59
1968    6   129.80    15.61
1968    7    48.12    18.19
1968    8    26.69    19.04
1968    9     4.62    15.29
1968   10    26.70    11.61
1968   11   100.60     0.93
1968   12   145.11     0.43
1969    1    71.29     1.91
1969    2    36.81    -0.66
1969    3    44.79     7.43
1969    4    81.52    11.70
1969    5    50.45    12.44
1969    6    14.08    17.52
1969    7     5.08    20.91
1969    8     0.61    18.63
1969    9     2.98    14.68
1969   10    56.97     9.79
1969   11   111.73     6.20
1969   12    91.47     3.65
1970    1    70.25     1.85
1970    2    54.37     5.44
1970    3    54.43     3.69
1970    4    30.55     6.62
1970    5   114.64    14.29
1970    6    94.07    16.88
1970    7    81.52    17.62
1970    8    36.50    15.85
1970    9     3.80    14.25
1970   10    65.08    11.64
1970   11   116.27     6.44
1970   12   111.61     2.86
1971    1   202.90     1.68
1971    2    68.67    -3.64
1971    3    78.95     0.26
1971    4    54.17     7.35
1971    5    55.94    16.12
1971    6    29.37    16.67
1971    7    46.98    19.96
1971    8    43.58    17.55
1971    9     5.71    16.42
1971   10    29.44    12.63
1971   11    79.02     7.56
1971   12    59.73     3.87
1972    1   123.03     1.50
1972    2    86.22     3.45
1972    3    47.21     7.74
1972    4    26.02    11.27
1972    5    46.01    16.86
1972    6     3.76    18.15
1972    7     6.32    21.48
1972    8     0.65    23.00
1972    9    11.82    19.01
1972   10    18.86     8.28
1972   11   112.29     6.67
1972   12   104.19     4.37
1973    1   120.63     3.36
1973    2    71.32     1.03
1973    3    42.56     5.82
1973    4    32.41     9.03
1973    5    63.83    15.73
1973    6    16.01    19.97
1973    7     1.36    18.34
1973    8     3.52    20.50
1973    9     8.95    16.15
1973   10    16.84    11.33
1973   11    84.38     8.33
1973   12   169.55     0.94
1974    1   144.94    -1.67
1974    2    37.99     1.31
1974    3    51.74     3.67
1974    4    89.09    11.08
1974    5    40.13    13.20
1974    6     2.60    18.99
1974    7    40.76    19.24
1974    8     5.78    18.83
1974    9    24.49    18.45
1974   10    52.28     8.89
1974   11    61.61     3.10
1974   12   133.55     2.50
1975    1   138.83     0.84
1975    2   126.73     3.96
1975    3    66.96     7.75
1975    4   103.57     9.16
1975    5    54.67    13.07
1975    6    72.23    17.87
1975    7    18.80    18.46
1975    8     1.27    19.89
1975    9     1.63    17.44
1975   10    53.05     9.87
1975   11   103.47     4.37
1975   12   114.53     2.83
1976    1    81.04    -0.08
1976    2    60.27    -0.21
1976    3    15.88     9.54
1976    4    54.83     9.20
1976    5    47.66    12.10
1976    6    85.76    15.11
1976    7    65.62    17.09
1976    8    16.05    16.10
1976    9     8.09    14.53
1976   10    18.13    11.38
1976   11    54.74     9.21
1976   12    98.65     3.09
1977    1   143.73    -1.09
1977    2    68.49     4.60
1977    3    52.29     6.68
1977    4    52.78     9.43
1977    5   115.05    11.68
1977    6    76.74    16.83
1977    7     8.33    19.10
1977    8    13.21    18.23
1977    9    48.04    14.27
1977   10    51.61    11.39
1977   11    64.05     5.63
1977   12    97.77     3.21
1978    1   115.42     2.82
1978    2    86.25     2.07
1978    3    29.66     0.57
1978    4    72.01    10.66
1978    5    69.04    15.04
1978    6    26.23    21.13
1978    7    42.39    19.22
1978    8     0.77    19.25
1978    9     0.06    18.74
1978   10     5.27    13.73
1978   11    54.87     4.97
1978   12    96.71     5.58
1979    1    63.64     2.47
1979    2    55.01     5.16
1979    3    39.69     8.98
1979    4   130.83    12.42
1979    5    31.22    18.58
1979    6    17.94    17.25
1979    7    25.88    20.28
1979    8     3.28    20.94
1979    9     0.48    23.13
1979   10    32.72    15.15
1979   11    40.29     7.05
1979   12    21.98    -0.07
1980    1   122.18     0.95
1980    2   109.59     1.57
1980    3    22.46     4.29
1980    4    23.04     9.89
1980    5   143.44    13.24
1980    6    32.84    18.82
1980    7     4.33    18.79
1980    8    15.16    20.93
1980    9     9.08    18.36
1980   10    20.98    11.54
1980   11    87.09     6.92
1980   12    88.76     4.81
1981    1   109.57     1.58
1981    2    58.18     1.68
1981    3    49.65     5.93
1981    4    75.98    10.07
1981    5    79.37    14.20
1981    6    28.53    20.55
1981    7    46.15    19.95
1981    8    36.37    18.43
1981    9    37.22    14.53
1981   10    57.11     9.44
1981   11    60.39     2.97
1981   12    47.35     3.63
1982    1    86.25     3.78
1982    2    43.90     2.56
1982    3    88.81     6.54
1982    4    45.45     9.48
1982    5    39.88    13.03
1982    6    61.00    18.85
1982    7     7.93    19.77
1982    8    22.06    20.37
1982    9     0.20    17.20
1982   10    39.04    12.42
1982   11   134.90     1.68
1982   12    89.44     1.07
1983    1   128.44    -0.62
1983    2    88.07    -4.60
1983    3    34.00     3.14
1983    4    68.98    11.18
1983    5    48.84    14.56
1983    6    69.87    19.11
1983    7    29.63    20.52
1983    8     3.87    21.80
1983    9     3.33    17.48
1983   10    94.87     9.93
1983   11    48.61     7.22
1983   12   185.16     5.10
1984    1   146.67     2.54
1984    2   138.95     3.09
1984    3     8.22     7.16
1984    4    49.09    10.73
1984    5     3.08    14.87
1984    6    35.64    21.51
1984    7     6.48    22.65
1984    8    58.25    21.25
1984    9     5.22    19.24
1984   10    15.60    11.38
1984   11    20.06    10.18
1984   12    69.40     9.76
1985    1    61.04     0.28
1985    2    40.51     3.76
1985    3    75.12     5.83
1985    4    61.99    10.99
1985    5   133.18    13.55
1985    6    13.81    18.03
1985    7    15.47    19.56
1985    8     8.44    17.96
1985    9     8.64    16.74
1985   10    25.15    10.34
1985   11   128.54     2.64
1985   12   140.04     2.66
1986    1   132.11    -0.75
1986    2    57.16     0.16
1986    3    11.61     9.09
1986    4    36.10    11.17
1986    5    60.79    14.93
1986    6    49.05    15.82
1986    7     2.61    22.51
1986    8    10.36    20.71
1986    9     4.48    18.21
1986   10    21.89    11.39
1986   11   167.73     7.24
1986   12    60.56     2.93
1987    1    91.91     1.44
1987    2   136.87    -3.54
1987    3    77.77     5.47
1987    4    28.39     8.24
1987    5    60.34    15.17
1987    6    21.06    17.60
1987    7     5.15    20.84
1987    8     1.45    19.56
1987    9    34.55    14.29
1987   10     0.04    12.17
1987   11    23.13     7.85
1987   12    61.04     4.66
1988    1    67.03     1.55
1988    2    52.79     4.41
1988    3    38.08     6.94
1988    4   107.45    11.77
1988    5    56.68    13.78
1988    6     4.32    19.98
1988    7    34.92    19.50
1988    8     3.88    21.17
1988    9    12.79    17.93
1988   10    50.59    11.92
1988   11   117.26     6.88
1988   12   126.48     4.05
1989    1    64.12     2.03
1989    2    14.09     1.96
1989    3    67.97     7.05
1989    4    75.44     9.67
1989    5    55.32    14.76
1989    6   106.87    15.81
1989    7    34.28    17.13
1989    8    15.22    17.49
1989    9     1.18    16.74
1989   10    30.76    11.32
1989   11   104.45     4.35
1989   12    88.80    -2.19
1990    1   145.04     3.21
1990    2   106.60    -0.45
1990    3     2.73     4.91
1990    4    40.35     9.10
1990    5    53.64    16.61
1990    6    77.86    17.61
1990    7    60.19    19.85
1990    8     6.37    19.61
1990    9    19.79    19.47
1990   10    63.13    13.01
1990   11   129.27     7.66
1990   12    81.45     0.87
1991    1   231.33     1.41
1991    2    72.40     3.87
1991    3    41.24     5.62
1991    4    35.80    10.38
1991    5    57.16    13.00
1991    6     6.08    17.72
1991    7    18.39    20.74
1991    8     5.19    20.34
1991    9    25.95    19.31
1991   10    17.62    13.66
1991   11   127.75     5.03
1991   12    49.82     4.72
1992    1   140.51     2.78
1992    2    81.24     5.20
1992    3    32.40     5.34
1992    4     9.79    13.07
1992    5    56.40    16.15
1992    6   138.83    17.22
1992    7    35.20    19.99
1992    8     0.57    22.46
1992    9     0.09    18.56
1992   10    35.31    12.25
1992   11    46.56     8.27
1992   12    90.24     4.55
1993    1   129.90    -2.77
1993    2    44.41    -0.58
1993    3    20.42     6.57
1993    4    63.62    13.69
1993    5    74.68    14.77
1993    6    41.31    20.37
1993    7     4.47    20.21
1993    8    17.06    19.37
1993    9    15.66    14.55
1993   10    35.68    10.71
1993   11    41.94     4.74
1993   12    19.27     5.82
1994    1    88.72     0.23
1994    2    65.16     2.28
1994    3    72.63     5.85
1994    4    78.28     9.66
1994    5    84.59    12.43
1994    6    42.50    18.20
1994    7    23.61    20.42
1994    8     7.17    20.12
1994    9     6.66    20.03
1994   10    71.24    14.99
1994   11    70.33     8.47
1994   12   191.25     6.14
1995    1    77.42     5.19
1995    2    76.44     1.64
1995    3    45.35     8.23
1995    4    25.10     6.59
1995    5    11.21    18.09
1995    6    59.03    19.33
1995    7    16.30    17.89
1995    8     8.88    19.49
1995    9    42.54    17.07
1995   10    30.93    12.98
1995   11    32.60     6.58
1995   12    77.88     5.14
1996    1   114.03     6.10
1996    2    67.27     2.74
1996    3    10.94    10.48
1996    4    67.05    11.96
1996    5   132.77    13.13
1996    6    94.25    16.42
1996    7    12.84    20.32
1996    8    23.82    19.24
1996    9   109.26    15.38
1996   10    31.31    13.28
1996   11    48.94     5.27
1996   12    21.61     4.14
1997    1   101.99     1.12
1997    2    37.14    -0.43
1997    3    42.03     5.88
1997    4    81.31     7.90
1997    5    88.93    15.73
1997    6   108.33    18.11
1997    7    61.18    19.03
1997    8    12.48    24.71
1997    9    92.28    15.90
1997   10    62.57    15.04
1997   11    43.23     7.35
1997   12   112.62     5.42
1998    1    98.46     2.28
1998    2   110.60     2.64
1998    3   105.64     4.96
1998    4    69.31    11.86
1998    5    88.95    12.62
1998    6    39.55    18.18
1998    7    22.70    18.77
1998    8     8.13    18.36
1998    9     5.71    14.82
1998   10    39.67    12.18
1998   11    28.20     7.60
1998   12   101.85     3.79
1999    1   112.29     0.37
1999    2    47.29     2.43
1999    3    68.99     7.62
1999    4    35.65     9.79
1999    5    52.17    13.44
1999    6    30.07    19.67
1999    7    36.30    17.87
1999    8    21.48    17.69
1999    9    24.93    18.36
1999   10    31.14    14.05
1999   11   173.10     9.91
1999   12    75.21     2.66
2000    1   168.80     3.35
2000    2    82.50     3.17
2000    3    53.29     8.21
2000    4    63.08    12.69
2000    5    20.17    17.16
2000    6    53.68    19.19
2000    7     9.16    19.82
2000    8    34.16    20.71
2000    9     0.64    19.42
2000   10    68.46     9.32
2000   11    61.27     8.11
2000   12    74.72     1.98
2001    1   140.46     2.30
2001    2   109.13     0.41
2001    3    63.78     7.33
2001    4    87.66     8.18
2001    5    36.17    17.31
2001    6    43.98    18.67
2001    7    14.21    20.61
2001    8     0.01    20.98
2001    9    24.77    19.96
2001   10    57.04    12.94
2001   11    48.50     9.47
2001   12   215.10     5.09
2002    1   166.42     0.18
2002    2   104.90     0.24
2002    3    70.07     7.40
2002    4   102.76     9.33
2002    5   112.46    14.86
2002    6    45.82    18.83
2002    7    12.50    22.57
2002    8    64.05    20.07
2002    9     6.79    15.50
2002   10    86.27    11.21
2002   11    27.10     6.06
2002   12    76.25     5.06
2003    1    82.10     4.43
2003    2   121.23     3.53
2003    3   102.83     8.92
2003    4    43.01    13.94
2003    5   133.74    16.53
2003    6    41.48    18.00
2003    7    32.69    17.90
2003    8     3.22    21.54
2003    9     0.95    18.10
2003   10    31.74    11.64
2003   11    59.49     4.54
2003   12   130.16     0.17
2004    1    67.42    -0.18
2004    2    63.32     2.74
2004    3    11.94     7.85
2004    4    28.86    11.39
2004    5    21.96    15.32
2004    6    30.87    20.11
2004    7     3.06    22.51
2004    8     7.62    21.29
2004    9     7.71    19.58
2004   10    55.71     6.65
2004   11    25.75     6.77
2004   12    19.92     1.76
2005    1    50.28     1.16
2005    2    53.57     1.98
2005    3    84.22     8.26
2005    4    56.49    10.92
2005    5    30.30    17.39
2005    6    29.60    18.85
2005    7    37.30    19.67
2005    8    14.40    19.07
2005    9    31.10    16.65
2005   10    62.08    14.72
2005   11    33.93     7.44
2005   12   172.92     6.67
