2005   12    45.40    -1.23
2006    1    66.64    -1.61
2006    2    61.75     2.06
2006    3    99.77     3.27
2006    4   184.89     9.38
2006    5   150.96    15.65
2006    6   245.80    17.97
2006    7    46.06    18.53
2006    8   125.07    16.76
2006    9    80.66    13.42
2006   10    77.36     9.74
2006   11     7.88     5.49
2006   12    83.65    -0.28
2007    1    16.13     1.89
2007    2    45.90     3.19
2007    3    88.58     4.58
2007    4   149.62     8.50
2007    5   201.40    14.77
2007    6   137.09    17.06
2007    7   114.33    16.64
2007    8    33.78    17.89
2007    9    60.61    13.58
2007   10    95.90     9.10
2007   11    95.04     3.97
2007   12   163.42     0.15
2008    1   103.37    -0.49
2008    2    39.18     2.90
2008    3   100.79     3.98
2008    4   140.94    14.47
2008    5   211.29    12.72
2008    6   151.00    16.04
2008    7    72.51    18.66
2008    8    38.96    18.72
2008    9    47.65    13.53
2008   10    36.84     8.88
2008   11    33.55     6.06
2008   12    29.89     2.22
2009    1   105.54    -3.87
2009    2    85.87    -1.86
2009    3    81.09     3.30
2009    4   163.18     8.68
2009    5   210.19    13.89
2009    6   147.24    17.33
2009    7   105.20    16.72
2009    8    49.74    17.51
2009    9   111.13    14.08
2009   10   160.31     9.52
2009   11    87.70     3.12
2009   12    31.93    -2.03
2010    1    29.44    -1.75
2010    2    70.19    -0.58
2010    3    90.83     2.85
2010    4   187.78     8.79
2010    5   173.82    14.50
2010    6   189.84    17.76
2010    7   148.41    18.91
2010    8    42.11    17.79
2010    9    82.46    13.68
2010   10    93.89    11.91
2010   11    81.33     3.52
2010   12    77.41    -3.39
2011    1    75.59    -1.33
2011    2    76.51     1.32
2011    3    91.00     5.56
2011    4   162.12    11.27
2011    5   212.58    12.23
2011    6   251.24    16.60
2011    7   137.49    19.16
2011    8    55.64    15.82
2011    9    64.86    10.37
2011   10    74.90     8.80
2011   11    86.52     4.20
2011   12    99.81     0.92
2012    1   108.50    -1.44
2012    2   114.27    -4.58
2012    3    52.99     4.68
2012    4   119.65     9.99
2012    5   261.69     9.59
2012    6   163.61    18.09
2012    7    28.26    18.42
2012    8   124.55    15.87
2012    9    82.42    14.04
2012   10   100.95     9.81
2012   11    55.47     2.17
2012   12    28.40     1.45
2013    1    65.03    -3.13
2013    2    48.68    -0.21
2013    3   116.11    -0.95
2013    4   163.33     9.29
2013    5   238.16    13.78
2013    6   182.20    17.39
2013    7    31.31    19.84
2013    8   102.05    19.49
2013    9    49.14    16.81
2013   10    47.51    11.10
2013   11    48.45     4.46
2013   12    50.69     0.29
2014    1    38.29    -2.41
2014    2    59.00     0.40
2014    3   159.24     3.49
2014    4   136.88     6.05
2014    5   136.94    11.65
2014    6   106.51    18.51
2014    7    27.09    20.58
2014    8   108.72    16.54
2014    9    61.50    14.28
2014   10    53.65    11.55
2014   11     9.06     7.01
2014   12   102.77     1.34
2015    1   105.64    -0.97
2015    2    93.92    -2.72
2015    3   110.86     5.39
2015    4   153.00     7.33
2015    5   171.78    15.43
2015    6   180.77    17.64
2015    7    64.79    15.35
2015    8   175.84    16.27
2015    9    64.32    13.09
2015   10   123.96     7.30
2015   11   112.05     1.98
2015   12   133.39    -0.82
2016    1     4.81    -2.67
2016    2   158.94    -1.07
2016    3   111.78     4.15
2016    4   162.17    10.34
2016    5   235.93    12.23
2016    6   223.02    17.04
2016    7   129.85    18.59
2016    8    81.49    16.97
2016    9    60.66    15.46
2016   10    81.86     9.08
2016   11   143.80    -0.28
2016   12    47.09     0.67
2017    1    92.51     0.11
2017    2    78.52     0.33
2017    3   139.69     3.12
2017    4   128.07     8.05
2017    5   201.11    16.23
2017    6   210.29    16.62
2017    7   318.19    17.87
2017    8   101.04    17.53
2017    9    77.91    12.99
2017   10    91.18    10.82
2017   11    94.01     4.14
2017   12    50.46     1.68
2018    1    47.18     0.77
2018    2    88.29     0.78
2018    3   102.39     6.45
2018    4   163.56     9.71
2018    5   126.57    12.50
2018    6   181.62    17.74
2018    7   108.85    17.15
2018    8    76.59    18.43
2018    9    86.11    14.18
2018   10    65.90    11.01
2018   11   117.64     3.67
2018   12    89.66    -0.60
2019    1    99.65    -1.31
2019    2    95.70    -0.73
2019    3    93.38     3.65
2019    4   114.90    10.42
2019    5   219.27    11.64
2019    6   144.80    17.23
2019    7   103.23    18.52
2019    8    41.91    18.97
2019    9    61.76    14.94
2019   10    78.29    10.64
2019   11    93.26     4.80
2019   12    97.91     1.04
2020    1   128.77    -1.72
2020    2    95.38    -0.35
2020    3   111.84     5.67
2020    4    97.82    11.44
2020    5   275.12    12.19
2020    6   227.34    15.60
2020    7    73.81    18.40
2020    8    86.08    18.55
2020    9    34.36    16.99
2020   10    59.18    11.15
2020   11    27.53     5.92
2020   12    57.00    -0.31
2021    1    28.84     0.32
2021    2    87.73    -0.53
2021    3   131.91     1.08
2021    4   136.88     8.28
2021    5   221.83    12.85
2021    6   226.65    16.79
2021    7    75.38    18.38
2021    8    91.61    19.72
2021    9    70.31    13.88
2021   10   108.53     7.51
2021   11    56.26     5.50
2021   12    84.42     2.57
2022    1    72.67    -1.38
2022    2    38.08     2.47
2022    3    95.38     4.78
2022    4   122.56     7.94
2022    5   142.72    12.42
2022    6   140.51    17.32
2022    7    31.20    19.79
2022    8    38.00    20.30
2022    9    84.77    14.05
2022   10   113.99    10.89
2022   11   161.24     2.91
2022   12    98.67     0.01
2023    1    37.59    -3.71
2023    2    95.74     1.14
2023    3    96.87     3.86
2023    4   147.28     9.36
2023    5   204.65    15.79
2023    6   210.71    18.86
2023    7    87.55    18.68
2023    8    25.86    17.26
2023    9    72.90    15.64
2023   10    89.67    10.30
2023   11    74.80     5.58
2023   12    31.22     1.71
2024    1    78.91    -0.29
2024    2    81.15     1.72
2024    3   160.60     2.91
2024    4   156.44     6.61
2024    5   184.78    15.06
2024    6   141.33    16.28
2024    7    59.66    17.83
2024    8    33.31    20.64
2024    9    56.40    17.25
2024   10    57.52    10.19
2024   11   156.92     1.75
2024   12   202.20    -1.05
2025    1   105.90    -4.05
2025    2    75.98     0.77
2025    3    96.77     1.85
2025    4   150.85     9.60
2025    5   127.86    12.83
2025    6   109.68    17.80
2025    7    55.11    20.50
2025    8    40.41    20.02
2025    9    63.91    13.68
2025   10   142.24     7.56
2025   11    82.88     1.74
2025   12    35.38    -0.28
2026    1    99.30    -2.47
2026    2    94.37    -0.98
2026    3    91.56     2.02
2026    4   163.33    10.17
2026    5   178.22    12.47
2026    6   166.11    18.59
2026    7    15.78    21.46
2026    8    83.59    18.76
2026    9    85.78    15.57
2026   10    41.95    11.98
2026   11    86.38     3.90
2026   12    99.63     0.12
2027    1   106.85    -2.16
2027    2    40.91    -1.07
2027    3   105.51     2.32
2027    4   144.60     8.28
2027    5   177.16    14.93
2027    6   152.50    17.97
2027    7   169.38    19.16
2027    8    56.60    16.67
2027    9    99.01    13.77
2027   10    25.61    11.27
2027   11    40.59     5.46
2027   12    40.93    -1.55
2028    1   127.24    -3.96
2028    2   121.18    -0.46
2028    3    84.43     2.31
2028    4   196.82     4.41
2028    5   212.43    13.17
2028    6   118.66    19.42
2028    7    40.01    21.31
2028    8    30.59    20.58
2028    9    52.33    16.70
2028   10    94.10    10.52
2028   11    78.53     5.26
2028   12    26.74     3.15
2029    1    39.18    -0.72
2029    2    50.22     1.73
2029    3   122.80     4.63
2029    4   184.20     8.48
2029    5   223.05    15.06
2029    6   142.22    19.70
2029    7    85.84    17.15
2029    8   108.28    19.54
2029    9    55.56    15.24
2029   10    98.82    10.33
2029   11    50.33     5.85
2029   12    86.24     1.69
2030    1    96.74    -1.63
2030    2    46.97    -1.06
2030    3   117.65     0.58
2030    4   156.92    10.47
2030    5   206.61    12.82
2030    6   141.26    18.63
2030    7    57.11    18.79
2030    8   119.83    18.86
2030    9    26.56    14.00
2030   10    74.67    11.93
2030   11    35.53     6.41
2030   12   109.67     2.51
2031    1   127.35    -4.26
2031    2    58.89     0.55
2031    3   130.54     0.75
2031    4   160.55     8.82
2031    5   216.55    13.14
2031    6   154.48    17.81
2031    7    83.09    18.64
2031    8    74.89    18.37
2031    9    65.52    14.07
2031   10    82.83    11.49
2031   11    50.79     5.82
2031   12   114.34    -0.14
2032    1    65.81    -1.18
2032    2    86.07     3.08
2032    3    93.79     4.34
2032    4   173.67     8.31
2032    5   173.18    13.05
2032    6   102.61    18.52
2032    7   111.54    17.56
2032    8    56.96    18.93
2032    9    57.00    14.41
2032   10    38.77    11.71
2032   11    74.12     5.18
2032   12    69.09     0.07
2033    1    41.48     0.95
2033    2    99.56    -2.30
2033    3   152.06     5.26
2033    4   123.71     9.54
2033    5   162.14    12.81
2033    6    96.88    16.87
2033    7    27.29    23.82
2033    8    23.91    23.50
2033    9    40.52    15.84
2033   10    87.29     7.82
2033   11    48.48     6.79
2033   12   122.26     1.40
2034    1    70.67    -2.63
2034    2    84.01     1.01
2034    3   187.17     5.04
2034    4   166.31    11.84
2034    5   191.37    13.52
2034    6   178.08    17.42
2034    7    46.42    20.58
2034    8    23.72    20.47
2034    9    90.99    15.82
2034   10    62.81     9.07
2034   11    19.43     5.14
2034   12    86.97     1.98
2035    1    65.05    -2.64
2035    2    53.07     1.12
2035    3    88.95     5.27
2035    4   145.07    11.71
2035    5   251.14    12.85
2035    6   288.03    17.04
2035    7    26.56    19.49
2035    8    79.35    19.28
2035    9    33.58    18.43
2035   10    13.32    13.77
2035   11    22.76     5.97
2035   12    48.41     3.33
2036    1    71.14     1.75
2036    2   159.66     1.33
2036    3    95.92     5.20
2036    4   108.05     9.80
2036    5   185.39    14.16
2036    6   109.57    20.01
2036    7   114.98    19.24
2036    8    64.30    20.15
2036    9    73.05    14.54
2036   10    28.53    11.50
2036   11    27.33     4.41
2036   12    86.66     2.07
2037    1    90.59    -1.33
2037    2    79.96    -1.93
2037    3   148.24     1.64
2037    4   150.79     8.22
2037    5   167.47    13.69
2037    6   200.94    18.59
2037    7   102.17    18.42
2037    8    58.98    19.36
2037    9    57.73    18.08
2037   10    86.60    10.94
2037   11    13.66     6.96
2037   12   111.29    -0.24
2038    1    69.46    -3.25
2038    2    79.94    -4.38
2038    3   130.49     2.32
2038    4   119.40     8.26
2038    5   146.00    14.35
2038    6   255.06    17.24
2038    7    67.95    19.97
2038    8     5.98    22.60
2038    9    46.39    16.97
2038   10    92.62     9.55
2038   11    69.91     2.87
2038   12   103.39    -0.13
2039    1    41.53    -2.15
2039    2    61.74    -1.94
2039    3    58.74     5.37
2039    4   138.13    12.88
2039    5   143.73    14.96
2039    6   113.53    19.24
2039    7    69.88    21.98
2039    8     9.19    23.18
2039    9    59.65    15.52
2039   10    56.82    11.49
2039   11     9.68     6.95
2039   12   107.67     1.53
2040    1    66.46    -0.56
2040    2    71.18     0.76
2040    3   136.27     6.49
2040    4   180.82     9.32
2040    5   164.61    12.37
2040    6   164.59    17.76
2040    7    64.80    19.06
2040    8    88.68    18.14
2040    9    63.63    12.62
2040   10    67.91     9.20
2040   11    45.00     4.62
2040   12   114.83    -2.18
2041    1    74.78    -2.82
2041    2    65.47     0.15
2041    3   100.14     0.89
2041    4   126.21    10.43
2041    5   164.22    14.88
2041    6   124.18    18.92
2041    7    82.75    17.89
2041    8   112.28    18.01
2041    9    49.25    14.91
2041   10    27.75    12.80
2041   11    32.67     5.87
2041   12   101.05    -0.68
2042    1    43.35     0.45
2042    2    83.68     2.11
2042    3    40.26     8.31
2042    4    95.87     7.61
2042    5   190.82    14.55
2042    6    93.75    20.08
2042    7   253.04    19.71
2042    8    37.50    18.12
2042    9    59.18    15.84
2042   10    44.49    12.06
2042   11    42.60     5.54
2042   12   173.43    -0.78
2043    1    26.09     1.08
2043    2    67.93     1.08
2043    3   136.72     4.41
2043    4   177.32    10.51
2043    5   212.94    14.57
2043    6   166.86    18.46
2043    7   170.59    18.05
2043    8    55.83    19.06
2043    9    42.28    17.64
2043   10     2.50    13.44
2043   11   125.88     4.89
2043   12    53.93     3.89
2044    1    45.80    -0.06
2044    2    76.43     3.08
2044    3    88.25     4.31
2044    4   167.86    11.50
2044    5   232.63    14.76
2044    6   148.18    17.11
2044    7    57.69    19.74
2044    8    72.23    19.64
2044    9    20.93    18.09
2044   10    78.04    12.37
2044   11    86.25     4.29
2044   12   152.25    -2.60
2045    1    84.92    -0.73
2045    2   105.07     2.19
2045    3   131.84     4.34
2045    4   130.78     9.30
2045    5   182.99    13.59
2045    6   176.98    19.88
2045    7    12.52    23.37
2045    8    38.51    21.43
2045    9    75.19    17.02
2045   10    93.52    11.22
2045   11   114.56     4.58
2045   12    57.31     1.08
2046    1   196.37    -0.98
2046    2    85.54     0.45
2046    3    94.01     2.66
2046    4    75.87    10.02
2046    5   189.19    15.39
2046    6   237.88    17.65
2046    7    77.52    19.89
2046    8    69.76    21.06
2046    9   112.28    14.42
2046   10    62.83    10.75
2046   11    15.30     4.93
2046   12    63.91    -0.72
2047    1    30.60    -0.88
2047    2    91.79     2.31
2047    3   193.99     3.46
2047    4   180.11     7.60
2047    5   166.81    14.25
2047    6   128.34    18.99
2047    7    33.42    21.85
2047    8   169.46    19.56
2047    9    16.03    17.81
2047   10    94.14    12.23
2047   11    12.95     5.54
2047   12    46.83     2.21
2048    1    41.29     1.88
2048    2   102.22     2.30
2048    3   146.44     4.81
2048    4   148.67     8.88
2048    5   114.64    18.83
2048    6    85.14    22.41
2048    7    37.66    24.66
2048    8    14.43    26.98
2048    9     8.88    18.82
2048   10    50.93    13.65
2048   11    38.80     8.09
2048   12    75.33     0.21
2049    1    21.91     2.49
2049    2    55.86     0.98
2049    3   148.70     2.66
2049    4    69.84     8.92
2049    5   135.49    16.99
2049    6   212.70    18.17
2049    7    85.98    20.55
2049    8    55.02    20.32
2049    9    78.85    16.24
2049   10    50.96    11.84
2049   11    54.13     6.30
2049   12    53.49     0.41
2050    1    49.90     2.25
2050    2    73.12     4.89
2050    3    78.24     5.96
2050    4   196.76     8.46
2050    5   259.68    16.69
2050    6   144.79    19.82
2050    7    36.98    20.08
2050    8    26.54    21.43
2050    9    63.11    18.57
2050   10    78.07    12.69
2050   11    92.79     4.29
2050   12   107.31    -0.10
2051    1   150.59    -0.42
2051    2    51.06     2.13
2051    3   121.18     7.41
2051    4   143.95    10.61
2051    5   255.14    13.45
2051    6   193.82    18.37
2051    7   140.95    19.92
2051    8   106.38    18.48
2051    9    34.25    16.94
2051   10    98.15    11.83
2051   11    79.45     3.71
2051   12    72.84     0.97
2052    1    49.42     0.89
2052    2    92.94    -1.79
2052    3   138.87     1.55
2052    4    98.51     9.82
2052    5   154.84    15.56
2052    6   198.92    19.77
2052    7    22.90    22.60
2052    8    62.67    20.06
2052    9    97.32    15.17
2052   10    31.99    11.40
2052   11   101.53     5.60
2052   12    92.12     0.57
2053    1    31.52    -0.17
2053    2    94.62    -2.39
2053    3   134.63     1.88
2053    4   137.86     6.97
2053    5   184.50    12.87
2053    6   176.07    19.29
2053    7    48.85    21.14
2053    8    83.78    20.24
2053    9    51.45    15.63
2053   10    77.67    11.27
2053   11    36.87     5.78
2053   12   126.83     0.89
2054    1   116.32    -0.59
2054    2    89.82    -0.05
2054    3    66.66     5.61
2054    4   137.51     7.94
2054    5   166.58    15.28
2054    6   130.46    19.36
2054    7    91.38    21.94
2054    8    61.45    21.53
2054    9    57.73    16.55
2054   10    17.21    13.61
2054   11    90.58     6.85
2054   12    37.88    -2.76
2055    1   107.16    -1.41
2055    2    63.38     2.60
2055    3   140.54     5.25
2055    4   189.88     8.18
2055    5   285.26    15.39
2055    6    76.23    19.48
2055    7   135.16    20.21
2055    8    36.11    20.82
2055    9    55.93    15.52
2055   10    36.19    12.59
2055   11    31.50     7.67
2055   12    27.27     2.54
2056    1    26.28     0.79
2056    2   168.40     2.51
2056    3   100.76     3.24
2056    4   177.76     9.47
2056    5   340.65    13.71
2056    6   177.49    15.95
2056    7   154.20    20.44
2056    8   151.68    19.41
2056    9    51.57    15.47
2056   10    85.16    12.34
2056   11    86.67     1.97
2056   12    46.06    -0.33
2057    1    66.77    -2.44
2057    2    86.61     2.92
2057    3   166.68     2.41
2057    4   100.53     9.32
2057    5   215.08    17.21
2057    6   112.51    19.45
2057    7   102.82    19.18
2057    8    57.94    20.16
2057    9    69.06    14.71
2057   10    87.39    10.68
2057   11    75.93     7.44
2057   12   139.73     0.50
2058    1    78.47    -1.53
2058    2    50.41     3.62
2058    3   157.29     1.50
2058    4   159.32     5.02
2058    5   137.69    16.76
2058    6   223.67    18.37
2058    7   108.82    17.99
2058    8    70.31    19.17
2058    9    32.46    16.94
2058   10    69.84     9.38
2058   11    39.19     2.81
2058   12   104.70    -0.29
2059    1    86.92    -0.02
2059    2    61.06     0.75
2059    3   139.08     3.24
2059    4   142.31     8.93
2059    5   136.03    13.78
2059    6   152.21    18.32
2059    7    47.46    20.01
2059    8    79.94    20.62
2059    9    67.40    15.94
2059   10    80.65    11.37
2059   11   112.61     4.28
2059   12    57.57     0.91
2060    1    13.38    -4.49
2060    2    73.12     4.70
2060    3   102.54     6.48
2060    4   126.94    11.99
2060    5   223.84    15.28
2060    6   179.23    20.35
2060    7    74.98    20.50
2060    8    54.88    20.49
2060    9    50.81    17.26
2060   10     8.65    14.38
2060   11    46.96     8.52
2060   12    76.73     4.13
2061    1   167.85    -1.46
2061    2    92.16     0.84
2061    3   124.23     4.87
2061    4   126.83    12.79
2061    5   158.74    12.27
2061    6   194.23    17.82
2061    7    87.36    18.91
2061    8    84.06    20.64
2061    9    62.39    17.48
2061   10    85.86    11.81
2061   11    91.78     6.18
2061   12    48.94     2.63
2062    1    40.61     0.67
2062    2    60.87     1.33
2062    3   128.90     7.70
2062    4   191.71    10.85
2062    5   293.35    14.29
2062    6   140.38    20.22
2062    7    44.79    22.16
2062    8    53.25    22.39
2062    9    90.20    16.72
2062   10    24.39    11.20
2062   11    27.43     6.34
2062   12    59.55     0.26
2063    1    66.06     1.86
2063    2    53.12     2.19
2063    3    68.72     7.39
2063    4   194.55    10.68
2063    5   225.26    13.13
2063    6   131.34    19.30
2063    7   101.11    21.39
2063    8   116.78    20.22
2063    9   100.32    18.25
2063   10   104.45    11.76
2063   11    41.37     6.03
2063   12    53.48     1.22
2064    1    34.04    -0.57
2064    2   152.49     0.31
2064    3   108.21     4.61
2064    4   153.19     9.31
2064    5   222.17    15.55
2064    6   142.13    19.08
2064    7    95.95    20.65
2064    8   121.61    19.68
2064    9    45.19    18.57
2064   10   111.29    10.51
2064   11     9.85     5.13
2064   12   117.16     1.52
2065    1    40.01     1.00
2065    2    85.81     1.02
2065    3    68.59     8.22
2065    4   247.24    11.04
2065    5   249.61    16.48
2065    6   114.28    18.41
2065    7    25.16    24.19
2065    8    50.91    21.66
2065    9    90.90    16.83
2065   10    70.79    14.01
2065   11    23.14     7.39
2065   12    46.96     3.21
2066    1   115.69     0.36
2066    2    55.13     3.49
2066    3   100.18     5.71
2066    4   194.11    12.25
2066    5   134.47    15.56
2066    6   127.22    19.12
2066    7    80.88    22.07
2066    8    38.56    21.86
2066    9   133.20    17.63
2066   10    62.85    10.68
2066   11    75.99     8.00
2066   12    66.08     3.35
2067    1    73.62     0.70
2067    2    74.58     2.62
2067    3    99.32     5.88
2067    4   199.30     9.28
2067    5   160.78    14.63
2067    6    87.03    21.90
2067    7    72.01    21.27
2067    8    74.58    19.41
2067    9    40.61    15.15
2067   10    86.16    10.65
2067   11    46.69     7.14
2067   12    37.52     2.98
2068    1    38.68     0.85
2068    2    89.23     1.67
2068    3   102.17     5.26
2068    4   197.36    13.07
2068    5   140.43    14.58
2068    6   116.01    18.53
2068    7    60.75    22.80
2068    8    71.68    20.69
2068    9    75.17    15.91
2068   10     5.56    12.55
2068   11    33.16     9.37
2068   12    89.67     1.48
2069    1    58.70     2.61
2069    2    89.39     2.44
2069    3   108.03     5.94
2069    4   198.65    11.95
2069    5   255.24    12.87
2069    6   232.34    19.18
2069    7    87.77    20.62
2069    8   142.66    20.45
2069    9    75.71    15.13
2069   10    93.53    10.34
2069   11    41.65     5.90
2069   12   134.72    -0.81
2070    1    49.49    -0.96
2070    2    99.65     1.77
2070    3    96.33     6.25
2070    4   139.88    10.64
2070    5   205.21    15.21
2070    6   121.07    20.30
2070    7    68.54    22.12
2070    8    65.77    20.77
2070    9    98.58    15.99
2070   10    38.11    12.62
2070   11    35.81     9.23
2070   12    52.77     4.12
2071    1    82.32     2.66
2071    2   120.86     0.81
2071    3   130.62     5.38
2071    4   126.66    10.77
2071    5   285.65    14.64
2071    6   146.26    17.51
2071    7   147.26    21.10
2071    8    26.47    21.60
2071    9    92.13    15.30
2071   10    27.69    13.75
2071   11    30.10     6.64
2071   12    50.83     1.04
2072    1   122.83    -0.54
2072    2   192.40     2.43
2072    3    88.01     3.68
2072    4    82.64    11.33
2072    5   197.02    17.26
2072    6   240.35    19.74
2072    7    15.89    24.27
2072    8   129.44    21.92
2072    9    43.83    15.65
2072   10   103.65    10.16
2072   11    11.23     7.93
2072   12     7.41     3.96
2073    1    80.14     1.96
2073    2    89.14     3.44
2073    3   181.39     6.10
2073    4   197.03     8.52
2073    5   146.78    15.18
2073    6   198.76    19.30
2073    7    59.69    21.95
2073    8    47.09    20.56
2073    9    29.27    16.66
2073   10    65.79    14.40
2073   11    93.52     6.72
2073   12    45.11     3.14
2074    1   126.71    -1.58
2074    2    50.41     2.85
2074    3   166.87     6.46
2074    4   190.73    10.42
2074    5   239.69    13.62
2074    6   152.86    20.51
2074    7   144.02    18.57
2074    8   115.36    20.17
2074    9    36.29    17.11
2074   10    49.46    12.22
2074   11    21.57     6.22
2074   12    61.20     1.78
2075    1   159.72    -0.17
2075    2    52.67     1.95
2075    3   104.25     8.18
2075    4   163.99     7.96
2075    5   213.00    14.99
2075    6   115.97    20.27
2075    7    33.00    21.00
2075    8    37.87    23.47
2075    9    22.73    17.81
2075   10    53.06    13.54
2075   11    55.58     6.92
2075   12    42.59     0.72
2076    1   129.52    -0.94
2076    2   159.50     0.26
2076    3   107.07     4.37
2076    4   168.01    11.29
2076    5   276.88    16.28
2076    6   153.52    19.08
2076    7    23.41    21.93
2076    8    74.57    23.05
2076    9    49.17    17.98
2076   10    51.54    14.14
2076   11     3.55     8.13
2076   12    95.30     2.27
2077    1    96.37     1.16
2077    2   127.67    -2.04
2077    3    60.02     6.33
2077    4   197.28    13.18
2077    5   210.13    15.66
2077    6   133.43    20.29
2077    7   125.88    20.86
2077    8    98.84    19.38
2077    9    47.44    16.03
2077   10    83.43    13.84
2077   11    74.03     5.46
2077   12    65.57     1.56
2078    1   144.07    -0.51
2078    2    37.37     1.86
2078    3    86.08     6.15
2078    4   140.20     9.56
2078    5   160.03    16.08
2078    6   200.80    20.60
2078    7   220.09    20.87
2078    8    75.01    20.98
2078    9    84.17    16.75
2078   10    47.10    13.30
2078   11    89.94     6.09
2078   12    99.71     2.57
2079    1   107.29     0.27
2079    2    92.07    -2.81
2079    3    79.15     6.55
2079    4   194.21     8.20
2079    5   222.34    15.42
2079    6   212.48    19.23
2079    7    32.34    22.94
2079    8    60.15    22.79
2079    9    61.15    19.28
2079   10    57.25    13.85
2079   11    41.53     7.17
2079   12    79.87     2.26
2080    1    34.39    -0.99
2080    2    61.21     2.89
2080    3    91.78     4.10
2080    4   140.66    10.82
2080    5    96.78    17.90
2080    6   121.00    22.02
2080    7    44.62    21.63
2080    8    69.56    25.08
2080    9    50.64    16.98
2080   10   134.50     9.36
2080   11    40.53     7.42
2080   12    85.92     1.25
2081    1    68.04     2.32
2081    2   106.48     2.42
2081    3   135.19     2.40
2081    4   118.22    10.96
2081    5   124.10    13.34
2081    6    46.19    24.15
2081    7    39.47    25.52
2081    8    69.70    24.26
2081    9    43.62    16.41
2081   10    45.93    14.78
2081   11    27.52     7.43
2081   12    90.63     2.58
2082    1    70.32     0.76
2082    2    36.91     4.07
2082    3   138.69     5.95
2082    4   142.16    11.36
2082    5   123.95    17.48
2082    6   185.47    19.52
2082    7     8.18    23.50
2082    8    97.04    19.97
2082    9    48.19    17.24
2082   10   106.37    10.94
2082   11   170.82     2.25
2082   12    22.33     3.17
2083    1    77.54     0.05
2083    2    68.15     3.90
2083    3    81.27     8.24
2083    4   139.56     8.15
2083    5   262.68    14.33
2083    6    62.85    20.81
2083    7    58.09    21.52
2083    8    46.97    23.96
2083    9    75.21    17.35
2083   10    73.21    11.04
2083   11    12.42     8.58
2083   12    51.20    -0.22
2084    1    15.33     2.17
2084    2    81.20    -0.69
2084    3    93.03     5.06
2084    4   193.68     7.70
2084    5   232.52    15.59
2084    6   109.91    19.53
2084    7    35.61    22.38
2084    8    54.26    23.73
2084    9    62.93    16.71
2084   10    49.97    13.41
2084   11    44.15     5.07
2084   12    63.03     4.73
2085    1   104.21     1.09
2085    2    56.10    -0.54
2085    3    73.88     6.83
2085    4   134.64    11.59
2085    5   235.55    14.33
2085    6    67.04    18.59
2085    7    51.94    21.39
2085    8    97.19    20.47
2085    9    80.32    17.58
2085   10    70.64    13.19
2085   11     3.54     5.91
2085   12    77.12     2.68
2086    1   119.52    -1.63
2086    2   108.54    -0.79
2086    3   107.29     1.33
2086    4    66.77     8.16
2086    5   200.95    13.62
2086    6   145.83    18.82
2086    7    24.16    23.81
2086    8    12.49    21.62
2086    9    39.10    16.12
2086   10    57.13    12.07
2086   11    12.03     7.12
2086   12    20.17     3.17
2087    1    44.77     2.51
2087    2    59.96     3.95
2087    3   126.89     6.76
2087    4   192.10     9.16
2087    5   215.11    16.40
2087    6   233.72    17.50
2087    7    92.80    21.11
2087    8   148.18    19.48
2087    9    30.78    18.27
2087   10   103.77    12.65
2087   11    19.37     7.51
2087   12    87.58     0.67
2088    1   122.37    -2.57
2088    2    42.81     3.40
2088    3   131.40     7.75
2088    4   142.28    12.23
2088    5   269.23    15.87
2088    6   131.86    19.95
2088    7    62.40    22.02
2088    8    43.38    21.14
2088    9    29.15    18.31
2088   10    71.87    14.26
2088   11    76.59     3.87
2088   12    72.06     2.79
2089    1    92.59    -1.63
2089    2    97.68     3.08
2089    3    79.08     4.16
2089    4   181.53     9.10
2089    5   121.94    14.58
2089    6   158.06    18.73
2089    7    68.76    20.04
2089    8    20.80    22.12
2089    9    41.74    19.14
2089   10    48.84    13.00
2089   11    77.75     5.88
2089   12    70.17     2.36
2090    1   183.42     0.62
2090    2    62.96     4.17
2090    3    82.15     7.89
2090    4   182.80    12.16
2090    5   184.79    17.28
2090    6   141.68    21.53
2090    7   103.44    22.36
2090    8    30.15    23.43
2090    9    75.63    15.30
2090   10    39.97    13.32
2090   11    89.18     7.07
2090   12   116.15     3.38
2091    1    88.59     4.03
2091    2   128.45     1.16
2091    3   115.36     0.80
2091    4   128.53    10.99
2091    5   209.85    16.31
2091    6   187.29    19.81
2091    7    39.48    20.93
2091    8    40.59    21.07
2091    9    90.75    14.56
2091   10    68.51    10.02
2091   11     5.41     5.93
2091   12   127.49     4.28
2092    1    86.73     2.65
2092    2    96.57     1.73
2092    3   151.80     3.77
2092    4   129.44     8.60
2092    5   159.70    14.27
2092    6   134.47    18.89
2092    7    98.32    21.22
2092    8    84.64    21.75
2092    9    13.70    18.64
2092   10    23.19    15.14
2092   11    83.64     6.02
2092   12    12.35     1.05
2093    1    42.02     2.85
2093    2    73.10     5.40
2093    3   184.89     7.66
2093    4   171.18     9.04
2093    5   239.14    13.87
2093    6   179.21    18.48
2093    7    54.72    20.15
2093    8    39.37    21.77
2093    9    31.90    18.32
2093   10    15.04    14.66
2093   11    50.59     5.30
2093   12    60.87     2.72
2094    1    36.69    -1.49
2094    2    60.25     2.62
2094    3    88.91     5.84
2094    4   198.98    11.88
2094    5   292.97    13.48
2094    6   156.92    18.06
2094    7   100.05    20.53
2094    8    38.72    21.08
2094    9    29.04    17.55
2094   10    64.92    13.35
2094   11    36.51     8.96
2094   12    64.69     5.00
2095    1    60.48     0.68
2095    2    66.37     4.72
2095    3   107.41     7.88
2095    4   137.57     9.90
2095    5   126.74    16.47
2095    6   108.84    20.52
2095    7    32.20    24.10
2095    8    52.03    22.10
2095    9    11.18    20.09
2095   10    48.94    10.99
2095   11    40.02     7.22
2095   12   100.12     3.11
2096    1    38.72     3.02
2096    2    30.32     3.51
2096    3   139.45     6.43
2096    4   208.17     9.37
2096    5   238.70    15.22
2096    6   140.90    21.85
2096    7    57.68    23.38
2096    8    80.04    21.81
2096    9    65.07    17.37
2096   10    29.50    14.15
2096   11    87.84     7.92
2096   12    20.43     0.09
2097    1    43.58     1.96
2097    2    79.60     3.53
2097    3   149.94     5.30
2097    4   129.81    10.64
2097    5   180.96    14.56
2097    6   118.27    19.63
2097    7    27.72    20.74
2097    8    78.13    21.90
2097    9    99.15    16.80
2097   10   116.61     9.46
2097   11    56.36     7.58
2097   12    77.47     0.93
2098    1   125.59    -1.07
2098    2    48.21     1.34
2098    3    99.57     9.92
2098    4   122.12    12.78
2098    5   276.36    15.14
2098    6    99.48    19.66
2098    7    84.02    22.93
2098    8    89.12    21.54
2098    9   121.96    15.65
2098   10    38.16    10.98
2098   11   124.99     2.61
2098   12    78.32    -0.20
2099    1    36.94     2.45
2099    2    78.70     3.00
2099    3    99.73     4.75
2099    4   195.17     7.26
2099    5   111.65    16.01
2099    6    85.52    20.42
2099    7    56.40    22.12
2099    8    24.79    23.97
2099    9    41.22    16.11
2099   10    26.55    15.46
2099   11    45.05     7.13
2099   12   104.79     0.78
2100    1    67.60     2.33
2100    2    89.32     1.91
2100    3   155.88     5.29
2100    4   137.46    13.89
2100    5   233.28    14.53
2100    6   145.67    20.04
2100    7    71.22    23.27
2100    8    90.35    21.03
2100    9    17.17    17.72
2100   10    40.81    15.24
2100   11    32.52     8.14
2100   12    76.20     0.24
