2005   12    36.25     0.85
2006    1    30.30    -0.32
2006    2    28.41     2.43
2006    3    76.48     5.02
2006    4   102.28     9.64
2006    5    61.56    15.47
2006    6    38.90    20.27
2006    7    23.37    22.72
2006    8    29.95    21.29
2006    9    92.88    16.12
2006   10    71.44    12.19
2006   11    20.16     7.68
2006   12    51.98     1.90
2007    1    10.68     4.64
2007    2    42.91     5.21
2007    3    64.55     5.18
2007    4    55.16    10.13
2007    5    62.19    16.50
2007    6    51.09    21.46
2007    7    54.46    22.20
2007    8     7.93    23.31
2007    9    86.04    16.79
2007   10    82.40    11.33
2007   11    63.06     6.22
2007   12   112.65     2.07
2008    1    54.09     1.23
2008    2    31.28     4.11
2008    3    67.09     4.30
2008    4    31.49    14.16
2008    5    63.10    14.18
2008    6    55.74    20.10
2008    7     9.36    23.05
2008    8    33.64    23.80
2008    9    52.01    17.50
2008   10    45.73     9.69
2008   11    42.67     8.64
2008   12    27.36     5.19
2009    1    73.43    -0.88
2009    2    57.51    -0.08
2009    3    81.67     4.49
2009    4    64.63     8.95
2009    5    41.02    15.15
2009    6     3.39    21.95
2009    7    79.53    21.05
2009    8    44.27    21.62
2009    9    81.05    16.29
2009   10   117.98    11.51
2009   11   108.22     4.86
2009   12    28.89    -0.12
2010    1    18.44    -1.22
2010    2    45.96    -0.31
2010    3    69.38     3.48
2010    4    70.14     6.74
2010    5    44.36    14.81
2010    6    39.88    21.04
2010    7    31.51    23.67
2010    8    17.20    22.21
2010    9    28.18    16.47
2010   10    59.82    15.24
2010   11    61.32     6.53
2010   12    59.99    -0.09
2011    1    85.56     1.09
2011    2    49.01     3.44
2011    3    61.50     5.29
2011    4   100.20    11.47
2011    5    67.39    12.57
2011    6    63.90    19.58
2011    7    56.79    23.33
2011    8    13.97    20.61
2011    9    40.26    14.24
2011   10    58.72    11.36
2011   11    42.59     7.01
2011   12    53.55     2.64
2012    1    67.84     0.60
2012    2    60.03    -1.94
2012    3    45.83     6.38
2012    4    37.88     7.63
2012    5   137.79    11.34
2012    6    18.22    19.99
2012    7    27.56    21.97
2012    8    57.75    20.29
2012    9    67.12    17.25
2012   10    58.55    11.66
2012   11    62.26     4.08
2012   12    27.84     3.32
2013    1    47.83    -1.08
2013    2    33.23     1.25
2013    3   107.30     0.91
2013    4    45.99    10.47
2013    5    18.22    16.45
2013    6    26.79    21.53
2013    7     0.94    25.13
2013    8     6.89    23.73
2013    9     3.75    21.30
2013   10    89.70    14.49
2013   11    44.32     7.64
2013   12    37.18     2.75
2014    1    13.96    -2.19
2014    2    38.68     1.79
2014    3    52.96     3.71
2014    4    44.19     4.88
2014    5    62.21    13.93
2014    6    43.86    21.20
2014    7    13.40    23.37
2014    8    37.11    21.85
2014    9    46.87    18.03
2014   10    62.32    13.62
2014   11    21.33     9.87
2014   12    51.57     3.66
2015    1    73.42    -0.89
2015    2    47.29    -1.12
2015    3    63.31     5.96
2015    4   108.91     9.16
2015    5    66.85    15.68
2015    6    15.19    21.22
2015    7    66.71    20.98
2015    8    71.39    19.46
2015    9    67.46    16.90
2015   10    84.22     9.54
2015   11    61.56     4.72
2015   12    91.05     0.81
2016    1     6.37    -0.60
2016    2    92.48     1.33
2016    3   100.94     6.54
2016    4    71.03    11.47
2016    5   133.96    14.54
2016    6    55.88    19.61
2016    7    29.34    23.34
2016    8    22.79    21.74
2016    9    33.33    18.81
2016   10   152.63    11.87
2016   11    82.45     3.07
2016   12    44.94     2.67
2017    1    37.07     2.38
2017    2    65.19     2.50
2017    3    73.60     3.25
2017    4    17.93     9.12
2017    5    36.82    18.16
2017    6    50.45    20.16
2017    7    15.97    23.34
2017    8    53.10    22.64
2017    9    68.83    15.88
2017   10    73.95    13.83
2017   11    43.28     6.42
2017   12    57.84     3.24
2018    1    49.30     1.42
2018    2    43.68     3.02
2018    3    46.72     8.27
2018    4    91.94    10.73
2018    5   128.07    14.36
2018    6    28.14    20.94
2018    7    33.95    22.23
2018    8    16.47    22.61
2018    9   109.81    17.28
2018   10    80.66    13.13
2018   11    96.54     6.46
2018   12    81.95    -0.69
2019    1    68.18    -0.05
2019    2    85.34     0.48
2019    3   100.33     5.33
2019    4    94.40    10.82
2019    5    75.45    14.77
2019    6    59.95    20.62
2019    7    52.80    22.80
2019    8    28.97    22.35
2019    9    52.00    17.53
2019   10    66.96    12.98
2019   11    74.81     7.14
2019   12   109.01     3.74
2020    1    90.43     1.71
2020    2    88.78     1.60
2020    3    30.66     7.39
2020    4    88.44    12.05
2020    5    92.64    13.58
2020    6    59.44    19.53
2020    7    61.58    22.49
2020    8    30.49    22.57
2020    9    32.93    19.88
2020   10    42.15    14.13
2020   11    29.73     9.38
2020   12    29.69     2.60
2021    1    44.69     2.76
2021    2    57.98     1.91
2021    3    80.38     3.11
2021    4   111.85     9.89
2021    5   141.82    14.39
2021    6    46.66    18.50
2021    7    26.69    22.94
2021    8    21.04    24.22
2021    9    56.27    17.24
2021   10    72.92     9.70
2021   11    69.63     7.09
2021   12    47.99     4.62
2022    1    34.45    -0.14
2022    2    41.06     2.91
2022    3    66.73     6.94
2022    4    77.11     8.96
2022    5    63.86    14.17
2022    6    52.75    20.60
2022    7    22.23    24.35
2022    8     4.47    23.45
2022    9   104.86    17.45
2022   10    57.23    12.58
2022   11   118.15     4.92
2022   12    73.30     2.18
2023    1    36.82    -0.87
2023    2    67.49     1.55
2023    3    73.06     5.31
2023    4    33.21    10.97
2023    5     4.42    18.67
2023    6     9.62    22.87
2023    7    71.37    23.25
2023    8    20.47    20.95
2023    9   123.06    19.30
2023   10    90.17    12.06
2023   11    24.24     8.53
2023   12    37.39     4.75
2024    1    33.72     1.11
2024    2    55.92     2.48
2024    3    57.25     2.86
2024    4    98.25     8.38
2024    5    24.48    15.18
2024    6    37.45    20.66
2024    7    81.14    22.60
2024    8    13.12    22.64
2024    9    41.82    20.46
2024   10    37.02    12.26
2024   11   113.87     5.11
2024   12    82.04     0.72
2025    1    73.44    -2.73
2025    2    46.53     1.95
2025    3    50.89     4.16
2025    4    50.86     9.94
2025    5    68.15    14.53
2025    6    63.47    21.05
2025    7    13.91    24.87
2025    8    19.94    23.44
2025    9    74.16    16.23
2025   10   130.08    10.25
2025   11    59.99     3.53
2025   12    19.73     2.00
2026    1    62.29    -2.37
2026    2    44.18     0.66
2026    3    72.22     3.49
2026    4    31.69    11.73
2026    5    71.64    14.28
2026    6    44.12    21.43
2026    7     9.33    26.00
2026    8    85.72    21.52
2026    9    45.97    17.67
2026   10    42.25    14.51
2026   11    87.54     6.37
2026   12    46.53     1.70
2027    1    54.50    -1.66
2027    2    27.41     1.73
2027    3    92.07     3.63
2027    4    99.48    10.16
2027    5    62.81    16.47
2027    6    83.92    21.07
2027    7    18.95    24.19
2027    8    38.14    21.38
2027    9    76.31    15.36
2027   10    42.68    13.65
2027   11    61.39     7.09
2027   12    34.32     0.55
2028    1    62.36    -3.13
2028    2    64.28    -0.70
2028    3    38.45     2.68
2028    4    82.16     5.12
2028    5    31.17    14.37
2028    6    26.43    22.59
2028    7    18.34    25.21
2028    8     3.59    22.74
2028    9    34.84    19.32
2028   10   104.34    12.06
2028   11    96.03     7.34
2028   12    22.52     5.57
2029    1    37.95     0.80
2029    2    38.64     2.91
2029    3    60.10     4.63
2029    4    70.62    10.93
2029    5   110.84    15.53
2029    6    23.25    23.09
2029    7    84.31    21.31
2029    8    53.50    22.69
2029    9    18.71    18.39
2029   10    89.94    12.82
2029   11    33.29     8.44
2029   12    63.53     4.46
2030    1    64.21     0.78
2030    2    19.80     1.06
2030    3    96.29     3.71
2030    4    97.58    12.23
2030    5   148.56    15.56
2030    6    50.73    20.71
2030    7    31.45    22.81
2030    8    52.41    22.67
2030    9    22.96    17.13
2030   10    99.95    14.31
2030   11    27.10     9.52
2030   12    54.97     5.17
2031    1    87.19    -2.90
2031    2    45.50     1.60
2031    3    88.06     1.49
2031    4    56.81     8.48
2031    5   106.57    14.45
2031    6    48.91    20.15
2031    7    74.68    21.76
2031    8    23.11    21.89
2031    9    65.50    16.50
2031   10    76.82    13.53
2031   11    72.44     8.55
2031   12   121.05     0.63
2032    1    36.17    -2.34
2032    2    41.13     3.98
2032    3    85.05     6.09
2032    4    99.62     8.51
2032    5    34.84    13.99
2032    6    62.09    22.17
2032    7    56.22    21.89
2032    8    54.62    21.01
2032    9    58.99    16.36
2032   10    40.98    13.28
2032   11    74.56     7.83
2032   12    31.54     2.14
2033    1    16.00     3.09
2033    2    64.14    -1.20
2033    3    20.24     5.58
2033    4    95.24    12.09
2033    5    48.06    14.24
2033    6    73.30    20.18
2033    7     1.83    26.73
2033    8    11.64    25.16
2033    9    44.34    18.29
2033   10    54.99     9.98
2033   11    37.07     9.23
2033   12    84.75     3.44
2034    1    26.83    -0.77
2034    2    59.43     1.89
2034    3   107.66     4.57
2034    4    77.75    11.64
2034    5   104.82    13.36
2034    6   109.17    18.86
2034    7    24.20    24.12
2034    8    10.29    22.47
2034    9    96.95    17.94
2034   10   112.58    10.91
2034   11    26.34     8.07
2034   12    60.29     4.70
2035    1    64.11    -2.75
2035    2    12.73     1.19
2035    3    62.57     7.05
2035    4    62.27    11.21
2035    5    87.56    14.60
2035    6    90.51    19.92
2035    7    17.55    22.87
2035    8    23.24    23.23
2035    9     4.86    21.24
2035   10    48.84    16.02
2035   11    19.24     8.05
2035   12    22.70     5.70
2036    1    60.47     4.37
2036    2   121.54     2.28
2036    3    71.37     6.66
2036    4    77.91    11.09
2036    5    99.33    16.09
2036    6    55.66    23.08
2036    7    30.32    24.22
2036    8    55.93    24.05
2036    9    27.93    17.65
2036   10    43.29    13.29
2036   11    85.07     8.12
2036   12    41.29     5.10
2037    1    58.58     1.00
2037    2    40.59    -0.84
2037    3    69.33     2.08
2037    4    59.60     6.47
2037    5    59.52    15.76
2037    6    45.50    22.20
2037    7   101.25    22.88
2037    8     9.53    22.34
2037    9     3.12    20.52
2037   10    80.06    12.59
2037   11    41.43     8.60
2037   12    77.71     2.03
2038    1    59.84    -1.43
2038    2    53.73    -2.82
2038    3    74.94     4.15
2038    4    68.35     9.32
2038    5    72.30    15.95
2038    6    41.41    21.50
2038    7    15.48    25.60
2038    8     3.17    26.06
2038    9    43.84    19.67
2038   10   106.18    12.36
2038   11    55.47     4.64
2038   12    45.39     1.35
2039    1    50.25    -1.03
2039    2    51.58    -1.76
2039    3    83.47     7.39
2039    4    75.70    13.53
2039    5    72.22    16.09
2039    6    59.16    21.68
2039    7    18.78    25.08
2039    8    23.54    23.29
2039    9    44.88    18.05
2039   10    40.37    13.18
2039   11    16.90     9.24
2039   12    72.56     3.97
2040    1    41.73     2.36
2040    2    51.39     2.48
2040    3    76.56     6.53
2040    4   123.94    11.55
2040    5   121.44    13.87
2040    6    88.28    20.01
2040    7    54.56    22.49
2040    8    44.86    22.45
2040    9    59.94    15.55
2040   10    78.21    12.24
2040   11    56.25     6.88
2040   12    70.20    -0.04
2041    1    49.48    -2.87
2041    2    39.80     0.90
2041    3    53.23     1.91
2041    4    69.84    10.67
2041    5    90.88    16.82
2041    6    59.11    21.58
2041    7    36.46    22.26
2041    8    31.27    22.69
2041    9    38.82    18.11
2041   10    18.17    16.60
2041   11    58.49     7.52
2041   12    82.24     1.74
2042    1    30.36     2.15
2042    2    63.80     3.48
2042    3    39.77     8.40
2042    4    42.11     6.99
2042    5    54.32    17.61
2042    6    42.78    22.61
2042    7    32.22    25.48
2042    8    42.14    23.15
2042    9    53.19    19.27
2042   10    30.45    14.91
2042   11    37.91     9.14
2042   12    84.87     2.18
2043    1    37.25     3.94
2043    2    42.03     2.75
2043    3   102.64     3.93
2043    4    55.73    11.51
2043    5    37.46    18.33
2043    6    55.35    22.73
2043    7    36.84    23.69
2043    8    19.66    24.08
2043    9    45.96    21.59
2043   10    11.81    15.97
2043   11   111.77     5.68
2043   12    30.92     4.92
2044    1    35.95     0.73
2044    2    52.64     4.77
2044    3    54.22     5.41
2044    4    46.48    11.72
2044    5   154.03    17.56
2044    6    72.76    19.59
2044    7    10.52    24.41
2044    8    48.62    22.41
2044    9    10.06    21.28
2044   10    53.79    14.81
2044   11    89.27     6.43
2044   12    97.15    -0.19
2045    1    64.41     0.12
2045    2    71.52     3.38
2045    3    93.15     6.50
2045    4    90.90    10.42
2045    5   108.08    14.65
2045    6    40.79    21.46
2045    7     4.00    25.97
2045    8    28.98    23.57
2045    9    36.69    18.19
2045   10   114.39    13.08
2045   11   112.17     7.03
2045   12    45.31     3.77
2046    1   108.41     1.47
2046    2    56.05     2.68
2046    3   111.13     4.95
2046    4    39.22    12.21
2046    5   132.63    17.52
2046    6    51.64    20.99
2046    7    52.73    24.04
2046    8    23.91    25.28
2046    9   125.57    16.86
2046   10    69.38    13.10
2046   11    47.35     8.05
2046   12    74.42     2.36
2047    1    27.02     0.15
2047    2    64.28     4.72
2047    3   134.61     3.48
2047    4    99.91     8.33
2047    5    33.00    14.62
2047    6    14.61    22.07
2047    7    30.04    25.07
2047    8    48.64    23.47
2047    9    32.92    20.97
2047   10    66.26    14.94
2047   11    20.53    10.19
2047   12    34.58     5.18
2048    1    23.70     4.14
2048    2    55.24     3.29
2048    3    63.42     6.95
2048    4    77.49    11.22
2048    5    21.63    19.84
2048    6    16.45    24.98
2048    7    17.03    28.25
2048    8    33.95    28.18
2048    9    30.11    20.50
2048   10    84.92    15.76
2048   11    29.04    10.82
2048   12    49.93     3.64
2049    1    15.36     5.56
2049    2    55.88     1.87
2049    3   101.96     3.12
2049    4   100.23    10.21
2049    5    44.46    17.31
2049    6    39.54    22.04
2049    7    17.05    25.68
2049    8    12.97    24.59
2049    9    55.99    19.70
2049   10   105.11    13.50
2049   11    70.18     7.39
2049   12    33.71     2.17
2050    1    20.09     4.71
2050    2    49.99     5.76
2050    3    35.12     7.46
2050    4    54.39     8.04
2050    5    27.38    18.91
2050    6    38.94    24.14
2050    7     8.96    26.19
2050    8    19.23    24.80
2050    9    28.50    21.15
2050   10    62.48    14.68
2050   11    70.88     5.73
2050   12    69.52     1.39
2051    1   132.91     1.08
2051    2    33.37     2.95
2051    3    78.59     7.71
2051    4    68.20     9.89
2051    5   101.12    16.41
2051    6    75.57    21.59
2051    7    31.96    24.53
2051    8    38.96    23.69
2051    9    40.10    19.06
2051   10    76.72    14.69
2051   11    56.47     6.13
2051   12    55.92     3.60
2052    1    56.61     1.84
2052    2    49.01    -1.52
2052    3    86.47     3.71
2052    4    65.12     9.19
2052    5    23.13    16.83
2052    6    37.15    23.68
2052    7     2.46    27.54
2052    8    18.86    23.04
2052    9    73.14    18.96
2052   10    25.09    13.86
2052   11    69.13     7.69
2052   12    50.69     2.88
2053    1    16.41     1.28
2053    2    41.99    -0.46
2053    3   102.56     4.66
2053    4   100.23     9.18
2053    5    84.03    12.84
2053    6    45.43    22.50
2053    7    53.90    24.59
2053    8    57.13    23.61
2053    9    45.46    18.04
2053   10    91.83    14.25
2053   11    42.70     8.56
2053   12    82.66     3.08
2054    1    75.61     1.92
2054    2    59.24     3.06
2054    3    52.63     6.76
2054    4    97.74    10.07
2054    5    50.95    16.50
2054    6    40.12    22.74
2054    7    13.59    27.41
2054    8    42.05    25.78
2054    9    44.87    18.31
2054   10    31.79    16.30
2054   11    97.20     7.99
2054   12    54.97     0.31
2055    1    72.13    -0.29
2055    2    33.88     3.17
2055    3    74.62     7.12
2055    4   129.42     8.12
2055    5   134.86    16.95
2055    6    41.77    20.85
2055    7    54.44    24.42
2055    8    12.79    25.07
2055    9    73.85    18.83
2055   10    71.71    13.60
2055   11    34.18    10.54
2055   12    32.71     5.47
2056    1    20.24     3.21
2056    2    69.81     4.14
2056    3    86.25     5.15
2056    4    69.00    11.98
2056    5    44.21    16.95
2056    6   115.52    19.90
2056    7    32.70    24.19
2056    8    23.50    22.86
2056    9    72.59    18.82
2056   10    87.71    14.39
2056   11   110.17     4.54
2056   12    38.99     1.52
2057    1    38.12    -1.39
2057    2    40.04     5.43
2057    3    98.45     4.20
2057    4    50.05     9.05
2057    5    31.15    17.73
2057    6    38.66    23.49
2057    7    38.89    24.45
2057    8    12.66    25.03
2057    9    84.16    17.41
2057   10    76.89    12.79
2057   11    79.42     9.78
2057   12    73.92     2.99
2058    1    59.03    -1.78
2058    2    23.28     4.82
2058    3    83.97     2.23
2058    4    90.79     5.08
2058    5    75.41    16.37
2058    6   100.90    21.27
2058    7    87.56    22.18
2058    8    30.63    23.06
2058    9    20.43    18.80
2058   10    31.65    11.38
2058   11    38.83     6.19
2058   12    90.56     2.13
2059    1    49.17     2.39
2059    2    74.69     1.30
2059    3    73.60     5.78
2059    4   105.68     8.31
2059    5    72.76    15.28
2059    6    72.36    20.69
2059    7    61.18    24.07
2059    8    11.24    23.63
2059    9    38.99    18.35
2059   10    45.85    13.98
2059   11    80.19     6.49
2059   12    33.60     3.01
2060    1    28.65    -5.28
2060    2    23.50     4.21
2060    3    57.02     7.49
2060    4    74.46    11.60
2060    5    45.73    17.79
2060    6     2.35    25.15
2060    7    60.57    25.94
2060    8    53.65    24.96
2060    9    80.83    20.29
2060   10     7.26    16.76
2060   11    79.55    10.70
2060   12    62.12     7.37
2061    1   122.56     0.81
2061    2    73.62     3.45
2061    3    93.57     7.74
2061    4    54.61    13.21
2061    5   113.00    15.26
2061    6    55.30    21.91
2061    7    64.60    23.96
2061    8    15.34    24.30
2061    9    21.22    21.48
2061   10    92.89    15.12
2061   11    98.27     8.30
2061   12    30.96     5.83
2062    1    21.15     3.31
2062    2    48.68     3.72
2062    3    58.62     9.69
2062    4    68.41    11.24
2062    5    22.37    17.36
2062    6    73.67    23.73
2062    7     7.86    25.91
2062    8    14.86    26.68
2062    9    55.27    19.42
2062   10    65.64    13.82
2062   11    36.78     8.04
2062   12    37.90     2.54
2063    1    35.50     3.83
2063    2    37.19     4.35
2063    3    49.06     9.40
2063    4    65.62    11.91
2063    5    87.96    15.64
2063    6    54.44    23.82
2063    7     5.07    27.38
2063    8    30.64    24.86
2063    9    51.32    21.51
2063   10   117.32    14.22
2063   11    35.87     9.09
2063   12    31.66     4.28
2064    1    55.95     1.26
2064    2    97.48     1.30
2064    3    78.13     6.08
2064    4    52.47    10.75
2064    5    65.73    16.62
2064    6    69.38    21.68
2064    7    25.84    26.22
2064    8    43.18    23.76
2064    9    34.31    22.06
2064   10    71.89    12.33
2064   11    17.47     9.00
2064   12   104.08     4.26
2065    1    37.57     2.73
2065    2    50.78     2.03
2065    3    70.71    10.54
2065    4    67.82    11.96
2065    5    32.91    17.95
2065    6    82.52    22.99
2065    7     6.57    28.65
2065    8    21.91    24.51
2065    9   103.48    19.56
2065   10   128.81    15.85
2065   11    48.26     9.68
2065   12    53.18     5.97
2066    1    87.21     2.82
2066    2    42.04     3.63
2066    3    53.80     4.68
2066    4   101.84    13.28
2066    5    93.80    17.75
2066    6    27.81    23.45
2066    7    16.03    25.94
2066    8    28.23    25.10
2066    9   110.02    18.87
2066   10    67.32    13.16
2066   11    61.21    10.70
2066   12    81.48     5.22
2067    1    76.74     1.63
2067    2    68.31     4.09
2067    3    69.05     6.63
2067    4   106.38     9.95
2067    5    59.66    16.64
2067    6    10.62    25.00
2067    7    20.67    25.89
2067    8    26.54    24.23
2067    9    33.45    17.39
2067   10    58.15    12.90
2067   11    28.11     9.95
2067   12    52.56     5.85
2068    1    34.08     2.92
2068    2    64.02     3.89
2068    3    55.94     5.45
2068    4    63.88    13.96
2068    5    71.38    16.31
2068    6    84.88    22.93
2068    7    47.93    26.25
2068    8    37.17    24.18
2068    9    52.99    19.39
2068   10     7.07    15.37
2068   11    44.58    12.27
2068   12    52.41     3.11
2069    1    58.26     4.09
2069    2    45.95     4.68
2069    3    67.34     6.63
2069    4   124.39    12.50
2069    5   126.90    14.87
2069    6    63.23    21.72
2069    7    14.89    25.43
2069    8    83.16    24.99
2069    9    59.16    18.04
2069   10   110.04    11.56
2069   11    29.64     9.43
2069   12    82.73     2.06
2070    1    31.62     1.82
2070    2    53.77     4.26
2070    3    66.58     9.04
2070    4    72.05    12.03
2070    5    60.34    17.78
2070    6    19.18    25.19
2070    7    36.53    26.66
2070    8    31.88    24.56
2070    9    33.92    18.09
2070   10    35.30    14.14
2070   11    51.59    12.05
2070   12    32.17     7.45
2071    1    62.22     4.80
2071    2    72.57     3.82
2071    3    87.48     6.41
2071    4    38.64    11.05
2071    5    48.39    17.40
2071    6   136.72    22.25
2071    7    27.32    25.74
2071    8    12.78    26.09
2071    9    40.07    18.54
2071   10    81.46    16.35
2071   11    69.25     8.93
2071   12    28.96     4.05
2072    1    70.42     1.76
2072    2    74.63     2.24
2072    3    55.10     4.72
2072    4   120.34    12.46
2072    5    60.35    17.07
2072    6    53.68    24.00
2072    7     2.64    27.88
2072    8    40.10    23.88
2072    9    25.09    18.28
2072   10    85.68    12.74
2072   11    10.02    10.64
2072   12    14.67     6.76
2073    1    49.79     3.53
2073    2    53.95     4.95
2073    3   109.14     6.54
2073    4    77.62    10.00
2073    5    54.08    17.05
2073    6    42.99    22.43
2073    7    13.28    27.43
2073    8    35.94    25.26
2073    9    31.67    19.63
2073   10    86.08    16.28
2073   11    77.15     9.22
2073   12    50.43     5.72
2074    1    57.89    -0.40
2074    2    36.91     5.15
2074    3   129.54     5.60
2074    4    39.63    10.01
2074    5    98.40    15.64
2074    6    86.01    22.44
2074    7    80.55    23.33
2074    8    42.99    24.58
2074    9    55.55    20.89
2074   10    70.08    14.65
2074   11    53.15     8.63
2074   12    38.45     4.62
2075    1    89.19     2.21
2075    2    31.46     3.44
2075    3    59.66     8.27
2075    4    84.90     9.02
2075    5   101.59    17.38
2075    6    41.32    23.31
2075    7     7.33    25.61
2075    8    16.84    27.40
2075    9    37.46    19.72
2075   10    87.57    15.77
2075   11    71.63    10.03
2075   12    15.29     3.63
2076    1    69.65     1.56
2076    2   114.89     1.70
2076    3   121.45     5.10
2076    4    47.33    12.14
2076    5   119.12    18.56
2076    6    84.00    21.58
2076    7    18.36    25.65
2076    8    23.83    24.84
2076    9    58.51    19.83
2076   10    19.04    15.87
2076   11     9.21    10.90
2076   12    68.84     4.86
2077    1    68.72     2.60
2077    2    82.25    -0.04
2077    3    38.88     7.07
2077    4    85.12    13.22
2077    5    97.35    17.56
2077    6    70.71    22.72
2077    7    36.52    26.17
2077    8    12.05    24.54
2077    9    35.42    18.56
2077   10   125.77    14.74
2077   11    62.24     7.75
2077   12    49.50     3.13
2078    1    71.89     1.07
2078    2    30.80     2.84
2078    3    85.45     7.04
2078    4    87.28    10.36
2078    5    47.50    16.76
2078    6    30.73    23.65
2078    7    34.02    26.21
2078    8     5.03    25.55
2078    9    65.35    20.28
2078   10    37.49    16.60
2078   11    58.12     7.41
2078   12    42.51     4.71
2079    1   107.55     1.78
2079    2    52.95    -1.24
2079    3    19.91     7.07
2079    4    83.05     7.97
2079    5    27.07    16.79
2079    6    37.23    23.05
2079    7    15.80    27.32
2079    8     7.73    26.52
2079    9    15.20    22.65
2079   10    82.54    16.01
2079   11    78.60     9.68
2079   12    43.44     4.44
2080    1    14.20     2.06
2080    2    70.86     5.39
2080    3    52.18     6.20
2080    4   106.62    12.22
2080    5    35.83    18.37
2080    6     2.61    25.52
2080    7    53.27    26.36
2080    8    23.32    27.39
2080    9    67.04    18.35
2080   10   109.54    11.42
2080   11    55.59     9.70
2080   12    39.19     2.82
2081    1    41.56     3.75
2081    2    61.09     3.51
2081    3   104.46     4.34
2081    4    69.45    11.96
2081    5   124.68    14.36
2081    6    17.93    26.70
2081    7     6.64    27.98
2081    8    45.42    25.40
2081    9    37.34    17.93
2081   10   124.55    16.05
2081   11    36.77    10.18
2081   12    62.80     5.41
2082    1    66.95     3.02
2082    2    62.80     5.48
2082    3    64.65     6.32
2082    4    64.32    12.73
2082    5    70.32    18.08
2082    6    71.12    23.08
2082    7     5.27    27.00
2082    8    56.71    23.78
2082    9    50.06    20.36
2082   10   164.28    12.16
2082   11   180.95     4.33
2082   12    30.87     5.50
2083    1    70.60     2.22
2083    2    65.74     4.37
2083    3    57.95     9.04
2083    4   111.65     9.11
2083    5   103.97    16.62
2083    6    32.51    22.97
2083    7    10.18    25.79
2083    8     7.18    27.46
2083    9   152.07    18.56
2083   10    72.81    13.24
2083   11    22.36    11.04
2083   12    86.93     2.44
2084    1    37.37     1.98
2084    2    35.65    -0.08
2084    3    67.96     5.16
2084    4    99.15     9.20
2084    5   109.41    17.13
2084    6    58.17    22.08
2084    7     8.60    25.68
2084    8     6.00    27.14
2084    9    52.97    19.79
2084   10    70.64    15.39
2084   11    79.89     7.70
2084   12    36.49     7.07
2085    1    59.62     3.57
2085    2    41.14     0.38
2085    3    81.44     7.76
2085    4    68.96    12.23
2085    5    52.68    17.24
2085    6    44.89    22.53
2085    7    31.47    26.42
2085    8    57.54    24.84
2085    9    91.10    20.16
2085   10   107.60    15.71
2085   11    21.51     9.69
2085   12    84.28     6.46
2086    1    78.58     0.25
2086    2    78.18     1.11
2086    3   101.70     3.30
2086    4   106.77     9.73
2086    5    98.39    14.01
2086    6    44.88    21.67
2086    7     3.20    26.72
2086    8     8.80    25.04
2086    9    27.11    19.25
2086   10   117.51    13.40
2086   11    46.03     9.13
2086   12    54.42     5.69
2087    1    34.62     4.96
2087    2    54.85     4.63
2087    3   104.76     7.29
2087    4    43.30    11.14
2087    5    66.20    18.15
2087    6    97.92    22.30
2087    7    24.66    24.71
2087    8   112.37    23.71
2087    9    49.95    20.56
2087   10    71.69    15.10
2087   11    41.00    10.92
2087   12    74.23     2.83
2088    1    95.32    -2.07
2088    2    43.87     3.54
2088    3   105.03     7.18
2088    4    70.84    11.98
2088    5    78.82    18.01
2088    6    37.19    23.95
2088    7    17.73    27.37
2088    8    18.49    25.74
2088    9    20.81    21.65
2088   10    44.63    15.46
2088   11    63.19     6.34
2088   12    53.25     5.28
2089    1    50.46     0.91
2089    2    65.08     5.05
2089    3    88.28     5.09
2089    4    73.85     8.87
2089    5    29.36    16.65
2089    6    44.02    23.54
2089    7    41.21    25.42
2089    8    15.41    25.78
2089    9    35.89    21.01
2089   10    66.50    15.78
2089   11    49.29     8.95
2089   12    41.57     4.80
2090    1    84.57     3.80
2090    2    39.91     5.18
2090    3    71.16     8.52
2090    4    74.00    12.76
2090    5    73.76    18.21
2090    6     8.66    25.11
2090    7    12.11    27.68
2090    8    47.24    27.30
2090    9    83.72    18.29
2090   10    72.94    15.72
2090   11    87.57     8.51
2090   12    77.41     5.33
2091    1    63.98     6.24
2091    2    93.60     1.81
2091    3   101.11     2.64
2091    4   113.17    13.06
2091    5    16.37    18.80
2091    6    50.14    24.49
2091    7    21.32    26.07
2091    8    16.21    25.10
2091    9    83.39    17.79
2091   10   105.70    12.52
2091   11     8.63     8.79
2091   12    91.28     4.70
2092    1    79.17     3.94
2092    2    68.64     0.95
2092    3    99.79     4.91
2092    4   116.04     9.80
2092    5   111.27    15.27
2092    6    67.73    21.66
2092    7    53.14    23.89
2092    8    16.58    25.01
2092    9    34.80    21.64
2092   10    13.27    16.88
2092   11    79.15     8.31
2092   12    17.45     4.75
2093    1    40.07     5.89
2093    2    66.71     5.27
2093    3    88.92     6.51
2093    4   131.31    10.94
2093    5    70.37    15.71
2093    6    95.14    21.20
2093    7    28.91    25.29
2093    8    22.68    25.80
2093    9    47.96    20.85
2093   10    24.45    16.22
2093   11    68.20     8.16
2093   12    51.96     5.62
2094    1    29.16     0.01
2094    2    29.85     4.60
2094    3    64.82     6.06
2094    4    35.81    12.42
2094    5   102.44    16.96
2094    6    45.74    22.39
2094    7    55.42    25.61
2094    8    23.19    25.01
2094    9    35.35    20.81
2094   10   126.19    14.75
2094   11    48.88    11.75
2094   12    75.19     7.63
2095    1    51.67     1.64
2095    2    34.25     7.28
2095    3    70.60     9.00
2095    4    99.51    12.04
2095    5    65.28    16.89
2095    6    56.65    24.55
2095    7     8.06    27.69
2095    8    23.94    25.99
2095    9    14.36    22.79
2095   10    76.08    13.29
2095   11    61.23     8.36
2095   12    66.01     5.77
2096    1    22.45     4.80
2096    2    16.08     5.69
2096    3    89.86     8.28
2096    4    88.83    10.39
2096    5    99.32    17.38
2096    6    17.85    25.64
2096    7    20.45    29.30
2096    8    10.52    27.27
2096    9    44.25    20.30
2096   10    42.56    17.46
2096   11    99.29    10.89
2096   12    34.83     2.96
2097    1    43.27     4.15
2097    2    45.04     6.65
2097    3    96.62     7.42
2097    4    94.96    11.85
2097    5   107.46    16.43
2097    6    26.65    23.29
2097    7    32.60    26.30
2097    8    33.46    25.35
2097    9    76.32    19.71
2097   10   146.10    12.66
2097   11    35.13     9.90
2097   12    49.22     4.13
2098    1    55.01     1.49
2098    2    55.45     3.20
2098    3    96.88    10.52
2098    4    73.16    14.35
2098    5   163.02    17.81
2098    6    48.08    22.56
2098    7    22.47    27.56
2098    8    25.57    25.10
2098    9   101.01    18.79
2098   10    62.86    13.46
2098   11   117.93     4.75
2098   12    68.69     1.38
2099    1    18.64     3.68
2099    2    59.49     4.68
2099    3    53.32     5.09
2099    4    49.11     9.05
2099    5    23.17    18.89
2099    6    37.70    23.98
2099    7    55.46    26.82
2099    8    67.30    26.71
2099    9    35.06    17.61
2099   10    28.30    16.38
2099   11    31.32     9.96
2099   12    50.78     4.22
2100    1    41.24     4.96
2100    2    66.50     4.44
2100    3    78.31     6.41
2100    4    56.46    14.22
2100    5    57.19    15.55
2100    6    37.64    24.19
2100    7    11.44    28.16
2100    8    19.08    26.30
2100    9    12.42    21.67
2100   10    82.41    17.42
2100   11    61.97    11.55
2100   12    63.85     4.63
