2006    1    11.00     3.40
2006    2     2.47     3.45
2006    3    30.77     7.37
2006    4    21.66    13.70
2006    5    57.44    23.77
2006    6    49.07    25.18
2006    7     9.24    31.01
2006    8     4.30    30.15
2006    9     1.86    22.67
2006   10     4.42    14.52
2006   11    67.86     5.69
2006   12    16.87     1.62
2007    1    22.91     3.61
2007    2    26.17     0.22
2007    3    15.91     7.09
2007    4    42.08    15.89
2007    5    81.22    19.57
2007    6    26.52    27.41
2007    7    18.06    28.58
2007    8    17.89    25.52
2007    9    30.49    19.52
2007   10     5.02    15.53
2007   11    39.29     5.12
2007   12    13.26     4.49
2008    1     4.57     2.45
2008    2    17.39     4.30
2008    3    39.93     7.87
2008    4    28.69    16.15
2008    5    21.69    24.36
2008    6    24.00    27.37
2008    7     1.08    34.70
2008    8    12.44    27.39
2008    9    27.96    21.83
2008   10    12.12    13.80
2008   11    29.33     2.12
2008   12    26.81    -5.91
2009    1     9.71     0.12
2009    2    13.72     0.29
2009    3    15.14     7.38
2009    4    41.55    13.60
2009    5    14.83    23.02
2009    6    19.72    27.87
2009    7    27.22    30.42
2009    8     0.31    30.53
2009    9    77.94    20.54
2009   10     6.40    13.11
2009   11    47.45     4.74
2009   12    20.89    -0.46
2010    1    33.49     0.38
2010    2    13.96    -0.48
2010    3    12.01    12.04
2010    4    50.10    15.22
2010    5    51.67    18.54
2010    6    41.16    23.00
2010    7    11.98    29.86
2010    8    15.15    25.49
2010    9    14.54    22.82
2010   10     7.87    19.21
2010   11    43.76     5.55
2010   12    15.96     4.21
2011    1    16.22     4.07
2011    2    30.98     4.67
2011    3    45.05     3.24
2011    4    45.70    11.78
2011    5    78.48    19.68
2011    6    32.96    24.64
2011    7    57.43    27.25
2011    8    30.92    27.40
2011    9     6.70    22.24
2011   10    34.67    14.38
2011   11     5.65     5.31
2011   12    19.20    -0.34
2012    1    14.39     1.60
2012    2    23.09     0.12
2012    3     2.69    11.00
2012    4     7.70    18.20
2012    5    55.89    20.75
2012    6    44.79    24.58
2012    7     6.53    30.22
2012    8    10.85    25.78
2012    9    25.88    20.61
2012   10     3.19    11.29
2012   11    20.21     7.89
2012   12    22.38     3.05
2013    1    20.23    -0.02
2013    2    10.18     5.40
2013    3    33.68     8.42
2013    4    52.55    13.50
2013    5    30.96    24.01
2013    6    28.52    26.08
2013    7     4.11    32.17
2013    8     7.72    26.99
2013    9    18.19    22.04
2013   10    14.53    13.66
2013   11    15.14     2.92
2013   12    18.22     6.33
2014    1    15.86    -2.20
2014    2     6.08     6.59
2014    3    14.29    12.58
2014    4    56.82    14.67
2014    5    59.76    21.29
2014    6    22.20    26.24
2014    7     9.35    31.33
2014    8    18.55    29.01
2014    9    13.27    21.40
2014   10     7.01    15.37
2014   11     5.03     5.64
2014   12    12.18     7.95
2015    1    13.23     3.85
2015    2     9.00     3.40
2015    3    27.14     2.31
2015    4    41.12    15.78
2015    5    31.02    20.40
2015    6    37.05    26.25
2015    7    46.24    30.64
2015    8     2.45    29.50
2015    9    28.68    21.64
2015   10    73.96    10.84
2015   11    23.08     4.46
2015   12    37.32    -2.63
2016    1    24.15    -6.08
2016    2     6.66     4.47
2016    3    19.09     4.99
2016    4    35.99    14.79
2016    5    14.16    19.42
2016    6     3.32    31.18
2016    7    19.45    31.49
2016    8    14.90    27.62
2016    9    23.01    22.97
2016   10    26.58    13.97
2016   11    28.05     5.61
2016   12    21.66     0.48
2017    1     3.34     5.42
2017    2     9.78     6.72
2017    3    31.46     6.80
2017    4    31.76    12.99
2017    5    70.27    18.13
2017    6    48.85    27.11
2017    7    15.05    28.65
2017    8    12.45    30.81
2017    9    36.10    19.65
2017   10    28.53    10.15
2017   11    34.08     8.81
2017   12    25.97     3.53
2018    1    25.45     2.79
2018    2    21.02     2.51
2018    3    26.87    10.27
2018    4    34.72    13.46
2018    5    14.15    23.62
2018    6    30.12    25.73
2018    7    26.59    28.18
2018    8     6.38    31.70
2018    9     8.95    23.82
2018   10    41.56    13.72
2018   11     0.61    11.02
2018   12     5.58     5.57
2019    1    32.29     3.82
2019    2    23.80     1.25
2019    3    26.73     8.87
2019    4     6.83    16.18
2019    5    23.05    22.46
2019    6    10.26    27.70
2019    7    18.94    29.63
2019    8    10.84    29.84
2019    9    11.62    23.04
2019   10     5.07    20.27
2019   11    30.07     5.64
2019   12    43.70    -2.48
2020    1     9.13     4.85
2020    2    20.96     6.29
2020    3    42.33     2.10
2020    4    74.06    12.17
2020    5    19.40    20.56
2020    6     3.82    30.28
2020    7    25.04    32.24
2020    8     5.95    27.25
2020    9    11.97    23.23
2020   10     9.75    14.99
2020   11    21.74     3.24
2020   12    19.98     3.11
2021    1    20.59     2.33
2021    2    18.00     2.07
2021    3    29.01     5.42
2021    4    12.52    16.51
2021    5    46.51    20.40
2021    6    24.47    27.40
2021    7    12.43    30.59
2021    8     7.53    30.49
2021    9     8.66    24.35
2021   10    15.47    13.33
2021   11    49.61     3.43
2021   12    27.63    -6.04
2022    1    13.14    -2.84
2022    2     9.19    -0.87
2022    3     3.18     7.02
2022    4    84.13    13.32
2022    5    12.70    18.68
2022    6    39.56    24.92
2022    7     9.85    31.53
2022    8     1.38    31.33
2022    9    18.70    21.57
2022   10    25.95    13.88
2022   11    33.46     6.84
2022   12    26.82     3.15
2023    1    15.40     3.82
2023    2    13.43     4.25
2023    3    49.88    10.66
2023    4     2.32    18.04
2023    5    32.33    20.94
2023    6    18.66    29.48
2023    7     7.17    32.74
2023    8     9.52    28.31
2023    9    24.39    22.92
2023   10     8.00    13.68
2023   11    16.15     7.04
2023   12    36.66     1.85
2024    1    42.20     4.81
2024    2     2.25     3.14
2024    3    20.62     7.92
2024    4    19.99    12.55
2024    5    11.85    26.85
2024    6    14.51    27.26
2024    7     9.42    34.85
2024    8     4.29    30.16
2024    9     6.95    25.26
2024   10    58.52    10.39
2024   11    30.57     7.91
2024   12     8.98     1.74
2025    1    28.46     3.10
2025    2     7.88     6.10
2025    3    34.79     5.31
2025    4    56.65    14.47
2025    5    12.81    22.75
2025    6    21.75    29.76
2025    7     8.69    30.63
2025    8     1.64    29.66
2025    9     3.73    23.01
2025   10    17.75    11.96
2025   11    19.59    10.18
2025   12    17.95     2.53
2026    1    16.81     3.66
2026    2    30.42     1.76
2026    3    16.78     9.33
2026    4    14.05    17.24
2026    5    51.26    18.74
2026    6    21.11    25.40
2026    7    38.21    33.06
2026    8    25.94    26.43
2026    9    26.47    22.63
2026   10    30.35    14.33
2026   11    14.92     4.15
2026   12    20.30     2.07
2027    1     5.06     5.70
2027    2     9.05     3.72
2027    3    11.52     6.28
2027    4    45.67    13.05
2027    5   123.26    18.30
2027    6    13.04    27.33
2027    7    16.75    30.79
2027    8     6.76    30.62
2027    9    15.12    22.81
2027   10    11.78    14.99
2027   11    20.24     6.48
2027   12    23.51     1.49
2028    1    22.26     3.95
2028    2    29.28    -1.12
2028    3    17.43     7.98
2028    4    85.73    13.21
2028    5    10.67    22.42
2028    6    31.76    28.80
2028    7    82.13    29.63
2028    8    10.62    29.42
2028    9    36.12    22.32
2028   10    55.33    10.09
2028   11    36.71     6.04
2028   12    27.02     0.95
2029    1    12.12     3.62
2029    2    18.72     5.94
2029    3    34.64    10.38
2029    4    42.91    17.38
2029    5    79.44    18.89
2029    6    34.57    25.92
2029    7     4.56    33.28
2029    8    13.62    32.07
2029    9    20.76    23.53
2029   10    11.48    15.09
2029   11    24.43     8.38
2029   12    12.41     3.53
2030    1    21.05     0.64
2030    2    22.95     4.18
2030    3    68.52     7.50
2030    4    22.92    13.99
2030    5    29.99    20.70
2030    6    47.31    26.81
2030    7     7.44    32.53
2030    8     2.23    28.85
2030    9     3.34    23.23
2030   10     6.30    15.87
2030   11    11.37     3.67
2030   12    43.10     3.99
2031    1    21.56     2.57
2031    2    54.97     2.39
2031    3    68.75     4.48
2031    4    47.46    13.29
2031    5    37.18    22.76
2031    6    12.79    24.98
2031    7    32.24    29.52
2031    8    22.57    27.33
2031    9    10.40    21.93
2031   10    19.89    12.51
2031   11    19.07     5.68
2031   12    34.50     3.66
2032    1    16.19     3.16
2032    2    27.55     0.50
2032    3    37.18     5.96
2032    4    12.83    14.45
2032    5    12.42    24.33
2032    6    22.55    26.54
2032    7    32.51    30.19
2032    8    18.12    30.10
2032    9    15.48    23.11
2032   10    23.66    14.36
2032   11    25.32     7.47
2032   12    27.41     2.57
2033    1    21.72     0.23
2033    2    13.15     3.39
2033    3    59.98     7.84
2033    4    26.30    16.94
2033    5    63.25    20.31
2033    6    13.28    27.35
2033    7     7.42    33.93
2033    8    18.89    26.26
2033    9    53.54    20.90
2033   10    13.64    11.22
2033   11    10.51     4.49
2033   12    18.72     3.86
2034    1     6.77     4.89
2034    2     8.03     8.12
2034    3    30.46     8.14
2034    4     8.23    14.03
2034    5    31.35    21.16
2034    6    49.61    27.68
2034    7    24.32    32.68
2034    8     5.31    28.27
2034    9    19.75    24.12
2034   10    46.21    12.21
2034   11    58.87     3.01
2034   12    39.04     1.75
2035    1    22.44    -1.47
2035    2    47.56     5.42
2035    3    64.92     8.99
2035    4    28.89    15.34
2035    5     0.32    25.27
2035    6     4.40    28.22
2035    7     0.01    34.71
2035    8    16.16    29.86
2035    9     5.00    25.14
2035   10     7.02    18.11
2035   11    13.28     8.12
2035   12    49.11     2.82
2036    1    19.60     2.59
2036    2     8.32     2.93
2036    3    11.58    10.27
2036    4    49.50    12.43
2036    5    49.72    24.41
2036    6    37.72    26.29
2036    7     7.01    32.08
2036    8    22.34    28.42
2036    9     1.81    23.90
2036   10    13.87    13.27
2036   11    47.30     7.71
2036   12    15.64     2.26
2037    1    18.86     1.81
2037    2    12.80     4.78
2037    3    38.43     8.72
2037    4    14.07    13.32
2037    5    46.14    23.03
2037    6    19.23    29.33
2037    7    26.81    33.22
2037    8    10.49    29.64
2037    9    10.76    23.50
2037   10     9.14    14.33
2037   11    25.28     9.36
2037   12    22.88    -5.93
2038    1    25.22    -1.00
2038    2     7.03     3.89
2038    3    22.16     5.59
2038    4    13.64    13.76
2038    5    46.28    21.82
2038    6    57.92    27.45
2038    7     4.28    33.04
2038    8    16.73    28.11
2038    9     3.95    24.40
2038   10    53.28    10.53
2038   11    12.96     7.65
2038   12    23.03     0.50
2039    1    10.75     0.98
2039    2    23.83     7.30
2039    3    35.59     8.56
2039    4    61.92    10.13
2039    5    23.81    18.48
2039    6     9.87    27.51
2039    7    35.15    30.01
2039    8    16.24    26.73
2039    9     6.59    18.87
2039   10    11.64    12.55
2039   11    20.94     7.80
2039   12    47.50     2.14
2040    1     3.30     2.25
2040    2    33.49     1.29
2040    3    29.79     8.82
2040    4    40.83    15.38
2040    5    20.51    22.71
2040    6    25.89    28.75
2040    7    16.52    33.43
2040    8    36.58    27.22
2040    9     0.29    23.79
2040   10     1.82    13.58
2040   11    26.86     8.73
2040   12    25.17     0.77
2041    1    12.91     5.34
2041    2    16.97     5.09
2041    3    15.25    10.85
2041    4    67.91    12.78
2041    5    99.49    20.95
2041    6    29.48    27.52
2041    7     3.38    32.22
2041    8     6.10    28.26
2041    9     5.26    25.66
2041   10    17.74    12.07
2041   11    14.96     5.73
2041   12    28.54     2.31
2042    1    14.10     0.32
2042    2    24.15     0.62
2042    3     9.93     8.01
2042    4    10.69    15.51
2042    5    33.09    20.97
2042    6    10.36    25.14
2042    7    27.97    31.51
2042    8    19.36    28.24
2042    9    17.91    24.20
2042   10    24.11    14.79
2042   11    59.53     3.63
2042   12    11.66     3.12
2043    1    24.12     0.50
2043    2    20.46    -0.32
2043    3    19.86     7.23
2043    4    55.50    13.14
2043    5    36.73    19.89
2043    6    25.08    26.94
2043    7     4.36    34.19
2043    8     3.99    31.65
2043    9     5.72    25.31
2043   10    35.98    14.05
2043   11    28.28     6.33
2043   12    11.90    -1.28
2044    1    25.82     3.34
2044    2     2.78     6.54
2044    3    17.45    10.84
2044    4     2.20    18.88
2044    5    11.11    22.25
2044    6    11.47    28.28
2044    7     8.97    33.07
2044    8     6.06    31.18
2044    9     4.25    23.19
2044   10    12.96    12.65
2044   11    49.81     0.63
2044   12    26.97     0.57
2045    1    14.81     4.16
2045    2    44.36     4.74
2045    3    31.55     6.63
2045    4    38.56    13.72
2045    5    30.07    23.69
2045    6    33.84    26.47
2045    7    20.27    31.08
2045    8    24.57    26.58
2045    9     9.14    23.70
2045   10    28.99    13.84
2045   11    32.91     6.80
2045   12    15.12     7.18
2046    1    19.95    -3.06
2046    2    16.44     3.34
2046    3    25.27     7.48
2046    4    49.26    12.14
2046    5    16.45    23.70
2046    6     8.57    30.21
2046    7    15.59    29.64
2046    8     5.22    29.38
2046    9     3.17    26.63
2046   10    46.70    13.60
2046   11    41.55     9.26
2046   12    37.45     2.05
2047    1     7.99     4.52
2047    2    24.16     4.60
2047    3    23.94    10.08
2047    4    33.73    13.79
2047    5    57.81    21.67
2047    6    12.30    29.44
2047    7     6.03    29.95
2047    8    17.97    28.31
2047    9     7.06    23.58
2047   10     5.46    16.44
2047   11    44.78     8.54
2047   12     9.17     3.25
2048    1    20.33     0.85
2048    2    13.64     6.88
2048    3    33.62     7.73
2048    4    54.63    20.56
2048    5   111.10    19.23
2048    6    18.40    29.17
2048    7    47.57    31.85
2048    8     6.86    29.94
2048    9     1.89    24.71
2048   10    22.27    14.24
2048   11    49.44     6.72
2048   12    28.54     6.55
2049    1    15.70     4.41
2049    2    27.24     6.04
2049    3    31.56     9.90
2049    4    46.75    17.59
2049    5    51.37    20.62
2049    6    13.45    29.77
2049    7    31.35    31.02
2049    8    15.89    29.18
2049    9     4.73    23.33
2049   10    11.74    15.63
2049   11    21.63     6.45
2049   12    21.37     2.75
2050    1    12.65     1.49
2050    2    30.87     4.84
2050    3    42.33     7.78
2050    4    19.57    13.60
2050    5    70.19    18.21
2050    6    53.66    26.34
2050    7     8.29    31.43
2050    8    17.24    27.47
2050    9     6.07    22.18
2050   10    10.48    12.64
2050   11    53.26     7.39
2050   12    12.03     6.49
2051    1    17.42     4.54
2051    2    24.45     5.50
2051    3    31.03     8.64
2051    4    21.00    13.46
2051    5    60.52    21.41
2051    6    45.15    24.21
2051    7    14.12    31.35
2051    8    17.84    28.17
2051    9     0.23    23.92
2051   10    13.95    15.61
2051   11    21.60     6.64
2051   12    38.70     4.87
2052    1    19.08     2.33
2052    2    21.12     3.82
2052    3    17.68     9.26
2052    4    16.84    17.63
2052    5    68.56    22.67
2052    6    40.48    28.34
2052    7    37.61    28.14
2052    8    15.28    28.93
2052    9    19.14    26.32
2052   10     6.07    13.00
2052   11    22.06     5.57
2052   12    39.13     4.22
2053    1    20.21     3.59
2053    2    40.71     3.42
2053    3    28.10     4.32
2053    4    23.63    10.74
2053    5    68.64    20.06
2053    6    23.04    27.56
2053    7    11.74    33.00
2053    8     9.59    27.92
2053    9    24.26    21.80
2053   10    27.61    13.33
2053   11     9.33     8.24
2053   12    26.76     2.86
2054    1    32.37     3.91
2054    2    21.84     0.60
2054    3    66.26    10.99
2054    4    40.31    14.62
2054    5    64.64    20.77
2054    6    45.25    26.59
2054    7     9.19    31.99
2054    8    13.55    29.70
2054    9     6.53    23.44
2054   10     6.47    13.63
2054   11    74.38     6.51
2054   12    22.05     2.73
2055    1    14.20     2.89
2055    2    12.01     3.50
2055    3     6.98    10.06
2055    4    37.48    16.28
2055    5    53.97    20.21
2055    6    11.67    28.13
2055    7    31.99    31.33
2055    8     8.66    30.52
2055    9     5.40    23.33
2055   10    21.46    17.46
2055   11    13.29     9.66
2055   12    13.27    -2.52
2056    1     6.17     2.85
2056    2    18.79     2.88
2056    3    11.25    13.98
2056    4    17.18    18.60
2056    5    26.50    24.01
2056    6     9.27    30.71
2056    7     2.72    34.63
2056    8    20.65    27.45
2056    9    20.84    21.71
2056   10    33.23    16.41
2056   11    53.24     5.83
2056   12     9.17     3.02
2057    1     3.17     5.50
2057    2    33.29     4.98
2057    3    25.04    12.03
2057    4    76.08    13.73
2057    5    32.46    21.49
2057    6    15.65    28.07
2057    7     7.83    34.63
2057    8    12.39    30.50
2057    9    19.69    22.91
2057   10    39.48    12.57
2057   11    27.12     3.56
2057   12     4.30     1.59
2058    1    12.55    -3.57
2058    2    37.99     5.60
2058    3    70.61     4.71
2058    4   107.73    14.61
2058    5    61.72    20.12
2058    6    35.31    25.05
2058    7    18.84    31.92
2058    8     9.34    27.14
2058    9     7.05    24.34
2058   10    20.71    14.33
2058   11    21.97     8.96
2058   12    13.96     1.16
2059    1     5.87     6.07
2059    2    19.27     4.69
2059    3    23.37    10.72
2059    4     1.97    15.83
2059    5    45.05    20.21
2059    6     9.69    27.64
2059    7     2.95    33.09
2059    8    15.94    29.22
2059    9    29.67    23.05
2059   10     7.91    14.16
2059   11    17.52     9.63
2059   12    20.36     2.33
2060    1    25.79     2.19
2060    2     8.72     5.50
2060    3    45.42    10.01
2060    4    36.92    16.48
2060    5    28.47    21.19
2060    6    23.18    26.27
2060    7    46.19    30.41
2060    8     4.34    30.65
2060    9    14.03    26.44
2060   10    35.79    13.82
2060   11    29.48     4.09
2060   12    25.27     3.52
2061    1     8.76     2.01
2061    2    14.80     7.02
2061    3    82.95    11.81
2061    4    35.86    17.78
2061    5   102.20    19.92
2061    6    49.65    25.65
2061    7    24.17    29.85
2061    8     5.44    26.90
2061    9     1.00    26.82
2061   10    11.16    17.14
2061   11    24.43     3.82
2061   12    10.71     1.77
2062    1    23.17     1.38
2062    2    42.34     5.82
2062    3    40.62     9.84
2062    4    15.46    14.27
2062    5    51.47    19.08
2062    6    51.33    26.36
2062    7    13.50    32.68
2062    8     3.39    29.65
2062    9     9.57    27.88
2062   10    40.62    16.35
2062   11    33.76     7.96
2062   12    21.04     2.95
2063    1    14.54     3.63
2063    2    20.37     2.37
2063    3    24.86    10.96
2063    4    39.37    13.83
2063    5    42.04    22.99
2063    6    23.69    27.72
2063    7    15.63    33.94
2063    8     4.46    28.37
2063    9     5.92    25.25
2063   10    18.14    13.39
2063   11    24.20     7.93
2063   12    19.04     5.69
2064    1    18.30     3.20
2064    2    15.53     0.86
2064    3    10.88     6.96
2064    4    82.20    13.74
2064    5    17.29    23.76
2064    6     2.10    30.55
2064    7    15.03    32.06
2064    8    29.50    27.10
2064    9    22.01    21.47
2064   10     8.78    15.65
2064   11     7.89     8.47
2064   12    24.70     5.43
2065    1    17.21     0.26
2065    2    14.96     2.22
2065    3    15.11     9.93
2065    4    18.01    14.60
2065    5   121.16    20.95
2065    6    25.32    25.00
2065    7    22.06    30.41
2065    8     9.99    29.20
2065    9     7.59    21.03
2065   10    18.08    12.95
2065   11    15.80     5.62
2065   12    34.47     3.38
2066    1    34.41     4.65
2066    2    26.54     4.91
2066    3    47.99     7.72
2066    4    38.40    15.39
2066    5    60.79    20.64
2066    6    64.73    26.73
2066    7    49.78    28.86
2066    8     6.02    29.99
2066    9     7.15    25.48
2066   10    11.07    14.06
2066   11    16.21    11.01
2066   12    17.48     4.16
2067    1    18.13     2.01
2067    2    15.82     2.59
2067    3    88.77     6.10
2067    4    50.86    15.50
2067    5    49.14    18.82
2067    6   166.23    24.42
2067    7     9.21    31.05
2067    8    10.03    27.54
2067    9     4.73    25.58
2067   10    40.88    15.45
2067   11    58.34     6.39
2067   12    32.14     2.73
2068    1     6.18     2.90
2068    2    20.53    -0.03
2068    3    47.40     6.25
2068    4    32.56    15.75
2068    5    77.67    21.07
2068    6    68.84    25.95
2068    7    16.92    31.25
2068    8     1.88    29.94
2068    9    15.22    21.90
2068   10    39.44    12.15
2068   11    16.58     5.98
2068   12    11.30     6.01
2069    1    10.36     1.15
2069    2    11.53     7.75
2069    3    43.98    11.60
2069    4    53.71    16.28
2069    5    70.37    21.28
2069    6    26.10    28.12
2069    7    45.32    32.22
2069    8     5.88    29.04
2069    9     3.66    25.07
2069   10    10.44    16.52
2069   11     0.25     5.52
2069   12    14.97     3.93
2070    1    31.99     2.54
2070    2    25.05     2.36
2070    3    51.53     9.28
2070    4    69.17    13.78
2070    5    14.00    23.22
2070    6    33.14    26.71
2070    7    36.44    29.37
2070    8    17.20    28.53
2070    9     7.70    25.88
2070   10    19.75    17.95
2070   11    10.25     8.24
2070   12    21.29     0.93
2071    1    15.57    -2.53
2071    2    14.62     8.00
2071    3    17.46    13.32
2071    4    37.60    16.31
2071    5    97.22    19.78
2071    6     8.25    31.22
2071    7    52.49    32.87
2071    8     7.95    30.00
2071    9     2.87    24.82
2071   10    11.51    16.18
2071   11     6.20     2.60
2071   12    63.78     2.82
2072    1    12.49     4.60
2072    2    29.13     5.11
2072    3    31.52     8.07
2072    4    18.90    15.34
2072    5    26.24    25.47
2072    6     8.18    32.19
2072    7     2.50    35.33
2072    8     6.80    30.38
2072    9    38.94    23.25
2072   10    26.87    14.05
2072   11    35.48     8.57
2072   12    37.23    -1.04
2073    1    20.87     4.39
2073    2    10.86     3.56
2073    3    37.71     6.19
2073    4    53.04    15.30
2073    5    48.33    20.59
2073    6    53.47    26.58
2073    7    20.57    32.38
2073    8     6.78    30.44
2073    9    21.31    24.38
2073   10    32.36    17.83
2073   11    62.76    10.11
2073   12    23.53     7.18
2074    1    22.74     2.58
2074    2     5.37     7.66
2074    3    46.53     7.64
2074    4    32.21    14.06
2074    5    21.29    19.08
2074    6    26.01    30.26
2074    7    19.16    33.58
2074    8    12.19    31.12
2074    9    21.40    25.95
2074   10    63.85    10.58
2074   11    51.00     0.27
2074   12    37.48     2.62
2075    1     3.02     4.91
2075    2    11.64     7.07
2075    3    93.30     8.11
2075    4    41.99    12.73
2075    5    54.66    20.83
2075    6    10.32    27.47
2075    7     5.54    33.91
2075    8     5.89    31.87
2075    9     8.00    25.93
2075   10    39.38    15.34
2075   11    15.62    12.40
2075   12    16.65     7.29
2076    1    20.10     6.60
2076    2     5.83     6.95
2076    3    61.86     5.48
2076    4    75.88    15.49
2076    5    35.13    23.36
2076    6    30.52    31.30
2076    7    39.88    30.79
2076    8     1.30    30.56
2076    9    33.24    21.94
2076   10    31.63    12.28
2076   11    27.95     6.62
2076   12    31.05     2.23
2077    1    17.53     3.48
2077    2    34.72     5.59
2077    3    39.32     2.54
2077    4    46.78    18.16
2077    5    19.40    23.83
2077    6    62.09    26.98
2077    7    37.38    30.85
2077    8    11.35    30.47
2077    9     2.53    24.53
2077   10    24.66    13.42
2077   11    19.59     6.47
2077   12    12.89     3.29
2078    1     2.64    -0.12
2078    2     8.67     2.63
2078    3     2.35    10.69
2078    4    45.46    17.18
2078    5    33.42    24.20
2078    6    39.17    27.87
2078    7    25.92    32.50
2078    8     2.71    29.91
2078    9    16.46    22.22
2078   10    13.58    13.25
2078   11    35.69     7.99
2078   12    29.48    -0.57
2079    1     5.65     2.89
2079    2    12.96    -0.46
2079    3    45.82    13.31
2079    4    20.54    12.77
2079    5    41.16    18.54
2079    6    45.09    28.02
2079    7     5.10    34.47
2079    8     3.49    31.22
2079    9    20.16    22.32
2079   10     1.26    14.57
2079   11    51.45     9.68
2079   12    27.03     1.95
2080    1    19.21     6.61
2080    2    25.82     5.40
2080    3     8.42     9.01
2080    4    20.80    14.47
2080    5    18.34    22.76
2080    6    18.57    27.65
2080    7    46.62    32.11
2080    8    25.69    30.23
2080    9    12.65    25.16
2080   10    74.55    17.65
2080   11    16.52     8.43
2080   12    38.61    -1.33
2081    1    14.50     2.23
2081    2    21.15     4.66
2081    3     6.13    13.35
2081    4    39.24    17.96
2081    5    50.98    23.61
2081    6    16.40    29.51
2081    7    44.18    32.72
2081    8    11.34    29.79
2081    9    17.21    27.01
2081   10    30.51    16.30
2081   11     3.97    11.59
2081   12    65.09     5.13
2082    1    32.66     3.01
2082    2    23.28     5.56
2082    3    22.38     8.84
2082    4    17.07    16.47
2082    5    32.86    24.26
2082    6    64.68    25.56
2082    7    11.00    30.46
2082    8     8.93    29.85
2082    9     9.47    22.90
2082   10     1.67    16.17
2082   11    17.57    10.18
2082   12     7.65     1.52
2083    1    12.29     3.08
2083    2    10.40     6.96
2083    3    22.87     9.75
2083    4    30.68    16.09
2083    5    63.87    21.39
2083    6    17.45    27.10
2083    7    74.99    27.80
2083    8    37.86    27.17
2083    9    12.23    25.89
2083   10    36.00    15.88
2083   11    36.98     4.73
2083   12    10.46     7.60
2084    1     6.80     5.09
2084    2    23.31     6.38
2084    3    34.85     9.98
2084    4    29.57    16.67
2084    5    52.67    23.15
2084    6    56.42    26.79
2084    7    38.92    30.61
2084    8    24.82    27.87
2084    9    41.86    22.12
2084   10     3.05    17.74
2084   11    25.95    11.02
2084   12    20.73     3.49
2085    1    15.04     5.76
2085    2    44.13     4.09
2085    3    65.99     9.47
2085    4    71.77    15.17
2085    5    79.13    24.18
2085    6    20.12    29.39
2085    7    56.40    32.76
2085    8    20.00    27.99
2085    9     9.24    25.80
2085   10    15.49     9.34
2085   11    54.69     6.21
2085   12    26.71     0.73
2086    1    20.34     0.76
2086    2     4.16     6.97
2086    3    47.46    10.86
2086    4    37.06    15.17
2086    5    55.29    22.55
2086    6    41.20    27.84
2086    7    34.77    31.74
2086    8    30.03    28.53
2086    9     3.47    25.16
2086   10    18.28    16.61
2086   11    23.13     9.49
2086   12    16.61     6.81
2087    1    27.24     1.26
2087    2    41.67     5.29
2087    3    37.53    11.63
2087    4    36.38    19.54
2087    5    34.65    25.92
2087    6    29.31    29.00
2087    7     2.86    35.06
2087    8     3.84    31.47
2087    9     5.51    25.71
2087   10     5.36    16.90
2087   11    37.43    11.66
2087   12    50.56     6.98
2088    1    32.34     1.59
2088    2    34.99     5.35
2088    3    25.66    10.13
2088    4    30.34    15.07
2088    5    97.97    22.48
2088    6    24.20    27.80
2088    7     2.37    34.42
2088    8     3.07    29.93
2088    9    11.93    24.42
2088   10     7.36    13.66
2088   11    43.46     5.27
2088   12    30.10     5.16
2089    1    32.03    -2.35
2089    2    54.36     6.42
2089    3     6.23     8.59
2089    4    81.55    14.25
2089    5    30.08    21.34
2089    6    11.58    29.59
2089    7     5.64    32.86
2089    8     2.60    31.04
2089    9     9.17    26.18
2089   10    36.34    11.94
2089   11    27.50    11.55
2089   12    18.87     1.62
2090    1     9.44     5.31
2090    2    24.54     7.75
2090    3    26.17     9.24
2090    4    39.14    17.50
2090    5     8.70    22.36
2090    6    49.30    28.31
2090    7    14.55    27.73
2090    8     8.99    29.34
2090    9    13.11    21.38
2090   10    25.86    18.29
2090   11    35.89     4.47
2090   12    22.88     1.72
2091    1    21.05     2.88
2091    2    19.83     7.59
2091    3    17.46    12.62
2091    4    34.26    16.61
2091    5    18.28    22.80
2091    6     2.75    35.07
2091    7    29.21    29.91
2091    8    18.21    30.40
2091    9    15.36    23.60
2091   10     6.31    16.26
2091   11    19.01     8.11
2091   12    34.17     7.22
2092    1    47.22     3.14
2092    2    31.51     3.80
2092    3    48.77     7.31
2092    4    63.31    15.09
2092    5    62.77    22.63
2092    6    28.31    28.24
2092    7     9.70    34.41
2092    8    13.43    30.31
2092    9    21.99    23.57
2092   10    29.06    14.48
2092   11    39.92     9.10
2092   12     9.55     2.17
2093    1    12.46     2.17
2093    2    17.45     6.85
2093    3    49.66     6.46
2093    4    29.80    15.88
2093    5    64.14    21.86
2093    6     6.36    31.41
2093    7    21.12    30.69
2093    8     5.93    31.20
2093    9     6.82    26.00
2093   10     9.81    19.18
2093   11    13.68     9.87
2093   12    24.70     6.45
2094    1    39.26     0.14
2094    2    20.61     6.20
2094    3     5.21    10.96
2094    4     8.77    14.86
2094    5    69.69    22.08
2094    6    32.00    28.25
2094    7    43.12    33.35
2094    8    10.40    31.41
2094    9     3.63    28.29
2094   10    65.25    17.37
2094   11    68.41     6.78
2094   12    16.74     4.96
2095    1    22.04     3.74
2095    2    30.22     6.27
2095    3    28.49    11.43
2095    4    17.07    17.09
2095    5    38.85    25.55
2095    6    45.32    27.90
2095    7     4.37    33.34
2095    8     9.36    32.37
2095    9     7.80    24.46
2095   10    13.46    19.25
2095   11    32.57     9.29
2095   12    49.24    -1.57
2096    1    12.01     4.50
2096    2    44.05     4.51
2096    3     0.63     9.37
2096    4    63.65    17.32
2096    5    95.97    18.41
2096    6    24.24    27.74
2096    7    26.89    31.31
2096    8     8.61    29.43
2096    9    17.83    25.72
2096   10     8.30    16.73
2096   11     8.39     7.78
2096   12     6.24     7.41
2097    1    28.93     2.73
2097    2    16.04     5.15
2097    3    40.81    10.74
2097    4    22.76    16.35
2097    5    64.43    21.56
2097    6    14.24    30.81
2097    7    10.13    31.68
2097    8     6.28    31.04
2097    9     1.99    24.14
2097   10     7.51    13.39
2097   11    48.56     1.83
2097   12     9.56     3.46
2098    1    19.35     2.93
2098    2    26.13     5.77
2098    3    50.75     8.44
2098    4     9.01    17.48
2098    5   133.76    18.66
2098    6    25.17    30.89
2098    7    17.31    32.37
2098    8    20.35    32.14
2098    9    44.28    22.54
2098   10    68.61    11.64
2098   11    36.85     6.20
2098   12    30.40     4.48
2099    1    11.62     3.55
2099    2    16.84     2.93
2099    3    56.44     2.83
2099    4    25.53    14.83
2099    5    40.04    21.83
2099    6    13.85    30.28
2099    7    30.84    31.51
2099    8    24.39    27.77
2099    9    26.87    24.31
2099   10    36.10    16.43
2099   11     9.45    11.25
2099   12     8.81     4.62
2100    1    45.82     1.94
2100    2     9.75     8.28
2100    3    28.94     9.80
2100    4    62.78    13.79
2100    5    41.42    21.94
2100    6    17.75    31.02
2100    7    38.45    32.51
2100    8    22.11    29.35
2100    9     3.77    25.42
2100   10    28.76    14.90
2100   11    59.98     7.03
2100   12    34.49     7.39
