2006    1    22.23     2.21
2006    2    15.88     5.56
2006    3   100.36     5.96
2006    4    59.43    12.23
2006    5    87.97    16.16
2006    6    38.36    21.34
2006    7    22.49    24.59
2006    8     5.92    25.70
2006    9    20.66    18.29
2006   10    45.43    11.51
2006   11    44.41     5.12
2006   12    48.57     0.38
2007    1    53.39     1.55
2007    2    20.12     0.03
2007    3    71.20     6.86
2007    4    55.37    11.84
2007    5    60.44    14.13
2007    6    25.75    20.74
2007    7    13.04    23.20
2007    8    21.24    24.18
2007    9    10.69    17.01
2007   10    35.57    10.68
2007   11    12.82     6.04
2007   12    17.94     3.61
2008    1    21.98     2.25
2008    2    11.20     4.62
2008    3    74.67     8.24
2008    4    29.31    12.43
2008    5    69.83    17.15
2008    6    37.40    23.49
2008    7     3.21    25.22
2008    8    48.76    21.14
2008    9    15.44    16.59
2008   10    71.81    10.33
2008   11    23.90     4.41
2008   12    13.13     3.51
2009    1    31.73     2.90
2009    2    35.64     5.82
2009    3    42.32     6.07
2009    4    44.38    13.39
2009    5   162.00    13.94
2009    6    21.12    20.59
2009    7     5.13    26.22
2009    8     3.55    24.76
2009    9    75.51    18.18
2009   10   110.75     8.59
2009   11    16.54     7.33
2009   12    18.76     4.39
2010    1    71.19    -0.82
2010    2    49.75     1.82
2010    3    86.82     5.81
2010    4   100.70    10.89
2010    5    94.05    15.74
2010    6    33.86    20.74
2010    7     7.74    23.82
2010    8     6.12    25.46
2010    9    31.06    14.14
2010   10    40.92    11.65
2010   11    23.74     5.63
2010   12    15.31     2.22
2011    1     9.23     3.44
2011    2    40.37     3.06
2011    3    24.65     6.42
2011    4   120.87     9.83
2011    5    60.82    15.14
2011    6    45.30    20.75
2011    7    17.83    23.33
2011    8    33.29    22.92
2011    9    28.58    16.51
2011   10    28.19    10.73
2011   11    26.85     6.95
2011   12    10.68     2.61
2012    1    19.01    -1.20
2012    2    11.11     2.50
2012    3    67.49     6.60
2012    4    58.96    10.28
2012    5   106.71    15.54
2012    6    54.63    22.22
2012    7    23.31    23.04
2012    8     2.00    24.49
2012    9     8.06    17.43
2012   10    18.74    13.10
2012   11    13.61     6.77
2012   12    15.60     1.93
2013    1    34.47     2.74
2013    2    23.35     3.62
2013    3    57.93     7.05
2013    4    84.26    11.20
2013    5    52.54    17.26
2013    6    51.41    20.79
2013    7    10.58    24.03
2013    8     6.09    23.32
2013    9    43.37    16.57
2013   10    44.66     9.52
2013   11    36.58     6.87
2013   12    21.06     3.18
2014    1    93.65     1.41
2014    2    36.83     2.89
2014    3    59.65     5.24
2014    4   114.67    11.48
2014    5    78.50    16.03
2014    6   121.79    19.67
2014    7    14.71    23.79
2014    8    22.13    24.14
2014    9    16.74    17.53
2014   10    26.80    12.45
2014   11    39.66     7.86
2014   12    24.35     3.01
2015    1    34.29     3.60
2015    2    27.24     2.29
2015    3    38.49     8.33
2015    4    89.45    11.78
2015    5    95.28    17.33
2015    6    37.19    20.70
2015    7    20.27    22.43
2015    8    16.67    21.96
2015    9     7.65    17.58
2015   10    37.38    12.89
2015   11    34.40     6.42
2015   12    18.81     1.98
2016    1    91.41     1.28
2016    2    13.88     3.42
2016    3    31.48     7.96
2016    4   117.38     9.98
2016    5    79.69    15.22
2016    6    39.28    21.99
2016    7    12.34    26.07
2016    8    24.44    21.91
2016    9    30.81    17.02
2016   10    21.87    13.31
2016   11   110.03     7.10
2016   12    15.31     4.02
2017    1   151.44    -0.93
2017    2    24.99    -0.09
2017    3    61.47     7.79
2017    4    56.11    11.99
2017    5    98.42    14.14
2017    6   105.13    19.37
2017    7     2.45    24.81
2017    8    14.78    23.09
2017    9    15.95    20.10
2017   10    23.30    10.03
2017   11    15.60     6.91
2017   12    12.28     2.59
2018    1    16.65     2.26
2018    2   164.94     0.18
2018    3    65.71     5.18
2018    4    77.84    10.98
2018    5    30.72    17.20
2018    6    24.61    22.23
2018    7    10.98    26.04
2018    8     2.23    26.53
2018    9    16.91    19.94
2018   10    89.62     9.35
2018   11    54.00     6.77
2018   12    10.19     4.75
2019    1    53.49     2.84
2019    2    24.76     2.99
2019    3    47.39     4.54
2019    4    70.57     9.73
2019    5   123.24    15.07
2019    6    50.20    20.93
2019    7    22.71    23.37
2019    8    13.49    21.48
2019    9    23.08    15.79
2019   10   133.98     5.44
2019   11    21.94     7.50
2019   12    23.02     4.21
2020    1    36.45     1.60
2020    2    13.98     3.96
2020    3    31.16     9.75
2020    4    68.30    12.83
2020    5    78.09    16.81
2020    6    20.39    23.02
2020    7     8.74    25.54
2020    8     9.01    22.73
2020    9    14.47    21.43
2020   10    13.12    10.83
2020   11     9.07     8.14
2020   12    27.94     4.44
2021    1    11.94     2.92
2021    2    38.76     3.75
2021    3    59.48     7.81
2021    4    71.66    11.12
2021    5    96.95    17.64
2021    6    66.09    20.03
2021    7     3.75    26.06
2021    8     9.97    25.09
2021    9    14.61    18.11
2021   10    59.52    11.14
2021   11     2.65     5.54
2021   12    18.45     3.34
2022    1    29.87     2.69
2022    2    18.43     4.53
2022    3   126.37     5.02
2022    4    53.72    12.30
2022    5   115.30    16.50
2022    6    23.19    21.22
2022    7    12.04    26.11
2022    8     7.63    24.06
2022    9    22.76    19.56
2022   10    27.45    13.75
2022   11    30.17     7.40
2022   12    17.12     5.02
2023    1    14.84    -0.06
2023    2    35.15     4.69
2023    3    77.46     5.13
2023    4   101.13    12.32
2023    5    92.88    14.49
2023    6   100.47    19.84
2023    7    34.42    22.56
2023    8    18.92    22.80
2023    9    30.17    18.52
2023   10    38.29    11.25
2023   11    12.62     5.85
2023   12    23.36     5.04
2024    1    24.57    -0.82
2024    2    18.46     0.15
2024    3    27.65     6.11
2024    4    64.58    12.91
2024    5    45.54    16.55
2024    6    59.46    22.11
2024    7    21.10    24.87
2024    8    18.21    23.00
2024    9    31.19    16.19
2024   10    10.15    15.22
2024   11    18.51     7.95
2024   12    18.20     3.63
2025    1    66.97     1.95
2025    2    12.25     3.88
2025    3    34.77     8.11
2025    4    79.97    13.29
2025    5    93.73    15.04
2025    6    18.80    24.07
2025    7     7.49    26.76
2025    8    23.42    25.27
2025    9     4.32    19.94
2025   10    49.12    11.69
2025   11    43.22     5.43
2025   12    69.06    -2.44
2026    1    27.20     1.18
2026    2    43.26    -1.38
2026    3    93.06     6.48
2026    4    46.04    13.18
2026    5    82.29    18.99
2026    6    81.29    21.09
2026    7     7.47    26.04
2026    8    12.26    22.65
2026    9    24.51    17.98
2026   10    34.02    11.39
2026   11     8.64     7.70
2026   12    18.51     4.07
2027    1     7.05     4.92
2027    2    81.87     4.59
2027    3    60.88     6.71
2027    4    64.45    14.26
2027    5    84.47    17.78
2027    6    48.56    22.42
2027    7     4.62    25.64
2027    8    20.35    23.60
2027    9    31.97    15.00
2027   10    76.85    10.28
2027   11    16.76     5.84
2027   12    24.53     3.80
2028    1    46.15     3.84
2028    2    39.31     6.01
2028    3    65.59     7.33
2028    4   106.21    10.52
2028    5    76.01    16.21
2028    6    57.90    20.26
2028    7    17.28    25.44
2028    8    11.34    26.05
2028    9    28.61    18.02
2028   10    43.64    13.12
2028   11    50.37     7.25
2028   12    16.42     3.62
2029    1    14.19     3.69
2029    2    19.69     3.71
2029    3    72.59     6.67
2029    4    59.41    10.17
2029    5    80.43    15.80
2029    6    64.13    20.17
2029    7    32.62    23.97
2029    8    12.53    24.09
2029    9    21.57    17.37
2029   10    64.64     9.77
2029   11    19.15     6.00
2029   12    20.21     2.44
2030    1    18.72     2.37
2030    2    30.63     3.86
2030    3   159.75     7.76
2030    4   183.63     7.82
2030    5   114.12    14.04
2030    6    25.38    19.51
2030    7     4.15    24.63
2030    8     0.46    24.82
2030    9    27.29    17.02
2030   10    54.27    13.98
2030   11    15.77     7.19
2030   12    17.81     3.64
2031    1    44.52     2.08
2031    2    32.94     3.97
2031    3    60.73     7.84
2031    4    31.92    14.91
2031    5   110.69    17.53
2031    6    44.05    20.75
2031    7    10.61    23.64
2031    8     6.29    23.96
2031    9     8.04    19.33
2031   10    96.27    11.96
2031   11    33.61     5.39
2031   12    32.80     2.71
2032    1    21.33     2.57
2032    2    13.39     4.03
2032    3    32.45     7.41
2032    4    17.92    11.37
2032    5    88.14    18.13
2032    6    24.50    22.92
2032    7     7.98    27.73
2032    8     0.88    27.70
2032    9    24.35    16.57
2032   10    53.16    12.72
2032   11     9.35     9.84
2032   12    24.89     3.05
2033    1     9.69     5.74
2033    2    26.13     5.51
2033    3    86.65     9.16
2033    4   145.66    10.21
2033    5    56.84    15.68
2033    6    39.50    21.39
2033    7     5.50    26.45
2033    8     6.89    25.03
2033    9    19.17    18.35
2033   10     8.74    12.26
2033   11    85.80     7.89
2033   12    18.12     3.81
2034    1     4.85     3.68
2034    2    30.54     3.22
2034    3    52.07     8.30
2034    4    89.57    12.11
2034    5   131.32    16.91
2034    6    21.85    22.48
2034    7     5.15    27.97
2034    8     2.37    26.52
2034    9     2.02    20.95
2034   10    39.06    13.40
2034   11    42.04     6.88
2034   12    38.11     1.29
2035    1    18.74     2.83
2035    2    37.51     2.78
2035    3    40.92     5.40
2035    4    57.52    12.38
2035    5   110.84    18.16
2035    6    46.76    21.51
2035    7    21.21    26.10
2035    8    29.83    23.23
2035    9    10.96    17.82
2035   10    35.61    11.67
2035   11    33.56     7.45
2035   12     6.90     4.88
2036    1    13.92     1.62
2036    2    52.87     3.72
2036    3    45.31     6.50
2036    4    76.03    12.76
2036    5   102.35    17.64
2036    6    58.96    23.79
2036    7     2.97    26.15
2036    8    20.88    24.19
2036    9    15.60    21.05
2036   10    29.86    14.23
2036   11    15.20     7.52
2036   12     7.99     4.49
2037    1     8.92     2.08
2037    2    35.27     8.18
2037    3    41.42     6.61
2037    4    80.81    11.83
2037    5    66.31    15.73
2037    6    53.06    22.94
2037    7    14.18    25.73
2037    8    12.37    26.34
2037    9    49.70    21.07
2037   10    40.03    13.09
2037   11    30.12     5.46
2037   12    16.62     3.42
2038    1    18.21     3.82
2038    2    16.93     6.62
2038    3    44.62     9.50
2038    4    66.09    12.54
2038    5   116.10    16.57
2038    6    81.66    22.69
2038    7     5.75    26.65
2038    8    14.34    26.79
2038    9    48.00    18.58
2038   10    43.97    11.02
2038   11    20.60     9.15
2038   12     7.07     4.18
2039    1    74.31     2.83
2039    2    48.43     0.17
2039    3    47.69     7.49
2039    4    94.07    11.40
2039    5   119.85    15.88
2039    6    33.12    21.75
2039    7    27.79    25.04
2039    8    25.13    25.80
2039    9    22.50    18.94
2039   10    64.69    10.90
2039   11    21.04     7.78
2039   12    20.53     2.10
2040    1    48.19     2.48
2040    2    62.37     1.93
2040    3    52.91     5.04
2040    4   103.52    12.46
2040    5    81.93    16.94
2040    6    89.31    21.68
2040    7     5.42    25.22
2040    8    40.69    22.07
2040    9    40.86    16.87
2040   10   146.25    12.01
2040   11    94.83     4.85
2040   12     9.09     4.15
2041    1    20.02     0.90
2041    2    18.00     3.16
2041    3    43.10     9.13
2041    4    92.67    13.04
2041    5   110.12    18.69
2041    6    21.89    21.90
2041    7    18.96    26.54
2041    8    15.25    25.40
2041    9    10.98    18.21
2041   10    70.13    13.34
2041   11    81.62     6.91
2041   12   121.42     3.25
2042    1    60.36     3.28
2042    2    45.24     2.72
2042    3    40.77     9.77
2042    4    24.13    14.32
2042    5    40.93    19.37
2042    6    99.43    21.98
2042    7     8.36    25.45
2042    8    20.98    23.77
2042    9    18.31    19.46
2042   10    51.42    13.17
2042   11    58.44     7.21
2042   12    30.88     3.48
2043    1    10.88     3.70
2043    2    66.23     5.31
2043    3   100.55     0.87
2043    4    71.50    11.59
2043    5    17.05    17.12
2043    6     7.53    25.74
2043    7    29.06    26.12
2043    8    16.37    23.93
2043    9    10.54    18.10
2043   10    72.92    12.73
2043   11    17.54     6.04
2043   12    33.04     5.33
2044    1    58.86     0.91
2044    2    14.35     5.73
2044    3    91.92     5.53
2044    4    71.55    12.16
2044    5   115.63    16.42
2044    6    21.35    23.51
2044    7     5.49    27.29
2044    8     9.18    25.07
2044    9    21.96    16.77
2044   10    63.54    13.41
2044   11    48.66     6.86
2044   12    26.62     3.85
2045    1    25.18     3.30
2045    2    49.21     4.88
2045    3    32.39     9.77
2045    4   110.22    10.90
2045    5   141.12    15.84
2045    6    71.71    21.74
2045    7     2.68    28.49
2045    8    10.04    25.36
2045    9    11.11    17.90
2045   10     7.73    11.96
2045   11     6.99     7.62
2045   12     9.19     1.77
2046    1    19.30     3.17
2046    2    36.55     2.30
2046    3    51.75     7.15
2046    4   116.77    11.53
2046    5    54.71    16.01
2046    6    11.67    23.58
2046    7     3.66    26.35
2046    8    24.80    24.35
2046    9    14.01    16.16
2046   10    27.12    11.38
2046   11    28.72     5.47
2046   12    15.03     1.78
2047    1     6.60     2.26
2047    2    36.90     4.85
2047    3    53.95     6.93
2047    4    49.14    11.08
2047    5   106.00    16.19
2047    6    47.73    19.92
2047    7    16.27    26.01
2047    8    14.75    24.56
2047    9    23.96    18.48
2047   10    46.74    13.28
2047   11    43.26     5.89
2047   12    11.59     4.61
2048    1    44.36     0.86
2048    2    29.87     4.44
2048    3    56.50     8.20
2048    4    85.11    12.28
2048    5   105.59    17.64
2048    6    27.67    22.46
2048    7     9.77    26.34
2048    8     8.74    26.23
2048    9    29.82    19.44
2048   10    25.23    13.40
2048   11    24.79     8.12
2048   12    14.93     4.73
2049    1    22.50     3.05
2049    2    24.35     4.10
2049    3    25.83    10.93
2049    4   103.84    11.74
2049    5   130.65    15.51
2049    6    65.51    20.81
2049    7    24.92    24.92
2049    8    11.32    25.34
2049    9    28.81    19.24
2049   10   107.30    13.08
2049   11   103.47     6.83
2049   12     8.64     5.92
2050    1    60.06     1.41
2050    2    35.95     1.97
2050    3    54.09     9.08
2050    4    89.08    11.09
2050    5    96.92    17.78
2050    6    26.89    21.50
2050    7     5.80    25.67
2050    8    10.65    24.27
2050    9    31.28    18.23
2050   10    67.57    11.81
2050   11    31.80     5.57
2050   12    35.25     3.39
2051    1    11.23     3.72
2051    2    22.40     2.97
2051    3    87.61     7.07
2051    4   146.27    11.44
2051    5   110.42    15.58
2051    6    52.85    21.32
2051    7     6.42    25.02
2051    8    12.33    23.87
2051    9    10.27    20.06
2051   10    71.68    12.06
2051   11    37.41     4.80
2051   12    26.83     2.70
2052    1    71.02     3.65
2052    2    29.45     4.93
2052    3    91.44     7.99
2052    4    89.39    13.60
2052    5    86.35    15.03
2052    6    81.07    19.91
2052    7     7.22    25.47
2052    8     8.37    25.62
2052    9    40.08    21.93
2052   10    26.93    12.75
2052   11    16.42     6.09
2052   12    65.80     3.85
2053    1    64.87     2.31
2053    2     9.20     5.45
2053    3    64.07     6.00
2053    4    80.64    10.43
2053    5    26.87    17.07
2053    6    48.66    20.24
2053    7    10.02    26.46
2053    8    25.36    26.64
2053    9    27.43    22.22
2053   10    96.69    11.45
2053   11    41.52     6.43
2053   12    56.52     4.59
2054    1    11.56     2.16
2054    2    10.90     5.66
2054    3    12.96     8.72
2054    4   100.29    12.67
2054    5    97.18    16.60
2054    6    58.72    21.34
2054    7    14.11    23.86
2054    8    16.75    23.75
2054    9    11.39    20.48
2054   10    44.63    14.33
2054   11    32.08     3.05
2054   12    14.31     4.39
2055    1    18.46     1.39
2055    2    54.68     2.09
2055    3    37.31     7.65
2055    4   102.80    11.39
2055    5    82.58    18.05
2055    6    30.96    22.57
2055    7     3.59    27.16
2055    8    10.00    25.24
2055    9    20.18    17.21
2055   10    16.21    13.64
2055   11    19.35     8.92
2055   12    42.62     4.45
2056    1    37.80     2.13
2056    2    19.29     7.03
2056    3    40.68    10.71
2056    4   120.02    11.71
2056    5   103.67    16.98
2056    6    66.28    22.43
2056    7     2.63    27.40
2056    8    26.51    25.58
2056    9     9.11    18.58
2056   10    29.57    13.54
2056   11    28.45     9.73
2056   12    70.23     4.22
2057    1    12.49     5.25
2057    2    10.91     5.53
2057    3    63.85     6.39
2057    4   157.21    10.24
2057    5   140.98    17.08
2057    6   125.36    21.47
2057    7     2.08    25.99
2057    8     4.50    27.05
2057    9     3.34    21.16
2057   10    43.04    15.98
2057   11    39.32     9.40
2057   12    22.31     4.43
2058    1    44.32     4.43
2058    2    19.57     4.77
2058    3    57.09     7.76
2058    4    97.52    12.50
2058    5    80.82    16.71
2058    6    80.12    21.78
2058    7     7.57    27.21
2058    8     5.78    27.90
2058    9    18.24    19.56
2058   10    35.68    12.08
2058   11     8.14     6.15
2058   12    23.31     4.52
2059    1    31.66     4.97
2059    2    29.91     6.26
2059    3    39.59     9.86
2059    4   116.41    12.65
2059    5   102.15    17.15
2059    6    31.33    22.47
2059    7     3.23    26.64
2059    8    34.85    23.77
2059    9    18.87    19.96
2059   10    37.20    14.54
2059   11    25.24     5.75
2059   12    42.29     3.63
2060    1    12.90     5.42
2060    2    36.76     4.63
2060    3    22.93     7.98
2060    4    90.30    10.80
2060    5   127.33    15.45
2060    6    80.46    21.65
2060    7     1.14    26.54
2060    8    12.79    26.45
2060    9    39.21    20.61
2060   10    42.94    12.36
2060   11    14.61     6.69
2060   12   176.91     0.40
2061    1    28.86     0.34
2061    2    39.84     0.53
2061    3    29.34     6.89
2061    4    52.04    10.99
2061    5    68.77    16.58
2061    6    15.07    21.66
2061    7     7.15    26.50
2061    8     5.69    26.07
2061    9    54.20    18.85
2061   10    96.73    12.41
2061   11    18.45     6.68
2061   12    35.17     2.07
2062    1    23.99     3.62
2062    2    21.35     3.64
2062    3    50.52     4.46
2062    4    52.75    11.00
2062    5    81.73    15.59
2062    6    30.82    23.51
2062    7     6.93    27.40
2062    8     8.27    26.11
2062    9    22.66    22.23
2062   10   149.94    13.54
2062   11    55.20     6.49
2062   12    16.67     4.38
2063    1    32.27     2.31
2063    2    97.62     2.84
2063    3    80.20     6.42
2063    4    70.49    13.11
2063    5    87.57    16.00
2063    6    39.04    20.79
2063    7    14.47    26.27
2063    8     5.87    27.16
2063    9     5.86    19.69
2063   10    20.56    11.91
2063   11    38.94     6.94
2063   12    24.85     2.33
2064    1    13.08     2.99
2064    2    24.87     4.04
2064    3    92.07     6.78
2064    4    82.20    13.47
2064    5   113.51    15.04
2064    6    41.11    20.30
2064    7     6.18    25.27
2064    8    15.34    24.99
2064    9     6.80    16.38
2064   10    71.72    11.99
2064   11    12.95     6.97
2064   12    16.83     0.80
2065    1    79.81     3.19
2065    2    22.48     6.71
2065    3    84.17     8.39
2065    4    41.42     8.77
2065    5   125.00    16.39
2065    6    83.61    20.73
2065    7     7.58    24.16
2065    8    12.65    24.59
2065    9    19.11    19.60
2065   10    49.71    12.72
2065   11    35.21     7.14
2065   12    52.12     3.09
2066    1    11.44     5.03
2066    2    56.10     2.73
2066    3    47.03     8.09
2066    4    53.18    12.05
2066    5    94.43    17.15
2066    6    37.17    22.64
2066    7     4.10    28.83
2066    8     6.21    27.24
2066    9    63.25    18.53
2066   10    58.54    14.30
2066   11    26.88     7.29
2066   12    38.87     3.22
2067    1    31.59     2.33
2067    2    79.23     1.35
2067    3    80.98     6.91
2067    4   100.14    11.55
2067    5    94.59    16.42
2067    6    40.08    20.84
2067    7     3.98    26.36
2067    8    14.45    25.62
2067    9    23.32    20.39
2067   10    61.43    12.94
2067   11    39.67     5.26
2067   12    13.54     3.87
2068    1    10.84     2.18
2068    2    34.09     2.24
2068    3    31.67     7.31
2068    4   106.85    11.40
2068    5    51.26    18.37
2068    6    23.38    25.14
2068    7    21.64    25.04
2068    8     0.42    29.87
2068    9     6.60    21.36
2068   10    68.44    10.24
2068   11     9.15     6.53
2068   12    23.48     4.40
2069    1    87.76    -1.36
2069    2    17.34     5.32
2069    3    64.23     8.10
2069    4   116.09    10.99
2069    5   101.66    16.66
2069    6    47.34    19.78
2069    7    35.46    23.02
2069    8    11.55    24.98
2069    9    16.35    19.57
2069   10     6.62    16.96
2069   11     9.99    10.95
2069   12     6.22     6.03
2070    1    42.86     3.62
2070    2    44.75     7.01
2070    3    59.92     8.58
2070    4    82.71     9.71
2070    5    88.18    14.88
2070    6   109.74    20.48
2070    7     8.39    24.39
2070    8     8.00    23.03
2070    9    25.57    18.76
2070   10    23.29    11.57
2070   11    41.97     6.73
2070   12    63.68     3.77
2071    1    85.45     1.42
2071    2    38.99     4.38
2071    3    76.19     7.99
2071    4    95.72    13.78
2071    5   100.07    16.28
2071    6    43.20    21.50
2071    7     8.51    26.50
2071    8    12.47    25.66
2071    9    46.68    19.19
2071   10    81.64    14.00
2071   11    17.75     7.56
2071   12    75.56     6.15
2072    1    41.46     1.82
2072    2    40.89     3.19
2072    3    54.31     7.70
2072    4   111.49    11.81
2072    5   109.61    15.74
2072    6    44.76    20.83
2072    7     5.33    25.76
2072    8     1.99    24.49
2072    9     7.41    20.58
2072   10    53.75    11.47
2072   11    10.73     8.25
2072   12     9.16     4.00
2073    1    10.88     0.64
2073    2    23.89     4.72
2073    3    54.04     9.58
2073    4    45.77    14.18
2073    5    43.95    17.80
2073    6    18.04    26.49
2073    7    11.84    27.29
2073    8     5.04    26.07
2073    9    28.46    21.61
2073   10    12.61    16.29
2073   11    35.21     9.36
2073   12    12.88     5.39
2074    1    14.04     4.19
2074    2    91.39     5.21
2074    3    29.70     9.52
2074    4    66.57    11.51
2074    5    98.07    19.27
2074    6    70.46    21.69
2074    7    13.83    26.35
2074    8     7.71    25.77
2074    9    15.25    24.09
2074   10   130.17    11.15
2074   11    15.07     8.82
2074   12    39.34     4.82
2075    1    18.13     3.67
2075    2    44.08     5.22
2075    3    62.77     9.24
2075    4   108.01    13.35
2075    5   107.57    18.28
2075    6    19.83    24.70
2075    7     5.98    27.61
2075    8    12.70    25.49
2075    9    22.47    21.00
2075   10    37.34    13.06
2075   11     4.84     8.98
2075   12    15.21     4.32
2076    1     9.87     4.13
2076    2    56.81     3.17
2076    3    88.75     7.63
2076    4   112.04    10.02
2076    5    76.01    18.48
2076    6    53.96    21.91
2076    7     6.54    28.45
2076    8     7.28    27.72
2076    9    28.28    17.94
2076   10    22.54    10.83
2076   11    21.61     9.76
2076   12    10.15     5.36
2077    1    17.62     3.78
2077    2    19.37     6.70
2077    3    61.05     7.78
2077    4   115.93    12.06
2077    5   130.51    18.49
2077    6    12.81    22.95
2077    7     4.61    26.84
2077    8     8.10    26.39
2077    9    14.21    18.65
2077   10    65.48    15.63
2077   11    34.19     9.61
2077   12    33.05     4.69
2078    1     7.46     4.84
2078    2    48.94     4.89
2078    3    13.33    10.83
2078    4    91.08    13.46
2078    5   104.82    18.41
2078    6    19.92    22.83
2078    7     8.42    27.81
2078    8     6.66    25.75
2078    9     8.25    21.12
2078   10    20.03    15.02
2078   11    36.45     7.67
2078   12    44.10     4.56
2079    1    20.80     4.50
2079    2    14.75     5.52
2079    3    83.00     7.22
2079    4   208.00     8.62
2079    5   103.24    16.50
2079    6    22.36    21.35
2079    7    20.37    24.43
2079    8    48.44    25.56
2079    9    17.16    18.34
2079   10    52.57    12.89
2079   11    22.82     8.64
2079   12     6.50     4.80
2080    1    12.37     5.68
2080    2    32.66     8.63
2080    3   187.99     6.40
2080    4    94.99    12.03
2080    5   127.04    16.07
2080    6    78.67    19.93
2080    7    25.17    25.99
2080    8    14.03    24.61
2080    9    23.50    21.14
2080   10    29.04    14.48
2080   11    54.55     6.68
2080   12    52.84     2.21
2081    1    61.65     3.29
2081    2    31.53     6.17
2081    3    35.42    10.50
2081    4    55.61    13.11
2081    5   134.46    16.41
2081    6    20.03    23.37
2081    7    13.38    26.37
2081    8     2.56    29.14
2081    9     1.96    21.42
2081   10    15.23    15.40
2081   11    77.27     8.42
2081   12    36.71     6.33
2082    1    13.23     2.37
2082    2    15.80     5.57
2082    3    39.31    10.45
2082    4    84.87    10.46
2082    5    62.13    17.88
2082    6    41.15    22.88
2082    7    40.33    26.30
2082    8     7.01    24.83
2082    9    12.72    20.40
2082   10    46.35    13.47
2082   11    46.41     7.59
2082   12     4.65     4.85
2083    1     7.12     4.87
2083    2    14.77     5.31
2083    3    55.40    10.14
2083    4    69.52    12.03
2083    5   112.34    17.49
2083    6    60.43    23.50
2083    7     9.13    25.17
2083    8    22.27    25.41
2083    9    11.71    20.38
2083   10     5.78    14.66
2083   11    17.95    10.29
2083   12    66.74     4.96
2084    1    59.49     1.37
2084    2    86.87     4.45
2084    3    50.89     9.26
2084    4    71.97    13.86
2084    5    64.81    18.12
2084    6    39.22    23.36
2084    7     7.92    28.71
2084    8    28.33    25.13
2084    9    20.74    19.14
2084   10   134.95    13.51
2084   11     7.01     9.02
2084   12    14.81     6.74
2085    1    21.14     3.49
2085    2    62.69     1.88
2085    3    18.39    11.14
2085    4    49.68    13.52
2085    5    80.61    17.81
2085    6    34.99    23.74
2085    7    13.77    28.67
2085    8     5.31    28.36
2085    9    56.13    17.05
2085   10    10.07    14.31
2085   11    46.31     7.83
2085   12    25.07     3.94
2086    1    18.58     4.30
2086    2    36.34     5.18
2086    3    31.92     9.50
2086    4    96.33    11.35
2086    5    37.08    19.26
2086    6    14.80    25.54
2086    7     2.65    31.10
2086    8     2.79    27.36
2086    9     4.93    22.48
2086   10     4.16    15.12
2086   11    32.78     8.75
2086   12   119.86     5.80
2087    1     8.74     5.16
2087    2    44.82     4.32
2087    3    38.76     7.65
2087    4    53.92    14.27
2087    5   107.33    18.43
2087    6    17.62    23.58
2087    7     0.95    29.89
2087    8     8.51    25.66
2087    9    11.39    19.19
2087   10    54.33    13.98
2087   11    24.82     3.64
2087   12    10.49     2.04
2088    1    17.47     3.37
2088    2    44.09     5.66
2088    3    57.38     7.92
2088    4   165.74     9.83
2088    5    42.96    17.48
2088    6    72.65    21.88
2088    7    23.40    25.12
2088    8     8.88    24.29
2088    9     2.45    22.13
2088   10    14.65    14.08
2088   11    26.86    10.98
2088   12    26.34     3.71
2089    1    20.14     3.64
2089    2    56.55     3.85
2089    3    59.44     8.31
2089    4    49.33    12.40
2089    5    53.25    19.00
2089    6    72.25    21.90
2089    7    10.98    27.62
2089    8    11.47    25.64
2089    9     8.06    21.91
2089   10    32.07    14.35
2089   11    25.73     7.20
2089   12    13.53     4.84
2090    1     5.92     4.72
2090    2   173.84     5.83
2090    3   180.73     5.71
2090    4   107.18    11.32
2090    5    57.53    19.37
2090    6    16.85    27.20
2090    7    25.66    25.22
2090    8     1.79    29.51
2090    9    51.92    20.80
2090   10    65.96    11.69
2090   11    41.09     9.14
2090   12     7.87     5.43
2091    1    38.62     4.70
2091    2   114.77     1.48
2091    3    58.97    10.25
2091    4    83.66    12.30
2091    5   122.48    17.71
2091    6    82.45    21.49
2091    7     6.18    25.70
2091    8    31.04    26.58
2091    9    33.59    18.12
2091   10    50.30    12.38
2091   11    66.23     6.59
2091   12    17.82     4.54
2092    1    23.46     4.30
2092    2    32.09     6.12
2092    3    32.17     9.24
2092    4    91.96    12.03
2092    5   179.91    14.34
2092    6    57.07    21.67
2092    7    20.14    24.86
2092    8     5.64    26.89
2092    9    11.45    21.77
2092   10    96.61    12.73
2092   11    26.44     7.32
2092   12    56.00     3.48
2093    1    23.28     3.77
2093    2    14.29     5.79
2093    3    67.47     8.44
2093    4   102.88    12.10
2093    5    90.33    18.10
2093    6    56.20    21.41
2093    7     6.94    26.58
2093    8     6.56    27.43
2093    9    21.80    19.54
2093   10    26.43    12.71
2093   11    50.18     8.32
2093   12    73.50     4.12
2094    1    14.44     4.45
2094    2    30.09     4.86
2094    3    51.78     9.37
2094    4   155.01    12.28
2094    5    45.11    17.24
2094    6    37.25    22.71
2094    7     0.68    25.81
2094    8     6.88    25.74
2094    9    28.15    20.64
2094   10    54.88    13.27
2094   11    78.31     8.10
2094   12    76.67     3.53
2095    1     9.77     4.74
2095    2    68.52     6.21
2095    3    97.15     9.12
2095    4    94.34    10.74
2095    5   141.20    17.06
2095    6    94.27    22.05
2095    7     6.30    25.93
2095    8     0.92    26.19
2095    9    32.92    19.87
2095   10    52.60    12.42
2095   11    24.43     7.73
2095   12     6.71     4.51
2096    1    37.02     4.83
2096    2   108.54     6.68
2096    3   119.61     8.23
2096    4    73.23    12.38
2096    5   118.81    16.50
2096    6   125.06    20.40
2096    7    26.72    22.27
2096    8    48.44    23.49
2096    9     4.03    17.88
2096   10    41.54    11.59
2096   11    81.20     5.07
2096   12    22.65     3.78
2097    1    54.90     5.13
2097    2    40.49     4.62
2097    3    19.00     6.96
2097    4    40.17    13.93
2097    5    29.68    19.95
2097    6    27.88    24.93
2097    7    24.06    26.08
2097    8     5.08    25.65
2097    9     8.09    22.69
2097   10    75.05    12.08
2097   11    35.42     7.12
2097   12    48.82     5.02
2098    1    30.62     4.67
2098    2    48.94     6.31
2098    3    39.34     9.89
2098    4    46.07    15.92
2098    5    80.97    20.36
2098    6    14.38    26.85
2098    7    15.65    27.57
2098    8    11.31    26.74
2098    9    52.40    19.87
2098   10    44.62    12.99
2098   11    38.25     9.08
2098   12    12.50     7.24
2099    1    59.19     3.38
2099    2    74.81     6.20
2099    3    73.46     9.87
2099    4   127.50    12.03
2099    5   167.40    17.17
2099    6    20.29    22.83
2099    7    15.80    25.01
2099    8     7.33    27.08
2099    9   192.27    18.67
2099   10    35.72    11.02
2099   11    41.89     6.73
2099   12    41.02     1.88
2100    1    27.10     2.88
2100    2    35.30     5.53
2100    3    61.09     9.81
2100    4    43.10    12.32
2100    5    45.17    18.15
2100    6    10.28    24.76
2100    7    14.11    25.91
2100    8     6.58    25.63
2100    9    30.71    20.07
2100   10    29.61    14.97
2100   11    15.55     8.83
2100   12    55.32     4.90
2101    1    66.21     3.78
2101    2    41.23     3.96
2101    3    28.26    11.90
2101    4    75.97    11.33
2101    5   155.38    17.32
2101    6    42.89    21.34
2101    7     4.17    25.75
2101    8     3.76    28.46
2101    9    26.38    18.78
2101   10    21.82    11.72
2101   11    33.74     7.44
2101   12     9.85     6.66
2102    1    25.41     4.11
2102    2    20.27     7.17
2102    3   104.31     6.52
2102    4    82.04    11.20
2102    5    97.13    16.88
2102    6     1.83    23.38
2102    7     2.26    27.57
2102    8    20.28    25.59
2102    9    44.80    19.25
2102   10    49.22    11.64
2102   11    46.04     6.56
2102   12    29.58     2.32
2103    1    29.84     3.38
2103    2    35.27     4.03
2103    3    40.17     6.85
2103    4    89.77    10.57
2103    5    57.22    17.53
2103    6    43.80    22.91
2103    7     8.86    28.29
2103    8     7.59    27.01
2103    9    11.52    18.08
2103   10     7.10    13.40
2103   11    11.74     9.19
2103   12    21.53     5.17
2104    1    44.41     2.62
2104    2     8.59     4.82
2104    3   107.31     8.49
2104    4    86.22    12.70
2104    5    92.54    17.77
2104    6    95.63    21.75
2104    7    17.56    26.65
2104    8    13.62    26.98
2104    9    41.06    21.26
2104   10     8.98    12.95
2104   11    10.41     8.10
2104   12    36.89     4.53
2105    1    16.76     3.32
2105    2    90.92     0.39
2105    3    75.62     7.79
2105    4    50.00    13.40
2105    5    84.18    19.87
2105    6    31.13    24.40
2105    7    18.04    27.68
2105    8     7.99    25.48
2105    9     7.12    23.74
2105   10    45.44    15.35
2105   11   106.10     6.41
2105   12    87.87     3.19
2106    1    58.78     4.34
2106    2    44.94     4.90
2106    3    81.64     7.52
2106    4    48.64    12.12
2106    5    40.61    20.04
2106    6    54.84    23.08
2106    7     6.40    26.85
2106    8    10.99    28.46
2106    9    18.91    20.57
2106   10    23.37    12.30
2106   11    24.96     6.96
2106   12    43.72     3.78
2107    1    17.81     4.41
2107    2    53.72     1.94
2107    3    50.48     9.47
2107    4    59.25    12.20
2107    5   116.60    17.57
2107    6    57.40    21.44
2107    7     2.15    26.14
2107    8    25.85    24.44
2107    9    33.32    20.20
2107   10    43.15     9.30
2107   11     9.90     6.74
2107   12    29.56     4.60
2108    1    17.08     3.70
2108    2    59.85     1.10
2108    3    28.72     6.64
2108    4   103.85    11.53
2108    5    88.56    17.65
2108    6    66.19    22.58
2108    7    43.21    26.21
2108    8    24.50    22.48
2108    9    44.37    19.46
2108   10    54.99    13.90
2108   11    34.02     6.27
2108   12    24.27     2.18
2109    1   111.72     0.83
2109    2    75.93     1.79
2109    3    63.96     9.60
2109    4    32.13    15.16
2109    5   108.02    14.96
2109    6    69.90    23.35
2109    7    24.90    25.83
2109    8     7.37    24.65
2109    9    21.11    19.89
2109   10    41.76    14.26
2109   11    11.25     9.86
2109   12    52.78     3.24
2110    1    49.26     0.43
2110    2    34.14     5.86
2110    3    59.92    10.38
2110    4    94.09    14.08
2110    5   137.87    18.86
2110    6    43.07    23.65
2110    7    29.42    25.71
2110    8     4.88    27.90
2110    9    10.59    22.92
2110   10    36.74    11.89
2110   11    39.41     6.72
2110   12    18.43     4.53
2111    1     9.73     3.14
2111    2    24.05     4.09
2111    3    25.66     9.64
2111    4    80.07    12.66
2111    5    92.82    16.76
2111    6    26.76    20.48
2111    7     5.31    25.99
2111    8     3.40    28.43
2111    9    35.66    20.82
2111   10    48.44    14.43
2111   11     5.07     7.52
2111   12    40.36     6.04
2112    1    50.82     4.98
2112    2    48.11     4.30
2112    3   126.15     6.53
2112    4   105.36    12.59
2112    5    68.77    17.62
2112    6    66.33    22.99
2112    7    17.83    26.46
2112    8    21.98    27.18
2112    9     9.75    24.59
2112   10    37.82    14.30
2112   11    42.08     6.98
2112   12    12.67     2.93
2113    1    62.48     5.06
2113    2    81.99     5.22
2113    3    28.56     9.35
2113    4    58.77    13.76
2113    5    96.61    16.73
2113    6    55.32    22.84
2113    7    17.28    27.67
2113    8     9.07    25.18
2113    9     4.37    22.18
2113   10    75.33    14.51
2113   11    28.11     6.97
2113   12    25.16     5.42
2114    1    21.46     2.61
2114    2    17.34     4.06
2114    3    68.74     5.02
2114    4   139.43    12.31
2114    5   137.10    16.74
2114    6    60.17    20.80
2114    7    32.51    26.50
2114    8    17.52    24.17
2114    9    14.65    20.00
2114   10    16.80    12.73
2114   11    13.99     9.98
2114   12    13.54     5.01
2115    1    12.77     5.09
2115    2    45.07     7.86
2115    3    52.51     7.00
2115    4    98.36    10.73
2115    5   109.59    17.68
2115    6    39.88    23.38
2115    7     4.39    28.39
2115    8     9.28    26.88
2115    9    21.58    20.84
2115   10    59.57    14.29
2115   11    45.65     6.02
2115   12    12.24     4.14
2116    1    10.60     3.93
2116    2   133.89     5.82
2116    3   156.74     5.36
2116    4    99.75    13.12
2116    5    90.74    16.01
2116    6    25.42    25.02
2116    7    21.47    27.13
2116    8    17.87    27.32
2116    9    18.00    17.67
2116   10    47.53    11.22
2116   11    16.57     8.30
2116   12    10.13     4.44
2117    1    17.28     3.98
2117    2    18.01     5.24
2117    3    46.60     8.55
2117    4    88.28    12.91
2117    5    61.51    16.05
2117    6    25.72    24.76
2117    7     0.35    29.92
2117    8    12.68    27.07
2117    9    16.60    19.10
2117   10     8.89    14.74
2117   11    19.63     7.85
2117   12    13.79     4.72
2118    1    34.95     3.85
2118    2    21.88     4.44
2118    3    55.45     7.81
2118    4    69.27    11.92
2118    5   123.69    18.41
2118    6    54.88    22.75
2118    7    12.31    27.05
2118    8    30.07    25.45
2118    9    17.88    21.56
2118   10   123.57    13.04
2118   11    13.83     7.85
2118   12    43.66     1.86
2119    1    16.23     2.12
2119    2    29.43     4.40
2119    3    18.68     9.05
2119    4   133.11    11.84
2119    5   107.25    15.61
2119    6    27.94    23.73
2119    7    27.91    27.56
2119    8     7.70    25.69
2119    9    10.14    18.55
2119   10    18.42    12.60
2119   11    12.96     7.91
2119   12     5.22     3.87
2120    1    15.69     4.11
2120    2    59.11     1.53
2120    3    70.78     7.74
2120    4    69.38    12.99
2120    5   110.30    16.27
2120    6    91.48    21.05
2120    7     5.59    26.51
2120    8     3.85    29.01
2120    9    15.20    24.06
2120   10    69.32    13.46
2120   11     8.89     6.83
2120   12    13.43     4.92
2121    1    24.03     3.91
2121    2    30.57     5.49
2121    3    52.83     8.44
2121    4    47.78    13.07
2121    5    90.07    19.83
2121    6    30.94    24.70
2121    7     2.24    30.59
2121    8     3.12    27.76
2121    9     8.82    21.88
2121   10     8.00    17.91
2121   11     9.75    10.80
2121   12    19.55     6.27
2122    1    64.07     1.33
2122    2    12.30     4.90
2122    3    38.74     6.60
2122    4    38.57    14.63
2122    5    37.20    20.06
2122    6    35.48    21.79
2122    7    21.02    26.05
2122    8     8.79    26.99
2122    9    26.81    22.03
2122   10    16.93    13.24
2122   11    16.01     8.03
2122   12    12.71     4.74
2123    1    21.31     3.53
2123    2    12.14     2.50
2123    3    58.67    10.67
2123    4    91.36    14.15
2123    5    35.19    21.88
2123    6    11.54    25.68
2123    7     9.16    28.95
2123    8    11.77    26.03
2123    9    24.12    20.59
2123   10    25.07    15.07
2123   11    64.56     9.08
2123   12    41.00     4.40
2124    1    16.76     1.75
2124    2   108.62     5.04
2124    3   105.29     7.66
2124    4    76.44    12.88
2124    5   132.04    19.42
2124    6    68.88    22.09
2124    7    10.78    27.76
2124    8    20.31    25.66
2124    9    25.59    20.32
2124   10    51.09    12.72
2124   11    11.27     7.75
2124   12    34.35     5.31
2125    1    26.60     3.18
2125    2    53.41     4.67
2125    3    56.00     8.33
2125    4    81.01    14.14
2125    5    91.77    18.09
2125    6    17.73    23.92
2125    7    16.21    26.52
2125    8    11.11    25.21
2125    9     7.59    22.58
2125   10    51.59    15.22
2125   11    63.52     8.09
2125   12    32.02     3.71
2126    1   129.96     3.35
2126    2    33.97     4.36
2126    3    23.75    11.51
2126    4    94.86    12.06
2126    5    62.25    17.50
2126    6    14.15    25.85
2126    7     8.41    28.96
2126    8     9.90    28.60
2126    9    30.28    20.80
2126   10    29.38    16.12
2126   11    33.98     8.68
2126   12    59.29     6.15
2127    1    10.58     4.93
2127    2    17.05     7.16
2127    3    65.86     8.32
2127    4    72.16    14.37
2127    5   111.79    17.84
2127    6    43.36    21.53
2127    7    12.95    28.72
2127    8     6.47    26.02
2127    9    18.88    20.42
2127   10    24.03    15.68
2127   11    11.60     9.56
2127   12    39.55     3.67
2128    1    36.31     2.98
2128    2    32.44     8.29
2128    3    46.28     7.08
2128    4   147.36    12.17
2128    5    61.64    19.03
2128    6    68.31    22.81
2128    7     9.88    27.95
2128    8    42.90    26.43
2128    9    60.47    20.00
2128   10    42.06    12.50
2128   11     6.85     8.48
2128   12    90.43     4.01
2129    1    17.19     6.58
2129    2   103.30     1.32
2129    3    22.80     7.86
2129    4    45.73    13.70
2129    5    82.41    19.62
2129    6    48.00    23.90
2129    7    26.12    26.26
2129    8    19.23    27.22
2129    9    74.07    20.25
2129   10    36.87    13.65
2129   11    54.20     7.73
2129   12    23.84     4.28
2130    1    15.78     3.78
2130    2    41.75     5.06
2130    3    44.56     7.78
2130    4    59.67    13.89
2130    5   117.75    18.42
2130    6    47.81    22.52
2130    7     3.46    28.27
2130    8    14.81    25.86
2130    9    14.48    20.00
2130   10    38.60    15.69
2130   11    41.81     8.43
2130   12    11.41     2.78
2131    1    31.79     4.23
2131    2    61.78     4.87
2131    3   153.37     6.93
2131    4   216.34     9.11
2131    5    84.88    16.14
2131    6    35.95    23.56
2131    7     6.20    28.57
2131    8    16.13    27.17
2131    9     7.57    22.22
2131   10    14.71    14.74
2131   11    24.75     9.31
2131   12    26.80     5.10
2132    1    51.26     5.10
2132    2    72.77     3.78
2132    3    27.31     8.86
2132    4    57.16    12.95
2132    5   139.21    16.06
2132    6    82.50    21.51
2132    7    32.44    23.92
2132    8     8.91    26.65
2132    9    62.63    18.62
2132   10    30.53    12.70
2132   11   109.13     7.04
2132   12    71.87     4.91
2133    1    83.27     3.20
2133    2    39.11     2.95
2133    3    41.96     8.33
2133    4    85.14    10.13
2133    5    76.06    16.81
2133    6    21.18    22.50
2133    7     5.50    27.98
2133    8     6.16    26.22
2133    9    20.00    22.30
2133   10    29.36    12.07
2133   11    55.11     8.93
2133   12     6.15     5.05
2134    1    48.06     4.20
2134    2    32.15     5.46
2134    3    71.55    10.46
2134    4    83.30    14.55
2134    5    83.63    17.68
2134    6    15.45    21.99
2134    7     7.98    27.37
2134    8     5.81    26.98
2134    9    10.48    21.49
2134   10    33.09    15.99
2134   11    26.73    10.69
2134   12    16.39     4.83
2135    1   135.58     3.62
2135    2    44.57     4.61
2135    3   107.80     7.20
2135    4    76.22    11.18
2135    5   150.84    17.24
2135    6    32.36    21.40
2135    7     5.60    27.19
2135    8     8.22    26.06
2135    9    35.92    21.22
2135   10    39.96    13.34
2135   11    81.07     7.70
2135   12    10.01     3.81
2136    1    11.76     3.54
2136    2    25.60     7.57
2136    3    22.14    11.79
2136    4    79.80    13.57
2136    5   108.98    16.16
2136    6    54.52    22.06
2136    7    17.86    27.54
2136    8     0.49    29.93
2136    9    65.39    21.04
2136   10    62.64    10.53
2136   11    84.43     7.25
2136   12    57.45     4.99
2137    1    17.63     3.90
2137    2    55.79     4.47
2137    3    72.00     7.52
2137    4    36.05    13.39
2137    5    59.39    18.99
2137    6    42.13    22.78
2137    7     2.20    28.35
2137    8     9.05    24.92
2137    9    19.61    20.66
2137   10    16.54    15.25
2137   11     7.36     8.03
2137   12    23.91     5.00
2138    1    82.61     4.52
2138    2    39.42     6.18
2138    3    53.30     8.15
2138    4    99.94    12.64
2138    5    71.44    17.74
2138    6     1.05    23.84
2138    7     8.62    27.57
2138    8    12.40    27.26
2138    9    40.76    20.61
2138   10    14.82    13.45
2138   11    61.56     6.46
2138   12    10.90     4.34
2139    1    11.82     4.44
2139    2    59.90     2.71
2139    3    41.65    10.66
2139    4    21.67    17.39
2139    5   130.98    17.47
2139    6    38.74    22.37
2139    7     1.98    29.81
2139    8    21.02    27.21
2139    9     4.87    19.95
2139   10   101.39    12.89
2139   11    56.61     9.23
2139   12    24.69     5.32
2140    1    26.73     4.09
2140    2    10.75     8.07
2140    3    55.47     8.08
2140    4    33.96    14.43
2140    5    72.81    16.75
2140    6    60.97    24.54
2140    7    35.14    27.15
2140    8    20.79    25.65
2140    9    13.93    19.92
2140   10    66.91    13.50
2140   11    13.89     9.41
2140   12    10.77     5.91
2141    1    48.86     4.22
2141    2    30.14     5.73
2141    3    41.15    10.04
2141    4    21.32    16.17
2141    5   114.92    19.58
2141    6    45.56    23.00
2141    7     2.89    28.03
2141    8     9.25    29.20
2141    9    15.75    19.67
2141   10    89.52    11.07
2141   11     9.56     8.29
2141   12    14.55     3.51
2142    1    28.63     3.29
2142    2    33.46     5.21
2142    3    34.48    10.48
2142    4    79.56    13.89
2142    5   141.55    16.18
2142    6    68.65    23.32
2142    7    15.91    25.95
2142    8     2.56    28.54
2142    9     5.80    21.33
2142   10    36.27    16.77
2142   11    35.66     8.62
2142   12    23.86     4.31
2143    1    10.24     3.75
2143    2    25.79     4.25
2143    3    87.30     6.98
2143    4    93.03    12.83
2143    5    94.64    16.35
2143    6    55.18    22.66
2143    7     7.24    28.40
2143    8    24.17    24.99
2143    9    26.26    19.08
2143   10    57.30    14.29
2143   11    25.83     9.31
2143   12    27.10     5.69
2144    1    25.27     4.34
2144    2    82.60     5.92
2144    3    72.80     8.13
2144    4   101.99    11.28
2144    5    44.33    18.92
2144    6    95.08    22.51
2144    7     0.72    29.88
2144    8    25.91    26.68
2144    9    37.99    23.23
2144   10    96.92    12.07
2144   11    20.32     3.03
2144   12    26.33     3.92
2145    1    50.98     1.50
2145    2    17.67     7.19
2145    3    47.39     6.90
2145    4    95.45    14.02
2145    5    76.87    18.58
2145    6    54.88    24.70
2145    7    19.77    25.32
2145    8    12.60    26.65
2145    9    28.99    21.08
2145   10    13.51    15.08
2145   11    81.84     6.99
2145   12    21.35     4.92
2146    1    55.23     4.51
2146    2    15.40     7.14
2146    3    57.61     6.70
2146    4    81.26    13.77
2146    5   122.85    20.06
2146    6    48.93    23.27
2146    7     5.94    27.34
2146    8    13.66    27.11
2146    9    75.03    19.69
2146   10    55.60    14.51
2146   11     6.42     9.39
2146   12     9.42     6.16
2147    1    50.93     4.40
2147    2    55.80     6.01
2147    3    69.06     8.61
2147    4    77.92    13.20
2147    5    54.00    18.14
2147    6    23.49    22.68
2147    7     4.33    29.79
2147    8    20.73    25.28
2147    9    13.03    19.59
2147   10    26.41    13.91
2147   11    44.82     5.73
2147   12    41.19     4.16
2148    1    13.52     4.16
2148    2    50.69     5.98
2148    3    68.24     8.18
2148    4   127.83    10.44
2148    5   136.10    16.97
2148    6    76.24    20.28
2148    7     5.85    26.70
2148    8    21.54    24.61
2148    9    48.28    16.85
2148   10    19.86     9.52
2148   11    26.42     5.54
2148   12    15.44     3.99
2149    1    25.19     3.47
2149    2    22.03     5.20
2149    3    41.17     8.06
2149    4    28.03    16.93
2149    5    59.64    19.91
2149    6    27.50    23.80
2149    7     8.66    27.95
2149    8     9.30    27.97
2149    9    27.27    20.38
2149   10    23.49    13.81
2149   11    18.66     7.27
2149   12    60.44     4.78
2150    1    24.38     4.71
2150    2    60.46     3.86
2150    3    32.45     7.84
2150    4    73.52    10.54
2150    5    60.08    19.35
2150    6    94.10    21.53
2150    7    14.26    29.37
2150    8    29.19    24.79
2150    9    16.34    22.25
2150   10    28.37    14.61
2150   11    30.59     7.26
2150   12    23.38     4.41
2151    1    44.56     4.86
2151    2    36.68     7.54
2151    3   160.24     7.40
2151    4    97.87    13.00
2151    5    50.50    19.07
2151    6    26.62    24.70
2151    7    20.74    26.67
2151    8     1.82    24.22
2151    9    23.45    20.51
2151   10    54.77    11.89
2151   11    55.67     7.08
2151   12    35.89     4.85
2152    1   167.63     0.75
2152    2    10.29     0.78
2152    3    73.69     5.53
2152    4   131.14    13.13
2152    5    85.49    18.00
2152    6    51.45    23.33
2152    7     9.77    26.02
2152    8     1.45    29.01
2152    9     3.54    22.02
2152   10     9.16    16.38
2152   11    69.12    10.04
2152   12    11.29     5.80
2153    1    14.29     3.54
2153    2    73.37     4.84
2153    3    47.53     6.88
2153    4    75.22    11.63
2153    5    33.91    19.46
2153    6   125.18    22.01
2153    7    21.17    26.57
2153    8     6.44    24.85
2153    9    29.94    18.43
2153   10    47.28    13.96
2153   11    20.94     7.45
2153   12    28.82     5.99
2154    1    65.38     4.79
2154    2    39.28     3.63
2154    3   171.45     5.05
2154    4    63.35    11.56
2154    5   134.53    18.13
2154    6    59.64    21.58
2154    7    26.60    26.23
2154    8     7.88    27.50
2154    9    27.07    20.95
2154   10    41.78    11.38
2154   11    18.27     7.08
2154   12    20.40     5.12
2155    1    37.57     4.74
2155    2    77.56     4.66
2155    3    86.88     8.76
2155    4    70.72    13.70
2155    5    56.69    17.14
2155    6    33.51    23.14
2155    7    16.24    28.92
2155    8    32.47    25.82
2155    9    39.18    19.52
2155   10   114.13    11.88
2155   11    20.02     9.13
2155   12    40.65     5.75
2156    1    25.48     4.24
2156    2    32.63     7.05
2156    3    56.05     6.69
2156    4    83.52    14.31
2156    5   102.92    20.87
2156    6    22.59    23.21
2156    7    12.41    27.33
2156    8    11.68    27.11
2156    9    30.72    20.14
2156   10     8.52    13.65
2156   11    31.59     6.36
2156   12    71.17     4.23
2157    1     4.27     4.77
2157    2    20.17     6.54
2157    3    70.14    10.28
2157    4   100.75    11.89
2157    5    80.56    17.97
2157    6    50.13    21.47
2157    7     3.21    27.19
2157    8     2.50    27.52
2157    9     5.00    21.71
2157   10    50.24    11.23
2157   11    60.24     7.16
2157   12    13.67     4.04
2158    1    23.64     5.07
2158    2    64.42     3.03
2158    3   166.01     4.43
2158    4   138.96    12.51
2158    5    84.80    17.23
2158    6    89.46    21.37
2158    7    10.44    25.72
2158    8    19.95    24.25
2158    9     4.95    19.56
2158   10    33.61    15.50
2158   11    36.40     7.75
2158   12    24.77     5.57
2159    1    83.82     2.15
2159    2    38.19     3.13
2159    3    76.64     6.80
2159    4    47.41    12.98
2159    5    83.74    17.51
2159    6   102.50    21.22
2159    7    43.45    23.94
2159    8     3.65    25.55
2159    9    27.34    18.55
2159   10    61.02    12.65
2159   11     8.13     9.12
2159   12    14.31     6.07
2160    1    11.96     3.68
2160    2    77.66     7.40
2160    3    54.02     9.05
2160    4    74.92    12.02
2160    5    89.46    16.51
2160    6    31.34    23.76
2160    7    20.25    26.30
2160    8     7.45    27.62
2160    9    32.18    18.37
2160   10    48.55    13.52
2160   11    29.65     7.68
2160   12    11.29     4.12
2161    1    39.70     1.08
2161    2    26.25     1.92
2161    3    59.71    10.21
2161    4    84.96    11.95
2161    5    84.30    18.60
2161    6   103.79    21.65
2161    7    14.93    26.24
2161    8    38.52    26.69
2161    9    97.20    17.61
2161   10    38.58    11.72
2161   11   144.90     5.20
2161   12     8.71     4.10
2162    1    15.39     4.25
2162    2    98.81     4.80
2162    3    93.28     4.10
2162    4    68.61    12.61
2162    5    27.70    18.11
2162    6    53.61    21.55
2162    7     1.20    28.48
2162    8     6.51    26.37
2162    9    51.30    20.93
2162   10    23.33    13.35
2162   11    14.18     7.75
2162   12    12.18     4.31
2163    1    17.56     4.31
2163    2    87.95     3.81
2163    3    79.93     8.22
2163    4    88.67    12.70
2163    5    60.44    17.21
2163    6    25.10    23.40
2163    7     9.36    26.11
2163    8     1.71    28.62
2163    9    34.26    18.63
2163   10    46.87    12.46
2163   11    28.33     7.11
2163   12     8.75     4.41
2164    1    14.49     4.34
2164    2    62.14     3.56
2164    3    76.89     6.81
2164    4    56.02    14.49
2164    5   116.07    17.31
2164    6    48.38    21.15
2164    7    10.88    29.46
2164    8    14.55    26.18
2164    9     7.84    19.12
2164   10    62.59    12.19
2164   11    85.21     8.61
2164   12    43.33     3.05
2165    1    50.35     3.32
2165    2    27.68     5.39
2165    3   123.47     5.69
2165    4    59.10    15.47
2165    5   151.03    16.50
2165    6    58.12    21.57
2165    7    59.36    23.69
2165    8    13.25    23.27
2165    9    22.48    19.76
2165   10     7.70    12.32
2165   11    23.05     6.76
2165   12    31.58     3.77
2166    1    11.69     3.53
2166    2    78.94     5.09
2166    3    95.16     7.53
2166    4    63.36    13.03
2166    5   113.96    16.79
2166    6    46.86    21.98
2166    7    14.73    26.68
2166    8     6.03    26.13
2166    9    24.54    20.06
2166   10   203.48    11.76
2166   11    51.01     5.60
2166   12    25.53     4.41
2167    1     8.72     4.24
2167    2    12.02     5.68
2167    3    45.27     8.17
2167    4    52.01    14.22
2167    5    55.25    21.13
2167    6    57.30    22.38
2167    7    41.16    25.18
2167    8     6.22    25.27
2167    9     8.49    17.46
2167   10    56.63    14.13
2167   11    16.41     6.86
2167   12    28.18     3.54
2168    1    21.23     3.43
2168    2    16.32     6.26
2168    3    56.72     8.45
2168    4   148.86    12.39
2168    5    91.84    16.04
2168    6    62.53    22.19
2168    7     1.21    29.47
2168    8     7.34    26.80
2168    9    34.25    20.50
2168   10    68.86    11.95
2168   11    22.57     8.46
2168   12    37.23     4.61
2169    1    68.76     3.36
2169    2    46.27     5.29
2169    3    37.15    12.45
2169    4    48.50    13.50
2169    5   103.05    16.29
2169    6    31.21    23.65
2169    7    18.35    27.20
2169    8    27.47    24.38
2169    9    49.54    19.88
2169   10    93.27    10.97
2169   11    43.03     5.39
2169   12    20.76     4.01
2170    1    84.27     0.08
2170    2    19.40     4.26
2170    3    69.53     6.57
2170    4    65.39    11.80
2170    5    93.56    16.90
2170    6     7.00    22.89
2170    7     6.23    26.89
2170    8     5.00    26.72
2170    9    19.30    22.15
2170   10    15.81    15.49
2170   11    47.89     9.56
2170   12    34.62     4.82
2171    1    16.79     2.50
2171    2    23.15     5.60
2171    3   100.07     7.29
2171    4    55.50    12.37
2171    5    80.27    18.53
2171    6    64.22    21.06
2171    7    11.64    26.89
2171    8     9.64    26.24
2171    9    15.02    21.48
2171   10    74.22    13.06
2171   11    33.05     9.68
2171   12     6.19     4.51
2172    1    21.15     3.93
2172    2    14.52     4.32
2172    3    92.39     8.14
2172    4   136.23     9.43
2172    5   136.30    16.01
2172    6    76.20    19.56
2172    7    26.20    25.53
2172    8     2.45    25.99
2172    9    25.50    20.56
2172   10    21.97    17.45
2172   11    36.36     6.71
2172   12    33.54     4.82
2173    1    14.92     4.23
2173    2    31.69     5.19
2173    3    50.22     8.63
2173    4    54.18    13.12
2173    5    46.44    19.86
2173    6     2.37    24.48
2173    7     7.76    28.74
2173    8     6.18    26.08
2173    9    22.94    20.68
2173   10    35.43    12.79
2173   11    31.40     8.29
2173   12    16.52     5.61
2174    1    13.09     5.72
2174    2    24.98     6.68
2174    3    54.25     9.04
2174    4   148.35    11.87
2174    5    60.46    18.08
2174    6    26.85    22.91
2174    7    11.57    27.90
2174    8     4.66    26.51
2174    9     4.65    20.80
2174   10    86.85    12.44
2174   11    64.74     8.11
2174   12    25.47     4.19
2175    1    37.63     2.16
2175    2    75.56     3.60
2175    3    82.54     8.00
2175    4    50.07    16.49
2175    5    82.52    15.07
2175    6    39.40    21.99
2175    7     8.07    27.33
2175    8     9.28    26.80
2175    9    30.87    19.48
2175   10    48.34    13.63
2175   11    31.09     4.87
2175   12    19.06     2.69
2176    1    29.17     3.87
2176    2    14.18     5.41
2176    3    37.92     9.40
2176    4   168.03     8.34
2176    5   148.35    18.29
2176    6    55.88    21.04
2176    7    15.36    25.76
2176    8    30.56    23.61
2176    9    23.35    21.40
2176   10    72.54    10.78
2176   11   141.62     6.42
2176   12    12.65     4.06
2177    1    72.23     3.83
2177    2    83.31     2.30
2177    3    50.59     6.69
2177    4    79.93    11.59
2177    5    88.50    17.72
2177    6    97.34    21.19
2177    7     9.85    24.80
2177    8     9.61    26.90
2177    9    26.79    22.15
2177   10    35.37    12.16
2177   11    13.32     8.64
2177   12    20.83     5.72
2178    1    29.83     4.18
2178    2    88.72     4.76
2178    3    92.89     3.90
2178    4    78.69    13.67
2178    5   103.54    17.27
2178    6    31.97    23.27
2178    7    10.76    27.35
2178    8    28.33    26.69
2178    9    44.17    19.61
2178   10    14.72    13.15
2178   11    13.49     7.83
2178   12    91.18     5.22
2179    1    16.73     3.63
2179    2    69.11     2.97
2179    3    94.67     7.76
2179    4   135.27    11.20
2179    5    80.70    18.42
2179    6    41.03    21.91
2179    7    16.82    23.90
2179    8    10.39    27.82
2179    9    18.56    22.44
2179   10    68.90    14.72
2179   11    51.12     8.35
2179   12    44.94     4.10
2180    1    48.92     1.91
2180    2    47.88     4.00
2180    3    83.47     6.69
2180    4    59.52    14.08
2180    5   114.08    17.69
2180    6    54.62    22.62
2180    7    22.43    24.78
2180    8     4.69    27.76
2180    9     4.68    22.92
2180   10    34.24    12.55
2180   11     6.01     8.21
2180   12     7.35     4.32
2181    1    16.75     3.88
2181    2    15.04     5.73
2181    3    33.01     9.43
2181    4    56.27    14.43
2181    5   122.72    19.29
2181    6    30.77    22.84
2181    7     4.65    30.54
2181    8     8.41    26.60
2181    9     7.80    20.52
2181   10    18.67    13.84
2181   11    13.48     9.26
2181   12    13.22     5.61
2182    1    40.16     3.81
2182    2    13.45     8.70
2182    3    34.35     9.71
2182    4    41.94    12.89
2182    5    93.49    20.91
2182    6    15.57    27.02
2182    7     6.65    27.95
2182    8     8.12    26.21
2182    9    12.10    19.54
2182   10    71.39    13.19
2182   11   113.27     7.83
2182   12    46.30     5.47
2183    1    29.69     4.68
2183    2    53.38     3.85
2183    3    32.30     8.98
2183    4    46.22    13.56
2183    5    38.35    19.49
2183    6    43.23    24.86
2183    7    14.63    28.88
2183    8    25.71    25.54
2183    9     8.37    19.47
2183   10    49.51    12.06
2183   11    56.66     7.79
2183   12     8.05     6.60
2184    1    98.83     3.05
2184    2    48.07     3.80
2184    3   139.37     6.76
2184    4    84.52    14.59
2184    5   136.92    15.46
2184    6    71.30    21.43
2184    7    27.79    25.19
2184    8    12.14    26.39
2184    9    20.15    19.78
2184   10    17.33    10.44
2184   11    10.41     8.13
2184   12    63.44     5.05
2185    1    13.07     3.13
2185    2    38.29     6.71
2185    3    68.30     8.88
2185    4    54.71    10.50
2185    5    44.49    18.77
2185    6    15.30    25.00
2185    7    13.65    26.80
2185    8     5.76    27.30
2185    9    19.42    23.25
2185   10    49.05    13.51
2185   11    28.26     9.10
2185   12    17.04     3.97
2186    1   120.18     1.53
2186    2    33.88     5.56
2186    3    23.95     8.83
2186    4   118.53    13.39
2186    5   104.71    16.80
2186    6    29.03    23.64
2186    7    19.72    26.78
2186    8     7.80    26.11
2186    9    29.40    21.97
2186   10    18.99    13.31
2186   11     6.99     8.39
2186   12    37.10     5.09
2187    1    38.08     5.38
2187    2    57.79     5.49
2187    3   115.41     8.10
2187    4    81.53    14.86
2187    5   150.46    17.74
2187    6    86.48    21.94
2187    7    14.23    26.18
2187    8    16.89    26.31
2187    9     4.15    20.73
2187   10    29.48    15.80
2187   11    33.04     7.31
2187   12    24.35     5.57
2188    1    36.42     2.47
2188    2    78.61     5.57
2188    3    55.73     6.33
2188    4    78.02    14.07
2188    5   105.54    18.29
2188    6    33.81    24.76
2188    7    49.96    25.14
2188    8    13.49    25.28
2188    9    37.82    20.63
2188   10    35.16    11.41
2188   11    33.41     7.04
2188   12    38.44     4.86
2189    1    45.89     4.04
2189    2    31.75     1.36
2189    3    37.66     8.09
2189    4    26.14    15.59
2189    5    95.56    19.23
2189    6    72.98    22.33
2189    7    18.14    24.47
2189    8     8.18    26.91
2189    9    25.75    23.34
2189   10    34.90    15.65
2189   11    10.32     9.00
2189   12     8.30     6.28
2190    1    12.84     2.82
2190    2    36.84     2.51
2190    3    54.19     8.27
2190    4    78.93    12.90
2190    5    43.76    19.08
2190    6    43.82    21.61
2190    7     8.14    28.15
2190    8     5.54    26.84
2190    9    11.09    21.19
2190   10    25.67    11.28
2190   11    75.88     8.07
2190   12    59.19     5.15
2191    1    13.52     3.59
2191    2    29.56     7.25
2191    3    65.53     8.77
2191    4   137.34    10.19
2191    5   145.26    17.31
2191    6    18.17    23.16
2191    7     8.32    26.73
2191    8     7.63    27.39
2191    9    22.34    20.97
2191   10    29.96    11.89
2191   11     6.27    10.11
2191   12    89.32     2.97
2192    1     9.33     3.13
2192    2    39.65     6.29
2192    3   133.52     9.23
2192    4   109.27    12.36
2192    5    88.82    15.39
2192    6    36.67    23.51
2192    7    11.54    29.10
2192    8    25.93    26.89
2192    9    21.98    22.33
2192   10    10.70    14.66
2192   11    53.04     8.81
2192   12    11.41     4.81
2193    1    11.38     6.88
2193    2    45.84     7.27
2193    3    98.65     9.51
2193    4   107.63    11.75
2193    5    65.11    18.80
2193    6    54.20    22.54
2193    7     2.97    28.80
2193    8     4.42    26.77
2193    9     4.39    21.93
2193   10    78.18    14.72
2193   11    26.61     8.58
2193   12    32.58     4.06
2194    1    39.98     5.04
2194    2   185.67     2.64
2194    3    60.51     8.22
2194    4    71.69    14.47
2194    5    72.81    18.15
2194    6    48.05    22.93
2194    7     8.69    27.80
2194    8     6.58    27.27
2194    9    22.38    19.75
2194   10    50.82    11.32
2194   11    18.75     6.34
2194   12    13.69     5.58
2195    1    19.14     5.73
2195    2    23.02     5.32
2195    3    58.62    11.15
2195    4    68.91    14.48
2195    5   108.91    18.32
2195    6    44.14    23.16
2195    7    42.69    25.61
2195    8    15.20    25.12
2195    9    20.07    21.63
2195   10    28.61    15.03
2195   11     7.18    10.57
2195   12     8.60     5.20
2196    1    13.25     3.30
2196    2   120.37     1.74
2196    3   160.26     4.88
2196    4    90.07    13.56
2196    5    71.45    19.77
2196    6    62.82    23.08
2196    7    33.09    28.27
2196    8    14.26    27.77
2196    9    29.02    21.77
2196   10    67.71    13.51
2196   11    34.27     6.08
2196   12    27.48     3.57
2197    1   107.26     5.06
2197    2    93.47     6.11
2197    3    69.01     9.85
2197    4   136.76    11.83
2197    5   124.72    18.28
2197    6    37.34    22.92
2197    7     7.12    26.87
2197    8     9.17    27.15
2197    9    19.81    20.04
2197   10    53.37    14.09
2197   11    39.17     9.10
2197   12    91.99     4.24
2198    1     8.96     5.65
2198    2    24.57     6.81
2198    3    59.69     9.10
2198    4   134.41    11.68
2198    5    88.96    17.83
2198    6    34.98    21.88
2198    7     2.91    28.41
2198    8     3.74    28.88
2198    9    61.67    20.67
2198   10    59.55    11.90
2198   11    35.82     6.93
2198   12   128.01     3.79
2199    1   109.39     2.83
2199    2    55.88     3.48
2199    3    67.66     5.93
2199    4    29.51    14.70
2199    5   129.16    17.71
2199    6    70.76    21.95
2199    7    12.44    28.46
2199    8    11.86    27.20
2199    9    11.62    21.19
2199   10    20.62    14.39
2199   11    19.08     6.43
2199   12     7.72     6.38
2200    1    27.62     2.47
2200    2    94.33     3.83
2200    3    68.01     6.81
2200    4    69.91    12.51
2200    5    40.11    20.29
2200    6    71.17    22.24
2200    7     5.35    28.61
2200    8    16.25    26.81
2200    9    22.53    20.09
2200   10   159.56    11.97
2200   11    20.65     6.49
2200   12    11.98     4.12
2201    1    17.67     4.59
2201    2    10.99     4.45
2201    3    56.99     9.69
2201    4    64.79    14.70
2201    5   115.94    18.49
2201    6    60.35    23.30
2201    7    15.33    27.09
2201    8    15.08    25.50
2201    9    32.02    19.81
2201   10    28.88    10.16
2201   11    63.42     7.79
2201   12    10.72     4.86
2202    1    70.13     4.75
2202    2    15.78     3.62
2202    3    70.93     9.78
2202    4    78.83    15.54
2202    5   152.31    17.97
2202    6    70.39    21.59
2202    7    11.74    25.93
2202    8    30.69    26.31
2202    9    12.90    19.64
2202   10    85.62    13.19
2202   11    15.41     6.37
2202   12     7.52     5.71
2203    1    69.26     2.66
2203    2    73.92     5.01
2203    3    45.63    10.26
2203    4    60.63    13.44
2203    5   159.51    16.34
2203    6    31.29    22.45
2203    7    13.30    25.27
2203    8     4.51    27.44
2203    9    13.00    23.54
2203   10    44.12    15.06
2203   11    88.95     8.61
2203   12    20.11     3.02
2204    1    23.70     2.64
2204    2    24.08     6.16
2204    3   132.01     7.87
2204    4   104.61    13.28
2204    5   122.12    17.03
2204    6    83.11    21.29
2204    7    18.76    26.69
2204    8    29.40    24.08
2204    9   103.10    18.45
2204   10    45.03    12.15
2204   11    27.97     7.88
2204   12    43.25     4.88
2205    1    58.80     2.37
2205    2    51.26     4.93
2205    3    89.43     6.41
2205    4   139.94    12.11
2205    5   116.44    15.76
2205    6    17.54    24.07
2205    7     6.23    28.70
2205    8    16.11    27.65
2205    9    20.30    21.92
2205   10     7.22    13.80
2205   11    26.93     9.15
2205   12    37.46     2.81
2206    1    14.63     4.30
2206    2    13.83     5.66
2206    3    42.80     8.16
2206    4   109.81    14.18
2206    5    91.97    17.74
2206    6    73.01    23.00
2206    7     0.30    30.84
2206    8    19.33    28.97
2206    9    38.77    18.50
2206   10    61.51    13.53
2206   11    17.77     8.94
2206   12    24.67     4.59
2207    1    42.70     2.95
2207    2    29.39     6.80
2207    3    58.54    11.87
2207    4    90.91    15.54
2207    5   107.86    19.22
2207    6    56.71    23.78
2207    7    15.44    26.17
2207    8    29.47    26.51
2207    9    34.96    19.70
2207   10   110.59    12.07
2207   11    32.98     7.15
2207   12    25.39     4.53
2208    1    51.78     2.90
2208    2    41.43     7.01
2208    3    42.42     6.25
2208    4    82.79    11.20
2208    5    83.53    15.97
2208    6    39.16    22.57
2208    7    15.85    26.66
2208    8    19.67    25.84
2208    9     8.38    19.97
2208   10    17.05    15.84
2208   11    24.86    10.47
2208   12    19.09     5.17
2209    1    18.41     4.13
2209    2    62.35     5.33
2209    3    91.60     7.95
2209    4    45.21    12.35
2209    5    70.51    18.09
2209    6    27.19    25.63
2209    7     7.71    28.71
2209    8    18.13    25.08
2209    9    35.03    18.01
2209   10    49.78    11.15
2209   11    18.62     8.27
2209   12    64.86     4.60
2210    1    50.32     3.94
2210    2    90.50     5.04
2210    3    27.94    10.28
2210    4    57.46    12.99
2210    5    95.61    16.96
2210    6    56.42    23.82
2210    7    17.19    25.33
2210    8    24.36    27.65
2210    9    34.81    21.07
2210   10   107.59    13.12
2210   11    75.75     6.93
2210   12    58.06     4.83
2211    1    17.21     6.36
2211    2   113.43     5.95
2211    3    52.75     8.91
2211    4    82.34    14.08
2211    5   100.51    17.41
2211    6    32.04    23.30
2211    7    10.20    26.97
2211    8    11.50    26.74
2211    9    71.79    21.05
2211   10    23.95    13.84
2211   11    43.86     8.29
2211   12     8.30     5.34
2212    1    23.21     5.16
2212    2    45.94     5.70
2212    3    76.17     6.96
2212    4   119.38    12.94
2212    5   116.67    18.05
2212    6    28.68    22.32
2212    7    10.86    28.53
2212    8     7.79    28.38
2212    9    45.11    21.78
2212   10    19.80    13.71
2212   11    12.19     8.38
2212   12    42.91     5.01
2213    1    29.87     2.24
2213    2    18.43     5.77
2213    3    56.71     9.60
2213    4    45.05    13.08
2213    5   142.15    16.47
2213    6    24.21    22.10
2213    7    17.59    25.54
2213    8    21.10    26.35
2213    9    19.33    18.51
2213   10    16.00    15.67
2213   11    32.88     5.93
2213   12     7.48     4.89
2214    1    60.06     4.89
2214    2    15.71     5.13
2214    3    58.39     6.77
2214    4    76.30    13.33
2214    5    87.59    16.24
2214    6   114.43    21.86
2214    7    56.20    22.99
2214    8    16.87    25.70
2214    9    22.20    20.60
2214   10    36.61    14.13
2214   11   104.71     6.50
2214   12    23.40     5.14
2215    1    68.16     4.62
2215    2    29.72     6.03
2215    3   105.59    10.09
2215    4    33.22    13.68
2215    5    36.68    19.94
2215    6    47.91    23.96
2215    7    16.02    27.82
2215    8     4.27    27.43
2215    9    13.35    21.23
2215   10    21.84    15.22
2215   11    48.12     8.30
2215   12    16.29     3.29
2216    1    20.53     5.31
2216    2    54.30     5.05
2216    3    30.39    10.40
2216    4    66.53    14.68
2216    5    45.21    19.62
2216    6    70.41    22.09
2216    7    29.68    25.31
2216    8     1.00    28.04
2216    9    35.30    20.43
2216   10    54.43    14.13
2216   11     9.64     8.33
2216   12    65.31     5.78
2217    1    35.98     3.00
2217    2    45.45     6.72
2217    3    45.08     8.50
2217    4    60.85    14.78
2217    5    80.47    19.74
2217    6    51.20    24.07
2217    7     8.16    27.75
2217    8    19.94    28.31
2217    9    13.32    19.91
2217   10    53.13    15.64
2217   11    35.46     7.90
2217   12    61.85     4.97
2218    1     8.12     5.11
2218    2    49.37     5.57
2218    3    27.57     7.85
2218    4    60.04    16.37
2218    5    87.57    21.11
2218    6    27.21    24.57
2218    7    15.05    25.88
2218    8    25.36    26.18
2218    9    22.25    20.83
2218   10    44.96    13.87
2218   11     6.99    10.27
2218   12    21.39     5.31
2219    1     8.69     5.09
2219    2    27.50     7.25
2219    3    70.09     8.74
2219    4    34.43    14.88
2219    5    41.09    19.60
2219    6    71.70    26.08
2219    7     4.53    29.22
2219    8    14.21    26.78
2219    9    29.73    22.46
2219   10    44.37    15.03
2219   11    97.84     7.93
2219   12     7.05     6.76
2220    1    12.13     8.08
2220    2    12.03     6.93
2220    3    23.45     9.50
2220    4    85.12    14.22
2220    5   210.69    17.35
2220    6    85.77    20.69
2220    7    15.32    26.00
2220    8    24.60    26.02
2220    9    10.81    21.63
2220   10    59.92    15.16
2220   11   129.74     7.78
2220   12    10.75     4.95
2221    1    36.36     3.56
2221    2    44.08     5.99
2221    3    45.91     7.72
2221    4   105.65    12.02
2221    5    85.63    18.02
2221    6    89.85    20.57
2221    7     7.55    27.22
2221    8    15.05    25.98
2221    9     7.43    23.72
2221   10    23.50    14.03
2221   11   116.07     7.88
2221   12     9.08     4.62
2222    1    41.11     3.03
2222    2    60.29     5.15
2222    3    63.71     5.60
2222    4    88.10    12.35
2222    5   101.05    18.89
2222    6    22.96    23.95
2222    7     3.57    28.25
2222    8    19.50    23.75
2222    9    18.32    18.11
2222   10    70.36    11.20
2222   11    15.23     7.30
2222   12    20.48     5.61
2223    1    41.37     4.56
2223    2     6.57     6.58
2223    3    46.13    11.59
2223    4    61.67    14.95
2223    5   110.22    17.57
2223    6    20.38    23.79
2223    7     5.16    28.04
2223    8     9.31    28.27
2223    9     5.03    21.55
2223   10    50.74    15.66
2223   11     8.81    10.35
2223   12    24.11     5.17
2224    1     5.94     5.80
2224    2    32.06     6.42
2224    3    43.80     9.31
2224    4    47.13    12.61
2224    5   125.12    18.03
2224    6    25.02    25.74
2224    7    12.13    29.23
2224    8     2.42    27.59
2224    9     5.59    22.21
2224   10    20.73    15.61
2224   11    30.34     9.60
2224   12    46.05     4.54
2225    1     9.62     3.83
2225    2    49.27     3.33
2225    3    92.07     9.47
2225    4    81.55    13.97
2225    5    75.90    17.30
2225    6    48.76    22.25
2225    7     3.38    28.26
2225    8    11.04    27.90
2225    9    25.32    18.10
2225   10    42.31    12.64
2225   11    45.09     7.88
2225   12     7.24     5.85
2226    1    35.89     2.90
2226    2   112.92     5.28
2226    3    89.97     6.91
2226    4   163.29    12.26
2226    5   123.39    18.94
2226    6    50.36    23.11
2226    7    43.13    24.66
2226    8    23.89    24.31
2226    9    27.47    21.03
2226   10    68.16    13.20
2226   11    46.33     6.95
2226   12    14.02     4.75
2227    1    20.03     3.71
2227    2    44.40     5.47
2227    3    53.93     7.81
2227    4    82.03    12.29
2227    5    94.82    17.91
2227    6    34.15    24.09
2227    7    18.49    26.26
2227    8    14.88    26.88
2227    9    62.48    21.04
2227   10    44.02    14.10
2227   11    24.45     8.88
2227   12    10.31     5.36
2228    1     6.07     4.03
2228    2    31.63     6.27
2228    3    22.74    10.90
2228    4    85.81    13.00
2228    5    63.49    19.37
2228    6    44.88    25.84
2228    7    16.25    27.62
2228    8    24.14    25.49
2228    9    51.96    19.40
2228   10    11.48    15.85
2228   11     2.63     9.43
2228   12     6.62     6.26
2229    1    10.68     3.22
2229    2    38.04     5.64
2229    3    38.46    11.46
2229    4    67.55    14.70
2229    5   132.21    17.25
2229    6    30.79    23.54
2229    7    30.52    26.94
2229    8     3.59    27.06
2229    9    32.64    19.76
2229   10    50.25    17.22
2229   11    97.32     7.40
2229   12    44.59     3.18
2230    1    80.74     5.65
2230    2    22.69     4.93
2230    3   145.20     7.96
2230    4    79.26    13.29
2230    5    90.63    19.28
2230    6    32.97    25.32
2230    7    16.81    27.68
2230    8     6.45    28.52
2230    9     9.73    22.96
2230   10    23.96    14.70
2230   11    15.60     7.76
2230   12    11.77     3.51
2231    1     5.73     5.54
2231    2    36.11     7.39
2231    3    35.47     8.66
2231    4    57.40    14.13
2231    5    97.34    17.82
2231    6    37.56    23.95
2231    7     3.97    30.47
2231    8     2.30    29.77
2231    9    15.16    20.48
2231   10    42.26    11.61
2231   11     6.57     9.86
2231   12    14.91     5.24
2232    1    79.20     4.77
2232    2    56.88     6.21
2232    3   113.15     6.05
2232    4    89.86    12.57
2232    5   141.57    17.25
2232    6    34.87    24.16
2232    7     3.06    28.22
2232    8    27.31    26.22
2232    9    36.93    20.55
2232   10    37.22    14.35
2232   11    22.47     6.95
2232   12     7.78     5.10
2233    1    68.31     4.24
2233    2    15.51     5.82
2233    3   186.12     3.86
2233    4   133.16    10.95
2233    5   100.64    18.39
2233    6    69.30    22.94
2233    7    14.20    26.41
2233    8     9.70    25.63
2233    9     1.73    22.99
2233   10    22.78    16.40
2233   11    12.96    10.31
2233   12    15.45     5.43
2234    1    23.94     3.28
2234    2    30.45     5.76
2234    3   191.42     4.19
2234    4    86.26    12.23
2234    5   114.41    16.77
2234    6   111.77    21.37
2234    7    23.79    24.13
2234    8     9.29    28.82
2234    9    37.78    21.70
2234   10    25.20    14.16
2234   11    47.55     7.24
2234   12    18.28     5.92
2235    1    30.61     4.50
2235    2    58.87     6.15
2235    3   118.36     7.08
2235    4   130.14    12.34
2235    5   136.90    15.73
2235    6    71.54    21.76
2235    7    10.77    27.53
2235    8     9.02    27.86
2235    9    37.67    18.11
2235   10    40.74    11.20
2235   11    20.74     9.39
2235   12   112.89     3.40
2236    1    18.60     2.98
2236    2    33.67     4.61
2236    3    39.25     8.22
2236    4    55.76    14.55
2236    5    54.90    16.80
2236    6    23.12    25.33
2236    7     7.01    29.67
2236    8     5.69    27.93
2236    9    18.21    20.52
2236   10    42.02    13.89
2236   11    39.31     8.37
2236   12    37.63     3.54
2237    1    27.64     5.07
2237    2    30.58     4.42
2237    3    63.83     6.78
2237    4    32.89    14.05
2237    5   111.74    18.69
2237    6    35.75    23.41
2237    7    41.44    25.83
2237    8     3.33    25.43
2237    9    24.48    20.94
2237   10    65.26    12.32
2237   11    82.88     6.95
2237   12     8.58     5.33
2238    1    52.88     3.31
2238    2    14.99     6.19
2238    3    69.38     8.53
2238    4    59.02    12.95
2238    5   103.36    16.29
2238    6   105.79    20.64
2238    7     4.15    25.92
2238    8     9.51    24.76
2238    9    24.38    18.58
2238   10    73.31    14.06
2238   11   155.45     7.93
2238   12    10.50     5.39
2239    1    13.45     5.71
2239    2    18.98     4.75
2239    3    71.97    10.07
2239    4   102.05    15.09
2239    5   107.48    16.20
2239    6    60.53    23.25
2239    7     1.64    27.11
2239    8     9.10    28.79
2239    9    51.75    19.85
2239   10    92.94    12.73
2239   11    23.17     8.00
2239   12    18.98     4.49
2240    1    64.64     3.42
2240    2    76.89     6.18
2240    3    73.90     7.75
2240    4    83.56    12.86
2240    5    72.03    19.01
2240    6    25.50    22.19
2240    7     8.12    27.80
2240    8     0.40    26.76
2240    9    24.65    23.70
2240   10    52.43    13.70
2240   11    28.74     8.79
2240   12    27.29     3.70
2241    1    61.97     2.67
2241    2    32.20     5.71
2241    3   101.10     6.14
2241    4    57.42    13.88
2241    5    48.29    19.95
2241    6    39.39    23.01
2241    7     3.39    27.47
2241    8     4.40    28.28
2241    9     9.36    21.53
2241   10    40.40    14.06
2241   11    39.90     6.90
2241   12    45.93     3.39
2242    1    26.46     3.49
2242    2    25.31     2.13
2242    3    78.24     6.61
2242    4   113.07    12.11
2242    5    24.64    18.23
2242    6    16.64    24.20
2242    7     1.35    27.19
2242    8    10.24    26.29
2242    9    16.69    20.31
2242   10    22.95    14.43
2242   11    29.69     8.11
2242   12    73.45     5.00
2243    1    56.91     3.43
2243    2    18.94     6.34
2243    3   126.94     6.57
2243    4    87.84    12.26
2243    5   120.62    16.70
2243    6    52.60    22.85
2243    7    11.56    25.99
2243    8    22.49    25.74
2243    9     7.15    23.38
2243   10    48.71    13.46
2243   11    10.65     7.05
2243   12    27.62     4.57
2244    1    25.54     2.88
2244    2    57.33     5.58
2244    3    79.77     4.50
2244    4   100.22     9.43
2244    5    72.90    18.12
2244    6    35.87    21.40
2244    7    16.24    28.59
2244    8     6.51    25.33
2244    9     7.09    21.77
2244   10    34.78    14.03
2244   11    35.11     7.07
2244   12    71.43     2.66
2245    1    56.62     2.81
2245    2    12.03     4.62
2245    3    54.50     9.51
2245    4   123.89    10.81
2245    5    92.05    17.77
2245    6    97.83    22.16
2245    7    10.57    26.14
2245    8    12.19    27.16
2245    9     6.18    21.20
2245   10    33.49    15.48
2245   11    45.13     7.07
2245   12    47.02     3.45
2246    1    22.36     3.36
2246    2    33.65     7.19
2246    3    22.70     9.80
2246    4    79.26    12.65
2246    5    87.37    17.94
2246    6    59.55    23.38
2246    7    15.03    27.48
2246    8    13.10    25.36
2246    9    18.12    21.31
2246   10    21.64    15.66
2246   11    41.14     8.25
2246   12    66.27     3.58
2247    1    34.27     3.19
2247    2    18.96     6.05
2247    3    17.69     6.33
2247    4    56.68    13.09
2247    5    76.86    17.48
2247    6    46.76    23.32
2247    7    15.32    27.22
2247    8     5.44    28.90
2247    9    27.32    22.78
2247   10    61.83    14.90
2247   11    26.82     7.85
2247   12    22.41     3.39
2248    1     7.50     4.28
2248    2    36.11     6.88
2248    3    29.27     9.27
2248    4   143.33    10.55
2248    5    88.49    17.81
2248    6    59.62    23.69
2248    7    10.15    27.87
2248    8     2.63    27.51
2248    9    15.04    22.09
2248   10    16.38    13.49
2248   11    10.67     5.92
2248   12    92.46     4.26
2249    1    32.06     3.54
2249    2    23.49     6.08
2249    3    36.81    10.32
2249    4   144.03    10.14
2249    5    83.50    18.15
2249    6    46.47    24.55
2249    7    11.96    26.43
2249    8    18.67    28.53
2249    9    56.76    19.24
2249   10    58.47    11.52
2249   11    13.37     7.52
2249   12    26.12     4.87
2250    1    25.58     4.48
2250    2    61.28     5.56
2250    3   156.14     6.05
2250    4    78.23    11.64
2250    5   117.77    18.45
2250    6    64.50    22.32
2250    7    13.69    24.54
2250    8    17.73    25.11
2250    9    35.72    21.36
2250   10    19.40    13.29
2250   11    60.51    10.06
2250   12    21.81     5.30
2251    1    24.66     3.69
2251    2    33.00     5.21
2251    3    49.40     8.95
2251    4    51.53    13.37
2251    5   135.02    17.39
2251    6   118.08    20.79
2251    7    32.04    25.29
2251    8     4.80    27.31
2251    9    21.37    21.54
2251   10    60.21    13.28
2251   11    34.83     8.75
2251   12    30.43     3.48
2252    1    17.28     4.67
2252    2    22.75     7.17
2252    3    85.66     9.46
2252    4    73.19    11.15
2252    5    72.97    16.12
2252    6    62.44    22.58
2252    7     3.33    30.05
2252    8     8.55    24.14
2252    9    19.85    20.77
2252   10    43.75    14.00
2252   11    18.08     7.88
2252   12    11.79     4.94
2253    1    32.60     4.96
2253    2   157.55     4.10
2253    3    36.50     7.10
2253    4    66.56    13.43
2253    5   139.48    17.18
2253    6    32.30    22.11
2253    7    18.81    27.14
2253    8    11.89    27.00
2253    9    29.12    21.86
2253   10    16.86    15.09
2253   11    87.71     7.25
2253   12    39.82     3.59
2254    1    11.80     4.55
2254    2    79.18     2.89
2254    3   100.89     6.77
2254    4    80.33    13.98
2254    5   129.84    17.97
2254    6    35.30    22.87
2254    7     2.43    29.36
2254    8    23.45    28.01
2254    9    11.26    18.63
2254   10   107.64    13.01
2254   11    47.27     8.74
2254   12    25.17     3.01
2255    1    11.77     3.96
2255    2    14.27     8.50
2255    3    32.84     9.78
2255    4    71.92    12.06
2255    5    92.82    17.01
2255    6    15.41    22.09
2255    7     7.11    27.89
2255    8     8.98    29.88
2255    9    35.43    20.59
2255   10    34.01    13.16
2255   11    58.93     6.91
2255   12    15.93     5.55
2256    1    38.98     4.18
2256    2    67.43     6.46
2256    3    71.77     9.37
2256    4    98.57    12.34
2256    5   112.62    16.95
2256    6    37.26    23.79
2256    7    15.71    28.82
2256    8    44.06    24.76
2256    9    76.56    17.83
2256   10    44.16    13.06
2256   11    19.89     7.63
2256   12    21.33     5.73
2257    1    12.08     5.24
2257    2    47.29     6.29
2257    3    75.03     8.08
2257    4    73.65    13.38
2257    5   109.24    16.19
2257    6    25.53    23.55
2257    7    25.64    26.58
2257    8     3.95    25.77
2257    9    45.62    19.94
2257   10    22.39    13.35
2257   11    48.03     7.96
2257   12    15.97     3.91
2258    1    28.18     4.80
2258    2     9.60     5.59
2258    3    28.09     8.52
2258    4   126.03    12.82
2258    5    59.88    20.93
2258    6    22.69    24.60
2258    7     0.82    28.56
2258    8    11.18    28.13
2258    9    20.58    20.52
2258   10    30.41    15.47
2258   11    29.94     8.62
2258   12    20.24     5.84
2259    1    33.09     1.82
2259    2    47.45     8.71
2259    3    41.78     9.01
2259    4   110.65    13.72
2259    5    48.13    20.22
2259    6    57.30    23.33
2259    7     6.67    27.76
2259    8    26.40    26.00
2259    9     7.36    23.30
2259   10    63.69    12.87
2259   11     8.81     7.89
2259   12    34.01     5.50
2260    1    14.05     3.98
2260    2    10.51     6.04
2260    3    22.49    10.12
2260    4    33.12    15.36
2260    5    15.88    22.29
2260    6    70.54    24.24
2260    7    11.96    26.17
2260    8    19.04    25.90
2260    9    17.10    22.69
2260   10    27.96    12.84
2260   11    16.32     7.47
2260   12    19.35     4.47
2261    1    15.06     4.45
2261    2    85.88     5.08
2261    3    43.32     9.02
2261    4   116.12    10.89
2261    5    77.11    19.83
2261    6    53.63    24.12
2261    7    13.84    29.04
2261    8    21.39    26.90
2261    9    22.44    20.86
2261   10    43.30    13.77
2261   11   160.19     7.76
2261   12     4.37     3.37
2262    1     6.62     5.07
2262    2    48.46     6.89
2262    3    68.28     8.53
2262    4    34.98    16.90
2262    5   138.99    17.32
2262    6    42.22    24.01
2262    7     5.57    28.18
2262    8     5.56    26.95
2262    9    34.50    22.46
2262   10    57.02    13.37
2262   11    45.06     8.84
2262   12    11.35     6.48
2263    1     6.39     2.82
2263    2    10.03     6.75
2263    3   122.10    10.20
2263    4    37.27    14.39
2263    5    92.77    18.29
2263    6     9.37    25.89
2263    7    15.28    28.03
2263    8     2.75    26.85
2263    9     6.78    22.22
2263   10    17.76    16.26
2263   11    83.77     7.45
2263   12    39.59     5.10
2264    1    35.52     2.70
2264    2    50.48     4.72
2264    3    34.82     9.40
2264    4    93.57    14.57
2264    5   105.33    18.28
2264    6    38.27    24.21
2264    7    15.07    27.12
2264    8     3.64    26.43
2264    9    10.10    21.46
2264   10    47.61    11.96
2264   11     4.80     8.64
2264   12    15.80     5.18
2265    1    38.34     3.53
2265    2    97.56     4.54
2265    3    94.88     7.99
2265    4    38.55    12.28
2265    5    65.93    21.06
2265    6    49.79    24.15
2265    7    16.84    25.43
2265    8     6.72    29.25
2265    9    62.05    18.21
2265   10     7.23    13.75
2265   11    10.21     8.27
2265   12    12.90     5.04
2266    1    42.43     6.12
2266    2    96.94     5.48
2266    3   101.96     9.18
2266    4    53.92    13.82
2266    5    64.92    19.10
2266    6    69.31    23.00
2266    7    39.24    25.59
2266    8    21.41    26.23
2266    9     8.97    19.65
2266   10    20.59    16.93
2266   11    31.41     7.03
2266   12    14.15     4.77
2267    1    30.03     4.40
2267    2    55.57     5.58
2267    3    28.04    10.64
2267    4    79.00    12.63
2267    5   172.12    16.11
2267    6    79.12    22.26
2267    7    12.88    27.06
2267    8    12.70    27.67
2267    9    47.45    22.00
2267   10    13.64    14.01
2267   11     4.24     9.67
2267   12     6.94     6.54
2268    1     7.84     3.01
2268    2    35.44     7.27
2268    3    38.12     9.56
2268    4    79.59    12.95
2268    5    98.29    19.55
2268    6    54.17    25.16
2268    7    25.49    27.31
2268    8    25.91    26.32
2268    9    27.90    24.70
2268   10    57.66    16.92
2268   11    33.14     7.97
2268   12    25.50     5.12
2269    1    14.35     2.61
2269    2     8.97     9.01
2269    3    68.12    10.95
2269    4    99.40    12.97
2269    5   112.33    17.26
2269    6    40.30    23.79
2269    7    13.02    27.24
2269    8    12.30    27.18
2269    9    19.26    20.96
2269   10    33.41    12.01
2269   11    21.79     8.65
2269   12     7.72     5.43
2270    1    24.75     6.48
2270    2    54.91     6.01
2270    3    28.98     9.79
2270    4   110.81    13.10
2270    5    61.26    18.97
2270    6    61.55    24.68
2270    7    11.40    26.99
2270    8     5.40    27.12
2270    9    46.05    19.04
2270   10    85.06     9.28
2270   11    30.16     8.55
2270   12     6.53     4.65
2271    1    25.21     4.09
2271    2    35.81     4.26
2271    3    30.72     8.86
2271    4    20.35    15.08
2271    5   126.38    18.20
2271    6    23.96    23.00
2271    7     8.99    29.89
2271    8    13.31    26.04
2271    9    37.04    19.95
2271   10    28.63    12.55
2271   11    12.12     8.59
2271   12    98.66     6.12
2272    1    27.53     2.37
2272    2    33.82     5.19
2272    3    20.16     5.51
2272    4    67.35    13.26
2272    5    43.96    19.91
2272    6    39.57    25.66
2272    7     7.36    28.59
2272    8    31.79    24.49
2272    9    39.48    19.28
2272   10    39.12    16.70
2272   11    38.89     8.94
2272   12     5.93     5.34
2273    1    27.96     3.87
2273    2    75.36     4.94
2273    3    77.40     8.95
2273    4    30.80    16.12
2273    5    88.19    19.42
2273    6    19.50    27.28
2273    7    12.23    26.94
2273    8    12.89    26.90
2273    9    14.47    19.16
2273   10    11.70    13.80
2273   11    51.31     7.15
2273   12     8.16     5.53
2274    1    34.50     3.31
2274    2    18.90     4.83
2274    3    50.98    11.51
2274    4   121.78    12.02
2274    5    98.74    16.53
2274    6     3.21    24.36
2274    7    14.01    27.30
2274    8     3.21    26.43
2274    9    83.27    21.70
2274   10    24.07    12.86
2274   11    38.29     8.88
2274   12    18.26     4.90
2275    1    42.64     1.95
2275    2     7.72     7.54
2275    3    52.41     9.18
2275    4   115.73    11.44
2275    5   106.34    18.25
2275    6    54.68    24.08
2275    7    14.32    27.80
2275    8     7.12    29.63
2275    9    24.50    21.21
2275   10    16.82    14.30
2275   11    52.13     7.85
2275   12    49.15     5.05
2276    1    47.15     5.89
2276    2    25.61     7.07
2276    3   106.61     8.41
2276    4    79.55    13.04
2276    5    73.34    18.01
2276    6   178.78    21.68
2276    7    29.36    25.46
2276    8     6.57    27.17
2276    9     9.12    21.32
2276   10   115.38    11.52
2276   11    23.31     7.09
2276   12    64.14     3.61
2277    1    50.31     3.06
2277    2   128.03     2.23
2277    3    32.27    10.36
2277    4    64.56    12.97
2277    5   165.09    16.08
2277    6    38.81    23.19
2277    7     9.85    26.40
2277    8    15.25    24.68
2277    9    15.16    21.49
2277   10   108.55    13.30
2277   11    17.50     8.28
2277   12    14.42     4.25
2278    1    10.97     5.40
2278    2    41.83     6.53
2278    3    30.15     9.54
2278    4    27.81    14.06
2278    5   139.64    14.78
2278    6    71.31    23.44
2278    7    49.82    26.33
2278    8    52.44    28.61
2278    9    27.60    19.97
2278   10    31.39    14.23
2278   11    19.02     9.44
2278   12    32.30     6.14
2279    1    22.40     4.31
2279    2    20.86     5.29
2279    3    63.54     9.07
2279    4    91.36    13.52
2279    5    37.53    20.25
2279    6    34.94    23.42
2279    7    12.15    27.14
2279    8    11.08    29.22
2279    9    23.96    20.82
2279   10   126.97    13.07
2279   11    62.06     8.22
2279   12    19.01     4.03
2280    1    32.44     4.37
2280    2    26.58     7.56
2280    3    56.50     8.47
2280    4    77.51    12.42
2280    5    69.56    18.88
2280    6    15.72    24.73
2280    7    18.15    27.63
2280    8    24.77    26.03
2280    9    19.02    21.03
2280   10    80.48    12.93
2280   11    23.36     9.26
2280   12    60.63     5.34
2281    1    25.96     3.56
2281    2    22.68     3.03
2281    3    50.70    10.44
2281    4   111.96    14.32
2281    5   107.71    17.76
2281    6    51.47    24.12
2281    7    24.21    26.88
2281    8     9.86    29.18
2281    9    16.15    22.75
2281   10    31.69    16.01
2281   11    36.36     5.91
2281   12     7.65     5.49
2282    1   106.68     1.83
2282    2    28.08     4.96
2282    3    92.59     8.68
2282    4    74.04    14.14
2282    5   114.10    17.80
2282    6   102.28    21.92
2282    7    33.67    24.38
2282    8     3.06    25.50
2282    9    15.76    21.27
2282   10    48.11    13.63
2282   11    12.46     8.46
2282   12     7.41     5.51
2283    1    28.84     4.43
2283    2    30.43     1.54
2283    3   110.36     8.31
2283    4    57.74    13.77
2283    5   153.05    16.62
2283    6    93.21    20.80
2283    7     7.91    25.61
2283    8    14.67    24.87
2283    9    15.48    19.05
2283   10    97.34    13.40
2283   11    65.02     6.25
2283   12    24.02     6.11
2284    1    14.09     3.20
2284    2    21.24     5.23
2284    3    86.09     8.04
2284    4   115.19    12.14
2284    5   128.67    17.98
2284    6    49.78    23.51
2284    7    62.28    24.90
2284    8    39.05    25.33
2284    9    11.83    18.33
2284   10    40.23    11.40
2284   11    16.16     7.36
2284   12    51.49     3.11
2285    1     9.42     2.68
2285    2    56.95     5.61
2285    3    31.98     9.09
2285    4    62.75    11.69
2285    5   124.77    16.04
2285    6    45.44    24.27
2285    7    37.72    25.35
2285    8    23.87    27.47
2285    9    29.10    20.41
2285   10    17.10    11.53
2285   11    25.54     7.56
2285   12    14.27     3.16
2286    1    18.95     4.42
2286    2    29.64     8.18
2286    3    81.57     8.40
2286    4   124.60    13.61
2286    5   112.67    18.22
2286    6    46.98    23.76
2286    7     9.33    29.67
2286    8    13.30    26.48
2286    9    17.50    24.01
2286   10   137.15    12.75
2286   11    33.07     9.68
2286   12   146.57     5.01
2287    1    22.34     3.93
2287    2    59.56     5.00
2287    3   142.01     6.94
2287    4   101.25    13.87
2287    5   108.44    17.55
2287    6   142.31    20.85
2287    7    25.82    23.58
2287    8    16.77    23.93
2287    9    21.30    20.99
2287   10    67.51    13.36
2287   11    74.71     8.78
2287   12     4.09     5.27
2288    1     7.05     4.50
2288    2    17.55     5.59
2288    3    59.31     8.09
2288    4    84.40    12.12
2288    5    44.45    18.80
2288    6    80.79    21.59
2288    7     6.25    27.44
2288    8     4.11    30.43
2288    9    54.10    18.73
2288   10    55.43    14.14
2288   11    11.87     7.48
2288   12    11.42     4.28
2289    1    16.05     5.80
2289    2    29.19     6.96
2289    3   134.49     8.27
2289    4   104.83    12.67
2289    5    82.82    18.04
2289    6    82.01    22.56
2289    7     3.04    26.32
2289    8    13.85    25.88
2289    9    11.71    20.43
2289   10    30.14    12.19
2289   11     9.06     9.05
2289   12    19.27     5.30
2290    1    12.68     5.12
2290    2    20.00     6.96
2290    3    62.05     9.48
2290    4    55.09    14.51
2290    5    61.65    21.45
2290    6    29.90    24.38
2290    7    20.43    28.64
2290    8    11.18    25.70
2290    9     6.61    21.09
2290   10    46.85    14.52
2290   11    17.25     8.17
2290   12    11.08     5.22
2291    1     6.26     4.27
2291    2    62.25     5.07
2291    3    90.61     9.66
2291    4   100.12    14.12
2291    5    67.96    18.97
2291    6   106.81    22.04
2291    7    17.47    28.11
2291    8    29.01    27.58
2291    9     9.59    19.24
2291   10    26.50    12.32
2291   11    38.18     7.94
2291   12    67.73     5.09
2292    1     9.08     5.34
2292    2    61.22     5.69
2292    3   116.24     8.26
2292    4    61.43    12.26
2292    5   117.53    18.61
2292    6    58.05    23.08
2292    7     4.34    27.98
2292    8     8.51    28.05
2292    9    16.87    22.37
2292   10    11.52    15.60
2292   11    71.52     6.31
2292   12    22.14     3.60
2293    1    13.06     5.77
2293    2    78.97     5.22
2293    3    49.82     8.57
2293    4    42.27    14.61
2293    5    93.32    19.80
2293    6    29.61    23.96
2293    7     6.16    27.25
2293    8    21.55    24.97
2293    9     0.91    21.71
2293   10    30.73    15.24
2293   11    13.05     8.24
2293   12    51.37     3.32
2294    1    11.97     4.88
2294    2    45.85     6.03
2294    3    35.67     6.62
2294    4    32.49    15.92
2294    5    18.80    19.29
2294    6    25.10    25.92
2294    7     6.85    28.75
2294    8     8.21    26.87
2294    9    19.96    20.19
2294   10    76.18    12.28
2294   11    53.02     9.01
2294   12    23.18     5.67
2295    1    35.10     4.86
2295    2   111.37     5.09
2295    3   114.15     8.39
2295    4    66.40    14.18
2295    5    74.58    17.54
2295    6    52.10    24.97
2295    7    28.44    25.26
2295    8    11.78    27.97
2295    9    25.03    21.00
2295   10    66.72    12.63
2295   11   100.74     8.45
2295   12    68.38     3.78
2296    1    15.33     3.58
2296    2    65.48     3.89
2296    3    82.97     8.97
2296    4   128.78    12.84
2296    5   110.68    17.27
2296    6    58.66    20.55
2296    7    20.19    26.57
2296    8    23.33    27.28
2296    9    50.41    19.23
2296   10    32.06    13.75
2296   11     9.66     7.28
2296   12    31.98     5.78
2297    1    16.14     4.05
2297    2    30.67     6.90
2297    3    56.42    10.57
2297    4    84.70    11.56
2297    5   187.64    16.30
2297    6    44.75    21.44
2297    7    13.08    26.37
2297    8     3.10    28.14
2297    9    29.13    22.64
2297   10   103.95    13.65
2297   11    19.95     9.24
2297   12    58.62     4.50
2298    1    83.39     4.21
2298    2    71.34     4.60
2298    3   150.95     7.20
2298    4    45.77    12.22
2298    5    93.55    18.68
2298    6    33.01    23.29
2298    7    27.74    25.37
2298    8    34.42    25.18
2298    9    24.86    18.43
2298   10    57.92    10.23
2298   11    18.05     6.89
2298   12     7.99     6.42
2299    1    56.38     1.72
2299    2    18.29     5.90
2299    3   135.01     7.60
2299    4    87.80    13.50
2299    5    66.26    18.11
2299    6    34.71    22.14
2299    7    17.18    27.42
2299    8    13.20    25.64
2299    9    28.12    18.95
2299   10    74.66    10.46
2299   11    21.00     7.17
2299   12     3.02     5.65
2300    1    22.47     3.24
2300    2    79.89     6.22
2300    3    56.58     8.99
2300    4    59.44    13.89
2300    5    39.59    18.91
2300    6    60.59    24.56
2300    7    38.37    24.13
2300    8    17.20    24.64
2300    9    51.13    20.46
2300   10    54.46     8.37
2300   11    18.76     7.30
2300   12    39.67     2.18
