2006    1    13.20     8.86
2006    2    31.42     8.80
2006    3   141.12     5.71
2006    4    17.27    11.98
2006    5    15.16    16.29
2006    6     1.17    21.53
2006    7     4.06    24.11
2006    8     4.74    24.69
2006    9    31.97    20.99
2006   10    10.63    17.18
2006   11    85.94    11.03
2006   12    58.30     6.29
2007    1    25.16     6.70
2007    2    49.74     3.38
2007    3    80.85     3.90
2007    4    33.23     8.21
2007    5    26.65    12.66
2007    6     5.42    17.83
2007    7    12.15    22.00
2007    8    21.17    22.96
2007    9    37.20    19.89
2007   10    37.68    14.57
2007   11    58.63    11.28
2007   12    20.96     9.22
2008    1    20.40     6.97
2008    2    10.94     7.79
2008    3    45.70     8.81
2008    4    14.97    12.65
2008    5     2.53    17.74
2008    6     8.23    21.88
2008    7     0.77    24.00
2008    8    21.77    23.10
2008    9    10.04    19.95
2008   10    67.36    15.03
2008   11    91.88    10.64
2008   12    54.64     8.37
2009    1    46.69     5.61
2009    2    24.18     7.20
2009    3    56.26     6.34
2009    4     9.94    12.18
2009    5    52.02    14.51
2009    6     6.30    20.34
2009    7     0.69    24.64
2009    8     3.08    24.91
2009    9    57.47    20.30
2009   10    26.44    14.77
2009   11    28.55    12.51
2009   12    51.01    10.62
2010    1    59.30     3.63
2010    2    26.46     4.38
2010    3    24.61     6.14
2010    4    15.72    10.31
2010    5    12.06    15.48
2010    6     1.01    20.79
2010    7     2.66    23.60
2010    8     7.44    24.42
2010    9    47.56    18.12
2010   10    33.44    15.27
2010   11    31.58    11.42
2010   12    31.60     7.15
2011    1    21.01     8.46
2011    2    46.13     5.40
2011    3    19.92     7.62
2011    4    12.55    10.19
2011    5    20.84    15.53
2011    6    23.88    20.72
2011    7    21.53    23.48
2011    8    14.86    24.21
2011    9    21.61    19.94
2011   10    32.04    16.22
2011   11    75.83    11.45
2011   12    45.36     5.98
2012    1    25.81     2.54
2012    2    25.90     4.08
2012    3    71.51     6.59
2012    4    38.90     9.83
2012    5    10.29    14.94
2012    6     5.24    20.21
2012    7    10.82    23.41
2012    8     4.71    23.67
2012    9     1.98    20.15
2012   10    28.06    16.73
2012   11    33.07    12.50
2012   12    40.94     6.52
2013    1    39.44     5.27
2013    2    18.70     5.23
2013    3    34.70     7.26
2013    4    22.44    10.62
2013    5     3.90    16.01
2013    6    23.74    19.83
2013    7     4.24    23.33
2013    8     9.80    23.01
2013    9    84.35    19.10
2013   10    42.77    13.79
2013   11    84.89    10.90
2013   12    47.93     8.40
2014    1    30.27     5.52
2014    2    39.86     5.33
2014    3    50.75     6.38
2014    4    27.48    10.34
2014    5     8.90    16.02
2014    6    19.56    20.32
2014    7     1.92    24.57
2014    8     2.86    24.16
2014    9    27.04    20.41
2014   10    38.00    16.70
2014   11    27.53    12.22
2014   12    44.03     8.93
2015    1    60.50     6.12
2015    2    74.11     3.76
2015    3    33.78     7.21
2015    4    11.51    10.64
2015    5     8.38    16.96
2015    6     4.02    21.28
2015    7     7.94    23.12
2015    8    15.67    22.92
2015    9     8.16    19.49
2015   10    47.97    15.81
2015   11    18.61    12.55
2015   12    72.22     8.43
2016    1    52.55     5.66
2016    2    15.15     6.82
2016    3    27.55     8.95
2016    4    53.94    10.93
2016    5    17.83    16.25
2016    6     5.48    21.91
2016    7    34.70    25.34
2016    8    18.03    23.36
2016    9    65.50    20.95
2016   10    37.08    17.44
2016   11    30.68    12.72
2016   12    37.85     9.92
2017    1    85.80     3.38
2017    2    17.81     5.19
2017    3    15.75     9.30
2017    4    29.78    11.67
2017    5     8.73    14.83
2017    6     6.63    19.20
2017    7     7.60    23.48
2017    8    11.03    23.76
2017    9    20.36    21.56
2017   10    78.80    14.13
2017   11    54.06    11.76
2017   12    29.18     8.89
2018    1    57.96     5.52
2018    2   105.31     2.20
2018    3    18.67     4.58
2018    4    34.58    10.27
2018    5     3.37    16.90
2018    6    15.76    21.35
2018    7     2.56    24.70
2018    8     2.03    24.71
2018    9     1.78    21.16
2018   10    40.73    15.03
2018   11   116.34    10.78
2018   12    35.81     9.15
2019    1   124.15     5.49
2019    2    31.48     5.05
2019    3    18.25     6.34
2019    4     6.57    11.36
2019    5     8.86    16.50
2019    6     4.70    21.94
2019    7    13.79    23.63
2019    8     4.63    23.85
2019    9    27.71    20.15
2019   10    84.86    10.90
2019   11    68.05    10.99
2019   12    63.45     8.44
2020    1    38.36     3.90
2020    2    27.57     4.64
2020    3     7.37     8.89
2020    4    11.91    12.49
2020    5     1.19    16.90
2020    6     7.13    22.55
2020    7     6.03    24.20
2020    8    15.36    22.70
2020    9     7.43    22.39
2020   10    47.77    15.76
2020   11    27.11    13.98
2020   12    27.67    11.01
2021    1    41.97     7.51
2021    2    30.21     7.21
2021    3    26.46     9.27
2021    4    11.89    11.58
2021    5    20.01    16.55
2021    6    17.65    20.45
2021    7    11.25    23.42
2021    8     4.20    24.44
2021    9    30.28    20.39
2021   10    74.81    14.43
2021   11     6.67    13.20
2021   12    77.01     7.40
2022    1    38.01     5.17
2022    2    17.94     6.11
2022    3    78.64     4.92
2022    4    12.42    11.22
2022    5    13.98    16.00
2022    6     5.88    20.61
2022    7     3.33    24.78
2022    8    26.07    24.56
2022    9    10.10    22.48
2022   10    33.40    17.14
2022   11    52.61    11.69
2022   12    60.21    10.97
2023    1    33.46     5.26
2023    2    45.29     6.82
2023    3    26.05     7.36
2023    4    16.67    12.60
2023    5     6.29    15.82
2023    6    11.18    21.46
2023    7     9.87    24.70
2023    8    17.17    24.75
2023    9    25.74    20.16
2023   10    76.03    16.65
2023   11    42.27    11.43
2023   12    25.43    10.11
2024    1    67.51     5.51
2024    2    50.15     3.86
2024    3    64.38     6.82
2024    4    11.51    11.33
2024    5     2.09    17.14
2024    6     3.68    22.52
2024    7    16.07    24.28
2024    8    11.72    23.99
2024    9    48.68    20.04
2024   10    20.13    18.20
2024   11    68.50    12.82
2024   12    40.67     8.47
2025    1    68.08     5.30
2025    2    25.51     6.61
2025    3     7.80     8.93
2025    4     5.18    13.12
2025    5     6.41    15.85
2025    6     7.89    22.41
2025    7     3.99    25.26
2025    8    17.06    25.43
2025    9    14.05    21.20
2025   10    76.65    15.92
2025   11    58.00    11.02
2025   12    35.38     4.21
2026    1    66.91     4.91
2026    2    63.07     0.67
2026    3    22.83     5.16
2026    4    30.33    10.79
2026    5     0.55    16.85
2026    6     7.55    22.21
2026    7     5.99    24.14
2026    8    12.44    24.25
2026    9    23.29    20.40
2026   10    60.57    15.63
2026   11    54.62    13.23
2026   12    19.34     9.90
2027    1    21.75     8.83
2027    2    32.63     6.87
2027    3    59.66     6.24
2027    4     8.98    12.03
2027    5     1.81    16.95
2027    6     1.92    22.48
2027    7     1.70    24.99
2027    8    34.45    24.00
2027    9    54.71    18.94
2027   10    85.51    14.35
2027   11    35.12    12.02
2027   12    37.86     9.30
2028    1    54.13     7.90
2028    2    24.57     8.21
2028    3    21.89     8.15
2028    4    15.44    11.10
2028    5    19.30    17.18
2028    6    24.36    21.87
2028    7     7.95    25.25
2028    8     8.88    25.17
2028    9    41.29    21.17
2028   10   109.40    17.17
2028   11    66.45    12.50
2028   12    46.42     9.33
2029    1    45.50     7.21
2029    2    11.00     6.43
2029    3    49.37     7.25
2029    4     6.09    10.87
2029    5     3.11    17.14
2029    6    13.34    21.64
2029    7    12.10    25.04
2029    8    10.95    24.68
2029    9    29.00    20.56
2029   10    47.38    14.68
2029   11    48.17    12.18
2029   12    42.67     9.04
2030    1    51.25     7.79
2030    2    27.89     7.15
2030    3    47.60     7.90
2030    4   103.63     8.23
2030    5     3.96    14.24
2030    6     4.18    20.36
2030    7     2.35    24.86
2030    8    10.84    24.75
2030    9    55.22    19.80
2030   10    37.35    17.84
2030   11    58.07    12.70
2030   12    50.54     8.74
2031    1    51.41     3.98
2031    2    19.77     5.75
2031    3    31.65     7.87
2031    4    11.75    13.05
2031    5     7.75    17.27
2031    6     8.38    21.65
2031    7    46.96    23.76
2031    8    11.68    24.32
2031    9     5.79    21.43
2031   10    37.89    16.65
2031   11    68.03    10.15
2031   12    40.51     8.19
2032    1    54.03     5.75
2032    2    26.51     6.63
2032    3    48.07     8.29
2032    4     6.08    11.46
2032    5    28.97    17.19
2032    6     3.95    21.28
2032    7    12.76    25.15
2032    8     4.69    26.77
2032    9    28.66    19.68
2032   10    58.92    16.19
2032   11    35.67    14.51
2032   12    59.76     7.04
2033    1    44.02     8.54
2033    2    48.69     7.70
2033    3    49.08     8.23
2033    4    30.70    10.48
2033    5     5.82    15.53
2033    6    16.87    20.36
2033    7     9.22    24.54
2033    8     2.43    25.47
2033    9     5.79    21.38
2033   10    64.46    15.88
2033   11    60.82    12.37
2033   12    84.92     8.81
2034    1    18.48     9.14
2034    2    18.11     6.24
2034    3    33.91     8.86
2034    4    19.14    12.32
2034    5    10.70    16.28
2034    6     5.31    21.58
2034    7    16.52    24.84
2034    8     2.71    25.64
2034    9     2.40    22.98
2034   10    73.83    17.35
2034   11    94.76    10.97
2034   12    69.27     5.23
2035    1    43.30     6.73
2035    2    20.70     5.82
2035    3    48.33     6.72
2035    4     9.26    12.22
2035    5     6.13    17.77
2035    6     4.35    21.54
2035    7    10.05    26.00
2035    8    10.93    25.01
2035    9    13.52    21.59
2035   10    52.19    15.92
2035   11    39.54    12.77
2035   12    15.69    10.52
2036    1    32.88     4.77
2036    2    37.50     6.12
2036    3    17.18     7.10
2036    4     7.73    12.03
2036    5    10.36    17.63
2036    6     3.86    22.89
2036    7     2.87    25.21
2036    8     4.74    24.91
2036    9    32.51    21.42
2036   10    81.98    17.37
2036   11    47.84    12.36
2036   12    17.21     9.44
2037    1    47.08     6.14
2037    2    34.31     8.11
2037    3    12.79     8.26
2037    4     7.17    11.95
2037    5     7.80    16.57
2037    6     0.46    22.11
2037    7     8.20    25.29
2037    8    11.87    25.18
2037    9     7.82    22.15
2037   10    75.92    17.04
2037   11    91.83    10.40
2037   12    35.85     8.64
2038    1    41.15     7.27
2038    2    13.27     8.53
2038    3    18.04     8.99
2038    4    10.80    12.89
2038    5    37.34    17.12
2038    6     4.87    22.58
2038    7     3.71    25.77
2038    8     9.50    25.49
2038    9    12.49    21.21
2038   10    72.47    15.58
2038   11    39.52    14.24
2038   12    57.98     9.69
2039    1    99.41     6.50
2039    2    50.67     2.99
2039    3     6.41     8.69
2039    4    22.28    12.17
2039    5    11.42    16.36
2039    6    10.01    21.50
2039    7    11.62    24.91
2039    8    10.66    25.80
2039    9    21.31    20.83
2039   10    94.69    14.39
2039   11    41.01    13.08
2039   12    37.78     7.58
2040    1    32.95     6.55
2040    2    40.26     4.37
2040    3    21.11     7.26
2040    4    35.97    12.03
2040    5     9.19    16.93
2040    6     5.64    21.83
2040    7    14.51    23.89
2040    8    10.76    24.07
2040    9    77.15    19.92
2040   10    50.80    15.99
2040   11    98.93    10.36
2040   12    37.62     9.43
2041    1    18.65     5.42
2041    2    48.10     5.57
2041    3    32.39     8.74
2041    4    27.45    12.30
2041    5     4.80    18.37
2041    6     7.35    22.21
2041    7     4.18    26.02
2041    8    24.24    25.49
2041    9     6.88    21.19
2041   10    48.38    17.73
2041   11    60.68    12.56
2041   12    43.55     8.84
2042    1    38.08     6.74
2042    2    37.36     5.51
2042    3    10.86    10.10
2042    4     4.04    13.74
2042    5     5.07    19.28
2042    6     7.14    23.01
2042    7     7.78    25.07
2042    8    19.29    23.96
2042    9    21.76    21.38
2042   10    19.13    16.83
2042   11    83.62    12.90
2042   12    47.71     8.46
2043    1    24.91     8.33
2043    2    55.94     7.24
2043    3    84.45     3.93
2043    4    52.22    10.80
2043    5     0.87    16.40
2043    6     2.62    22.61
2043    7    11.82    25.05
2043    8     2.01    25.53
2043    9    44.09    20.91
2043   10    33.49    16.60
2043   11    23.74    11.40
2043   12    34.95    10.37
2044    1    40.08     6.92
2044    2     7.37     8.83
2044    3    64.63     6.61
2044    4     7.78    12.02
2044    5     1.16    16.79
2044    6     0.40    22.51
2044    7     3.44    25.89
2044    8     3.27    24.45
2044    9    53.08    19.51
2044   10    30.49    16.75
2044   11    31.82    12.97
2044   12    65.82     9.07
2045    1    61.73     8.06
2045    2    44.87     7.40
2045    3    23.03    10.03
2045    4    24.00    12.33
2045    5    28.75    16.20
2045    6     6.65    21.60
2045    7     1.50    26.50
2045    8    12.45    25.36
2045    9    36.31    20.26
2045   10    21.69    15.11
2045   11    33.85    11.60
2045   12    33.87     8.33
2046    1    28.53     7.79
2046    2    73.35     3.93
2046    3    36.22     7.58
2046    4    27.04    10.83
2046    5     7.75    16.52
2046    6    11.49    21.98
2046    7     4.59    24.78
2046    8    13.61    25.08
2046    9    16.14    19.90
2046   10    13.64    15.95
2046   11    43.59    10.93
2046   12    35.59     8.01
2047    1    17.99     7.65
2047    2    21.09     7.66
2047    3    24.46     9.07
2047    4    26.38    11.86
2047    5    17.74    17.29
2047    6    12.13    21.70
2047    7    18.02    24.82
2047    8    14.85    24.28
2047    9    33.14    20.92
2047   10    44.09    17.32
2047   11    86.11    11.45
2047   12    34.31    10.89
2048    1    26.63     7.55
2048    2    14.73     8.61
2048    3    23.07     9.30
2048    4     7.92    13.42
2048    5     7.08    19.17
2048    6     3.94    22.87
2048    7     6.26    25.33
2048    8     4.90    25.64
2048    9    13.84    21.65
2048   10    35.14    17.56
2048   11    63.58    14.31
2048   12    43.58    10.06
2049    1    46.32     6.59
2049    2    24.93     5.89
2049    3    19.96    10.39
2049    4    79.09    11.63
2049    5    44.76    15.56
2049    6     6.81    21.54
2049    7    14.29    24.61
2049    8     0.84    25.09
2049    9    23.28    22.51
2049   10    39.57    17.73
2049   11    37.20    12.86
2049   12    32.06    11.61
2050    1    46.83     5.97
2050    2    27.30     4.91
2050    3    25.01     9.88
2050    4    58.08    11.52
2050    5     5.14    16.73
2050    6     2.03    21.64
2050    7     6.53    25.14
2050    8    27.68    24.29
2050    9    45.33    21.24
2050   10    32.83    16.53
2050   11    17.27    11.93
2050   12    61.97     9.95
2051    1    39.35     8.81
2051    2    33.70     7.24
2051    3    11.15     9.13
2051    4    96.74    12.40
2051    5    18.96    15.58
2051    6     4.41    21.59
2051    7     4.06    24.87
2051    8     2.20    24.59
2051    9     9.53    22.50
2051   10    98.78    15.53
2051   11    47.58     9.92
2051   12    27.25     7.63
2052    1    29.58     7.70
2052    2    12.80     7.31
2052    3    60.42     8.46
2052    4     5.84    13.30
2052    5     1.59    16.74
2052    6    28.80    21.53
2052    7     2.40    26.63
2052    8     7.15    26.09
2052    9     5.82    22.54
2052   10    29.87    18.01
2052   11    48.70    13.70
2052   12    44.82     9.39
2053    1    39.61     6.37
2053    2    18.51     8.44
2053    3    45.33     7.61
2053    4    45.50    11.11
2053    5     1.18    17.33
2053    6     4.87    21.50
2053    7     6.25    24.68
2053    8     9.88    26.29
2053    9    38.53    23.32
2053   10    56.40    16.63
2053   11    43.82    12.52
2053   12    38.44    10.11
2054    1    17.57     9.22
2054    2    32.26     9.34
2054    3    32.14     9.58
2054    4    18.72    12.44
2054    5     5.40    18.08
2054    6    10.95    22.95
2054    7     8.27    25.28
2054    8    25.13    24.68
2054    9     1.57    21.70
2054   10    44.31    18.79
2054   11   101.40    10.26
2054   12    47.08     8.82
2055    1    48.36     5.52
2055    2    28.95     5.95
2055    3    21.28     9.12
2055    4    25.37    12.00
2055    5    13.63    17.97
2055    6     2.28    22.65
2055    7     2.26    25.47
2055    8     4.26    25.65
2055    9    13.44    21.39
2055   10    32.42    17.65
2055   11    39.90    14.71
2055   12    45.40     9.09
2056    1    33.92     6.64
2056    2    22.47     9.30
2056    3    21.24    10.80
2056    4    59.95    11.94
2056    5    21.57    16.98
2056    6    11.26    22.72
2056    7    11.89    25.61
2056    8     8.37    25.23
2056    9    15.13    21.50
2056   10    48.80    17.91
2056   11    55.25    14.82
2056   12    79.77     9.23
2057    1    52.04     9.49
2057    2    15.70     8.27
2057    3    31.09     8.38
2057    4    67.04    11.22
2057    5     2.98    17.38
2057    6    10.01    22.20
2057    7     4.98    25.74
2057    8     2.07    26.42
2057    9     4.35    22.95
2057   10    81.16    18.81
2057   11    67.22    15.34
2057   12    45.28    11.68
2058    1   116.97     8.97
2058    2    38.82     8.01
2058    3    19.41     9.81
2058    4     9.82    12.68
2058    5     5.02    17.67
2058    6     2.80    23.72
2058    7     3.20    26.38
2058    8    44.17    26.09
2058    9    29.13    21.59
2058   10    63.02    16.88
2058   11    49.56    12.13
2058   12    33.14    10.52
2059    1    50.45     9.52
2059    2    25.81     8.98
2059    3    11.48    11.87
2059    4    27.33    13.22
2059    5     4.36    19.09
2059    6     0.08    23.92
2059    7    10.02    26.12
2059    8    53.97    24.85
2059    9     9.46    21.98
2059   10    62.03    19.38
2059   11    31.96    12.42
2059   12    76.59     9.95
2060    1    30.71     9.98
2060    2    82.78     4.82
2060    3    18.96     9.68
2060    4    54.53    12.26
2060    5    31.05    16.96
2060    6     4.61    22.99
2060    7     7.70    26.11
2060    8    13.88    26.34
2060    9    21.81    22.00
2060   10    83.14    17.52
2060   11    49.51    11.49
2060   12    93.90     5.06
2061    1    58.46     5.48
2061    2    69.92     2.46
2061    3     8.03     7.09
2061    4    21.10    11.45
2061    5    10.53    16.33
2061    6     4.61    21.71
2061    7     4.17    24.19
2061    8    11.71    24.77
2061    9    69.23    20.91
2061   10    76.05    16.25
2061   11    45.06    10.78
2061   12    48.95     7.22
2062    1    12.96     8.10
2062    2    39.31     6.56
2062    3    50.22     5.99
2062    4     9.46    11.09
2062    5    30.00    15.32
2062    6     1.08    22.11
2062    7     5.71    25.46
2062    8     9.76    25.46
2062    9    18.83    23.61
2062   10    62.74    18.46
2062   11    51.15    12.15
2062   12    25.44    10.26
2063    1    65.45     7.19
2063    2    23.48     6.55
2063    3    21.15     8.70
2063    4    20.21    13.25
2063    5     7.68    17.61
2063    6    12.34    22.51
2063    7     2.81    26.07
2063    8    13.68    26.14
2063    9    20.99    21.31
2063   10    68.59    15.38
2063   11    37.79    12.61
2063   12    45.33     8.40
2064    1    42.18     7.22
2064    2    14.36     7.24
2064    3    55.55     8.68
2064    4    34.29    12.66
2064    5    14.51    16.75
2064    6    16.65    21.76
2064    7     4.65    25.53
2064    8    26.77    25.39
2064    9    12.84    21.10
2064   10    45.49    15.94
2064   11    59.50    12.10
2064   12    31.80     6.69
2065    1    53.81     7.21
2065    2    51.89     8.51
2065    3    26.70     8.73
2065    4    54.78     9.14
2065    5    13.92    16.09
2065    6     3.59    22.21
2065    7     7.43    25.33
2065    8    13.49    24.93
2065    9    25.26    21.49
2065   10    53.84    16.29
2065   11    62.32    12.89
2065   12    28.88     7.90
2066    1    26.25     9.05
2066    2    36.07     6.99
2066    3     6.70    10.22
2066    4    11.09    13.45
2066    5     7.96    18.43
2066    6     3.54    23.71
2066    7     2.49    27.00
2066    8     0.20    26.79
2066    9    20.49    21.15
2066   10    23.49    17.24
2066   11    43.98    12.69
2066   12   107.80     6.83
2067    1    60.24     4.23
2067    2    30.10     1.76
2067    3    23.57     5.93
2067    4    15.04    10.86
2067    5    13.12    15.41
2067    6     1.47    20.57
2067    7     7.53    25.11
2067    8     6.77    24.77
2067    9    17.37    22.38
2067   10    61.28    16.61
2067   11    47.70    11.03
2067   12    18.76     9.68
2068    1    40.92     6.45
2068    2    30.29     5.90
2068    3    21.66     8.87
2068    4    26.65    11.67
2068    5    18.54    17.11
2068    6     3.22    23.61
2068    7     3.57    25.09
2068    8     6.01    27.48
2068    9     5.53    23.13
2068   10   106.09    14.51
2068   11    47.94    11.41
2068   12    27.79     8.54
2069    1    59.60     4.29
2069    2    15.72     7.37
2069    3    13.45     9.28
2069    4    44.44    11.90
2069    5     8.12    16.79
2069    6     2.17    21.60
2069    7     5.87    24.54
2069    8     2.50    26.02
2069    9     8.38    22.59
2069   10     5.94    19.98
2069   11    41.07    15.16
2069   12    36.46    11.51
2070    1    74.18     6.85
2070    2    40.34     8.66
2070    3    51.01     9.28
2070    4    29.60    10.31
2070    5    17.09    16.43
2070    6     0.96    21.81
2070    7    58.54    25.30
2070    8     4.53    24.65
2070    9    23.53    21.05
2070   10    24.24    16.17
2070   11    61.80    12.78
2070   12    51.77    10.70
2071    1    47.93     6.31
2071    2    18.33     7.54
2071    3    29.44     8.31
2071    4    28.59    12.97
2071    5    13.61    16.98
2071    6     1.73    22.34
2071    7     8.68    25.89
2071    8    10.79    25.03
2071    9    48.57    21.77
2071   10    51.87    17.75
2071   11    34.23    13.05
2071   12    71.58    11.04
2072    1    88.13     4.85
2072    2    39.90     4.59
2072    3    27.99     8.06
2072    4    34.40    11.00
2072    5    24.33    16.23
2072    6     4.83    22.31
2072    7     1.72    25.30
2072    8     1.68    24.72
2072    9    17.08    22.55
2072   10    40.04    15.96
2072   11    24.01    14.21
2072   12    30.33    11.20
2073    1    31.53     5.24
2073    2    22.70     8.13
2073    3    14.67    10.14
2073    4    17.08    13.79
2073    5    22.28    17.84
2073    6     0.06    24.19
2073    7     0.90    26.39
2073    8     3.88    25.27
2073    9    22.75    22.54
2073   10    24.64    20.41
2073   11    47.46    16.12
2073   12    67.55    11.66
2074    1    94.57     9.24
2074    2    63.12     7.74
2074    3    20.26    10.22
2074    4    71.17    11.77
2074    5    26.77    19.01
2074    6    41.03    22.00
2074    7     4.26    25.40
2074    8     2.14    25.71
2074    9    28.41    22.94
2074   10    19.25    15.70
2074   11    27.32    13.99
2074   12    14.12    10.61
2075    1    66.79     7.56
2075    2     7.84     7.29
2075    3    31.42    10.25
2075    4    22.65    13.47
2075    5     6.41    18.31
2075    6     1.39    24.10
2075    7    13.05    26.06
2075    8     7.42    25.33
2075    9    35.92    22.40
2075   10    89.29    17.84
2075   11    20.01    14.74
2075   12    62.27    10.27
2076    1    21.96     8.81
2076    2    25.24     6.95
2076    3     3.92    10.05
2076    4    12.56    12.76
2076    5     2.93    18.86
2076    6    10.88    23.02
2076    7     6.11    26.52
2076    8     5.88    26.70
2076    9    32.06    20.97
2076   10    51.04    16.18
2076   11    48.44    14.75
2076   12    52.61    11.47
2077    1    14.22     8.99
2077    2    29.42    10.26
2077    3    64.91     9.44
2077    4     9.79    13.12
2077    5    15.36    18.66
2077    6     5.71    22.65
2077    7     3.42    25.20
2077    8    11.74    25.80
2077    9    16.95    21.40
2077   10    85.84    18.66
2077   11    19.15    15.47
2077   12    67.54    10.55
2078    1    35.02     9.92
2078    2    27.92     8.05
2078    3     6.76    11.77
2078    4    14.20    14.13
2078    5     8.10    19.51
2078    6    21.34    23.28
2078    7     0.10    26.07
2078    8     1.75    25.06
2078    9    21.37    22.12
2078   10    28.21    18.53
2078   11    82.87    13.58
2078   12    49.68     9.66
2079    1    31.73     9.91
2079    2    55.51     8.19
2079    3    18.53     7.99
2079    4    68.49     9.38
2079    5    26.61    16.28
2079    6     1.87    21.98
2079    7     3.83    24.64
2079    8    15.62    26.51
2079    9    21.67    22.38
2079   10    59.20    16.56
2079   11    42.72    14.08
2079   12     8.94    11.79
2080    1    23.86    10.25
2080    2    23.19    10.86
2080    3    37.23     7.98
2080    4    55.98    12.48
2080    5     6.76    17.24
2080    6    16.53    22.37
2080    7    12.82    26.15
2080    8     4.12    25.04
2080    9    19.09    22.54
2080   10    21.82    19.79
2080   11    51.36    12.66
2080   12    54.29     8.95
2081    1    20.68     7.78
2081    2    33.45     9.51
2081    3    54.73    11.04
2081    4    11.93    14.31
2081    5    11.67    17.56
2081    6     1.82    24.24
2081    7     9.00    27.13
2081    8     2.81    27.81
2081    9    15.71    23.28
2081   10    16.50    18.87
2081   11    77.71    13.22
2081   12    29.11    11.52
2082    1    40.96     7.84
2082    2    40.69     8.70
2082    3    17.46    11.37
2082    4    14.46    12.34
2082    5     0.94    19.38
2082    6     7.01    24.05
2082    7    19.56    26.14
2082    8     8.52    25.77
2082    9     9.95    22.77
2082   10    26.64    17.48
2082   11    51.71    13.08
2082   12    26.18    11.43
2083    1    49.19     9.73
2083    2    42.57     8.19
2083    3    37.94    10.00
2083    4    12.45    12.80
2083    5     7.04    17.44
2083    6     6.86    23.55
2083    7    15.63    25.38
2083    8     2.43    26.25
2083    9    29.16    21.95
2083   10     8.15    18.05
2083   11    54.58    13.09
2083   12    58.56     9.36
2084    1    67.42     6.41
2084    2    29.89     7.47
2084    3    34.26     9.59
2084    4    22.44    12.19
2084    5    19.24    17.50
2084    6     2.63    23.17
2084    7     4.14    27.00
2084    8    27.88    25.82
2084    9    14.48    21.86
2084   10   106.32    17.22
2084   11    30.17    15.06
2084   12    67.52    11.08
2085    1    15.77     9.16
2085    2    56.05     4.81
2085    3    34.46    10.17
2085    4    18.89    13.45
2085    5     9.14    18.34
2085    6    10.89    23.24
2085    7     1.06    27.24
2085    8     3.01    27.88
2085    9    29.37    21.29
2085   10    42.39    18.98
2085   11    85.72    11.86
2085   12    28.25     8.83
2086    1    41.29     8.24
2086    2    29.73     7.59
2086    3    17.09    10.49
2086    4    32.39    12.27
2086    5     0.90    19.26
2086    6     2.64    23.34
2086    7     8.10    26.82
2086    8     2.74    25.37
2086    9    13.09    22.37
2086   10    60.58    18.32
2086   11    14.26    15.12
2086   12    17.57    11.19
2087    1    48.67     8.85
2087    2    19.33     7.93
2087    3    12.67     9.07
2087    4     8.62    14.05
2087    5     2.21    18.68
2087    6    17.46    23.29
2087    7     2.23    26.24
2087    8     1.87    25.13
2087    9    21.38    21.48
2087   10    27.05    17.55
2087   11    63.83     8.95
2087   12    49.82     6.91
2088    1    12.97     8.34
2088    2    43.24     7.41
2088    3    21.45     9.04
2088    4    44.11    11.20
2088    5     7.91    18.10
2088    6     5.13    22.23
2088    7    60.33    24.82
2088    8    15.08    24.61
2088    9     6.26    22.99
2088   10    60.20    17.89
2088   11    77.49    15.02
2088   12    49.71     9.50
2089    1    17.43     8.55
2089    2    49.38     6.80
2089    3    83.23     7.57
2089    4    11.62    12.63
2089    5     5.91    17.78
2089    6    11.53    23.07
2089    7     0.97    26.97
2089    8     1.51    25.91
2089    9    11.19    22.51
2089   10    16.85    18.29
2089   11    47.85    13.25
2089   12    59.46    10.61
2090    1    30.54    10.03
2090    2    54.47     8.52
2090    3    62.80     7.56
2090    4    35.00    10.68
2090    5    17.01    17.77
2090    6     1.55    24.11
2090    7     3.55    25.66
2090    8     2.44    26.78
2090    9    48.01    22.25
2090   10   151.63    15.97
2090   11    20.17    13.79
2090   12    35.44    10.96
2091    1    36.00     8.57
2091    2    16.80     6.17
2091    3    12.78    10.77
2091    4    31.14    13.50
2091    5     3.89    18.57
2091    6     5.94    23.14
2091    7    16.10    26.05
2091    8    14.18    26.39
2091    9    17.52    21.98
2091   10    75.96    17.30
2091   11    32.68    11.83
2091   12    24.27    10.56
2092    1    19.10     9.47
2092    2    27.47     8.91
2092    3    18.55    10.91
2092    4    16.33    12.92
2092    5    17.71    15.06
2092    6     4.25    22.82
2092    7    11.41    25.98
2092    8     5.69    26.50
2092    9    13.49    23.25
2092   10    37.07    16.46
2092   11    19.62    13.07
2092   12    45.27    10.09
2093    1    44.11     8.54
2093    2    14.34     9.29
2093    3    36.55     9.68
2093    4     7.38    13.47
2093    5     3.12    19.24
2093    6     5.23    23.00
2093    7     3.87    26.13
2093    8     2.85    27.00
2093    9    38.47    22.09
2093   10    62.73    16.95
2093   11    76.79    12.26
2093   12    56.67     8.33
2094    1    48.11     9.26
2094    2    45.82     7.91
2094    3    24.52    10.18
2094    4    14.08    13.25
2094    5    17.63    18.55
2094    6    22.68    22.79
2094    7     7.64    24.68
2094    8     7.09    25.63
2094    9    24.18    21.43
2094   10    25.64    17.00
2094   11    33.08    13.50
2094   12    51.11     8.42
2095    1    32.72     9.47
2095    2    56.80     8.23
2095    3    44.48     9.45
2095    4     6.64    13.33
2095    5    39.60    18.57
2095    6     7.20    23.79
2095    7     1.47    25.86
2095    8    15.68    26.05
2095    9    33.50    22.07
2095   10    32.70    17.10
2095   11    68.36    13.97
2095   12    12.61    11.71
2096    1    58.14     8.61
2096    2    32.03     9.02
2096    3    81.44     9.77
2096    4     8.26    13.70
2096    5     7.78    18.19
2096    6    20.58    22.89
2096    7     5.21    25.01
2096    8    41.66    25.49
2096    9    12.69    21.79
2096   10    51.33    17.24
2096   11    37.99    12.14
2096   12    31.82     9.65
2097    1   114.01     7.45
2097    2    29.18     7.46
2097    3    34.32     9.15
2097    4    27.59    13.70
2097    5     3.29    19.05
2097    6     3.98    23.57
2097    7     8.26    26.74
2097    8     3.43    25.83
2097    9    12.46    24.06
2097   10    99.72    16.25
2097   11    30.00    13.57
2097   12   101.98     8.89
2098    1    34.22     8.25
2098    2    33.58     8.21
2098    3    30.35     9.23
2098    4     8.68    14.70
2098    5     4.94    19.29
2098    6     5.78    24.06
2098    7     4.29    26.35
2098    8    31.79    26.00
2098    9    25.92    22.17
2098   10    21.43    18.04
2098   11    34.21    15.26
2098   12    63.37    12.51
2099    1    81.41     7.68
2099    2     9.83     8.79
2099    3    52.33    11.09
2099    4    14.52    12.50
2099    5     2.56    18.75
2099    6     7.20    23.42
2099    7     8.18    25.88
2099    8    10.33    25.12
2099    9    37.51    21.03
2099   10    31.78    16.85
2099   11    14.58    12.37
2099   12   110.31     7.64
2100    1    82.38     5.64
2100    2    70.33     4.80
2100    3    85.25     8.35
2100    4    16.20    11.83
2100    5     3.81    17.95
2100    6     1.89    22.25
2100    7     2.27    24.83
2100    8    14.34    24.92
2100    9    89.19    20.99
2100   10    83.75    16.95
2100   11    68.28    14.48
2100   12    85.46    10.55
2101    1   111.92     6.74
2101    2    16.81     6.33
2101    3    16.07    11.02
2101    4    33.04    11.69
2101    5    18.73    16.94
2101    6    19.47    22.49
2101    7     3.30    24.87
2101    8     0.22    25.52
2101    9    64.57    21.57
2101   10    53.76    16.09
2101   11    29.10    12.76
2101   12    46.44    10.96
2102    1    65.01     9.22
2102    2    28.41     7.46
2102    3    86.36     6.73
2102    4    21.00    11.56
2102    5     4.62    18.07
2102    6     1.12    22.82
2102    7     6.23    25.51
2102    8    11.05    25.48
2102    9    16.57    22.23
2102   10    88.60    15.91
2102   11    97.58    11.72
2102   12    23.56     7.27
2103    1    28.81     7.67
2103    2    89.12     5.68
2103    3    64.98     7.71
2103    4    85.04    10.77
2103    5     3.32    17.28
2103    6     1.41    23.42
2103    7     8.53    27.12
2103    8     6.67    25.77
2103    9    18.42    20.17
2103   10    10.45    17.59
2103   11   124.02    12.89
2103   12    18.89     9.95
2104    1    38.11     6.79
2104    2    48.83     6.32
2104    3    85.27     7.71
2104    4    33.72    12.07
2104    5     7.10    17.70
2104    6     5.05    22.95
2104    7     8.14    26.42
2104    8     5.74    26.67
2104    9    36.38    22.79
2104   10    57.63    17.12
2104   11    59.15    13.41
2104   12    40.52    10.58
2105    1    37.07     8.24
2105    2    94.06     3.17
2105    3    58.47     7.90
2105    4     9.81    11.92
2105    5     7.90    18.47
2105    6     4.20    22.57
2105    7     8.59    26.28
2105    8     3.62    26.19
2105    9    23.83    23.81
2105   10    33.17    18.25
2105   11    45.75    11.88
2105   12    44.26     4.88
2106    1    42.59     6.56
2106    2    26.30     6.87
2106    3    46.71     7.13
2106    4     5.14    11.38
2106    5     0.54    18.90
2106    6     5.73    22.54
2106    7     5.04    25.58
2106    8     5.10    26.28
2106    9    68.01    22.40
2106   10    29.78    17.63
2106   11    52.11    12.52
2106   12    21.77     9.74
2107    1    25.09     8.28
2107    2    26.92     4.70
2107    3    30.57    10.04
2107    4    20.06    12.75
2107    5     4.14    18.14
2107    6    29.84    22.26
2107    7     1.63    25.75
2107    8     4.08    24.96
2107    9    25.34    21.75
2107   10    14.63    16.95
2107   11    51.25    13.17
2107   12    68.66    10.13
2108    1    53.47     8.20
2108    2    48.75     4.34
2108    3    32.47     8.32
2108    4    31.14    12.45
2108    5    10.90    18.28
2108    6     6.22    23.46
2108    7    26.71    26.52
2108    8    38.05    24.25
2108    9    36.72    22.35
2108   10    50.49    18.75
2108   11   143.28    12.43
2108   12    56.40     7.23
2109    1    62.38     3.81
2109    2    57.64     4.20
2109    3    16.03     9.43
2109    4    37.16    13.21
2109    5     4.91    16.71
2109    6    24.09    23.48
2109    7     2.21    25.94
2109    8    11.54    25.04
2109    9    46.29    22.04
2109   10    35.02    18.34
2109   11    59.94    14.99
2109   12    73.06     7.66
2110    1    32.36     4.81
2110    2    43.64     8.26
2110    3    45.15    10.39
2110    4    11.01    14.17
2110    5     9.06    19.01
2110    6     5.08    23.60
2110    7    19.77    26.14
2110    8    10.44    26.66
2110    9    89.91    22.80
2110   10    60.64    15.32
2110   11    28.33    12.36
2110   12    39.48    10.04
2111    1    43.09     7.49
2111    2    57.18     6.73
2111    3    29.64     9.75
2111    4    61.70    11.43
2111    5     6.28    17.36
2111    6     1.63    22.12
2111    7     5.63    25.93
2111    8     2.63    26.02
2111    9    14.48    22.87
2111   10    22.21    18.56
2111   11    27.44    13.67
2111   12    29.30    10.69
2112    1    32.40     9.87
2112    2    50.81     5.16
2112    3    40.88     6.64
2112    4    21.77    12.62
2112    5     1.83    18.15
2112    6     3.01    23.68
2112    7    10.55    24.96
2112    8     3.17    26.20
2112    9    15.66    24.04
2112   10    66.46    17.46
2112   11    76.97    11.42
2112   12     9.81     9.28
2113    1    14.57     8.81
2113    2    31.03     7.37
2113    3    41.44    10.08
2113    4    17.54    13.46
2113    5     2.59    18.18
2113    6    12.62    23.28
2113    7     6.98    26.68
2113    8     1.60    25.68
2113    9     9.30    23.41
2113   10    62.47    16.33
2113   11    95.90    11.93
2113   12    46.34    10.14
2114    1    21.33     7.99
2114    2    36.98     7.83
2114    3    50.21     7.42
2114    4    48.15    12.79
2114    5     3.68    17.92
2114    6     9.81    22.71
2114    7     2.21    26.66
2114    8    19.95    25.53
2114    9     5.83    21.95
2114   10    17.09    18.05
2114   11    19.80    15.66
2114   12    49.02     9.07
2115    1    18.48     9.34
2115    2    26.04     9.73
2115    3    30.89     8.90
2115    4    45.61    12.29
2115    5    17.83    17.95
2115    6     3.03    23.20
2115    7     1.71    27.32
2115    8    13.15    26.69
2115    9    30.86    23.25
2115   10    79.84    17.11
2115   11    28.99    11.98
2115   12    15.97    10.24
2116    1    18.94     9.03
2116    2    79.26     7.50
2116    3    52.06     7.31
2116    4    25.74    11.85
2116    5     7.49    16.58
2116    6     0.46    23.53
2116    7     6.83    25.87
2116    8    10.17    25.92
2116    9    29.38    20.63
2116   10    25.64    16.87
2116   11    35.51    13.97
2116   12    20.10    10.91
2117    1    30.01     9.10
2117    2    28.58     8.23
2117    3    27.47    10.24
2117    4    22.27    13.27
2117    5     8.84    17.27
2117    6     2.60    23.61
2117    7     3.38    26.58
2117    8     7.70    25.86
2117    9    10.01    21.66
2117   10    45.32    18.55
2117   11    56.08    12.71
2117   12    42.76     9.13
2118    1    29.37     8.07
2118    2    17.60     8.00
2118    3    29.87     9.32
2118    4    58.06    12.52
2118    5    16.29    17.88
2118    6     8.44    22.58
2118    7    13.45    26.14
2118    8    18.39    26.26
2118    9    26.21    23.54
2118   10   238.52    15.58
2118   11    20.97    14.65
2118   12   106.57     7.71
2119    1    31.83     6.94
2119    2    36.42     6.71
2119    3    13.15     9.51
2119    4    23.35    12.72
2119    5    11.93    16.90
2119    6     7.53    22.84
2119    7    26.01    26.52
2119    8    12.34    26.34
2119    9     3.35    20.72
2119   10    34.41    16.05
2119   11    13.51    13.34
2119   12    29.66     9.66
2120    1    48.79     8.72
2120    2    28.01     4.70
2120    3    34.91     8.81
2120    4    14.84    12.19
2120    5     3.14    17.89
2120    6     7.61    23.01
2120    7     2.04    25.69
2120    8     7.04    27.44
2120    9    28.00    23.56
2120   10    87.23    16.96
2120   11    71.60    12.44
2120   12    22.07    10.44
2121    1    27.66     8.49
2121    2    20.71     8.92
2121    3    27.84     9.95
2121    4    22.77    14.00
2121    5     4.75    19.41
2121    6     5.64    24.47
2121    7     7.59    27.43
2121    8     7.73    27.75
2121    9     0.25    23.27
2121   10    10.57    21.18
2121   11    36.27    15.94
2121   12    89.99     9.17
2122    1    94.89     3.77
2122    2    11.04     7.57
2122    3    31.01     7.61
2122    4     7.90    13.64
2122    5    12.58    18.55
2122    6    14.57    22.05
2122    7     3.06    25.51
2122    8     9.88    27.13
2122    9    40.51    23.70
2122   10    80.53    17.55
2122   11    48.03    13.31
2122   12    38.98    11.00
2123    1    62.97     8.07
2123    2    11.07     6.27
2123    3    21.03    11.26
2123    4     9.31    13.58
2123    5     2.53    19.79
2123    6     3.11    22.86
2123    7     8.30    26.58
2123    8    10.31    25.72
2123    9     8.03    21.77
2123   10    30.03    18.55
2123   11    34.18    13.66
2123   12    46.55     8.44
2124    1    75.84     4.54
2124    2    34.22     5.53
2124    3    23.04     8.24
2124    4     3.88    12.65
2124    5    27.23    17.78
2124    6     3.17    22.43
2124    7     3.60    25.90
2124    8    22.18    26.06
2124    9    39.09    22.11
2124   10    48.87    17.75
2124   11    87.71    11.65
2124   12    18.18    10.60
2125    1    12.29     9.02
2125    2    40.09     7.66
2125    3    34.97    10.38
2125    4     6.30    14.07
2125    5     4.27    19.42
2125    6    15.07    23.70
2125    7     9.26    26.37
2125    8     9.76    25.90
2125    9    15.19    23.23
2125   10    71.52    18.40
2125   11    34.75    14.27
2125   12    48.33    10.20
2126    1    35.87     6.21
2126    2    22.12     5.55
2126    3     9.53    11.18
2126    4    27.44    13.16
2126    5     0.96    19.17
2126    6     4.51    24.50
2126    7     8.01    26.50
2126    8     2.10    26.65
2126    9    30.01    23.46
2126   10    43.27    19.86
2126   11    64.52    13.93
2126   12    45.18    11.54
2127    1    19.69    10.44
2127    2    21.78     9.81
2127    3    50.23    10.10
2127    4    18.00    15.32
2127    5     9.08    19.53
2127    6    18.05    22.29
2127    7     8.21    27.10
2127    8    14.36    26.28
2127    9     8.30    22.18
2127   10    42.53    19.45
2127   11    66.48    14.63
2127   12   107.09     9.79
2128    1    40.75     7.81
2128    2    23.71     9.95
2128    3    63.95     8.90
2128    4    10.92    13.19
2128    5    13.27    18.73
2128    6    12.72    22.91
2128    7     3.29    26.33
2128    8     5.36    26.69
2128    9    12.01    23.16
2128   10    40.48    16.98
2128   11    37.36    14.43
2128   12   122.87     9.97
2129    1    42.18    10.10
2129    2    51.28     4.89
2129    3    25.82     9.41
2129    4    22.56    13.61
2129    5    11.40    18.70
2129    6     9.61    23.00
2129    7    13.37    26.40
2129    8    18.25    27.27
2129    9    81.36    22.35
2129   10    42.47    18.81
2129   11    94.31    13.28
2129   12    25.31     9.93
2130    1    26.22     8.70
2130    2    42.42     8.21
2130    3    36.41    10.38
2130    4    20.10    13.98
2130    5    21.74    18.16
2130    6    16.46    23.59
2130    7     3.85    26.58
2130    8     9.76    26.02
2130    9    12.55    22.05
2130   10    48.92    18.11
2130   11    58.34    12.03
2130   12    21.16     9.23
2131    1    34.57     8.80
2131    2    27.61     8.11
2131    3    18.59     9.46
2131    4     7.02    11.27
2131    5    14.16    17.79
2131    6     7.90    23.47
2131    7     7.00    27.24
2131    8     4.66    27.88
2131    9    25.13    24.66
2131   10    74.11    17.94
2131   11    44.63    14.46
2131   12    41.20    10.85
2132    1    22.96    10.19
2132    2    77.62     5.55
2132    3    17.19    10.51
2132    4    24.20    13.27
2132    5     7.13    16.91
2132    6    13.88    23.07
2132    7     7.92    26.11
2132    8    24.17    27.08
2132    9    18.32    21.19
2132   10    48.64    17.34
2132   11    59.11    12.01
2132   12    81.94     9.21
2133    1    61.25     6.46
2133    2    25.10     6.47
2133    3    57.44     8.98
2133    4    53.32    11.17
2133    5     1.66    17.85
2133    6     5.08    23.19
2133    7     7.76    26.32
2133    8    15.32    25.88
2133    9    13.90    22.96
2133   10    51.34    16.63
2133   11    45.26    12.67
2133   12    24.66    11.01
2134    1    56.83     6.98
2134    2    13.17     8.41
2134    3    43.94    11.23
2134    4     6.78    15.37
2134    5    13.26    19.51
2134    6    15.27    22.82
2134    7    16.90    26.39
2134    8     1.71    27.02
2134    9    12.91    22.58
2134   10    55.30    18.92
2134   11    73.34    14.33
2134   12    18.27    10.93
2135    1    83.87     6.92
2135    2    76.17     6.49
2135    3    19.19     8.37
2135    4    34.84    12.09
2135    5    26.66    16.95
2135    6     5.47    22.44
2135    7     0.38    27.18
2135    8     3.91    26.26
2135    9     6.27    23.38
2135   10    65.61    17.15
2135   11    26.69    13.21
2135   12    32.46     8.57
2136    1    53.66     5.98
2136    2    33.83     8.77
2136    3    11.39    11.45
2136    4    28.37    13.14
2136    5    14.30    17.88
2136    6     5.62    23.09
2136    7     4.57    27.26
2136    8     7.90    28.05
2136    9    41.55    22.77
2136   10   101.22    16.22
2136   11    34.51    12.35
2136   12    37.89     9.64
2137    1    30.19     9.27
2137    2    44.80     6.76
2137    3    10.06     9.09
2137    4    17.54    13.34
2137    5     0.73    19.54
2137    6     1.65    24.54
2137    7     7.36    26.03
2137    8    10.74    26.33
2137    9    72.57    22.16
2137   10    33.91    17.94
2137   11    30.77    14.23
2137   12    33.57    10.69
2138    1    31.41     9.09
2138    2    19.25     9.85
2138    3    25.05    10.81
2138    4    25.41    13.65
2138    5     7.41    18.24
2138    6     1.73    23.81
2138    7     2.66    26.20
2138    8     6.86    26.63
2138    9    22.66    23.13
2138   10    28.64    19.51
2138   11    69.03    12.66
2138   12    88.09    10.14
2139    1    26.98     8.67
2139    2    65.34     5.32
2139    3     4.78    10.36
2139    4     8.21    14.16
2139    5    13.18    17.86
2139    6     5.72    22.98
2139    7    13.16    26.65
2139    8     5.20    26.45
2139    9     8.69    21.45
2139   10    69.36    15.88
2139   11    46.32    13.63
2139   12    44.69    11.31
2140    1    18.36     8.49
2140    2    28.60    10.35
2140    3    27.00    10.29
2140    4    10.93    15.18
2140    5     4.98    18.87
2140    6    17.37    23.91
2140    7     9.96    26.84
2140    8     6.38    25.21
2140    9    16.95    22.63
2140   10    43.05    18.00
2140   11    12.05    15.84
2140   12    32.81    12.71
2141    1    62.01     9.48
2141    2    31.66     9.32
2141    3    10.64    11.86
2141    4    19.11    15.87
2141    5    21.67    20.08
2141    6    20.73    24.58
2141    7     2.92    27.37
2141    8    16.18    27.71
2141    9    27.50    22.00
2141   10    77.90    16.02
2141   11    61.34    13.60
2141   12    45.94     9.27
2142    1    52.47     7.60
2142    2    28.49     8.13
2142    3    18.83    10.98
2142    4    26.86    13.62
2142    5    27.08    17.01
2142    6     7.98    23.68
2142    7    21.85    26.32
2142    8     5.03    27.01
2142    9     4.94    23.71
2142   10    19.48    20.40
2142   11    50.65    14.35
2142   12    40.11    11.11
2143    1    40.79     9.97
2143    2    42.56     8.25
2143    3    77.17     7.13
2143    4    54.11    11.58
2143    5     4.76    17.17
2143    6     6.12    22.88
2143    7     3.69    26.74
2143    8    14.88    25.62
2143    9    16.51    22.05
2143   10    63.17    18.67
2143   11    82.82    14.03
2143   12    96.55    10.20
2144    1    20.49     9.27
2144    2    43.37     7.88
2144    3    38.52     9.76
2144    4    54.57    11.33
2144    5     1.56    18.79
2144    6     7.07    23.56
2144    7     4.54    27.67
2144    8    26.67    26.78
2144    9    31.48    24.24
2144   10   137.59    17.11
2144   11    46.85     9.51
2144   12    47.04     9.22
2145    1    26.49     4.84
2145    2    10.09     9.72
2145    3    20.72     8.67
2145    4    10.73    13.74
2145    5     7.50    18.85
2145    6     3.59    24.06
2145    7    17.14    26.02
2145    8    13.54    26.83
2145    9     8.12    23.35
2145   10    87.11    18.45
2145   11    29.18    12.52
2145   12    43.47     9.58
2146    1    36.25     7.17
2146    2    19.31    10.25
2146    3    26.70     8.52
2146    4    22.90    13.68
2146    5     7.14    19.04
2146    6     9.27    23.74
2146    7     3.82    26.17
2146    8    34.13    26.53
2146    9    14.10    21.68
2146   10    45.33    19.20
2146   11    45.48    15.45
2146   12    34.06    12.57
2147    1    34.68     9.16
2147    2    40.42     9.19
2147    3    25.36    10.44
2147    4    32.23    15.17
2147    5    12.42    20.11
2147    6     5.05    22.20
2147    7     3.98    26.75
2147    8     2.63    25.85
2147    9    72.41    22.92
2147   10    64.63    18.28
2147   11    17.91    13.60
2147   12    51.27    10.09
2148    1    36.38     9.06
2148    2    21.34     8.27
2148    3    16.31     9.94
2148    4    22.37    12.21
2148    5    18.82    17.18
2148    6     1.97    22.08
2148    7     2.82    26.66
2148    8    20.09    25.76
2148    9    45.31    20.93
2148   10    37.51    15.96
2148   11    40.05    10.50
2148   12    21.70    10.53
2149    1    21.49     9.71
2149    2    83.89     7.36
2149    3    14.66     9.91
2149    4     7.17    15.50
2149    5    13.52    18.97
2149    6     3.89    23.27
2149    7     5.92    26.65
2149    8    11.36    27.21
2149    9    50.33    21.95
2149   10    28.85    17.28
2149   11    43.32    12.59
2149   12    69.29     7.42
2150    1    80.07     6.48
2150    2    77.56     2.79
2150    3    31.50     6.52
2150    4    31.67     8.92
2150    5     5.14    16.71
2150    6    17.87    21.37
2150    7     5.43    26.68
2150    8     4.90    25.62
2150    9     9.21    23.71
2150   10    31.34    18.67
2150   11    73.35    12.50
2150   12    46.32     8.70
2151    1    27.24     8.23
2151    2    58.79     8.40
2151    3    44.91     7.27
2151    4    10.64    13.08
2151    5     2.87    18.71
2151    6     2.59    23.72
2151    7     4.68    25.55
2151    8    29.99    25.02
2151    9    42.23    23.03
2151   10    36.72    16.83
2151   11    54.43    12.93
2151   12    40.23    10.40
2152    1    75.03     4.65
2152    2    41.26     5.42
2152    3    41.03     6.02
2152    4     5.45    11.62
2152    5     5.18    17.89
2152    6    14.38    23.85
2152    7     6.18    25.37
2152    8     2.94    26.49
2152    9     4.26    23.69
2152   10    21.52    19.16
2152   11    33.55    14.80
2152   12    25.07    12.62
2153    1    33.17     9.26
2153    2    89.46     6.72
2153    3    33.10     8.63
2153    4    56.06    12.40
2153    5     9.47    17.89
2153    6    13.60    22.32
2153    7     7.30    26.26
2153    8    18.07    25.39
2153    9    20.24    21.10
2153   10    27.58    18.30
2153   11    53.46    13.71
2153   12    49.41    11.22
2154    1    63.93     9.99
2154    2    69.31     6.72
2154    3    88.38     6.94
2154    4    12.41    11.33
2154    5    31.00    17.81
2154    6     5.94    22.78
2154    7     6.96    25.75
2154    8     4.14    26.95
2154    9    22.74    22.17
2154   10    40.01    16.77
2154   11    18.36    14.18
2154   12    44.53    11.26
2155    1    30.65     9.11
2155    2    30.91     7.94
2155    3    45.83    10.70
2155    4    15.50    14.27
2155    5    14.23    18.22
2155    6     8.15    24.09
2155    7    15.32    27.27
2155    8    14.29    26.80
2155    9    14.55    23.02
2155   10    55.82    17.02
2155   11    33.17    14.74
2155   12    58.05     9.85
2156    1    36.16     7.98
2156    2    53.84     6.76
2156    3    66.49     6.22
2156    4    22.42    12.36
2156    5    11.53    18.93
2156    6     4.15    22.86
2156    7     5.94    25.99
2156    8     3.16    26.41
2156    9    40.47    21.78
2156   10    14.47    17.67
2156   11     6.59    13.22
2156   12    35.20     9.41
2157    1    20.21     9.53
2157    2     8.84     9.25
2157    3    42.46    10.95
2157    4    16.57    12.34
2157    5    16.25    18.17
2157    6    26.93    21.74
2157    7     4.07    25.54
2157    8     4.82    26.53
2157    9    29.39    23.56
2157   10    74.38    15.56
2157   11    21.73    12.93
2157   12    46.99    10.79
2158    1    23.12    10.06
2158    2   135.92     6.32
2158    3    42.50     6.07
2158    4    20.75    11.25
2158    5     5.36    16.84
2158    6     4.37    22.45
2158    7     0.92    25.02
2158    8    22.89    25.12
2158    9    15.85    21.22
2158   10    21.38    18.35
2158   11    85.58    12.39
2158   12    19.13    10.54
2159    1    49.65     6.46
2159    2    50.83     6.04
2159    3    36.73     7.37
2159    4    10.37    13.31
2159    5    14.59    18.19
2159    6     4.57    23.08
2159    7     9.80    25.98
2159    8     8.18    26.45
2159    9    16.82    22.14
2159   10    74.89    17.72
2159   11    26.62    15.93
2159   12    42.77    12.40
2160    1    34.17     9.23
2160    2    31.90     9.73
2160    3    24.59    10.69
2160    4    41.07    13.21
2160    5    10.22    17.65
2160    6     2.63    24.37
2160    7    17.67    26.54
2160    8    13.64    26.48
2160    9    65.00    21.91
2160   10    69.13    17.85
2160   11    42.01    12.59
2160   12    64.09     9.75
2161    1    79.61     5.36
2161    2    51.16     4.32
2161    3    15.04     9.33
2161    4    32.06    10.89
2161    5    21.40    17.55
2161    6    31.66    21.89
2161    7     1.31    26.45
2161    8     8.87    26.79
2161    9    42.64    21.49
2161   10    54.82    17.91
2161   11    59.85    10.42
2161   12    11.80    10.55
2162    1    30.85     9.97
2162    2    52.17     6.92
2162    3    34.18     6.36
2162    4     5.71    12.30
2162    5     1.09    19.11
2162    6     7.20    21.94
2162    7     4.72    26.15
2162    8     4.38    25.32
2162    9    23.19    21.79
2162   10    34.59    18.22
2162   11    70.85    13.46
2162   12    56.23     7.79
2163    1    56.20     8.03
2163    2    42.16     6.44
2163    3    30.80     8.53
2163    4    16.76    12.68
2163    5     2.15    18.11
2163    6     4.36    23.88
2163    7     3.28    26.01
2163    8    24.39    27.47
2163    9    11.12    22.28
2163   10     9.04    17.98
2163   11    28.77    14.61
2163   12    25.81    10.30
2164    1    25.44     9.68
2164    2    21.81     7.85
2164    3    10.86    10.07
2164    4     9.78    14.63
2164    5     6.66    18.69
2164    6     8.38    22.95
2164    7     8.00    27.46
2164    8    26.01    25.76
2164    9    12.26    21.58
2164   10    48.24    17.15
2164   11    58.16    14.62
2164   12    64.61     7.71
2165    1    48.03     6.75
2165    2    49.34     8.13
2165    3    32.24     5.68
2165    4    11.24    13.19
2165    5    16.61    17.10
2165    6     6.55    24.03
2165    7    16.03    25.55
2165    8    12.80    25.26
2165    9    44.53    22.23
2165   10    30.95    17.78
2165   11    24.17    13.63
2165   12    66.64     9.71
2166    1    27.06     8.43
2166    2    77.78     7.10
2166    3    46.26     7.84
2166    4    25.17    12.48
2166    5    12.90    17.60
2166    6     2.03    23.09
2166    7     6.48    26.10
2166    8     7.87    26.81
2166    9    14.05    22.30
2166   10    81.24    16.56
2166   11    27.23    11.88
2166   12    87.60     8.86
2167    1    62.24     6.42
2167    2    28.41     6.84
2167    3    42.22     8.76
2167    4     3.98    13.94
2167    5    10.78    19.49
2167    6    15.05    23.27
2167    7    19.10    26.46
2167    8     5.98    26.38
2167    9    42.38    21.09
2167   10    73.96    17.22
2167   11    20.08    13.03
2167   12   118.08     7.90
2168    1    19.71     8.71
2168    2    30.27     8.74
2168    3    35.28     9.09
2168    4    38.95    13.04
2168    5     6.14    16.49
2168    6    40.21    22.94
2168    7     1.04    26.44
2168    8     5.66    26.44
2168    9    22.11    22.77
2168   10    52.85    16.09
2168   11    63.42    12.93
2168   12    19.76    10.59
2169    1    14.29     8.65
2169    2    81.78     6.24
2169    3    12.44    10.91
2169    4    11.13    13.26
2169    5     7.08    17.26
2169    6     1.93    23.44
2169    7     9.97    26.64
2169    8    29.76    25.81
2169    9    23.51    22.71
2169   10    55.37    16.76
2169   11    82.24     9.94
2169   12    41.66     8.91
2170    1    66.26     3.50
2170    2    18.08     7.08
2170    3    14.03     7.94
2170    4    14.42    11.52
2170    5    20.46    16.63
2170    6     4.50    22.76
2170    7     6.67    25.52
2170    8     6.30    26.48
2170    9     4.97    23.25
2170   10    18.22    18.80
2170   11    53.40    14.25
2170   12    64.21    10.84
2171    1    28.29     8.29
2171    2    16.17     8.26
2171    3    36.44     9.18
2171    4     5.08    13.58
2171    5     5.45    19.44
2171    6    18.08    23.39
2171    7     3.30    26.65
2171    8     6.98    26.93
2171    9     3.13    24.20
2171   10    86.10    17.45
2171   11    73.68    13.62
2171   12    54.38     9.61
2172    1    53.38     6.61
2172    2    18.10     4.28
2172    3    47.29     7.72
2172    4    64.16     8.44
2172    5    12.91    15.63
2172    6    35.74    21.00
2172    7     5.55    25.79
2172    8     3.55    25.84
2172    9    12.15    22.38
2172   10    29.40    19.86
2172   11    58.42    11.78
2172   12    41.95    10.57
2173    1    21.17    10.06
2173    2    34.14     9.42
2173    3    17.11    10.41
2173    4    63.06    13.18
2173    5    11.86    19.19
2173    6     0.25    23.59
2173    7     4.46    26.44
2173    8     3.81    25.51
2173    9    41.83    22.43
2173   10    50.65    17.74
2173   11    76.28    13.95
2173   12    21.98    11.24
2174    1    20.14    10.14
2174    2    30.49     9.08
2174    3    21.64     9.66
2174    4    40.51    12.92
2174    5     6.77    18.37
2174    6     4.37    22.17
2174    7     7.38    25.80
2174    8     7.49    25.89
2174    9    13.68    22.57
2174   10    53.84    16.10
2174   11   116.87    12.95
2174   12    33.32     9.69
2175    1    48.63     5.92
2175    2    26.79     6.66
2175    3    29.66     8.38
2175    4     7.07    14.36
2175    5    32.61    16.54
2175    6    19.16    22.45
2175    7     2.23    25.59
2175    8    11.97    26.67
2175    9    15.78    22.85
2175   10    89.41    17.35
2175   11    89.02     9.17
2175   12    24.61     7.67
2176    1    37.93     7.85
2176    2    32.00     6.89
2176    3     7.72     9.46
2176    4    11.81    10.69
2176    5     7.91    17.64
2176    6     8.77    23.02
2176    7     6.73    26.54
2176    8    28.32    25.70
2176    9    61.74    23.42
2176   10    39.25    17.47
2176   11   112.69    10.41
2176   12    15.34     9.46
2177    1    51.23     7.82
2177    2    48.06     4.87
2177    3    11.66     7.91
2177    4    45.64    11.62
2177    5     4.81    18.10
2177    6     6.65    23.12
2177    7     5.08    25.72
2177    8     4.55    26.43
2177    9    69.94    23.82
2177   10   121.52    15.77
2177   11    32.23    14.02
2177   12    37.48    11.11
2178    1     9.35    10.10
2178    2   138.11     5.20
2178    3    46.44     5.28
2178    4    10.71    12.52
2178    5    24.80    17.33
2178    6    20.09    22.07
2178    7     2.33    26.28
2178    8     6.67    25.87
2178    9    28.08    22.32
2178   10    20.90    17.64
2178   11    38.86    13.48
2178   12    47.55    10.25
2179    1    44.70     8.36
2179    2    32.57     5.76
2179    3    42.63     8.09
2179    4    20.12    10.82
2179    5     3.96    18.00
2179    6     3.02    21.96
2179    7     5.39    25.33
2179    8     1.13    26.50
2179    9    18.43    22.32
2179   10    21.61    19.07
2179   11   147.29    12.80
2179   12    79.30     8.59
2180    1   138.88     4.79
2180    2    20.12     6.02
2180    3    29.35     6.21
2180    4    16.54    12.70
2180    5     9.23    17.50
2180    6     7.14    23.25
2180    7     9.99    25.35
2180    8     9.38    26.52
2180    9     7.51    23.08
2180   10    21.31    16.89
2180   11     5.07    14.50
2180   12    22.64    10.91
2181    1    43.96     8.38
2181    2    49.21     8.42
2181    3    36.98     9.72
2181    4     8.77    13.75
2181    5     5.10    18.55
2181    6     7.33    23.60
2181    7     3.05    27.61
2181    8     6.27    25.69
2181    9    24.47    22.95
2181   10    10.87    17.27
2181   11    45.06    14.32
2181   12    21.13    11.46
2182    1    30.48     8.56
2182    2    22.62    10.50
2182    3    42.28     9.51
2182    4    15.32    12.86
2182    5     6.76    18.99
2182    6     3.16    24.79
2182    7     4.72    26.47
2182    8    20.91    26.01
2182    9    39.05    22.15
2182   10    30.37    16.84
2182   11    67.83    12.42
2182   12    34.06    10.87
2183    1    26.08     9.00
2183    2    70.66     6.65
2183    3    16.36     9.75
2183    4    11.72    13.44
2183    5     0.15    18.76
2183    6     3.50    24.04
2183    7     2.41    27.05
2183    8    21.34    26.12
2183    9    13.43    21.04
2183   10    57.51    16.46
2183   11    82.93    12.74
2183   12    12.35    12.43
2184    1    43.38     7.35
2184    2    37.72     6.92
2184    3    31.29     7.43
2184    4    20.26    13.75
2184    5    20.16    16.66
2184    6     9.42    22.49
2184    7     0.48    25.96
2184    8     2.94    26.05
2184    9    15.70    21.98
2184   10    11.53    15.54
2184   11    90.22    13.10
2184   12    52.92     9.37
2185    1    24.58     7.33
2185    2    19.55     9.27
2185    3    34.91    10.67
2185    4     5.33    12.83
2185    5     3.10    19.12
2185    6     2.38    23.14
2185    7     4.07    26.32
2185    8     6.21    26.27
2185    9    10.20    24.56
2185   10   191.34    17.80
2185   11    28.75    14.71
2185   12    76.95    10.39
2186    1    75.92     6.23
2186    2    50.25     7.25
2186    3    49.16     8.26
2186    4    10.97    12.70
2186    5     4.63    17.68
2186    6     3.05    23.82
2186    7     8.27    26.16
2186    8     4.51    26.65
2186    9     8.11    23.03
2186   10    21.06    17.22
2186   11    23.78    13.58
2186   12    63.78     9.49
2187    1    38.65     9.80
2187    2    54.06     6.13
2187    3    47.11     8.06
2187    4    25.30    13.19
2187    5    20.95    16.57
2187    6    16.05    22.59
2187    7     3.04    26.23
2187    8    42.32    25.65
2187    9    17.60    23.07
2187   10    87.16    18.87
2187   11    24.21    13.46
2187   12    67.41     9.29
2188    1    58.09     3.44
2188    2    71.73     4.52
2188    3    19.12     5.63
2188    4     7.48    11.79
2188    5    10.42    17.51
2188    6     1.54    24.12
2188    7    35.01    26.06
2188    8     5.30    25.96
2188    9    20.50    23.37
2188   10    53.34    17.02
2188   11    53.55    11.63
2188   12    33.46    10.01
2189    1    56.17     7.97
2189    2    40.96     4.09
2189    3    25.08     8.33
2189    4    10.23    13.27
2189    5     6.97    18.87
2189    6    24.84    23.18
2189    7     4.28    26.08
2189    8     6.32    26.67
2189    9    22.46    23.93
2189   10    40.65    18.48
2189   11    52.98    15.42
2189   12    24.64    11.50
2190    1    60.68     7.49
2190    2    35.70     4.60
2190    3    23.96     9.45
2190    4    23.60    12.24
2190    5     9.27    17.97
2190    6     3.36    22.09
2190    7     6.59    26.80
2190    8    19.97    26.22
2190    9    32.20    23.09
2190   10    31.33    16.31
2190   11    51.20    13.11
2190   12    34.92     9.92
2191    1    19.44     9.19
2191    2    47.94     9.84
2191    3    10.48    10.14
2191    4    40.62    12.07
2191    5     6.92    18.47
2191    6     1.35    23.69
2191    7    12.30    26.29
2191    8     3.59    27.36
2191    9     7.85    23.64
2191   10    19.06    17.42
2191   11    10.66    15.89
2191   12   106.54     7.94
2192    1    28.18     8.11
2192    2    27.75     7.92
2192    3    14.73     9.84
2192    4    19.75    13.50
2192    5    21.45    16.26
2192    6     0.85    23.84
2192    7     1.15    27.58
2192    8     5.34    26.31
2192    9     3.67    24.59
2192   10    18.65    20.12
2192   11    54.42    14.36
2192   12    60.75     9.16
2193    1    31.83    10.24
2193    2    27.35     9.38
2193    3    58.92    10.94
2193    4    44.98    13.01
2193    5     0.79    19.44
2193    6     8.29    22.98
2193    7     4.81    27.26
2193    8    23.17    26.89
2193    9     4.82    23.91
2193   10    62.38    18.35
2193   11    25.82    13.74
2193   12    47.63     8.73
2194    1    58.34     8.94
2194    2    79.22     5.97
2194    3    18.54     9.28
2194    4     6.64    13.87
2194    5     7.88    18.71
2194    6     9.80    22.94
2194    7    16.79    26.73
2194    8     2.16    27.35
2194    9    54.42    22.02
2194   10    52.10    16.33
2194   11    39.51    12.23
2194   12    23.90    11.92
2195    1    56.99    10.73
2195    2    75.35     7.16
2195    3    24.91    10.92
2195    4    24.92    14.04
2195    5    20.19    18.51
2195    6    12.13    23.82
2195    7    14.95    26.18
2195    8    21.96    26.20
2195    9    17.10    24.16
2195   10    19.08    19.49
2195   11    52.51    15.29
2195   12    16.28    12.19
2196    1    49.11     7.11
2196    2    88.65     2.45
2196    3    61.04     5.07
2196    4    19.96    12.15
2196    5    12.07    17.41
2196    6     3.81    22.73
2196    7    12.38    27.11
2196    8    10.49    26.66
2196    9    14.44    23.60
2196   10    72.78    17.44
2196   11    38.69    11.13
2196   12    67.32     8.25
2197    1    82.97     7.47
2197    2   120.47     6.30
2197    3    24.79     9.31
2197    4    46.43    11.39
2197    5     8.10    17.83
2197    6    20.32    22.74
2197    7     3.38    26.67
2197    8     6.62    26.91
2197    9    21.25    22.64
2197   10    18.59    18.59
2197   11    31.12    15.07
2197   12    59.05    10.14
2198    1    10.47    10.25
2198    2    47.22     9.21
2198    3    26.41    10.62
2198    4    12.21    14.39
2198    5     5.69    19.49
2198    6     9.81    23.51
2198    7     7.32    27.35
2198    8     9.04    27.57
2198    9    27.05    22.38
2198   10   156.00    16.66
2198   11    22.72    13.12
2198   12    27.01     8.27
2199    1    41.88     7.49
2199    2    31.87     6.50
2199    3    15.76     7.86
2199    4    11.09    14.01
2199    5    15.52    17.77
2199    6     1.96    23.46
2199    7     3.49    27.40
2199    8    14.05    27.02
2199    9     7.56    24.13
2199   10    53.17    17.94
2199   11    19.37    11.99
2199   12    35.50    11.53
2200    1   118.97     4.74
2200    2    35.22     5.00
2200    3    84.00     7.47
2200    4    26.17    11.10
2200    5     4.11    18.84
2200    6     7.71    22.85
2200    7     0.27    27.29
2200    8     3.10    27.54
2200    9    16.89    21.92
2200   10    72.11    15.62
2200   11    23.06    12.48
2200   12    72.58     9.21
2201    1    26.93     8.44
2201    2    19.37     5.18
2201    3    16.58     9.10
2201    4    15.51    13.87
2201    5     3.30    18.86
2201    6     5.45    24.01
2201    7     4.45    26.69
2201    8    18.45    26.21
2201    9    42.52    21.96
2201   10    51.93    15.37
2201   11   134.54    11.87
2201   12    82.54     8.38
2202    1    38.53     6.54
2202    2    18.18     6.33
2202    3    24.58     9.17
2202    4    19.95    13.85
2202    5    16.43    18.25
2202    6     3.98    23.48
2202    7     3.13    26.53
2202    8     6.15    27.00
2202    9    13.45    22.31
2202   10    77.91    17.09
2202   11    21.55    13.55
2202   12    27.00    12.03
2203    1    80.85     8.24
2203    2    47.20     7.28
2203    3    34.02    10.45
2203    4    41.02    13.24
2203    5    26.06    18.27
2203    6     0.82    24.39
2203    7     9.25    25.30
2203    8     4.73    27.50
2203    9    54.82    24.12
2203   10    55.05    19.35
2203   11    39.90    13.29
2203   12    70.98     9.03
2204    1    61.44     8.46
2204    2    37.83     7.86
2204    3    39.31     8.86
2204    4    17.21    13.02
2204    5    17.63    17.87
2204    6    18.80    23.23
2204    7     2.08    27.10
2204    8     5.94    26.13
2204    9    40.05    22.05
2204   10    41.23    17.56
2204   11    33.11    14.15
2204   12    27.05    10.04
2205    1    20.36     7.67
2205    2    15.03     8.25
2205    3    36.07     8.80
2205    4    23.03    12.63
2205    5     1.91    17.68
2205    6     0.01    24.54
2205    7     4.06    27.02
2205    8     8.95    27.09
2205    9    33.09    23.40
2205   10    23.85    18.81
2205   11    42.14    15.34
2205   12    32.53     8.65
2206    1    14.63     9.67
2206    2    25.68     8.78
2206    3    34.15    10.03
2206    4    29.88    13.49
2206    5    15.30    18.39
2206    6    12.10    23.67
2206    7     1.99    27.54
2206    8    12.92    28.15
2206    9    67.22    22.60
2206   10    90.17    18.50
2206   11    42.12    15.43
2206   12    52.47    10.30
2207    1    48.21     6.97
2207    2    25.62     8.53
2207    3     7.58    11.63
2207    4     4.45    15.35
2207    5     2.71    20.06
2207    6     8.29    24.39
2207    7     7.59    26.22
2207    8    25.09    26.90
2207    9    31.16    22.42
2207   10    42.73    16.87
2207   11    36.76    13.38
2207   12    19.17    10.66
2208    1    49.82     7.57
2208    2    96.75     7.17
2208    3    40.93     7.91
2208    4    30.67    11.32
2208    5    34.03    16.49
2208    6    13.17    23.14
2208    7     3.40    26.04
2208    8    17.46    26.61
2208    9    15.66    23.09
2208   10    43.33    19.46
2208   11    90.23    14.60
2208   12    43.13     9.43
2209    1    29.66     8.26
2209    2    37.89     7.73
2209    3    49.83     8.52
2209    4    34.16    13.16
2209    5    11.61    18.17
2209    6     0.86    23.46
2209    7     4.73    26.17
2209    8    24.60    25.14
2209    9    60.24    20.82
2209   10    63.57    15.54
2209   11    35.85    12.92
2209   12   119.25     8.70
2210    1    20.43     7.30
2210    2    30.32     5.62
2210    3    12.33     9.95
2210    4     4.69    12.83
2210    5    23.50    17.59
2210    6    11.69    23.42
2210    7     2.61    25.93
2210    8    12.63    27.82
2210    9    15.82    23.26
2210   10    77.60    17.24
2210   11    77.30    12.08
2210   12    25.02    10.73
2211    1    31.58    10.13
2211    2    56.25     7.64
2211    3    16.08    10.44
2211    4    24.70    14.11
2211    5    32.19    18.09
2211    6     5.77    23.58
2211    7     9.81    27.00
2211    8     7.44    26.48
2211    9    62.67    23.01
2211   10    41.65    18.14
2211   11    71.51    13.23
2211   12    17.52    12.18
2212    1    28.68    10.57
2212    2    57.49     8.09
2212    3    46.60     9.15
2212    4    30.38    12.85
2212    5    36.01    18.85
2212    6     3.29    23.71
2212    7     2.71    27.41
2212    8    18.44    27.23
2212    9    22.60    23.31
2212   10    38.03    19.34
2212   11    35.96    15.06
2212   12    30.04    10.26
2213    1    32.98     8.25
2213    2    29.86     8.91
2213    3    55.06     9.62
2213    4    26.14    13.09
2213    5    14.03    16.76
2213    6    10.98    22.39
2213    7     2.55    25.98
2213    8    25.37    26.12
2213    9    38.00    21.74
2213   10    50.66    19.51
2213   11    45.41    12.03
2213   12    24.66     9.74
2214    1     9.28     9.44
2214    2    15.33     9.38
2214    3    18.40     9.53
2214    4     5.06    15.03
2214    5     9.88    18.13
2214    6    20.72    23.68
2214    7    16.28    25.89
2214    8     4.44    26.51
2214    9    19.43    22.73
2214   10    34.87    18.06
2214   11   104.56    12.36
2214   12    27.69    11.18
2215    1    51.07     9.79
2215    2    48.90     9.63
2215    3    89.21    10.29
2215    4    15.75    14.15
2215    5     1.93    19.89
2215    6     4.31    24.75
2215    7     3.23    27.22
2215    8     2.78    27.03
2215    9    21.31    22.97
2215   10    12.64    18.16
2215   11    42.98    13.22
2215   12    34.96     8.81
2216    1    62.90     8.50
2216    2    71.98     8.07
2216    3    31.70    10.61
2216    4     2.66    14.79
2216    5     6.08    19.51
2216    6    20.86    22.61
2216    7     3.86    26.15
2216    8    10.89    27.64
2216    9    36.29    22.24
2216   10    90.79    17.65
2216   11    39.46    13.08
2216   12    43.20    10.46
2217    1    57.51     5.74
2217    2    29.85     8.45
2217    3    23.62     9.51
2217    4     4.65    13.69
2217    5     5.14    19.67
2217    6     1.34    24.36
2217    7    21.53    26.76
2217    8    33.99    27.47
2217    9    11.12    23.29
2217   10    49.91    18.67
2217   11    79.45    12.26
2217   12    52.82     9.98
2218    1    31.98     8.59
2218    2    55.02     6.86
2218    3    38.83     8.43
2218    4     8.46    13.54
2218    5    19.61    18.59
2218    6     7.80    23.20
2218    7    19.81    25.43
2218    8     8.26    25.77
2218    9    24.97    22.43
2218   10    47.87    17.02
2218   11    35.97    13.75
2218   12    46.82    10.63
2219    1    20.46     9.69
2219    2     6.67     9.97
2219    3   103.42     8.57
2219    4    26.49    13.40
2219    5     8.99    18.43
2219    6     6.31    23.95
2219    7     4.56    27.25
2219    8    19.62    26.98
2219    9    46.72    24.44
2219   10    15.51    19.56
2219   11   177.53    11.16
2219   12    21.96    11.29
2220    1    44.14    10.17
2220    2    98.87     8.59
2220    3    43.33     9.34
2220    4    19.68    13.37
2220    5    14.61    17.93
2220    6    17.09    22.84
2220    7     5.62    26.93
2220    8     5.23    27.10
2220    9    13.41    22.85
2220   10    75.43    18.88
2220   11    99.32    12.34
2220   12    38.42    10.66
2221    1    18.85     8.00
2221    2    26.36     9.77
2221    3    31.62     9.12
2221    4    29.17    12.36
2221    5     7.58    18.01
2221    6     8.29    22.70
2221    7     0.45    26.84
2221    8     8.67    25.73
2221    9     1.05    25.44
2221   10    39.61    18.35
2221   11    78.89    12.24
2221   12    45.19     9.30
2222    1    67.69     6.32
2222    2    17.89     7.36
2222    3   117.04     7.19
2222    4     9.69    11.13
2222    5    12.21    17.93
2222    6     5.02    23.20
2222    7    15.48    26.48
2222    8     9.59    24.29
2222    9    52.23    20.80
2222   10    50.80    15.65
2222   11    38.83    12.49
2222   12    63.34     9.84
2223    1    16.72     7.94
2223    2    12.14     9.21
2223    3    64.11     9.03
2223    4    16.55    13.66
2223    5    18.49    18.01
2223    6     4.92    22.97
2223    7     3.02    26.85
2223    8     1.30    27.11
2223    9    21.09    22.16
2223   10    20.56    18.51
2223   11    36.12    15.39
2223   12    29.71    11.05
2224    1    17.54    10.66
2224    2    14.89    10.12
2224    3    46.76    10.61
2224    4     3.94    13.65
2224    5    12.66    18.66
2224    6     6.35    25.00
2224    7     7.44    27.66
2224    8    10.11    25.85
2224    9     9.77    23.09
2224   10    50.24    18.17
2224   11    73.15    14.40
2224   12    34.85     9.35
2225    1    13.39     9.67
2225    2    10.21     7.42
2225    3    16.14    10.36
2225    4     5.93    14.94
2225    5    16.19    18.70
2225    6     4.10    22.73
2225    7     0.89    26.91
2225    8     3.32    27.33
2225    9    41.18    21.03
2225   10   111.71    17.17
2225   11    50.70    14.12
2225   12    46.67    11.95
2226    1    53.00     7.89
2226    2    22.07     7.58
2226    3    32.37     8.51
2226    4    26.78    11.94
2226    5    10.29    18.93
2226    6     9.10    23.61
2226    7    17.98    26.57
2226    8    42.50    26.50
2226    9    19.04    23.79
2226   10   166.71    17.20
2226   11    48.17    12.66
2226   12    32.48    11.51
2227    1    48.57     6.72
2227    2    26.70     7.49
2227    3    19.03     9.52
2227    4    23.44    12.57
2227    5    10.04    17.73
2227    6     0.41    24.20
2227    7     1.80    25.79
2227    8     7.30    26.23
2227    9    15.90    22.47
2227   10     7.92    18.10
2227   11    32.92    14.30
2227   12    46.73    10.22
2228    1    20.31     8.81
2228    2     8.80     8.38
2228    3    21.15    11.32
2228    4    20.52    12.64
2228    5    12.29    18.92
2228    6     9.13    23.70
2228    7    21.00    26.68
2228    8    29.63    25.75
2228    9    29.19    22.27
2228   10    57.23    18.77
2228   11    32.40    15.13
2228   12    38.18    12.04
2229    1    43.70     7.35
2229    2    31.01     8.04
2229    3    20.10    10.80
2229    4     6.99    14.12
2229    5    12.00    17.82
2229    6     3.30    23.15
2229    7    17.92    26.70
2229    8     6.19    27.00
2229    9     8.28    22.68
2229   10    31.63    19.20
2229   11    54.70    11.83
2229   12    46.43     6.00
2230    1    18.23     8.44
2230    2    35.60     7.93
2230    3    20.78     8.64
2230    4    14.99    12.14
2230    5     0.85    18.83
2230    6     8.02    23.56
2230    7     2.21    26.65
2230    8    17.51    26.75
2230    9    18.29    23.48
2230   10    80.80    18.01
2230   11    68.42    12.81
2230   12   101.69     8.88
2231    1    12.30    10.05
2231    2    13.45     9.47
2231    3    10.30    10.94
2231    4    16.25    13.48
2231    5    25.97    18.80
2231    6     1.70    23.16
2231    7    10.38    27.54
2231    8    12.03    26.78
2231    9    31.86    21.59
2231   10    64.98    15.55
2231   11    25.70    14.31
2231   12     8.44    11.49
2232    1    60.68     8.00
2232    2    20.30     8.61
2232    3    11.68     8.07
2232    4    10.13    13.84
2232    5    17.94    18.35
2232    6     5.67    23.93
2232    7     3.62    27.37
2232    8     5.94    26.75
2232    9    29.51    22.66
2232   10    20.20    19.82
2232   11    98.37    13.37
2232   12    64.60    10.63
2233    1    46.60     8.36
2233    2    31.16     8.26
2233    3    30.26     5.99
2233    4    11.89    11.84
2233    5    27.17    17.82
2233    6    10.51    22.98
2233    7     9.04    26.41
2233    8     6.93    26.73
2233    9     5.14    24.26
2233   10    19.74    20.16
2233   11    57.26    14.77
2233   12    65.91    10.27
2234    1    30.45     7.53
2234    2    29.63     8.10
2234    3    54.32     5.63
2234    4    39.79    12.02
2234    5    40.75    16.67
2234    6    26.95    22.76
2234    7    12.68    26.90
2234    8     7.14    28.05
2234    9    20.39    23.45
2234   10    29.60    19.13
2234   11    66.97    13.45
2234   12    29.08    11.78
2235    1    55.65     9.17
2235    2    49.54     8.80
2235    3    96.83     8.83
2235    4    28.05    12.58
2235    5     5.15    17.07
2235    6    12.41    23.35
2235    7     0.28    27.34
2235    8     8.28    27.30
2235    9    10.87    21.54
2235   10    20.71    17.16
2235   11    30.41    14.49
2235   12    51.22     8.96
2236    1    55.31     7.53
2236    2    22.37     7.71
2236    3    27.59     9.42
2236    4    18.68    13.66
2236    5    17.39    17.99
2236    6     1.10    23.74
2236    7     3.78    27.16
2236    8     0.82    27.58
2236    9    48.45    23.30
2236   10    40.75    17.96
2236   11    25.37    14.76
2236   12    61.07     8.81
2237    1    28.13     9.18
2237    2    17.20     6.87
2237    3    26.34     8.89
2237    4     0.48    14.38
2237    5     4.51    19.71
2237    6     6.18    23.73
2237    7    36.10    26.56
2237    8    27.22    25.40
2237    9     9.97    22.83
2237   10    69.48    16.21
2237   11    28.95    12.78
2237   12    53.32    11.27
2238    1    18.39     7.55
2238    2    23.60     9.20
2238    3    58.92     9.59
2238    4    37.74    13.28
2238    5    16.36    17.76
2238    6    10.68    22.97
2238    7     1.30    26.31
2238    8    15.17    25.36
2238    9    25.40    21.74
2238   10    44.70    18.88
2238   11   144.38    12.52
2238   12    33.26    12.15
2239    1    45.69    10.43
2239    2    44.83     8.05
2239    3    37.72    10.48
2239    4    14.60    14.87
2239    5    13.12    18.66
2239    6    33.02    24.09
2239    7     2.35    27.05
2239    8    13.87    27.88
2239    9    18.87    22.11
2239   10    45.32    17.30
2239   11    49.91    14.09
2239   12    93.08     9.48
2240    1    36.78     6.71
2240    2    28.31     7.24
2240    3    62.83     7.41
2240    4    30.64    11.51
2240    5    11.48    18.69
2240    6    10.13    23.01
2240    7     2.63    26.72
2240    8     0.28    26.53
2240    9     9.34    24.16
2240   10    88.64    17.89
2240   11    47.17    15.49
2240   12    52.39    11.19
2241    1    28.50     7.54
2241    2    29.67     7.64
2241    3    25.76     7.23
2241    4    25.37    13.29
2241    5     2.87    18.69
2241    6     1.91    23.20
2241    7     4.15    26.45
2241    8     8.38    27.06
2241    9    34.71    23.38
2241   10    38.87    16.40
2241   11   103.52    12.12
2241   12    25.84    10.16
2242    1    26.00     8.04
2242    2    33.44     5.68
2242    3    32.27     8.32
2242    4    30.44    12.24
2242    5     6.31    18.34
2242    6     1.24    23.79
2242    7     4.51    26.61
2242    8     4.16    26.55
2242    9    13.25    21.69
2242   10    23.91    16.74
2242   11    24.13    13.67
2242   12    59.51     8.93
2243    1    29.57     7.99
2243    2    36.52     9.01
2243    3    34.43     8.11
2243    4    16.55    12.19
2243    5    10.08    17.37
2243    6     2.20    23.39
2243    7     0.87    27.13
2243    8    48.33    26.20
2243    9    12.44    23.76
2243   10    26.17    18.25
2243   11    41.41    13.57
2243   12    51.46    10.95
2244    1    14.43     8.14
2244    2    70.56     8.35
2244    3    63.37     6.52
2244    4    35.08    11.09
2244    5     5.52    18.64
2244    6     2.30    23.43
2244    7    11.82    27.01
2244    8     2.89    27.23
2244    9    17.40    23.83
2244   10    35.06    17.51
2244   11    18.38    13.43
2244   12    27.60     9.23
2245    1     8.55     8.60
2245    2    18.93     8.46
2245    3    23.66    11.06
2245    4    23.80    11.22
2245    5     9.54    17.51
2245    6    16.56    22.92
2245    7     4.05    27.03
2245    8    10.05    27.01
2245    9     6.00    23.81
2245   10    69.37    19.04
2245   11    88.01    12.04
2245   12    76.66     8.08
2246    1    19.49     7.24
2246    2     9.07     8.88
2246    3     7.95    11.48
2246    4    13.38    14.49
2246    5    32.70    18.79
2246    6     0.93    23.89
2246    7    14.47    26.57
2246    8    14.28    25.65
2246    9    18.76    22.97
2246   10    39.95    19.07
2246   11    36.95    13.67
2246   12    58.10     9.09
2247    1    50.25     6.61
2247    2    34.29     8.70
2247    3    31.03     8.97
2247    4     2.57    14.13
2247    5     2.10    19.92
2247    6     2.93    23.84
2247    7     4.52    26.86
2247    8     7.70    27.64
2247    9     9.16    23.94
2247   10    51.13    19.41
2247   11    86.82    14.38
2247   12    45.40    10.12
2248    1    12.58    10.45
2248    2    28.57    10.68
2248    3    25.53    11.85
2248    4     7.38    13.09
2248    5     7.17    18.84
2248    6     2.95    23.84
2248    7     8.92    26.68
2248    8     6.84    26.32
2248    9     8.09    23.29
2248   10    67.65    16.18
2248   11    26.62    11.36
2248   12    58.38     8.69
2249    1    31.75     8.38
2249    2    59.38     8.51
2249    3    21.14    10.67
2249    4    46.96    11.91
2249    5     2.48    18.60
2249    6     2.92    23.85
2249    7     8.52    25.69
2249    8     6.89    27.29
2249    9    34.86    23.09
2249   10    17.57    16.87
2249   11    33.80    12.84
2249   12    34.07     8.87
2250    1    48.03     7.90
2250    2    35.75     8.52
2250    3    20.63     7.96
2250    4     6.77    12.28
2250    5     9.41    18.09
2250    6     8.79    23.55
2250    7     6.71    26.03
2250    8     6.88    26.76
2250    9    13.93    22.36
2250   10    20.21    17.36
2250   11   105.30    14.24
2250   12    32.15    10.74
2251    1    63.35     6.42
2251    2    29.40     7.11
2251    3    54.00     8.89
2251    4     3.35    13.50
2251    5     9.97    17.92
2251    6    21.95    22.94
2251    7     0.74    27.60
2251    8     2.31    28.34
2251    9    13.04    23.89
2251   10    51.32    17.97
2251   11    38.55    13.72
2251   12    34.63     9.79
2252    1    30.08    10.01
2252    2    35.47     9.62
2252    3    27.61    10.82
2252    4    30.19    13.20
2252    5     5.37    18.31
2252    6    16.98    23.13
2252    7     3.64    28.09
2252    8     9.21    25.67
2252    9    40.77    22.81
2252   10    31.98    18.50
2252   11    50.05    12.72
2252   12    39.57    10.47
2253    1    51.17     8.27
2253    2    92.79     5.00
2253    3    37.32     6.52
2253    4     9.12    12.60
2253    5    21.22    17.13
2253    6     3.90    22.78
2253    7     7.18    26.70
2253    8    13.71    26.36
2253    9    29.95    22.37
2253   10    38.60    19.30
2253   11   110.82    13.08
2253   12    53.47     8.85
2254    1    32.82     9.17
2254    2    67.01     6.48
2254    3    17.86     8.13
2254    4     7.66    14.07
2254    5     2.19    18.12
2254    6     1.13    23.62
2254    7    18.99    26.49
2254    8     8.86    26.94
2254    9    15.41    22.06
2254   10    44.15    17.95
2254   11    66.70    14.66
2254   12    40.65     8.77
2255    1    22.06     8.82
2255    2    37.61    10.49
2255    3    12.87    11.66
2255    4    31.13    13.36
2255    5     3.79    18.05
2255    6     5.53    22.44
2255    7     5.58    27.29
2255    8     0.28    27.82
2255    9    17.84    22.33
2255   10    55.59    17.81
2255   11    53.19    12.25
2255   12    49.80    10.91
2256    1    38.84     8.59
2256    2    27.63     8.90
2256    3    39.34    10.61
2256    4    27.28    13.18
2256    5     1.87    18.84
2256    6     3.23    23.87
2256    7     4.64    27.23
2256    8    12.06    26.00
2256    9    27.54    22.25
2256   10    41.38    18.83
2256   11   139.78    12.43
2256   12    44.73    10.83
2257    1    20.84     9.66
2257    2    10.20    10.03
2257    3    39.46    10.62
2257    4    27.15    14.04
2257    5    21.11    17.92
2257    6    14.82    23.47
2257    7    19.39    26.19
2257    8    21.64    26.29
2257    9     9.87    22.63
2257   10    58.71    18.70
2257   11    88.35    13.48
2257   12    64.84     9.07
2258    1    64.51     7.67
2258    2    16.12     8.76
2258    3    39.97     9.98
2258    4    67.78    13.12
2258    5     9.56    19.64
2258    6     4.43    23.15
2258    7     4.17    27.03
2258    8     8.45    27.18
2258    9    16.74    22.55
2258   10   156.79    17.91
2258   11    41.48    14.26
2258   12    36.47    10.57
2259    1    39.78     6.14
2259    2    38.86     9.53
2259    3    24.35    10.34
2259    4    19.17    13.80
2259    5     5.71    19.11
2259    6    10.08    23.13
2259    7    10.85    26.01
2259    8     2.84    25.53
2259    9     6.33    24.82
2259   10    58.86    16.33
2259   11    20.30    13.71
2259   12    54.73    10.93
2260    1    36.93     7.78
2260    2    38.38     8.03
2260    3    80.87     8.52
2260    4    14.44    13.37
2260    5     3.44    19.80
2260    6    11.70    23.63
2260    7     3.14    26.42
2260    8     2.50    26.47
2260    9    13.28    24.32
2260   10    38.11    17.98
2260   11    14.92    15.57
2260   12    27.94    11.62
2261    1    21.98     9.47
2261    2    20.65     7.48
2261    3    25.59    10.45
2261    4   103.78    11.90
2261    5    15.96    18.55
2261    6     0.64    23.15
2261    7     2.99    27.19
2261    8     8.18    26.85
2261    9     8.38    23.52
2261   10    27.22    19.08
2261   11    21.08    13.47
2261   12    40.98     9.79
2262    1    25.42     9.88
2262    2    24.93     9.59
2262    3    62.86     9.03
2262    4     6.54    14.32
2262    5    21.06    17.44
2262    6     2.59    24.66
2262    7     7.13    26.71
2262    8    20.01    26.43
2262    9    11.45    23.75
2262   10    79.80    17.16
2262   11    34.49    14.65
2262   12    41.60    11.53
2263    1    34.26     7.88
2263    2    24.84     8.28
2263    3    11.11    10.14
2263    4    24.62    14.27
2263    5     5.24    18.66
2263    6     0.09    24.78
2263    7     0.21    27.08
2263    8    18.55    26.66
2263    9    11.05    23.92
2263   10    26.37    19.26
2263   11    86.48    11.52
2263   12    36.31    10.09
2264    1    55.10     5.74
2264    2    27.34     7.47
2264    3    19.02    10.53
2264    4     9.97    14.52
2264    5     5.12    19.07
2264    6     5.51    24.87
2264    7     7.99    26.43
2264    8    24.02    26.26
2264    9    15.68    23.29
2264   10    44.85    16.53
2264   11    18.26    13.93
2264   12    20.51    10.93
2265    1    28.80     8.52
2265    2    30.52     7.38
2265    3    22.66     9.85
2265    4    17.85    13.42
2265    5    19.44    19.49
2265    6     3.98    23.66
2265    7    11.29    25.81
2265    8     3.06    28.01
2265    9    58.25    21.05
2265   10    19.34    19.13
2265   11    34.98    16.02
2265   12    21.65    12.26
2266    1    32.33    10.12
2266    2    14.23     8.61
2266    3   107.94     9.20
2266    4    24.29    13.71
2266    5     1.33    20.07
2266    6    21.10    24.01
2266    7    17.48    26.31
2266    8    17.42    26.78
2266    9    20.35    22.24
2266   10    60.67    19.85
2266   11    97.71    13.57
2266   12    44.45    10.82
2267    1    28.19     9.19
2267    2    17.27     9.65
2267    3    23.39    11.89
2267    4     7.61    14.19
2267    5    20.91    17.39
2267    6    17.57    24.06
2267    7    19.96    27.22
2267    8     5.71    26.89
2267    9    23.45    23.30
2267   10    21.86    19.00
2267   11     9.63    15.74
2267   12    18.37    12.30
2268    1    28.20     7.82
2268    2    25.57     9.12
2268    3    21.10    10.91
2268    4    30.67    12.66
2268    5    12.68    19.11
2268    6    16.87    23.95
2268    7     7.20    26.93
2268    8    16.83    27.00
2268    9    54.07    24.56
2268   10    59.43    20.36
2268   11    60.61    14.17
2268   12    36.91     9.81
2269    1    52.80     6.20
2269    2    19.18    10.20
2269    3    40.25    10.24
2269    4    12.28    13.66
2269    5    10.13    17.61
2269    6     1.00    23.35
2269    7     4.92    26.34
2269    8     0.64    26.54
2269    9   137.49    21.72
2269   10   119.28    15.82
2269   11    59.57    13.29
2269   12    30.76    11.22
2270    1    32.93    10.04
2270    2    23.91     9.91
2270    3    26.65    10.88
2270    4    27.62    13.89
2270    5     1.18    19.80
2270    6     6.78    24.75
2270    7     5.06    26.65
2270    8    12.22    27.60
2270    9    37.89    21.68
2270   10   125.88    14.70
2270   11    32.82    12.86
2270   12    30.73    10.94
2271    1    53.41     8.89
2271    2    71.67     7.23
2271    3    49.96     9.14
2271    4     3.83    14.33
2271    5    34.86    18.37
2271    6     5.67    22.75
2271    7     5.72    28.25
2271    8    59.05    25.82
2271    9    29.45    21.57
2271   10    19.79    17.74
2271   11    92.16    14.15
2271   12    33.21    11.36
2272    1    52.03     7.41
2272    2    45.05     7.28
2272    3    67.09     6.70
2272    4    19.11    11.82
2272    5     3.08    18.30
2272    6     9.20    23.50
2272    7    16.05    26.03
2272    8    37.31    26.13
2272    9    46.74    22.12
2272   10    36.10    19.80
2272   11    75.04    14.62
2272   12    17.09    12.48
2273    1    22.34     8.93
2273    2    17.14     9.16
2273    3    26.58    11.47
2273    4    12.04    15.59
2273    5    19.65    19.59
2273    6     5.52    24.14
2273    7    24.69    26.10
2273    8    12.36    26.14
2273    9    28.80    21.63
2273   10    87.09    17.39
2273   11    21.11    11.59
2273   12    21.96    11.13
2274    1    51.48     7.18
2274    2    13.38     8.44
2274    3    13.65    12.26
2274    4    28.48    14.32
2274    5     3.31    18.75
2274    6     2.53    23.27
2274    7     4.17    25.97
2274    8     5.05    27.16
2274    9     3.97    23.19
2274   10    56.01    18.12
2274   11    86.96    14.44
2274   12     9.90    11.82
2275    1    68.29     7.50
2275    2     6.54    10.53
2275    3    17.31    10.76
2275    4    22.72    12.75
2275    5    14.33    18.03
2275    6    12.98    23.88
2275    7     7.23    27.13
2275    8     3.57    28.09
2275    9    48.88    22.59
2275   10    27.09    17.45
2275   11    25.07    13.98
2275   12    66.11     9.27
2276    1    18.15    10.28
2276    2    28.86     9.91
2276    3    88.55     9.72
2276    4    36.42    13.75
2276    5     9.04    18.79
2276    6    19.52    23.56
2276    7    11.39    25.87
2276    8     2.35    26.99
2276    9    11.68    22.65
2276   10    90.42    14.76
2276   11    88.34    12.52
2276   12    39.17     7.69
2277    1    32.37     7.86
2277    2    54.39     4.63
2277    3    23.20    10.05
2277    4     6.45    13.95
2277    5    11.68    17.34
2277    6     3.61    23.70
2277    7     1.03    26.49
2277    8     5.23    26.08
2277    9    18.61    23.53
2277   10    63.35    16.82
2277   11    40.75    15.12
2277   12    36.30    11.44
2278    1    14.76    10.24
2278    2    50.86     9.78
2278    3    47.78    10.90
2278    4     5.65    14.78
2278    5     0.48    18.08
2278    6     0.84    24.77
2278    7    15.58    27.19
2278    8    19.08    28.34
2278    9    42.55    22.73
2278   10    19.82    18.74
2278   11    50.02    15.07
2278   12    49.12    12.00
2279    1    41.12     8.87
2279    2    25.65     8.90
2279    3    13.00    10.06
2279    4    17.07    14.24
2279    5    26.96    20.61
2279    6    39.95    23.18
2279    7    25.90    26.49
2279    8     6.28    27.61
2279    9    11.76    23.30
2279   10   133.87    17.00
2279   11    22.08    14.02
2279   12    28.23    10.08
2280    1    34.83     7.60
2280    2    22.17     9.73
2280    3    29.81    10.17
2280    4     8.65    13.47
2280    5     6.40    19.49
2280    6     7.46    23.18
2280    7     3.34    27.37
2280    8    21.29    26.43
2280    9    28.83    24.18
2280   10    39.22    17.37
2280   11    47.30    14.04
2280   12    48.02    10.45
2281    1    65.42     7.34
2281    2   116.77     4.55
2281    3    36.92     8.38
2281    4    10.31    12.28
2281    5     5.86    18.41
2281    6     5.76    23.58
2281    7     3.27    26.72
2281    8     5.65    27.46
2281    9    14.92    23.90
2281   10    72.22    19.34
2281   11   231.68    10.14
2281   12    27.70    10.64
2282    1    32.11     5.95
2282    2    51.67     6.32
2282    3    41.13     8.28
2282    4    21.51    13.70
2282    5     9.79    18.57
2282    6    23.12    23.79
2282    7    23.36    26.59
2282    8    20.47    26.09
2282    9     1.49    22.96
2282   10    49.67    19.00
2282   11    33.09    15.18
2282   12    20.06    12.12
2283    1    68.08     8.87
2283    2    44.54     4.72
2283    3    34.15     8.80
2283    4    12.10    13.00
2283    5     7.99    17.39
2283    6    19.36    22.84
2283    7     4.50    26.45
2283    8    25.63    25.76
2283    9    11.14    21.43
2283   10    81.78    17.02
2283   11    70.06    11.70
2283   12    54.37    11.00
2284    1    62.33     7.97
2284    2    23.16     8.45
2284    3    59.18     9.65
2284    4    12.03    13.17
2284    5    13.18    18.53
2284    6    12.79    24.19
2284    7    22.83    26.75
2284    8    26.29    26.69
2284    9    77.74    22.06
2284   10    21.16    16.15
2284   11    19.55    13.20
2284   12    90.48     7.58
2285    1    23.51     6.35
2285    2    62.80     6.50
2285    3    13.74     9.58
2285    4    60.31    12.11
2285    5    38.05    16.95
2285    6     8.18    23.59
2285    7     7.24    26.13
2285    8    10.62    27.48
2285    9    36.35    23.01
2285   10    31.84    16.32
2285   11     9.94    12.96
2285   12    19.36     9.33
2286    1    36.16     9.13
2286    2    21.15     9.81
2286    3    41.30    10.71
2286    4    37.20    14.00
2286    5    19.17    18.98
2286    6     5.39    23.72
2286    7     8.20    26.90
2286    8     7.57    26.44
2286    9    23.48    23.78
2286   10   255.99    15.22
2286   11    33.23    14.25
2286   12    78.02     9.48
2287    1    43.86     8.51
2287    2    53.33     6.80
2287    3    42.98     8.00
2287    4     4.77    14.03
2287    5    21.01    18.70
2287    6    37.44    23.19
2287    7     8.79    25.91
2287    8    22.44    25.34
2287    9    27.07    22.91
2287   10    25.75    17.49
2287   11    96.14    13.37
2287   12    16.26    11.14
2288    1    31.74    10.31
2288    2    25.29     8.84
2288    3    79.56    10.71
2288    4    15.57    14.02
2288    5     2.54    19.97
2288    6    12.19    23.77
2288    7     5.03    27.62
2288    8     6.88    28.63
2288    9    47.64    21.92
2288   10    76.23    18.26
2288   11    18.98    14.23
2288   12    46.60    10.37
2289    1    13.73    11.03
2289    2    27.40     9.93
2289    3    29.14    10.50
2289    4    31.66    13.92
2289    5     3.87    19.82
2289    6    20.98    24.20
2289    7     3.52    26.85
2289    8    24.54    26.81
2289    9    12.82    24.72
2289   10    27.53    15.85
2289   11    27.74    13.14
2289   12    42.05     9.02
2290    1    43.51     8.81
2290    2    70.90     5.50
2290    3    17.19     9.68
2290    4     4.38    13.91
2290    5     4.64    19.79
2290    6    10.22    24.23
2290    7    13.00    27.32
2290    8    21.57    25.31
2290    9    16.54    22.99
2290   10    55.80    17.68
2290   11    75.88    13.96
2290   12    76.64     8.60
2291    1    19.68     8.26
2291    2     9.25     7.70
2291    3    24.05     9.98
2291    4    23.09    14.24
2291    5    23.87    19.73
2291    6    25.58    23.52
2291    7     3.45    27.54
2291    8    11.58    26.96
2291    9    68.56    21.79
2291   10    10.44    16.70
2291   11    37.00    12.69
2291   12    85.29    10.30
2292    1    26.98     9.81
2292    2    79.87     8.26
2292    3    42.93     9.73
2292    4    25.97    12.83
2292    5    21.52    18.17
2292    6    16.52    22.94
2292    7     2.62    26.55
2292    8     5.03    27.52
2292    9    31.15    23.03
2292   10    42.26    19.19
2292   11   120.56    11.74
2292   12    32.62     9.29
2293    1    38.83     9.61
2293    2    47.02     7.50
2293    3    16.32     9.66
2293    4    28.87    13.16
2293    5    18.67    18.73
2293    6     0.10    23.54
2293    7    11.43    25.72
2293    8     6.65    25.86
2293    9     9.43    23.21
2293   10    59.48    18.22
2293   11    19.25    14.55
2293   12    17.73    10.38
2294    1    24.65     9.32
2294    2    26.71     8.75
2294    3    40.08     9.09
2294    4    23.19    14.69
2294    5     2.61    19.29
2294    6     6.73    24.97
2294    7     5.29    27.26
2294    8    10.89    25.75
2294    9    10.71    22.44
2294   10    42.21    17.64
2294   11    70.77    12.85
2294   12    49.31    10.17
2295    1    55.77     6.96
2295    2    25.25     7.86
2295    3    10.36     9.48
2295    4    29.82    14.21
2295    5     0.70    18.79
2295    6     2.74    24.17
2295    7    13.62    26.53
2295    8    17.33    26.91
2295    9    35.43    23.24
2295   10    57.83    17.29
2295   11   111.77    13.29
2295   12    61.76     9.11
2296    1    21.42     8.68
2296    2    28.98     6.78
2296    3    42.02     9.77
2296    4    61.61    13.13
2296    5     8.15    18.23
2296    6     5.20    23.40
2296    7     1.46    27.53
2296    8    16.18    26.75
2296    9    49.97    22.31
2296   10    58.35    18.61
2296   11    52.12    12.14
2296   12    40.12    10.63
2297    1    25.87     8.51
2297    2    24.50     8.90
2297    3    12.56    11.67
2297    4    29.47    13.10
2297    5    19.93    17.98
2297    6    14.12    23.34
2297    7     9.57    26.31
2297    8     9.86    27.39
2297    9     8.35    23.37
2297   10    30.28    18.68
2297   11    23.64    15.14
2297   12    81.04    10.20
2298    1    21.90     9.22
2298    2    95.89     7.57
2298    3    31.14     8.76
2298    4     8.80    12.24
2298    5    15.35    18.58
2298    6     2.53    24.42
2298    7    21.84    25.59
2298    8    26.70    26.10
2298    9    41.80    21.97
2298   10    59.30    15.11
2298   11    25.29    12.20
2298   12    33.67    11.26
2299    1    27.64     5.16
2299    2    20.87     8.85
2299    3    20.68     8.99
2299    4    17.29    13.92
2299    5     7.76    19.40
2299    6    10.48    23.33
2299    7     1.29    26.39
2299    8    20.47    26.41
2299    9    21.65    21.64
2299   10    54.39    14.91
2299   11    38.73    12.26
2299   12    12.72    10.81
2300    1    61.78     7.63
2300    2    85.91     5.67
2300    3     8.64     8.74
2300    4    13.81    11.90
2300    5     4.71    18.81
2300    6     5.34    22.90
2300    7    37.79    25.06
2300    8    13.07    26.19
2300    9    41.90    22.75
2300   10   108.29    13.46
2300   11    38.52    12.27
2300   12    64.41     6.86
