1850    1    23.11    -1.55
1850    2    13.71     0.27
1850    3    14.53     6.16
1850    4    48.49    11.76
1850    5    68.77    15.48
1850    6   117.99    20.07
1850    7    42.63    21.73
1850    8    28.96    21.81
1850    9     8.52    20.54
1850   10    17.97    14.96
1850   11    42.67     9.89
1850   12    43.38     3.21
1851    1    31.26    -6.48
1851    2    11.21     2.97
1851    3    18.06     5.63
1851    4    84.04    11.64
1851    5    38.92    18.55
1851    6    23.45    21.49
1851    7    15.56    25.16
1851    8     1.44    26.34
1851    9    27.82    19.17
1851   10     6.00    16.22
1851   11     8.06     7.94
1851   12    78.88     3.71
1852    1    30.55     5.40
1852    2    41.52     6.70
1852    3    46.65    10.29
1852    4    52.30    13.40
1852    5    69.52    17.12
1852    6    66.24    20.99
1852    7     2.85    23.24
1852    8    33.42    24.05
1852    9    24.01    20.23
1852   10    18.31    16.39
1852   11    28.32     7.57
1852   12     7.24     7.66
1853    1    12.72     3.47
1853    2     0.50    -0.47
1853    3    43.39     1.02
1853    4    28.34     8.46
1853    5   144.98    18.76
1853    6    29.61    20.00
1853    7    56.57    24.49
1853    8     9.96    24.83
1853    9    24.40    22.03
1853   10    72.82    12.60
1853   11    53.93    10.68
1853   12    93.36     2.50
1854    1    13.10     2.87
1854    2    24.62     3.01
1854    3    20.68     6.01
1854    4     1.15    13.80
1854    5    60.10    16.26
1854    6    47.06    20.18
1854    7    75.51    21.91
1854    8    35.05    23.86
1854    9    53.16    17.36
1854   10    96.92    10.68
1854   11    46.16     7.84
1854   12    40.05     3.16
1855    1    41.29     1.64
1855    2    39.99     2.59
1855    3    39.29     2.52
1855    4   113.99    11.73
1855    5    69.70    17.43
1855    6    78.14    19.79
1855    7    45.79    21.57
1855    8    34.17    23.01
1855    9    11.60    18.99
1855   10   103.71    13.03
1855   11    18.93     8.87
1855   12    19.93     6.40
1856    1    21.64     4.22
1856    2    49.39    -0.87
1856    3    29.15     6.01
1856    4    44.61    12.34
1856    5    50.32    15.95
1856    6    68.27    19.13
1856    7     8.47    22.66
1856    8     7.35    24.34
1856    9     7.23    22.36
1856   10    93.21    14.84
1856   11    62.27     7.79
1856   12    68.68     1.98
1857    1    45.68     0.53
1857    2    18.21     4.05
1857    3     8.83    10.43
1857    4    10.51    11.01
1857    5    77.65    17.14
1857    6    86.89    19.78
1857    7    57.79    21.82
1857    8     3.20    22.83
1857    9    71.26    18.06
1857   10    10.07    12.07
1857   11     6.49     9.79
1857   12    57.86     0.55
1858    1    37.32     0.50
1858    2    51.36    -0.39
1858    3    86.50     4.19
1858    4    51.31    11.81
1858    5    99.41    15.54
1858    6   106.39    20.16
1858    7    23.76    20.99
1858    8    26.70    23.94
1858    9    53.15    19.43
1858   10    26.18    13.06
1858   11    56.13     5.63
1858   12    21.75     5.30
1859    1     7.99    -2.16
1859    2    12.97    -0.58
1859    3    60.66     2.60
1859    4    64.07    11.17
1859    5   135.65    14.96
1859    6   102.30    18.84
1859    7    84.98    22.73
1859    8    44.26    21.56
1859    9    27.66    17.67
1859   10    80.37    12.77
1859   11    14.03     6.24
1859   12    13.44     6.18
1860    1    59.34    -2.93
1860    2    17.75     2.09
1860    3    96.21     5.93
1860    4    67.32    13.25
1860    5    61.76    17.00
1860    6    42.82    19.54
1860    7    30.88    22.37
1860    8    29.04    23.67
1860    9     2.78    21.50
1860   10    95.09    13.97
1860   11    33.95     6.30
1860   12    32.93     2.68
1861    1    18.79    -0.71
1861    2    13.90     1.26
1861    3    30.29     4.04
1861    4    55.92    14.25
1861    5    86.20    17.90
1861    6    78.99    21.03
1861    7    51.80    21.98
1861    8    12.93    24.95
1861    9    14.63    20.44
1861   10    11.93    17.56
1861   11    15.46    10.10
1861   12    33.50     3.69
1862    1     4.99     2.26
1862    2    16.62     4.08
1862    3     5.68     5.88
1862    4    75.06    11.75
1862    5    70.58    16.99
1862    6    24.85    21.18
1862    7     0.42    27.83
1862    8    13.42    22.96
1862    9    25.70    20.81
1862   10    12.68    14.57
1862   11    36.12     8.79
1862   12    10.32     1.82
1863    1    29.12     1.63
1863    2    23.54     2.33
1863    3    87.88     4.18
1863    4    44.75    12.72
1863    5    73.61    15.79
1863    6    55.31    19.34
1863    7    32.57    22.20
1863    8    18.62    24.81
1863    9    49.72    20.61
1863   10    39.20    12.47
1863   11    49.01     6.13
1863   12    41.34    -0.63
1864    1    33.37    -2.34
1864    2    15.22    -4.25
1864    3     8.49     5.57
1864    4    48.49    11.86
1864    5    65.58    16.24
1864    6    45.27    19.62
1864    7    12.77    22.58
1864    8    33.13    23.95
1864    9    62.52    17.80
1864   10    57.06    11.67
1864   11    14.74     9.62
1864   12    51.10     3.94
1865    1    51.03     0.48
1865    2    27.69     4.83
1865    3    17.71     9.24
1865    4   102.33    11.68
1865    5    64.12    14.07
1865    6    56.96    19.09
1865    7    26.86    24.29
1865    8     6.02    26.59
1865    9    35.49    22.24
1865   10    50.22    15.08
1865   11    30.26     8.77
1865   12    85.98     2.83
1866    1    25.83     3.45
1866    2    43.13     1.52
1866    3    45.89     5.65
1866    4   108.97    13.08
1866    5   119.30    16.15
1866    6    86.98    19.35
1866    7    53.10    21.76
1866    8     1.55    23.55
1866    9    49.42    21.87
1866   10    29.70    14.67
1866   11     3.64    10.40
1866   12    20.16     2.48
1867    1    48.52     0.99
1867    2    20.82     0.65
1867    3    29.22     6.96
1867    4    31.33    11.56
1867    5   147.31    18.04
1867    6    74.99    21.28
1867    7     6.63    25.14
1867    8     1.27    25.91
1867    9     1.07    23.25
1867   10     1.09    19.31
1867   11    31.32    12.32
1867   12    20.24     5.40
1868    1    46.83    -1.35
1868    2    58.30    -4.54
1868    3    12.08     2.09
1868    4     2.91    14.77
1868    5    47.77    15.95
1868    6   121.89    20.96
1868    7    45.06    23.52
1868    8     7.15    25.13
1868    9    14.05    17.86
1868   10     0.11    12.72
1868   11    26.50    10.14
1868   12    45.88     3.84
1869    1    41.80     3.33
1869    2    14.94     4.73
1869    3    37.60     4.14
1869    4    20.35    11.45
1869    5   118.07    16.69
1869    6    87.00    19.72
1869    7    58.48    22.68
1869    8    38.65    23.52
1869    9    14.87    20.15
1869   10    10.70    13.62
1869   11     8.81     5.64
1869   12    75.12    -0.31
1870    1    52.33    -4.96
1870    2    38.96    -3.12
1870    3    34.41     3.49
1870    4    24.08    12.30
1870    5    53.24    17.32
1870    6    55.35    22.06
1870    7     2.95    26.63
1870    8    67.69    25.11
1870    9    12.84    18.85
1870   10    44.90    13.41
1870   11    35.82    10.43
1870   12    18.71     6.13
1871    1    68.82    -2.25
1871    2    31.11    -3.09
1871    3    55.95     5.55
1871    4    67.45    11.75
1871    5    84.23    16.15
1871    6    36.11    22.19
1871    7    47.28    21.50
1871    8     4.77    25.52
1871    9    42.03    17.74
1871   10    49.74    12.28
1871   11     1.42     6.39
1871   12     4.58     3.92
1872    1    46.51    -2.39
1872    2    37.75    -0.21
1872    3    11.14     3.63
1872    4     9.34    14.35
1872    5    57.73    15.53
1872    6    40.10    18.74
1872    7    31.93    26.35
1872    8     0.16    25.65
1872    9     0.02    22.22
1872   10    48.26    14.07
1872   11    13.88     7.18
1872   12    44.65     4.42
1873    1    27.41     3.29
1873    2    25.93     4.42
1873    3    46.03     5.61
1873    4    49.88     9.74
1873    5    74.80    15.00
1873    6    55.13    19.21
1873    7    36.92    21.11
1873    8    54.54    22.43
1873    9    14.87    19.05
1873   10    34.95    14.05
1873   11     8.76     9.23
1873   12    44.78    -1.64
1874    1    40.48    -3.52
1874    2    19.74    -1.09
1874    3    27.19     7.40
1874    4    66.00    12.00
1874    5    58.93    17.76
1874    6    73.34    20.58
1874    7    27.06    23.72
1874    8    12.08    22.81
1874    9    88.77    16.05
1874   10    16.13    13.16
1874   11    13.07     9.74
1874   12    21.01    -1.09
1875    1    15.73     0.60
1875    2     9.10     6.27
1875    3    70.31     9.90
1875    4    99.65     9.35
1875    5    61.31    16.91
1875    6   150.30    18.88
1875    7    16.81    22.83
1875    8    36.68    21.80
1875    9     9.50    20.00
1875   10     2.23    13.19
1875   11    15.07     5.38
1875   12    18.11     4.67
1876    1    22.85     4.09
1876    2    17.27     3.67
1876    3    45.74    10.04
1876    4    58.96    13.30
1876    5    28.95    20.19
1876    6    29.20    20.97
1876    7     4.80    25.26
1876    8     1.52    25.92
1876    9    27.10    19.99
1876   10    37.13    14.80
1876   11     8.13    10.26
1876   12    25.24     2.38
1877    1    12.15     3.20
1877    2    14.65     4.54
1877    3    92.77     5.61
1877    4    70.76    13.36
1877    5    72.02    16.38
1877    6    64.62    18.72
1877    7    17.85    24.14
1877    8    19.12    24.56
1877    9    33.80    19.69
1877   10    12.26    15.95
1877   11    37.42     9.86
1877   12     9.33     8.10
1878    1    26.66     1.74
1878    2    25.78     2.75
1878    3    43.85     6.97
1878    4    58.68    13.24
1878    5    68.16    15.94
1878    6    80.34    20.17
1878    7    13.52    24.83
1878    8     3.58    26.18
1878    9    10.46    21.69
1878   10    55.85    14.75
1878   11    62.62     3.68
1878   12    46.87     4.70
1879    1    48.71     1.31
1879    2    29.87    -1.19
1879    3    11.70     4.96
1879    4    32.68    13.64
1879    5    62.84    17.31
1879    6    33.63    20.87
1879    7    37.65    25.77
1879    8    82.58    23.83
1879    9    47.11    18.38
1879   10     2.20    14.48
1879   11    18.16     7.71
1879   12    18.38     1.02
1880    1    40.12    -5.08
1880    2    37.04     1.49
1880    3    16.63     2.78
1880    4    42.70    10.34
1880    5    98.09    16.02
1880    6    33.02    21.08
1880    7    22.86    23.82
1880    8     2.59    24.47
1880    9    87.45    18.36
1880   10    17.09    13.05
1880   11    26.93     9.25
1880   12    22.27     2.62
1881    1    35.96     4.13
1881    2    36.57     2.02
1881    3    38.05     6.63
1881    4    19.12    11.95
1881    5    55.09    17.17
1881    6    41.34    20.93
1881    7    26.49    22.53
1881    8    12.73    24.15
1881    9     2.15    21.40
1881   10    55.36    15.80
1881   11    33.66    10.55
1881   12    36.29     3.95
1882    1    10.60     0.44
1882    2    12.96     0.39
1882    3     2.04     3.42
1882    4    76.32     9.95
1882    5    74.65    18.59
1882    6    71.00    22.56
1882    7     1.47    25.04
1882    8    38.75    22.61
1882    9    10.49    18.58
1882   10     9.40    16.55
1882   11     4.20     7.89
1882   12    20.74     2.48
1883    1    42.56     2.12
1883    2    27.97    -1.71
1883    3    27.47     3.24
1883    4    14.19    11.17
1883    5    63.06    20.07
1883    6    38.66    23.07
1883    7     1.17    24.73
1883    8    21.60    25.42
1883    9     2.51    20.44
1883   10    12.56    13.47
1883   11     6.78     9.63
1883   12    26.91     4.45
1884    1    62.35    -1.56
1884    2    27.31     4.00
1884    3    73.02     5.13
1884    4    38.98    12.95
1884    5    91.82    16.16
1884    6    71.78    18.05
1884    7    34.80    22.47
1884    8     0.51    25.98
1884    9    33.98    19.15
1884   10    19.03    13.33
1884   11    18.75     8.28
1884   12    18.35     5.31
1885    1    24.06     1.67
1885    2    39.12    -2.05
1885    3     6.27     6.15
1885    4    61.70    12.40
1885    5    43.70    15.24
1885    6    72.28    17.87
1885    7    56.03    22.49
1885    8     4.49    23.52
1885    9    40.13    17.54
1885   10    70.03    10.27
1885   11    22.54     6.38
1885   12    54.20    -0.14
1886    1    60.43    -3.62
1886    2    40.56     1.19
1886    3    10.60     5.88
1886    4    18.85    12.11
1886    5    71.09    15.10
1886    6    18.38    20.13
1886    7    31.70    23.58
1886    8    14.84    24.72
1886    9    28.08    20.33
1886   10     9.75    15.10
1886   11     5.95     9.92
1886   12    18.54     0.03
1887    1    12.13    -2.80
1887    2    12.99    -1.49
1887    3    21.83     5.94
1887    4    31.22    12.86
1887    5    11.36    16.85
1887    6    59.04    23.35
1887    7    53.88    23.25
1887    8    50.56    22.10
1887    9    28.38    19.62
1887   10    52.75    12.69
1887   11    16.29     7.12
1887   12    26.77     3.50
1888    1    54.05     2.62
1888    2    15.02     7.97
1888    3    46.15     7.18
1888    4    58.35    12.98
1888    5    50.54    17.68
1888    6    16.56    19.65
1888    7    29.98    22.79
1888    8    22.68    23.01
1888    9     5.95    21.53
1888   10    37.85    14.64
1888   11    31.14     8.19
1888   12    64.69     1.40
1889    1    28.65    -0.83
1889    2    37.40    -1.11
1889    3    12.77     2.94
1889    4    28.44    14.65
1889    5    45.15    15.87
1889    6    71.26    18.01
1889    7    27.37    21.16
1889    8    17.03    23.82
1889    9    19.91    20.40
1889   10    45.73    11.48
1889   11     7.93    10.72
1889   12    65.55     3.87
1890    1    18.64     2.64
1890    2    19.49     3.97
1890    3    57.23     6.21
1890    4    95.03    10.65
1890    5    69.69    16.33
1890    6    45.49    22.05
1890    7    28.35    22.83
1890    8    44.34    23.92
1890    9    43.25    19.10
1890   10     0.89    14.59
1890   11    14.26     9.29
1890   12     5.17     5.35
1891    1    59.74     1.16
1891    2    19.13     3.34
1891    3    10.65     9.08
1891    4    44.39    13.80
1891    5    13.59    19.07
1891    6    52.58    21.10
1891    7    20.59    25.33
1891    8    14.01    22.02
1891    9     0.12    22.02
1891   10    33.40    12.94
1891   11    23.84     4.36
1891   12    14.26    -0.30
1892    1    15.12    -0.13
1892    2     8.65     4.17
1892    3     7.85     8.60
1892    4    67.88     8.52
1892    5    37.07    16.74
1892    6    56.39    20.98
1892    7    16.11    24.98
1892    8    21.35    24.87
1892    9    23.24    20.47
1892   10    10.75    12.66
1892   11    13.72     7.10
1892   12    31.81     0.45
1893    1    21.51     2.88
1893    2    23.62     0.57
1893    3    25.86    -1.54
1893    4    57.01     8.04
1893    5   105.99    14.03
1893    6   127.31    20.95
1893    7    96.32    21.85
1893    8    23.27    22.32
1893    9     0.69    21.65
1893   10    45.02    16.65
1893   11    32.89     6.07
1893   12    47.30     3.06
1894    1    29.54     2.67
1894    2    15.56     4.42
1894    3     8.98     6.09
1894    4    67.72    12.62
1894    5    87.37    17.81
1894    6    47.50    21.89
1894    7    49.09    21.35
1894    8    16.68    22.62
1894    9    32.64    18.72
1894   10    20.46    13.98
1894   11    75.65     9.60
1894   12    15.80     2.18
1895    1    26.80    -1.40
1895    2    18.78     1.03
1895    3    57.62     5.55
1895    4    14.22     9.53
1895    5    51.48    17.82
1895    6    37.43    21.32
1895    7    15.26    25.02
1895    8    20.58    25.81
1895    9     5.82    21.54
1895   10     0.27    16.86
1895   11    25.46     3.56
1895   12    31.99     3.78
1896    1    38.80     1.23
1896    2    18.98     4.88
1896    3     1.12     9.29
1896    4    45.84    14.57
1896    5    45.20    17.94
1896    6    20.63    23.78
1896    7    44.24    23.98
1896    8     1.08    23.35
1896    9    16.43    19.82
1896   10    58.35    11.64
1896   11    25.74    10.08
1896   12    23.40     3.62
1897    1    21.00     1.44
1897    2    13.25     3.47
1897    3    27.72     8.84
1897    4    22.51    12.32
1897    5    76.75    15.42
1897    6    69.65    21.10
1897    7    41.17    22.34
1897    8    47.85    22.90
1897    9   125.26    17.56
1897   10    31.55    11.10
1897   11    47.38     7.20
1897   12    39.04    -0.25
1898    1    29.36     2.67
1898    2    40.35     2.78
1898    3    15.89     4.18
1898    4    93.58    12.80
1898    5    66.72    17.59
1898    6    60.21    19.99
1898    7    43.27    20.94
1898    8     2.59    23.39
1898    9     0.15    21.06
1898   10    57.53    13.92
1898   11     4.17     6.11
1898   12    17.75     3.83
1899    1    21.52     3.04
1899    2    16.79     3.59
1899    3    36.09     6.59
1899    4    44.87    11.52
1899    5    88.78    18.01
1899    6    32.64    19.96
1899    7    12.83    25.65
1899    8    15.90    24.87
1899    9     9.61    20.71
1899   10    17.78    13.45
1899   11    41.66     8.67
1899   12    28.84     1.39
1900    1    11.77     0.86
1900    2    18.10     0.25
1900    3    22.98     7.09
1900    4     9.15    13.76
1900    5    38.93    16.18
1900    6    38.92    20.98
1900    7     5.26    24.91
1900    8    18.26    25.21
1900    9     8.12    21.62
1900   10     1.65    17.98
1900   11     6.54     8.73
1900   12     6.80     3.24
1901    1    47.66    -3.55
1901    2     9.69     3.05
1901    3    41.06     6.74
1901    4    27.96    12.87
1901    5   143.04    16.02
1901    6    22.30    18.84
1901    7     9.01    24.35
1901    8     1.01    25.25
1901    9     0.66    20.66
1901   10    10.31    14.47
1901   11    12.45     4.29
1901   12    18.74     1.44
1902    1    14.95     2.46
1902    2    11.91     1.25
1902    3    37.87     0.47
1902    4    92.70    11.72
1902    5    40.64    16.64
1902    6    57.29    20.00
1902    7    50.25    24.38
1902    8    43.15    23.46
1902    9    28.08    19.56
1902   10     2.79    13.72
1902   11    36.53     6.74
1902   12    29.95     6.05
1903    1    24.10    -2.03
1903    2    53.57    -1.08
1903    3    20.43     8.52
1903    4    60.10    14.70
1903    5    81.43    16.12
1903    6   108.14    19.57
1903    7    62.14    22.73
1903    8    25.01    21.55
1903    9    11.89    19.64
1903   10     7.82    11.73
1903   11    99.67     9.43
1903   12    55.14     0.99
1904    1    10.75     4.34
1904    2    10.77     5.70
1904    3    14.10     8.10
1904    4   116.85    12.06
1904    5    59.10    18.29
1904    6    28.80    18.25
1904    7    50.12    21.57
1904    8    29.29    21.10
1904    9    36.58    19.42
1904   10    43.48    14.35
1904   11    77.75    10.23
1904   12    37.44     4.72
1905    1    54.24     0.67
1905    2    23.84     0.96
1905    3    11.64    11.29
1905    4    82.68    11.27
1905    5    83.77    16.33
1905    6    46.81    19.41
1905    7    42.24    22.24
1905    8    18.48    24.56
1905    9    26.72    21.84
1905   10    45.46    11.46
1905   11    18.32     9.09
1905   12    28.02     6.27
1906    1    27.07     1.65
1906    2    12.39     3.48
1906    3    41.65     4.83
1906    4    54.59     8.08
1906    5    68.55    16.23
1906    6    40.01    21.20
1906    7    36.54    25.81
1906    8     9.45    24.09
1906    9     9.45    20.14
1906   10    55.36    12.96
1906   11    25.98     9.35
1906   12    23.73     2.87
1907    1    28.20    -3.27
1907    2    46.92    -0.99
1907    3    44.25     3.61
1907    4    13.82    13.12
1907    5    79.97    19.34
1907    6    23.25    20.49
1907    7    32.55    20.73
1907    8     0.01    25.60
1907    9     0.00    24.24
1907   10    21.78    14.76
1907   11     7.71     9.38
1907   12    55.78     6.90
1908    1    39.77     0.92
1908    2    31.01     0.52
1908    3     7.02     5.24
1908    4    46.64    11.66
1908    5    73.97    17.43
1908    6    40.55    20.67
1908    7    61.42    23.25
1908    8    46.19    21.95
1908    9    71.56    17.53
1908   10    45.52    13.82
1908   11    49.95     6.58
1908   12    18.69    -1.06
1909    1    21.50    -0.45
1909    2    25.96   -10.37
1909    3    16.76     3.96
1909    4    22.41    12.05
1909    5    34.57    15.62
1909    6    20.04    21.58
1909    7    42.22    23.93
1909    8     2.72    25.39
1909    9    55.97    19.24
1909   10     3.98    17.06
1909   11    22.43     7.88
1909   12    47.60     3.22
1910    1    16.30     2.45
1910    2     5.81     5.46
1910    3    37.00     4.94
1910    4    36.08    10.51
1910    5    73.37    17.47
1910    6    27.42    21.87
1910    7     5.23    24.73
1910    8    10.05    26.21
1910    9    26.74    20.10
1910   10    43.14    15.38
1910   11    22.51     3.74
1910   12    10.83     4.80
1911    1    55.07     4.42
1911    2     9.47     5.82
1911    3    67.20     4.17
1911    4    81.88    10.88
1911    5    58.40    17.09
1911    6    55.30    19.66
1911    7    12.98    23.57
1911    8     4.13    25.46
1911    9    23.73    20.58
1911   10    34.02    14.46
1911   11    72.57     9.24
1911   12    17.49     6.06
1912    1    47.81    -0.03
1912    2    11.42     1.11
1912    3    21.59     3.64
1912    4    24.38    11.92
1912    5    81.06    17.25
1912    6    62.33    22.01
1912    7    22.07    23.43
1912    8     5.76    23.32
1912    9    22.49    20.15
1912   10     4.43    15.78
1912   11    49.95     6.80
1912   12    56.88     3.15
1913    1    19.89     3.30
1913    2    41.19     4.10
1913    3    29.01     6.99
1913    4    56.35    11.04
1913    5    72.50    17.18
1913    6   121.30    21.43
1913    7    39.70    23.81
1913    8    42.90    24.72
1913    9    37.65    17.56
1913   10    18.28    13.24
1913   11    51.52     6.20
1913   12    57.85     6.84
1914    1    27.93     4.71
1914    2    41.46    -1.02
1914    3    35.75     8.25
1914    4   115.22    10.98
1914    5    87.51    16.60
1914    6    68.18    20.49
1914    7   106.42    20.82
1914    8    70.24    20.88
1914    9    25.44    18.66
1914   10    19.25    13.47
1914   11     7.03    10.54
1914   12    32.71     3.74
1915    1    24.37     2.36
1915    2    48.27     1.35
1915    3    58.81     6.59
1915    4    20.11    11.64
1915    5   129.03    15.01
1915    6    42.39    19.57
1915    7    22.40    22.45
1915    8    10.60    22.29
1915    9    13.30    19.56
1915   10    10.53    13.09
1915   11    57.38     7.79
1915   12    36.42     4.39
1916    1    21.31    -0.30
1916    2     5.57    -4.10
1916    3    59.96     2.68
1916    4    16.48    10.49
1916    5    54.44    19.05
1916    6   134.19    18.84
1916    7    22.82    22.86
1916    8    37.96    22.44
1916    9    38.21    17.92
1916   10    20.32    11.93
1916   11    36.70     4.97
1916   12    26.14     2.91
1917    1    55.33     1.68
1917    2    38.51     5.84
1917    3    18.03     9.74
1917    4    82.81    12.80
1917    5    52.23    19.39
1917    6    48.33    21.46
1917    7     8.67    24.35
1917    8     4.14    25.54
1917    9     3.88    19.95
1917   10    17.88    14.76
1917   11     9.50     7.56
1917   12    37.08     4.38
1918    1    40.69     3.14
1918    2    65.10     4.28
1918    3    39.06     4.20
1918    4   160.36     9.33
1918    5    46.81    15.65
1918    6    57.03    18.85
1918    7    25.02    22.83
1918    8    42.96    22.49
1918    9   138.75    15.84
1918   10    33.87     8.88
1918   11     9.40     8.60
1918   12    29.65     7.16
1919    1    50.05     1.64
1919    2    32.55    -1.02
1919    3    27.92     1.17
1919    4    32.83    12.16
1919    5    49.48    16.49
1919    6   124.23    19.22
1919    7    59.25    21.33
1919    8    13.07    21.56
1919    9    29.95    19.71
1919   10    36.27    13.03
1919   11    34.92     9.51
1919   12    40.66     4.79
1920    1    21.48     0.08
1920    2    44.67     5.20
1920    3    36.88     8.52
1920    4    46.99     9.82
1920    5    21.58    18.26
1920    6    65.15    22.12
1920    7    67.92    22.09
1920    8     1.73    23.98
1920    9     2.64    20.99
1920   10    56.37    13.37
1920   11    16.50     8.58
1920   12    22.63     5.72
1921    1    27.80     2.20
1921    2    27.62    -3.19
1921    3    32.68     3.23
1921    4    40.32    13.82
1921    5    67.72    16.11
1921    6    21.34    20.60
1921    7    10.04    25.81
1921    8     4.13    23.65
1921    9     0.20    23.34
1921   10    84.56    13.21
1921   11     9.37    12.55
1921   12    48.30     3.42
1922    1    35.70     2.08
1922    2     8.27     6.94
1922    3    42.60     7.89
1922    4    27.77    11.71
1922    5    74.66    16.30
1922    6    93.99    19.42
1922    7    42.37    22.53
1922    8    14.82    22.75
1922    9     0.01    22.19
1922   10    22.56    14.27
1922   11    68.68    10.03
1922   12    29.28     0.22
1923    1    69.32     0.82
1923    2    28.12    -1.12
1923    3    33.34     5.47
1923    4    37.10    13.26
1923    5    91.65    17.05
1923    6    66.30    20.86
1923    7    45.94    21.62
1923    8     0.20    25.63
1923    9     4.69    20.46
1923   10    28.01    15.02
1923   11     4.06    11.00
1923   12    20.92     6.04
1924    1    29.34     0.18
1924    2    16.61     1.72
1924    3    53.87     4.11
1924    4     8.82    12.56
1924    5    27.93    18.55
1924    6    44.97    21.28
1924    7    28.60    24.28
1924    8    26.38    25.95
1924    9     0.00    23.71
1924   10    32.68    17.12
1924   11     4.01     5.04
1924   12    36.18     6.41
1925    1     4.42     3.55
1925    2     1.13     2.97
1925    3    27.96     7.79
1925    4    49.36    13.52
1925    5   107.71    18.79
1925    6    20.11    21.88
1925    7     3.51    22.93
1925    8    43.79    24.10
1925    9     0.69    21.12
1925   10     0.51    13.99
1925   11     9.67     7.14
1925   12     8.29     7.04
1926    1    62.74     2.88
1926    2    16.67     4.06
1926    3    29.88     4.84
1926    4    27.11    13.14
1926    5    64.31    19.29
1926    6    25.49    21.73
1926    7    50.12    23.07
1926    8    14.63    22.11
1926    9    14.62    17.71
1926   10     6.52    15.24
1926   11     1.59    10.07
1926   12     0.37     8.86
1927    1    13.46     3.82
1927    2    11.78     2.27
1927    3    86.05     5.43
1927    4   119.98    12.17
1927    5   118.53    16.85
1927    6    74.24    20.39
1927    7    14.21    22.48
1927    8     3.73    26.36
1927    9     1.21    23.18
1927   10     2.43    17.51
1927   11     5.63     7.90
1927   12    24.52     3.12
1928    1    27.72    -3.72
1928    2    48.97     2.00
1928    3    15.62     4.80
1928    4    47.96    12.17
1928    5    63.35    17.34
1928    6    96.07    21.16
1928    7    18.51    25.24
1928    8     1.32    24.76
1928    9    16.17    20.12
1928   10    48.20    13.35
1928   11    29.15     5.16
1928   12    15.88     5.86
1929    1    35.56     2.96
1929    2    24.53     3.86
1929    3    20.69     5.04
1929    4    41.24    10.11
1929    5    70.79    17.66
1929    6    44.02    18.98
1929    7    19.47    22.81
1929    8     7.80    27.34
1929    9    17.25    22.62
1929   10    84.95    15.50
1929   11    13.25     9.17
1929   12    40.56     4.42
1930    1    35.25    -2.11
1930    2    15.90     4.93
1930    3    83.12     7.49
1930    4    19.59    13.32
1930    5    49.92    15.66
1930    6    20.67    20.98
1930    7    47.86    23.20
1930    8    24.92    24.22
1930    9    31.75    21.68
1930   10    83.77    13.79
1930   11    56.86     8.60
1930   12    19.05     6.27
1931    1    19.42     0.77
1931    2    17.87     0.78
1931    3    57.98     5.04
1931    4    62.42    11.22
1931    5    75.28    14.16
1931    6    54.86    19.96
1931    7    24.05    21.85
1931    8     8.07    23.43
1931    9    37.70    20.72
1931   10    42.20    12.57
1931   11    58.22     8.96
1931   12     4.52     3.09
1932    1    59.38     2.23
1932    2    17.38    -0.08
1932    3    36.25     9.02
1932    4    54.45    13.12
1932    5    36.77    16.60
1932    6    74.10    21.80
1932    7    40.26    22.51
1932    8    12.31    23.71
1932    9    62.14    20.50
1932   10    29.03    13.62
1932   11    27.35     8.48
1932   12    49.47    -3.98
1933    1    54.24    -3.13
1933    2     8.06    -1.27
1933    3    17.23     5.96
1933    4    31.79     9.76
1933    5    34.80    15.32
1933    6   100.49    21.17
1933    7    47.96    23.97
1933    8     6.04    25.87
1933    9     7.05    20.18
1933   10    39.24    13.21
1933   11    24.77    11.15
1933   12    17.04     4.95
1934    1    35.63    -1.59
1934    2    27.54     0.17
1934    3    23.29     7.76
1934    4    60.93    11.69
1934    5   122.44    14.94
1934    6    63.16    19.69
1934    7    15.43    24.13
1934    8     1.72    26.51
1934    9     2.70    20.55
1934   10    99.49    16.43
1934   11    42.79     7.03
1934   12    25.00     1.70
1935    1    32.33    -0.17
1935    2    19.19     2.50
1935    3    50.06     4.67
1935    4    65.72    12.75
1935    5   130.44    16.62
1935    6    88.56    20.83
1935    7    48.70    20.75
1935    8     4.12    24.10
1935    9    85.29    19.41
1935   10    25.60    14.22
1935   11    33.82     1.92
1935   12    15.24     2.17
1936    1    10.43     6.03
1936    2    33.56     6.56
1936    3    13.51     5.43
1936    4    58.09    13.01
1936    5    74.65    17.12
1936    6    59.59    18.71
1936    7     2.42    22.93
1936    8    28.81    22.98
1936    9    34.38    18.99
1936   10     0.17    17.04
1936   11     9.09     7.44
1936   12    15.17     2.72
1937    1    22.78     5.80
1937    2    13.98     2.40
1937    3    48.78     6.54
1937    4    56.79    13.92
1937    5   113.15    16.02
1937    6    24.87    20.11
1937    7     5.98    22.44
1937    8     6.62    24.34
1937    9    39.74    18.99
1937   10     7.49    15.06
1937   11    10.45     9.53
1937   12    20.59     3.57
1938    1     7.38     2.77
1938    2    29.15     4.55
1938    3    22.20     5.98
1938    4    40.51    14.41
1938    5    49.27    17.29
1938    6    23.72    20.55
1938    7    31.07    24.62
1938    8    20.48    23.02
1938    9    38.62    18.91
1938   10    26.25    15.38
1938   11     4.89     9.19
1938   12    17.57     6.69
1939    1    31.36     2.67
1939    2    28.71     2.69
1939    3    43.13     5.07
1939    4    31.92    12.97
1939    5    30.24    17.96
1939    6    63.27    21.87
1939    7     1.86    27.35
1939    8     0.09    28.01
1939    9    29.60    20.31
1939   10     2.65    15.65
1939   11    22.45     9.47
1939   12    32.08     5.11
1940    1    12.42     5.79
1940    2    34.83     4.92
1940    3    22.84     8.38
1940    4    30.74    12.11
1940    5    46.13    16.48
1940    6    32.35    20.00
1940    7    33.09    23.56
1940    8    38.18    25.07
1940    9    25.71    19.36
1940   10    13.66    16.79
1940   11    56.83     8.13
1940   12    41.10     2.79
1941    1    56.36     1.17
1941    2    42.43    -5.02
1941    3    37.58     5.56
1941    4    79.65    10.11
1941    5    95.45    14.23
1941    6    83.85    19.12
1941    7    15.90    23.13
1941    8    38.96    21.43
1941    9    24.25    21.92
1941   10    29.42    13.25
1941   11    22.97     9.48
1941   12    15.15     2.54
1942    1    23.79     1.04
1942    2    21.83     6.49
1942    3    46.29     7.38
1942    4    53.75    12.59
1942    5    76.06    16.92
1942    6    57.19    21.33
1942    7    48.26    21.76
1942    8     4.22    23.86
1942    9     6.60    21.83
1942   10    11.54    14.24
1942   11    54.63     9.15
1942   12    33.78    -0.10
1943    1    41.45    -0.41
1943    2     1.47     1.73
1943    3    12.26     7.55
1943    4    10.41    12.79
1943    5    55.90    17.86
1943    6    20.63    25.62
1943    7    43.05    26.39
1943    8     1.30    26.90
1943    9    85.64    18.89
1943   10     6.70    11.86
1943   11    26.76     8.71
1943   12    25.99     3.20
1944    1    16.56     0.50
1944    2    15.35     1.78
1944    3    12.02     7.91
1944    4    32.75    13.20
1944    5    70.99    17.78
1944    6    53.77    22.56
1944    7     3.09    25.37
1944    8    14.93    23.62
1944    9    42.99    21.27
1944   10    13.63    16.92
1944   11    73.09     7.33
1944   12    53.39     3.37
1945    1    72.64    -6.13
1945    2    19.07     0.27
1945    3    45.45     1.32
1945    4    57.62    12.67
1945    5    39.52    16.07
1945    6    46.47    19.72
1945    7    11.70    23.54
1945    8    25.05    25.31
1945    9    10.84    22.96
1945   10    10.07    14.74
1945   11    62.34     9.44
1945   12     0.31     5.60
1946    1    41.51     0.15
1946    2    16.87     0.29
1946    3    53.13     6.17
1946    4    51.82    10.80
1946    5    35.25    18.04
1946    6    25.12    22.91
1946    7    41.98    24.81
1946    8     0.33    24.25
1946    9     2.87    23.84
1946   10    33.64    15.80
1946   11    17.85     8.37
1946   12    23.35     4.08
1947    1    24.33     4.78
1947    2    13.42    -1.05
1947    3    44.24     5.29
1947    4    11.04    15.07
1947    5   125.46    16.48
1947    6    20.42    22.41
1947    7    28.94    23.83
1947    8     0.00    26.79
1947    9     5.95    22.57
1947   10    10.36    16.48
1947   11    25.36    13.40
1947   12    49.47     2.11
1948    1    27.12     1.89
1948    2    52.71    -5.11
1948    3    11.40     4.51
1948    4   114.67    12.69
1948    5    42.73    18.33
1948    6    43.07    21.01
1948    7    23.42    25.36
1948    8    10.77    24.72
1948    9     6.13    22.70
1948   10    40.01    15.66
1948   11    58.05     9.83
1948   12    40.02     4.19
1949    1    22.41     0.76
1949    2    38.05    -2.68
1949    3    43.41     3.61
1949    4    29.22    11.98
1949    5    79.17    16.85
1949    6   117.04    19.81
1949    7    21.90    22.43
1949    8    19.21    25.97
1949    9     2.56    20.65
1949   10   105.59    11.24
1949   11    21.47     9.96
1949   12    18.47     3.85
1950    1    24.38     4.76
1950    2    72.70     1.37
1950    3    47.69     8.61
1950    4    21.56    14.48
1950    5    99.92    14.97
1950    6    65.61    19.85
1950    7    29.36    22.37
1950    8     3.02    24.05
1950    9     1.01    19.22
1950   10     1.47    15.60
1950   11    85.43     7.58
1950   12    26.52     3.61
1951    1    61.06    -5.60
1951    2    18.22     2.06
1951    3    20.64     7.79
1951    4    21.52    16.54
1951    5   102.33    16.62
1951    6    20.44    21.02
1951    7    38.54    22.17
1951    8    38.93    25.28
1951    9    14.70    18.48
1951   10    18.79    13.72
1951   11    19.75    11.18
1951   12    17.97     5.07
1952    1    27.97     0.16
1952    2    21.80     4.14
1952    3    30.86     6.12
1952    4    63.05    12.67
1952    5    85.53    17.58
1952    6    46.69    20.59
1952    7    48.07    22.10
1952    8     0.01    23.67
1952    9    32.36    19.07
1952   10    56.48    12.72
1952   11     9.48     6.61
1952   12    19.85     1.04
1953    1    23.64     3.77
1953    2    40.27     0.74
1953    3    57.27     9.11
1953    4    96.15    11.40
1953    5    86.95    15.70
1953    6    20.38    18.34
1953    7    44.29    22.16
1953    8    24.57    23.65
1953    9    18.36    19.43
1953   10     3.44    13.12
1953   11    10.75     9.00
1953   12    26.21     3.66
1954    1    14.54     3.53
1954    2     5.99     1.81
1954    3     9.11     9.35
1954    4    61.23    13.62
1954    5    35.98    16.49
1954    6   109.23    19.44
1954    7    24.65    23.59
1954    8     9.60    25.21
1954    9    13.36    19.86
1954   10    17.79    14.78
1954   11     3.33     6.12
1954   12     4.97     5.17
1955    1    18.89     2.66
1955    2    10.05     4.99
1955    3    43.05     9.53
1955    4    90.82    12.41
1955    5    78.93    15.67
1955    6    74.88    20.26
1955    7    15.89    23.07
1955    8     3.68    22.30
1955    9    63.13    21.26
1955   10    10.16    13.96
1955   11     3.29    12.17
1955   12    34.06     7.33
1956    1    21.07     7.75
1956    2    21.01     4.91
1956    3    51.06     6.07
1956    4    27.68    13.15
1956    5    89.14    15.33
1956    6    31.59    21.05
1956    7    31.99    23.14
1956    8    47.72    22.24
1956    9    42.09    16.53
1956   10    10.52    16.53
1956   11     6.95     9.17
1956   12    10.02     1.87
1957    1    18.92     0.88
1957    2    42.08    -1.70
1957    3     9.08     3.13
1957    4    51.25    12.43
1957    5    23.44    16.87
1957    6   103.76    20.41
1957    7    20.91    22.59
1957    8    50.28    23.61
1957    9    41.14    19.53
1957   10   107.51    12.51
1957   11    28.91    10.63
1957   12    35.95     2.36
1958    1    18.42    -0.98
1958    2     6.29    -2.39
1958    3    34.48     5.07
1958    4    40.03    10.64
1958    5    74.48    17.64
1958    6    27.31    19.19
1958    7    43.47    22.34
1958    8     0.28    25.69
1958    9    12.46    22.51
1958   10    37.65    17.25
1958   11    35.68     9.73
1958   12    27.10     2.85
1959    1    13.13     2.43
1959    2    13.27    -2.51
1959    3    86.10     5.12
1959    4    13.94    15.45
1959    5    85.71    17.31
1959    6    37.38    20.71
1959    7     1.61    25.24
1959    8     0.09    26.69
1959    9    26.90    19.18
1959   10    28.65    11.34
1959   11    14.10     9.27
1959   12    42.62     0.72
1960    1    32.69    -0.74
1960    2    40.79     2.90
1960    3    23.20     7.00
1960    4    58.01    12.89
1960    5   106.58    17.11
1960    6    60.55    18.87
1960    7     3.35    23.95
1960    8     0.00    26.73
1960    9     7.44    22.72
1960   10    58.16    13.34
1960   11     9.60     8.48
1960   12    38.08     1.16
1961    1    25.55     4.60
1961    2    25.11     3.88
1961    3    54.38     8.50
1961    4    44.14    12.82
1961    5     6.53    19.44
1961    6     3.75    23.28
1961    7     6.77    25.83
1961    8    32.00    24.75
1961    9    20.49    21.96
1961   10    97.33    12.47
1961   11     7.15     9.60
1961   12    26.42     1.06
1962    1    31.40     2.00
1962    2    19.10     0.72
1962    3    19.23     6.56
1962    4    60.66    12.54
1962    5    74.65    17.68
1962    6    79.21    20.74
1962    7    72.98    22.13
1962    8    60.28    22.89
1962    9    39.53    20.09
1962   10    55.19    14.56
1962   11    28.47     4.84
1962   12    45.89     0.93
1963    1    35.70     1.99
1963    2    35.06     2.51
1963    3     6.18     8.43
1963    4    51.00    13.39
1963    5   149.35    16.45
1963    6    75.16    19.54
1963    7    34.78    21.68
1963    8    14.11    24.09
1963    9    68.97    19.77
1963   10    49.44    11.39
1963   11    24.00     7.57
1963   12    53.82     3.06
1964    1    39.23     0.45
1964    2    16.44    -1.53
1964    3    45.70     7.46
1964    4    29.03    11.62
1964    5   124.92    15.58
1964    6    83.76    19.30
1964    7    24.19    23.07
1964    8    10.99    23.89
1964    9     0.89    24.16
1964   10    91.86    14.17
1964   11    51.65     6.98
1964   12    18.70     5.14
1965    1    19.91    -1.02
1965    2    25.02     0.33
1965    3     7.63    11.20
1965    4    60.92    11.70
1965    5    20.50    17.85
1965    6    36.43    21.72
1965    7    10.23    24.97
1965    8     2.85    27.18
1965    9     0.20    22.15
1965   10     1.25    15.55
1965   11     3.34     8.54
1965   12    27.74     3.61
1966    1    28.74    -2.88
1966    2    71.98    -1.76
1966    3    14.95     6.12
1966    4    43.67    13.05
1966    5    17.35    18.79
1966    6    35.86    22.51
1966    7     2.67    24.81
1966    8    14.99    26.68
1966    9    10.67    21.71
1966   10    13.59    14.20
1966   11    11.64     9.06
1966   12    33.18     4.45
1967    1    36.41     3.26
1967    2    30.40     6.98
1967    3    29.89     4.52
1967    4    27.19    13.32
1967    5    70.24    17.23
1967    6    25.69    20.68
1967    7     5.02    25.28
1967    8     0.10    26.46
1967    9    12.21    23.23
1967   10    11.27    16.53
1967   11     8.73    11.16
1967   12     8.53     1.61
1968    1    41.72     4.67
1968    2    18.58     4.93
1968    3    47.25     8.12
1968    4    49.00    14.71
1968    5    86.56    17.85
1968    6    72.36    18.64
1968    7    27.89    23.45
1968    8     0.99    22.42
1968    9     3.56    22.38
1968   10    44.74    14.52
1968   11    30.93     7.73
1968   12    37.96     5.42
1969    1    49.40     2.48
1969    2    25.14     2.11
1969    3    32.98     7.85
1969    4    47.13    13.81
1969    5    17.77    17.36
1969    6    48.34    21.38
1969    7    55.88    23.02
1969    8    13.97    23.98
1969    9    10.32    21.33
1969   10    34.73    16.01
1969   11    41.38     6.18
1969   12    42.37     3.75
1970    1    30.31     1.05
1970    2    28.82     1.87
1970    3    31.53     6.28
1970    4    59.11    10.80
1970    5    31.32    17.69
1970    6    50.01    20.89
1970    7    29.13    23.91
1970    8    33.59    25.33
1970    9     9.77    20.28
1970   10   100.56    12.00
1970   11    88.30     4.22
1970   12    30.04    -2.62
1971    1     6.77     0.83
1971    2    26.06     3.88
1971    3    75.72     3.88
1971    4    62.19    13.53
1971    5    90.59    15.38
1971    6    32.17    20.70
1971    7     4.84    24.80
1971    8     7.32    22.43
1971    9    16.49    17.27
1971   10    29.14    15.13
1971   11    57.04     8.10
1971   12    31.31     2.31
1972    1    16.53     3.31
1972    2     4.97     5.23
1972    3    17.54     7.97
1972    4    89.70    12.01
1972    5    50.51    18.52
1972    6    58.73    21.19
1972    7    60.67    23.84
1972    8     0.41    24.24
1972    9    43.99    18.57
1972   10    29.83    15.58
1972   11    13.57     9.09
1972   12     3.97     6.27
1973    1    29.87    -0.41
1973    2    51.00     2.14
1973    3    44.03     8.67
1973    4    79.77    13.31
1973    5   151.24    16.69
1973    6    45.34    20.12
1973    7    57.78    21.76
1973    8    63.79    21.69
1973    9    29.74    19.43
1973   10    41.38    13.96
1973   11    29.39    10.21
1973   12    16.92     5.96
1974    1    14.56     1.51
1974    2    31.96     1.68
1974    3     3.60     9.57
1974    4    17.54    10.50
1974    5   109.34    16.04
1974    6    58.98    20.17
1974    7    36.52    23.95
1974    8     4.47    25.07
1974    9     0.12    21.16
1974   10    24.95    14.48
1974   11    57.35     8.96
1974   12    48.61     3.07
1975    1    24.72     2.10
1975    2    40.87     3.53
1975    3    33.00     4.04
1975    4    65.85    13.07
1975    5    23.41    19.13
1975    6    52.39    22.45
1975    7    34.47    22.91
1975    8     4.72    23.48
1975    9    40.50    20.29
1975   10    57.14    11.21
1975   11    53.10     5.88
1975   12    41.41     4.62
1976    1    28.21    -0.05
1976    2     3.74     2.88
1976    3    47.65     4.62
1976    4    24.65    17.51
1976    5   107.53    17.19
1976    6    74.38    21.63
1976    7    35.66    24.70
1976    8     5.49    26.06
1976    9     2.89    21.08
1976   10    71.94    14.27
1976   11    20.74     9.63
1976   12    23.74     6.34
1977    1    32.85    -1.38
1977    2    27.81     0.15
1977    3    51.85     5.04
1977    4    56.08    13.46
1977    5    75.92    17.53
1977    6    87.26    22.02
1977    7     4.27    22.94
1977    8    53.40    24.24
1977    9    43.44    19.02
1977   10    22.55    13.58
1977   11     3.91     9.90
1977   12    21.56     6.11
1978    1     9.13     5.19
1978    2    37.60     1.40
1978    3    43.49    10.71
1978    4    56.57    13.98
1978    5    19.51    16.48
1978    6    23.38    21.18
1978    7     2.85    26.38
1978    8     5.45    25.87
1978    9     0.74    20.75
1978   10     4.17    14.88
1978   11    12.97     7.14
1978   12    27.66    -1.19
1979    1    19.28     2.68
1979    2    12.00     2.33
1979    3    19.03     9.17
1979    4   109.03    13.76
1979    5    50.85    17.77
1979    6    42.07    20.34
1979    7     1.74    27.79
1979    8     3.69    24.84
1979    9     9.82    21.37
1979   10     8.69    15.23
1979   11     7.39     7.90
1979   12    30.09     5.14
1980    1    44.61     0.59
1980    2    22.97    -2.39
1980    3    19.56     6.54
1980    4    28.21    13.51
1980    5   153.05    17.89
1980    6    55.44    22.11
1980    7    24.40    23.17
1980    8     9.85    23.91
1980    9    57.49    19.22
1980   10    46.89    14.84
1980   11    42.66     6.20
1980   12    18.92     5.95
1981    1    49.06     4.03
1981    2    13.95     6.84
1981    3    40.87     7.25
1981    4    26.07    11.36
1981    5    34.19    15.44
1981    6    77.70    20.52
1981    7    39.44    24.43
1981    8    55.95    23.16
1981    9    11.82    20.36
1981   10    24.05    15.99
1981   11    35.63     7.25
1981   12    19.54     3.76
1982    1    27.74     5.05
1982    2    35.26     2.67
1982    3    10.35     5.89
1982    4    46.78    13.89
1982    5    67.65    18.60
1982    6    38.74    21.62
1982    7   121.16    23.44
1982    8    13.31    24.99
1982    9     6.02    21.69
1982   10     6.18    13.52
1982   11    74.56     5.60
1982   12     0.83     3.38
1983    1    35.69     2.40
1983    2    19.86     4.37
1983    3    21.29     7.77
1983    4    25.57    16.86
1983    5    80.84    18.79
1983    6    42.34    23.11
1983    7     5.24    25.08
1983    8     1.21    25.11
1983    9    25.94    21.76
1983   10     8.80    12.94
1983   11    26.12     8.69
1983   12    15.93     3.98
1984    1    40.67     3.16
1984    2    16.31     7.52
1984    3    49.28     8.77
1984    4    87.73    13.83
1984    5    58.65    16.51
1984    6    21.95    20.02
1984    7    14.60    24.58
1984    8     9.84    25.86
1984    9    55.50    18.56
1984   10    22.40    11.70
1984   11    11.50     8.00
1984   12     5.73     5.79
1985    1    43.57     0.37
1985    2    19.46    -1.87
1985    3    38.52     6.50
1985    4    94.07    12.69
1985    5    76.35    15.08
1985    6    37.69    21.14
1985    7    31.87    22.92
1985    8    14.48    25.00
1985    9     2.68    22.07
1985   10    11.65    15.12
1985   11    40.20     7.30
1985   12    19.12     1.62
1986    1    44.19    -1.45
1986    2    30.32     0.29
1986    3    27.05     8.93
1986    4    75.86    10.42
1986    5   104.38    17.13
1986    6    63.24    21.45
1986    7    30.74    22.09
1986    8    42.04    23.22
1986    9    35.61    19.97
1986   10    50.86    12.25
1986   11    34.30     8.72
1986   12     5.67     5.40
1987    1    48.47     3.89
1987    2     6.07     5.50
1987    3    19.50     5.17
1987    4    40.33    13.52
1987    5   106.92    16.45
1987    6    53.83    17.93
1987    7    25.81    23.44
1987    8     7.33    24.64
1987    9     6.48    21.36
1987   10     9.31    18.84
1987   11    10.43    11.53
1987   12    38.82     3.86
1988    1    24.18     3.88
1988    2     4.64     7.26
1988    3    14.94    10.54
1988    4    65.70    13.90
1988    5    64.32    16.82
1988    6    80.19    21.26
1988    7    29.84    24.44
1988    8    30.95    23.63
1988    9    10.73    18.20
1988   10     1.76    16.52
1988   11    12.46    11.51
1988   12    52.18     3.93
1989    1    43.69     1.69
1989    2    10.78     5.03
1989    3    36.58     9.42
1989    4    42.27    15.14
1989    5    83.72    16.72
1989    6   123.87    22.10
1989    7    30.83    22.82
1989    8     1.99    25.04
1989    9    21.35    23.39
1989   10    35.59    14.56
1989   11    18.59    10.90
1989   12    34.46     6.17
1990    1    66.69    -0.62
1990    2    27.76     1.73
1990    3    13.06     8.80
1990    4    49.67    13.02
1990    5    74.21    17.91
1990    6   122.06    20.96
1990    7    50.09    23.63
1990    8    21.10    23.52
1990    9     1.49    20.67
1990   10    30.69    17.85
1990   11    36.71    11.99
1990   12    10.69     7.09
1991    1    41.23     1.92
1991    2    15.48     5.37
1991    3    39.62     7.80
1991    4    45.12    13.22
1991    5    54.36    18.82
1991    6    32.80    21.13
1991    7     9.23    23.64
1991    8     6.19    26.11
1991    9    30.12    21.96
1991   10    23.25    13.40
1991   11    33.87     9.98
1991   12    44.28     5.46
1992    1    33.87     4.39
1992    2    16.32     3.68
1992    3    32.56     4.70
1992    4    35.52    13.81
1992    5   102.53    15.49
1992    6    32.60    20.83
1992    7     0.00    25.91
1992    8    31.86    27.40
1992    9    20.48    20.08
1992   10    18.94    12.88
1992   11    35.49     6.80
1992   12    19.25     7.19
1993    1    30.15     2.44
1993    2    28.06    -4.47
1993    3    23.46     7.97
1993    4    65.44    12.87
1993    5    54.89    17.06
1993    6    39.33    22.34
1993    7     4.52    23.45
1993    8    22.97    25.57
1993    9     2.03    18.81
1993   10    21.68    15.18
1993   11     9.92     9.71
1993   12     3.46     4.90
1994    1    32.26     4.87
1994    2    20.73     3.21
1994    3    27.80     4.10
1994    4    87.44    15.69
1994    5    43.15    16.99
1994    6    60.99    21.01
1994    7    17.01    24.18
1994    8     3.72    26.51
1994    9   135.45    19.52
1994   10    14.49    16.56
1994   11    18.49     9.68
1994   12    68.20     2.94
1995    1    21.07     4.24
1995    2    32.38     5.96
1995    3    47.95     8.36
1995    4    88.11     9.86
1995    5    34.38    19.41
1995    6    23.29    20.28
1995    7    12.91    25.17
1995    8     1.49    25.59
1995    9     1.04    20.05
1995   10    35.56    12.48
1995   11    30.31     9.75
1995   12    43.71     4.35
1996    1    28.87     3.22
1996    2    37.32     7.75
1996    3    55.91     7.40
1996    4    86.98    13.62
1996    5   211.38    16.17
1996    6    27.51    20.80
1996    7     9.15    22.89
1996    8    57.97    23.45
1996    9    15.67    21.92
1996   10    56.23    15.40
1996   11    71.90     7.85
1996   12    23.62     2.75
1997    1    25.89     1.72
1997    2    29.56     0.85
1997    3    34.78     2.87
1997    4    32.82    16.00
1997    5    48.70    17.00
1997    6    77.93    21.04
1997    7    28.32    22.07
1997    8     1.16    23.64
1997    9     1.69    23.06
1997   10    69.13    13.50
1997   11    82.44     6.45
1997   12    28.92     8.15
1998    1    49.69     4.00
1998    2    46.45     6.38
1998    3    19.03    11.16
1998    4    29.85    15.37
1998    5    75.72    20.05
1998    6    54.64    19.90
1998    7     6.44    25.43
1998    8     0.95    24.29
1998    9     2.44    24.75
1998   10    51.75    16.57
1998   11    41.58     5.14
1998   12    42.36    -0.65
1999    1    11.63     2.14
1999    2   105.29     3.47
1999    3    57.02     7.53
1999    4    47.43    11.16
1999    5    30.01    19.97
1999    6    43.69    23.03
1999    7    40.96    22.44
1999    8    40.42    24.09
1999    9     7.79    21.75
1999   10    22.44    16.22
1999   11    25.85    10.74
1999   12    35.55     5.70
2000    1    65.06     2.95
2000    2    10.71     7.05
2000    3    55.66     9.23
2000    4    35.27    12.07
2000    5    77.53    17.08
2000    6    55.90    21.03
2000    7    29.66    24.13
2000    8     5.80    26.29
2000    9     0.33    23.07
2000   10     8.91    15.82
2000   11    14.12     8.33
2000   12     4.65     6.76
2001    1    36.77     7.53
2001    2    53.40     5.82
2001    3    84.19     8.64
2001    4     7.66    14.15
2001    5   117.90    17.09
2001    6     1.80    20.58
2001    7     5.43    25.36
2001    8     0.00    25.27
2001    9    26.66    20.67
2001   10    37.50    14.10
2001   11    13.15     8.96
2001   12    42.82     0.61
2002    1     9.87     2.63
2002    2    17.10     5.73
2002    3     8.02     4.74
2002    4    20.17    14.28
2002    5    87.63    19.40
2002    6   105.48    20.11
2002    7    23.58    23.95
2002    8     1.43    24.71
2002    9    56.77    18.78
2002   10    44.35    13.30
2002   11    30.67     6.47
2002   12    16.07     5.31
2003    1    13.36     3.34
2003    2    17.00     4.50
2003    3    58.79     9.19
2003    4    67.91    12.71
2003    5    73.47    19.28
2003    6    75.61    22.02
2003    7    82.72    24.40
2003    8    18.16    25.52
2003    9     1.48    19.70
2003   10    19.97    16.06
2003   11    11.16     9.93
2003   12    20.79     5.04
2004    1     1.78     4.08
2004    2     6.73     4.29
2004    3    30.97     9.63
2004    4    61.61    13.32
2004    5    61.51    16.91
2004    6    33.59    22.36
2004    7     7.40    26.34
2004    8     0.67    27.47
2004    9     0.00    25.18
2004   10     2.24    16.83
2004   11    44.05     6.14
2004   12    43.91     2.71
2005    1    30.78     0.18
2005    2    48.46    -8.95
2005    3    12.19     3.35
2005    4     6.92    14.37
2005    5   133.41    16.72
2005    6    70.31    22.58
2005    7     0.15    27.70
2005    8     0.11    27.08
2005    9    14.10    22.91
2005   10    20.44    16.79
2005   11    45.00     6.50
2005   12    22.82     1.67
