2006    1    44.08     2.15
2006    2    70.28     2.98
2006    3    28.77     5.91
2006    4    60.95    10.31
2006    5    36.64    14.57
2006    6    35.37    21.34
2006    7     5.29    23.79
2006    8     0.04    22.33
2006    9    13.04    19.32
2006   10    79.60    13.60
2006   11    73.05     7.72
2006   12    26.99     4.94
2007    1    43.97     3.92
2007    2    37.70     4.10
2007    3    44.76     6.14
2007    4    12.40     7.50
2007    5    34.28    15.03
2007    6    42.95    18.72
2007    7    13.91    25.14
2007    8     7.24    24.56
2007    9     2.37    18.15
2007   10    25.85    12.19
2007   11    32.73     7.95
2007   12    49.51     5.32
2008    1    81.11     1.93
2008    2    47.55     3.15
2008    3    86.95     4.60
2008    4    56.06     8.63
2008    5    52.52    15.21
2008    6    11.06    20.66
2008    7     0.43    25.00
2008    8     0.00    24.27
2008    9    35.08    17.49
2008   10    91.47     7.32
2008   11    48.54     6.83
2008   12    27.93     3.68
2009    1    29.65     3.92
2009    2    29.35     3.44
2009    3    56.14     3.51
2009    4    10.09    14.80
2009    5    25.06    17.65
2009    6     7.59    22.57
2009    7     1.95    24.60
2009    8     0.31    24.14
2009    9    11.18    19.49
2009   10    93.27    10.66
2009   11    68.06     8.09
2009   12   141.97     4.95
2010    1    43.78     3.33
2010    2   131.35     2.21
2010    3    87.90     2.55
2010    4    29.70     9.63
2010    5    46.91    14.16
2010    6    30.51    21.40
2010    7     0.00    28.07
2010    8     3.52    22.38
2010    9     3.30    18.74
2010   10     7.79    16.35
2010   11    25.41     9.94
2010   12    47.34     3.96
2011    1    46.37     1.87
2011    2    47.16     1.70
2011    3    68.33     5.54
2011    4    72.09     7.21
2011    5    10.62    16.17
2011    6     1.48    23.68
2011    7     0.00    27.26
2011    8     9.91    21.86
2011    9    23.79    17.35
2011   10    78.27    12.61
2011   11    80.43     6.11
2011   12    24.49     4.06
2012    1    60.35     3.24
2012    2    56.90     2.45
2012    3    32.59     6.22
2012    4    33.56    11.12
2012    5    35.56    17.76
2012    6    55.18    17.89
2012    7     5.75    24.80
2012    8    13.86    21.17
2012    9    18.55    18.60
2012   10    94.80    11.23
2012   11    52.83     4.44
2012   12    72.39     4.55
2013    1    83.22     1.16
2013    2    23.42     2.65
2013    3    98.63     5.58
2013    4   125.99     6.27
2013    5   116.36    12.68
2013    6    61.05    16.77
2013    7     2.16    24.93
2013    8     0.00    23.19
2013    9    10.48    18.40
2013   10    36.34    10.94
2013   11     6.32    10.30
2013   12    70.22     4.72
2014    1    76.26    -0.31
2014    2    77.29    -1.38
2014    3    49.54     3.27
2014    4     9.44    13.31
2014    5    13.56    19.25
2014    6     9.92    21.19
2014    7     7.64    24.64
2014    8    14.57    21.61
2014    9    18.32    19.39
2014   10   122.98    10.79
2014   11   116.22     6.94
2014   12    26.88     4.09
2015    1    13.37     4.72
2015    2    44.44     3.50
2015    3    64.51     5.26
2015    4    58.67     8.42
2015    5    92.94    12.42
2015    6    45.30    19.99
2015    7     0.15    23.45
2015    8     1.21    22.01
2015    9    11.60    20.39
2015   10    89.78    11.79
2015   11    21.85     7.38
2015   12   128.06     4.05
2016    1    27.68     1.64
2016    2    87.61     2.74
2016    3    46.40     3.01
2016    4    81.50     7.91
2016    5    44.47    15.65
2016    6     7.83    20.98
2016    7     4.72    26.24
2016    8     4.76    23.44
2016    9    24.25    19.03
2016   10   121.29     9.85
2016   11    85.09     7.66
2016   12    21.87     4.46
2017    1    29.71     1.96
2017    2    37.14     3.94
2017    3    55.65     4.00
2017    4    25.24    11.54
2017    5    32.47    14.75
2017    6    18.24    21.52
2017    7     0.09    23.21
2017    8     0.00    22.52
2017    9     2.67    19.13
2017   10    93.86    10.67
2017   11    37.07     8.33
2017   12    77.22     3.39
2018    1    26.68     2.55
2018    2    22.55     4.29
2018    3    96.82     1.39
2018    4    34.40    10.36
2018    5    67.68    11.30
2018    6    51.09    20.10
2018    7     3.67    25.69
2018    8     2.01    21.30
2018    9     1.67    16.39
2018   10    96.00    13.41
2018   11    11.08     6.77
2018   12    57.88     3.51
2019    1    17.19     3.94
2019    2    49.78     4.45
2019    3    73.25     4.89
2019    4    15.46    11.62
2019    5    86.85    12.83
2019    6    14.58    22.16
2019    7     3.96    22.98
2019    8    12.36    25.14
2019    9    27.66    15.95
2019   10   110.39    13.48
2019   11    65.78     7.22
2019   12    13.88     3.22
2020    1    29.28     2.52
2020    2    18.62     3.50
2020    3    77.76     4.91
2020    4    39.75    10.49
2020    5    82.72    13.99
2020    6    13.16    20.92
2020    7     0.23    25.47
2020    8     1.02    22.79
2020    9     4.90    19.25
2020   10    59.41    10.36
2020   11     6.36     8.83
2020   12    47.14     5.81
2021    1    29.11     1.68
2021    2    76.05     3.19
2021    3    82.23     3.88
2021    4    96.17     9.62
2021    5    69.75    11.82
2021    6    20.13    21.14
2021    7     2.27    26.17
2021    8     1.60    24.43
2021    9    76.40    14.56
2021   10    33.47    13.05
2021   11    40.42     8.03
2021   12    25.33     6.03
2022    1     8.37     5.53
2022    2    48.83     2.79
2022    3    34.79     6.73
2022    4    19.14     9.91
2022    5    20.45    14.70
2022    6    49.99    18.30
2022    7     3.89    27.29
2022    8     2.15    24.23
2022    9    35.65    19.98
2022   10    85.67    10.97
2022   11    47.95     8.09
2022   12    59.32     5.29
2023    1    33.83     0.56
2023    2    75.17     4.33
2023    3    31.63     4.14
2023    4    18.53    12.80
2023    5    71.82    16.61
2023    6    17.04    21.56
2023    7     2.25    25.53
2023    8     5.19    22.10
2023    9    41.93    17.73
2023   10    52.83    12.14
2023   11    96.11     8.51
2023   12    48.88     4.86
2024    1    42.98     3.29
2024    2    68.21     1.94
2024    3    65.62     5.79
2024    4    40.18    10.63
2024    5    46.04    14.29
2024    6    32.66    19.36
2024    7     4.15    25.68
2024    8     1.41    24.99
2024    9     1.48    19.37
2024   10    12.93    16.12
2024   11    80.15     9.10
2024   12    16.50     6.00
2025    1    41.38     2.23
2025    2    32.76     3.57
2025    3    36.37     7.82
2025    4    24.53    13.62
2025    5    45.20    15.31
2025    6    16.70    22.29
2025    7     0.03    26.90
2025    8     2.01    26.89
2025    9    72.53    16.99
2025   10    15.24    13.86
2025   11    15.26     9.64
2025   12    12.21     6.67
2026    1    69.24     1.96
2026    2    55.18     4.70
2026    3    48.38     8.19
2026    4    35.23    13.68
2026    5    41.88    15.93
2026    6    17.55    24.35
2026    7     0.43    28.40
2026    8     7.81    25.87
2026    9    61.75    17.81
2026   10    13.06    15.41
2026   11    32.64     8.81
2026   12    54.10     3.80
2027    1    51.64     1.59
2027    2    18.42     4.45
2027    3    90.90     4.38
2027    4    67.11     8.84
2027    5    60.41    15.15
2027    6    12.79    20.36
2027    7     6.48    24.36
2027    8     2.22    22.92
2027    9    35.71    16.31
2027   10     6.37    13.30
2027   11    45.90     8.52
2027   12    32.30     5.27
2028    1    29.38     3.87
2028    2    87.05     2.57
2028    3    57.59     4.27
2028    4    78.06     8.98
2028    5    83.61    14.00
2028    6    24.55    21.41
2028    7     2.65    26.10
2028    8     0.00    25.84
2028    9    36.34    20.03
2028   10   108.06    11.39
2028   11    44.39     6.88
2028   12    74.65     4.67
2029    1    44.15     1.04
2029    2    35.44     4.13
2029    3    35.61     7.04
2029    4    78.36     9.58
2029    5    83.71    13.16
2029    6    23.29    21.92
2029    7     1.14    26.41
2029    8     0.04    26.80
2029    9    26.92    17.65
2029   10    64.44    12.61
2029   11    86.62     8.67
2029   12    33.77     5.22
2030    1    39.05     2.31
2030    2    38.12     2.96
2030    3    52.72     6.91
2030    4    50.04    11.00
2030    5    86.95    14.99
2030    6    12.73    20.63
2030    7     0.57    23.94
2030    8     0.23    24.71
2030    9    20.18    17.69
2030   10    81.15    10.11
2030   11    46.66     7.13
2030   12    17.51     3.99
2031    1    41.14     2.09
2031    2    29.60     3.60
2031    3     8.77     9.92
2031    4    46.04    10.58
2031    5    37.70    15.05
2031    6    13.81    22.09
2031    7     2.80    24.03
2031    8     0.31    24.41
2031    9    11.12    17.05
2031   10    84.00    11.49
2031   11    38.98     9.21
2031   12    36.26     4.11
2032    1    28.00     3.24
2032    2    77.35     3.09
2032    3    88.70     5.54
2032    4    94.39     8.42
2032    5    39.33    14.31
2032    6    13.71    20.14
2032    7     2.46    25.74
2032    8     5.70    25.05
2032    9    59.61    17.48
2032   10    43.83    10.10
2032   11    67.21     8.03
2032   12    51.91     4.08
2033    1    57.84     1.90
2033    2    50.75     3.82
2033    3    62.51     3.00
2033    4    68.78     9.59
2033    5    41.91    14.99
2033    6    12.91    19.31
2033    7     0.09    26.14
2033    8     0.99    26.48
2033    9     2.28    18.48
2033   10    50.16    12.41
2033   11    86.41     5.36
2033   12    22.98     5.25
2034    1    31.04     1.36
2034    2    28.52     3.05
2034    3    28.44     6.84
2034    4   104.31     9.68
2034    5    64.28    15.94
2034    6     4.44    23.47
2034    7     5.29    27.14
2034    8    11.57    22.65
2034    9    11.76    21.28
2034   10    65.34    10.97
2034   11    49.38     6.86
2034   12    56.60     3.61
2035    1    22.88     3.18
2035    2    33.86     3.49
2035    3    49.11     7.43
2035    4    59.06    10.48
2035    5    68.68    13.57
2035    6    34.15    19.28
2035    7     3.60    25.37
2035    8     4.02    26.08
2035    9    46.23    19.68
2035   10    52.01    11.92
2035   11   112.94     9.45
2035   12    65.21     4.19
2036    1    32.48     3.33
2036    2    32.65     3.68
2036    3    47.14     5.34
2036    4   114.47     5.91
2036    5    27.91    14.53
2036    6    22.67    20.43
2036    7     3.59    27.08
2036    8    14.99    22.84
2036    9     1.80    18.55
2036   10    56.28    12.47
2036   11    72.83     7.02
2036   12    19.29     4.75
2037    1    36.38     5.22
2037    2    54.07     2.15
2037    3    31.29     5.92
2037    4    96.28     6.64
2037    5    48.77    14.52
2037    6    34.51    20.17
2037    7     5.76    26.37
2037    8     8.68    21.18
2037    9    16.43    19.27
2037   10    39.78    13.87
2037   11    29.95     6.31
2037   12    42.84     4.81
2038    1    25.72     2.01
2038    2    45.56     5.17
2038    3    32.46     7.43
2038    4    21.89    13.58
2038    5     9.45    19.04
2038    6    47.31    20.74
2038    7     3.81    25.94
2038    8     0.23    26.08
2038    9     6.53    20.88
2038   10    23.73    11.92
2038   11    34.66     8.38
2038   12    26.07     4.91
2039    1    85.74     5.02
2039    2    56.58     3.94
2039    3    70.86     4.98
2039    4    12.86    12.31
2039    5    50.39    15.83
2039    6     7.24    22.18
2039    7    16.10    26.32
2039    8     0.23    24.42
2039    9    16.71    19.67
2039   10    17.91    13.82
2039   11    66.46     6.86
2039   12    24.48     5.80
2040    1    91.07     3.60
2040    2    62.81     3.97
2040    3    70.59     7.27
2040    4   120.23     6.57
2040    5    62.74    13.82
2040    6    38.91    21.12
2040    7    25.03    23.29
2040    8     0.77    22.82
2040    9     1.48    20.48
2040   10    16.48    14.63
2040   11     6.54    13.08
2040   12    27.01     5.96
2041    1    72.71     5.65
2041    2    49.53     5.17
2041    3   110.22     4.08
2041    4    59.25    12.13
2041    5     9.91    20.73
2041    6     0.94    24.75
2041    7     2.62    27.23
2041    8     1.55    24.03
2041    9    23.55    18.26
2041   10    55.30    12.58
2041   11    16.74     9.04
2041   12    59.26     4.45
2042    1    39.87     2.52
2042    2    68.60     3.07
2042    3    68.38     4.66
2042    4    21.63    12.09
2042    5    42.98    15.79
2042    6    27.88    21.46
2042    7     7.40    28.71
2042    8     3.41    24.44
2042    9     3.50    20.07
2042   10    12.97    14.26
2042   11    18.63     9.07
2042   12    68.41     5.84
2043    1    29.14     3.66
2043    2    43.73     4.73
2043    3    50.16     1.45
2043    4    39.38    10.21
2043    5    77.23    14.53
2043    6    18.09    25.29
2043    7     9.05    24.19
2043    8     0.51    24.51
2043    9     0.27    22.49
2043   10    25.51    14.66
2043   11    27.12     9.52
2043   12    25.97     6.96
2044    1    34.99     3.89
2044    2    53.82     3.91
2044    3    58.04     3.86
2044    4    71.71     8.23
2044    5    41.06    13.58
2044    6    57.21    19.19
2044    7     1.35    23.78
2044    8     0.74    23.77
2044    9     1.63    22.51
2044   10   110.06    12.68
2044   11     5.91     9.19
2044   12    37.20     4.89
2045    1    24.98     3.40
2045    2    52.51     4.45
2045    3    62.23     5.25
2045    4    32.88    12.54
2045    5    31.43    17.12
2045    6    45.66    20.44
2045    7     0.00    26.34
2045    8    12.63    24.46
2045    9     3.51    21.20
2045   10    60.48    13.97
2045   11    11.58     7.35
2045   12    18.38     6.06
2046    1    24.55     4.00
2046    2    10.77     5.83
2046    3    72.74     7.62
2046    4    80.16     8.45
2046    5    32.17    14.95
2046    6    53.03    18.30
2046    7     0.00    25.24
2046    8     3.87    25.66
2046    9    40.67    19.33
2046   10    50.49    12.67
2046   11    87.78     9.58
2046   12    45.23     4.20
2047    1    26.61     3.24
2047    2    16.97     4.72
2047    3    69.57     8.44
2047    4    26.60    10.87
2047    5    47.64    15.21
2047    6    28.15    22.48
2047    7     0.17    25.42
2047    8     4.98    22.75
2047    9    43.86    16.26
2047   10    74.49    10.85
2047   11    36.15     6.17
2047   12    51.78     5.11
2048    1    23.06     4.46
2048    2    73.32     2.49
2048    3    87.16     2.93
2048    4    30.10     8.66
2048    5    28.13    16.24
2048    6    40.59    21.77
2048    7    16.16    25.54
2048    8     1.72    24.33
2048    9    14.09    18.91
2048   10    13.26    12.98
2048   11    71.11     8.75
2048   12   165.84     4.15
2049    1    20.92     3.56
2049    2    34.04     0.17
2049    3    20.03     7.54
2049    4    47.24    10.82
2049    5    66.25    12.04
2049    6    53.41    20.24
2049    7     0.03    27.17
2049    8     0.00    23.93
2049    9    10.08    18.23
2049   10   205.65    10.71
2049   11   108.57     6.05
2049   12    19.70     2.69
2050    1    21.30     3.05
2050    2    28.58     3.86
2050    3    18.93     9.38
2050    4    34.83    11.42
2050    5   124.09    13.46
2050    6    34.29    19.35
2050    7     1.82    24.39
2050    8     0.06    27.45
2050    9    54.52    18.49
2050   10    26.13    10.88
2050   11    38.18     8.49
2050   12    18.07     5.29
2051    1    32.73     3.89
2051    2    79.98     3.69
2051    3    35.36     8.65
2051    4   110.07     7.17
2051    5    31.22    16.65
2051    6    60.43    19.50
2051    7     5.16    25.55
2051    8     0.72    26.15
2051    9    47.40    16.90
2051   10    36.65    15.75
2051   11    75.57     7.77
2051   12    14.04     7.29
2052    1    49.70     0.59
2052    2    26.15     4.26
2052    3    80.93     5.95
2052    4    58.58     6.98
2052    5    11.13    19.34
2052    6     6.04    22.35
2052    7     0.66    26.21
2052    8     0.28    23.83
2052    9     2.60    20.90
2052   10    75.20    11.60
2052   11    48.95     8.81
2052   12    45.93     3.95
2053    1    52.06     2.55
2053    2    42.66     4.40
2053    3    34.90     8.74
2053    4    13.76    14.47
2053    5    36.30    15.85
2053    6    13.66    24.30
2053    7    12.58    25.66
2053    8     1.47    24.63
2053    9     4.32    18.65
2053   10    49.37    14.17
2053   11    91.98     9.18
2053   12   119.39     2.53
2054    1    21.10     4.66
2054    2    31.71     5.89
2054    3    72.18     6.90
2054    4   118.60     7.97
2054    5    82.07    11.39
2054    6    28.66    19.07
2054    7    10.21    22.94
2054    8     0.93    22.76
2054    9    28.20    19.46
2054   10    30.78    12.14
2054   11    91.66     7.45
2054   12    61.57     4.86
2055    1    71.14     0.24
2055    2    29.77     1.35
2055    3    55.89     4.52
2055    4    54.48     7.15
2055    5    99.62    15.17
2055    6    31.17    20.28
2055    7     1.78    21.08
2055    8     0.49    24.72
2055    9    23.89    18.14
2055   10    18.02    12.86
2055   11    16.63     8.91
2055   12    18.72     5.88
2056    1    15.69     4.36
2056    2    28.29     1.16
2056    3    79.78     6.30
2056    4    35.02    10.11
2056    5    61.98    12.95
2056    6    31.00    20.56
2056    7     0.34    24.96
2056    8     2.15    23.59
2056    9    21.08    18.19
2056   10    71.52    12.41
2056   11    20.67     9.44
2056   12    59.29     3.99
2057    1    24.53     2.88
2057    2    49.01     2.62
2057    3    53.61     6.94
2057    4    76.52    12.59
2057    5    73.57    13.86
2057    6    38.88    19.84
2057    7     0.00    29.13
2057    8     3.31    22.40
2057    9     9.84    16.84
2057   10    54.49    13.41
2057   11   115.86     8.24
2057   12    38.06     7.05
2058    1    27.03     3.41
2058    2    77.97     4.88
2058    3    85.92     5.29
2058    4    71.35     9.29
2058    5    48.97    14.68
2058    6    14.09    22.58
2058    7     5.10    24.72
2058    8    23.80    23.18
2058    9     8.01    18.39
2058   10    40.34    13.59
2058   11    26.46     8.40
2058   12    33.04     5.52
2059    1   114.80     0.01
2059    2    53.18     1.99
2059    3    44.21     4.81
2059    4    99.08     7.65
2059    5    71.14    14.74
2059    6     4.22    22.41
2059    7     8.14    24.96
2059    8     0.53    22.39
2059    9     7.23    15.28
2059   10    77.78    11.62
2059   11    59.94     6.01
2059   12    24.02     4.95
2060    1    22.81     2.54
2060    2    16.50     3.42
2060    3   127.59     5.04
2060    4    23.58    10.02
2060    5    53.96    14.34
2060    6     2.44    24.96
2060    7     0.40    28.35
2060    8    10.98    24.93
2060    9    16.45    18.94
2060   10    79.99    15.44
2060   11   103.44     9.21
2060   12    96.03     3.65
2061    1    41.76     3.37
2061    2    67.13     4.86
2061    3    86.31     7.58
2061    4    20.27    15.04
2061    5    57.80    15.13
2061    6    31.48    20.88
2061    7     0.00    26.77
2061    8     7.08    24.95
2061    9    32.62    19.54
2061   10   106.38    11.19
2061   11    73.20     6.98
2061   12    51.74     5.78
2062    1    84.69     2.93
2062    2    70.39     3.68
2062    3    53.52     3.85
2062    4   102.14     8.33
2062    5    29.80    15.61
2062    6    20.16    21.17
2062    7     1.38    25.34
2062    8     5.16    22.32
2062    9    17.46    17.14
2062   10    60.90    13.04
2062   11    68.83     9.23
2062   12    32.96     4.73
2063    1    30.44     3.65
2063    2    21.16     5.31
2063    3    38.23     8.34
2063    4    44.56    10.11
2063    5    50.63    15.20
2063    6    38.73    20.32
2063    7     6.57    24.22
2063    8     0.20    21.82
2063    9    13.01    19.94
2063   10   110.68     9.27
2063   11    38.67     8.89
2063   12    45.41     3.49
2064    1    88.93     2.48
2064    2    26.11     5.05
2064    3    49.83     7.30
2064    4   174.09     8.27
2064    5    60.42    13.75
2064    6    23.35    19.77
2064    7     9.02    23.55
2064    8     8.85    21.22
2064    9    14.13    17.53
2064   10    49.19    13.33
2064   11    23.94     7.99
2064   12    43.27     3.60
2065    1    28.02     2.65
2065    2    45.32     3.74
2065    3    54.37     6.32
2065    4    22.40    13.66
2065    5    42.31    16.20
2065    6    34.76    22.08
2065    7     0.24    25.70
2065    8    12.76    23.51
2065    9     7.35    20.18
2065   10    42.39    14.08
2065   11    74.20     7.55
2065   12    20.79     4.20
2066    1    77.40     1.27
2066    2    49.63     5.60
2066    3    27.62     9.62
2066    4    55.22    10.81
2066    5    77.80    13.66
2066    6    31.66    21.05
2066    7    16.83    22.14
2066    8     5.05    22.81
2066    9    28.91    16.63
2066   10    44.79    13.09
2066   11    61.92     9.29
2066   12    33.85     3.40
2067    1    22.27     2.80
2067    2    86.75     2.69
2067    3    66.12     5.92
2067    4    66.70     8.49
2067    5    18.87    15.91
2067    6    27.28    21.63
2067    7     7.84    23.78
2067    8     0.19    23.25
2067    9     0.79    18.57
2067   10    68.77    11.63
2067   11    10.06     7.10
2067   12    19.51     5.77
2068    1    44.92     6.30
2068    2    58.32     3.26
2068    3    38.27    10.29
2068    4    24.15    11.99
2068    5    15.73    19.00
2068    6    32.11    21.62
2068    7     7.67    24.84
2068    8     2.37    23.61
2068    9    10.38    18.10
2068   10    47.43    11.31
2068   11    54.17     6.40
2068   12    95.86     4.09
2069    1    59.61     2.79
2069    2    72.82     3.35
2069    3    78.27     5.60
2069    4    69.14     8.30
2069    5    22.95    16.43
2069    6    23.44    22.04
2069    7     1.04    24.73
2069    8     0.00    25.31
2069    9     2.81    18.75
2069   10    64.51    12.28
2069   11    19.91     8.67
2069   12    31.59     5.20
2070    1    28.35     2.24
2070    2    26.10     3.87
2070    3    55.70     5.10
2070    4    33.21    13.03
2070    5    36.35    15.16
2070    6     5.01    22.42
2070    7     1.15    26.50
2070    8     1.49    25.22
2070    9     4.62    21.01
2070   10    45.97    13.43
2070   11    40.25     9.64
2070   12    63.38     3.55
2071    1    40.78     2.12
2071    2    30.17     3.59
2071    3    87.93     5.22
2071    4    78.65     9.63
2071    5    56.22    13.36
2071    6    37.76    20.77
2071    7     7.53    26.09
2071    8     0.21    25.59
2071    9    37.95    20.71
2071   10    34.87    11.96
2071   11    37.48     8.54
2071   12    42.14     6.06
2072    1    28.16     5.51
2072    2    55.15     5.63
2072    3    49.38     5.73
2072    4   151.13     5.64
2072    5    90.08    12.17
2072    6    24.69    20.39
2072    7     8.74    24.06
2072    8     0.05    24.93
2072    9    53.06    14.96
2072   10    12.43    12.81
2072   11    27.78     8.52
2072   12    31.66     4.59
2073    1    51.90     3.17
2073    2    24.64     2.21
2073    3    76.30     5.18
2073    4    17.23    10.27
2073    5    30.18    15.10
2073    6    27.82    23.34
2073    7     1.98    25.46
2073    8     2.78    23.46
2073    9    32.22    17.04
2073   10    50.74    12.20
2073   11    57.75     7.52
2073   12    39.35     4.31
2074    1    38.94     3.04
2074    2    49.32     5.42
2074    3    19.18     7.65
2074    4    55.93    12.08
2074    5    34.89    16.04
2074    6    13.63    21.02
2074    7     1.25    24.52
2074    8     0.16    24.26
2074    9    45.14    16.25
2074   10    50.76    13.11
2074   11    75.98     7.79
2074   12    19.77     5.39
2075    1    61.52     4.36
2075    2    93.68     4.98
2075    3    34.34     7.87
2075    4    75.64     8.96
2075    5    20.81    15.87
2075    6     4.73    22.16
2075    7     0.25    26.31
2075    8     0.45    24.57
2075    9     9.41    18.12
2075   10   154.51     8.96
2075   11    36.71     6.44
2075   12    82.95     3.90
2076    1    28.36     3.67
2076    2    86.87     4.67
2076    3   101.60     4.00
2076    4    20.38    11.72
2076    5    13.23    16.32
2076    6    23.72    21.55
2076    7     0.00    25.32
2076    8     1.91    25.53
2076    9    33.75    20.81
2076   10     3.08    14.99
2076   11    18.49     9.11
2076   12    44.86     7.39
2077    1    32.65     3.09
2077    2    22.83     2.27
2077    3    26.47     7.80
2077    4    94.56     8.54
2077    5    32.87    14.97
2077    6     6.17    21.42
2077    7     0.27    27.24
2077    8    27.94    22.20
2077    9    26.84    17.27
2077   10    89.95    13.74
2077   11    70.40     7.05
2077   12    21.65     4.61
2078    1    24.69     5.17
2078    2    48.57     3.16
2078    3    28.56     5.71
2078    4    37.21    14.14
2078    5    42.37    14.31
2078    6    50.59    20.87
2078    7     0.22    26.36
2078    8    11.46    26.90
2078    9    33.14    18.51
2078   10    18.24    10.75
2078   11    17.45     8.19
2078   12    23.10     2.95
2079    1    38.10     3.13
2079    2    45.04     1.85
2079    3    94.39     4.56
2079    4    58.87     9.45
2079    5    21.14    15.99
2079    6    10.66    25.26
2079    7    13.79    25.86
2079    8     2.25    22.76
2079    9    31.33    18.72
2079   10    59.61    11.73
2079   11    46.60     5.60
2079   12    33.60     4.75
2080    1    77.70     5.10
2080    2    41.12     3.97
2080    3   158.02     4.57
2080    4    49.36     8.70
2080    5    74.32    12.32
2080    6    18.61    21.56
2080    7     4.50    23.31
2080    8     0.57    22.67
2080    9     9.42    21.98
2080   10    20.53    13.39
2080   11    51.82     9.62
2080   12    45.77     2.64
2081    1    21.40     3.56
2081    2    12.27     7.34
2081    3    31.60     8.87
2081    4    44.98     8.45
2081    5    42.54    14.76
2081    6    38.35    20.67
2081    7     7.70    25.78
2081    8    18.36    20.79
2081    9    31.70    16.15
2081   10    41.43    11.82
2081   11    38.98    10.33
2081   12    90.89     3.55
2082    1    73.03     2.63
2082    2    48.66     2.71
2082    3    32.48     6.56
2082    4    56.02     8.96
2082    5    55.80    16.81
2082    6     9.14    21.73
2082    7     1.90    24.79
2082    8     5.03    20.65
2082    9    29.54    18.27
2082   10     8.36    14.33
2082   11    51.06     9.94
2082   12    78.62     4.84
2083    1    49.13     3.05
2083    2    27.45     4.05
2083    3    36.21     6.02
2083    4    91.22     7.41
2083    5    93.23    13.91
2083    6    25.27    20.83
2083    7     4.06    24.64
2083    8     6.21    23.10
2083    9     9.14    17.86
2083   10    55.42    13.55
2083   11    53.63     8.32
2083   12    25.85     5.20
2084    1    56.01     1.54
2084    2    28.83     4.20
2084    3    20.63     6.05
2084    4    56.41    11.64
2084    5    98.64    14.14
2084    6    30.30    18.72
2084    7     1.06    27.23
2084    8     2.24    23.67
2084    9    16.39    20.26
2084   10    20.84    16.50
2084   11    54.01     8.97
2084   12     8.55     7.17
2085    1    49.52    -0.71
2085    2    66.24     3.15
2085    3    37.07     9.11
2085    4    55.07    10.29
2085    5    33.07    15.49
2085    6    10.92    21.88
2085    7    16.15    22.77
2085    8     0.08    23.78
2085    9    28.04    18.05
2085   10    64.27    12.20
2085   11    38.66     8.57
2085   12    39.41     4.65
2086    1    49.87     4.36
2086    2    43.61     3.43
2086    3    78.92     6.69
2086    4    34.67    10.13
2086    5    62.55    14.83
2086    6    59.68    19.49
2086    7     2.04    27.43
2086    8     9.39    22.94
2086    9    10.18    19.10
2086   10    46.51    13.40
2086   11    24.45     7.33
2086   12    25.18     5.58
2087    1    44.95     3.49
2087    2    31.90     5.92
2087    3    41.49     6.97
2087    4    42.29    11.16
2087    5    46.91    14.44
2087    6    14.18    21.72
2087    7     4.36    24.89
2087    8    12.53    23.71
2087    9    47.91    19.21
2087   10    90.63    13.05
2087   11    97.87     7.44
2087   12    39.76     5.89
2088    1    52.22     2.22
2088    2    28.65     1.89
2088    3    33.43     7.43
2088    4    51.02    11.36
2088    5   101.62    14.61
2088    6    70.63    19.24
2088    7     0.05    25.95
2088    8     0.07    23.71
2088    9    19.42    17.33
2088   10    43.33    15.30
2088   11    70.27     8.22
2088   12    36.93     3.73
2089    1    64.96     4.93
2089    2    38.93     4.62
2089    3   115.35     5.70
2089    4    69.23     8.26
2089    5    35.90    14.60
2089    6    12.67    23.14
2089    7     5.27    28.12
2089    8     5.96    23.52
2089    9    27.81    19.49
2089   10    72.00    11.70
2089   11    12.63     7.56
2089   12   104.28     4.40
2090    1    82.27     3.61
2090    2    99.85     3.20
2090    3    70.32     2.69
2090    4    46.58    10.04
2090    5    65.88    15.88
2090    6     6.40    20.86
2090    7     0.03    26.56
2090    8    11.65    21.82
2090    9    13.23    17.59
2090   10     3.30    14.04
2090   11    69.12     9.17
2090   12    22.07     3.40
2091    1    22.06     5.79
2091    2    34.16     4.06
2091    3    32.70     7.81
2091    4    74.26     8.25
2091    5    80.45    14.66
2091    6    29.93    20.14
2091    7     2.67    26.25
2091    8     0.57    24.66
2091    9     5.84    19.52
2091   10    59.92     9.91
2091   11    23.41     5.93
2091   12    25.14     2.92
2092    1    49.02     3.01
2092    2    32.80     4.84
2092    3    95.24     4.17
2092    4    72.79     8.62
2092    5    51.24    16.48
2092    6    34.46    21.15
2092    7     0.30    25.51
2092    8     0.76    24.35
2092    9    26.49    19.85
2092   10    38.24    13.15
2092   11    35.35     8.70
2092   12    15.95     5.27
2093    1   138.71     3.70
2093    2    37.37     5.07
2093    3    45.25     8.63
2093    4    56.92    11.15
2093    5    37.49    13.32
2093    6     6.66    21.85
2093    7     0.71    27.88
2093    8     1.29    24.24
2093    9    11.08    19.52
2093   10    76.76    13.48
2093   11    42.26     8.69
2093   12    44.88     5.99
2094    1    75.93     1.34
2094    2    16.25     3.98
2094    3    57.23     5.57
2094    4    56.67    10.78
2094    5    58.42    15.66
2094    6     1.17    24.66
2094    7     4.20    26.62
2094    8     0.16    23.49
2094    9     1.44    20.63
2094   10    19.69    14.72
2094   11   107.25     7.44
2094   12    61.80     4.81
2095    1    37.33     4.37
2095    2    29.44     6.88
2095    3   107.05     6.23
2095    4    94.99     9.31
2095    5     8.16    15.60
2095    6    26.73    20.54
2095    7    10.67    25.29
2095    8     3.66    25.73
2095    9     0.79    23.19
2095   10    75.43    14.70
2095   11    28.20     9.66
2095   12    85.32     4.59
2096    1    40.57     1.32
2096    2    55.75     5.98
2096    3    74.21     5.30
2096    4    35.31     7.83
2096    5    57.51    15.61
2096    6    30.04    20.17
2096    7     1.40    26.57
2096    8     2.79    25.10
2096    9    40.67    18.87
2096   10    52.75    11.40
2096   11    60.70     9.03
2096   12    69.23     2.17
2097    1    19.32     2.63
2097    2    23.83     4.02
2097    3    89.69     5.12
2097    4    15.14    12.34
2097    5    76.42    12.88
2097    6    14.08    18.69
2097    7     2.47    24.98
2097    8     3.76    24.15
2097    9    42.58    14.37
2097   10    59.51    13.73
2097   11    16.93     9.51
2097   12    56.88     3.71
2098    1    42.51     2.74
2098    2    16.90     5.95
2098    3    70.37     2.89
2098    4    97.82     7.98
2098    5    50.53    14.92
2098    6    24.70    20.29
2098    7    27.45    22.53
2098    8     2.42    24.66
2098    9    68.52    16.13
2098   10    94.98    10.69
2098   11    18.01     7.54
2098   12    23.12     5.67
2099    1    54.60     4.82
2099    2    80.11     4.45
2099    3    51.72     4.48
2099    4    54.79     9.91
2099    5    69.38    14.82
2099    6    12.20    22.52
2099    7    23.99    22.90
2099    8     7.87    22.98
2099    9    41.38    17.69
2099   10    27.81    13.52
2099   11    38.49     7.78
2099   12    51.76     5.39
2100    1    43.19     2.43
2100    2    25.58     3.92
2100    3    48.49     8.13
2100    4    19.52    11.90
2100    5    46.11    15.67
2100    6    25.21    20.74
2100    7     4.02    24.36
2100    8     0.00    24.61
2100    9     4.81    18.87
2100   10    76.03    13.29
2100   11    67.88     8.52
2100   12    27.86     4.97
2101    1    65.21     3.82
2101    2    29.85     1.23
2101    3    44.16     7.23
2101    4    27.87    11.27
2101    5    62.27    12.96
2101    6    21.74    20.67
2101    7     4.53    23.22
2101    8     9.33    21.77
2101    9    12.12    18.44
2101   10    53.12    13.15
2101   11    60.98     8.18
2101   12    23.76     5.97
2102    1    57.95     4.16
2102    2    50.02     3.34
2102    3    40.60     6.61
2102    4   118.64     9.23
2102    5    70.32    15.35
2102    6    14.92    18.82
2102    7     0.74    27.45
2102    8     0.64    24.87
2102    9    28.71    17.38
2102   10    69.29    12.35
2102   11    51.33    10.14
2102   12    17.71     7.74
2103    1    51.39     3.77
2103    2    58.01     2.49
2103    3    55.75     5.34
2103    4    71.83     8.31
2103    5    70.92    13.88
2103    6    56.71    20.25
2103    7     0.18    28.06
2103    8     3.31    24.19
2103    9     1.03    20.49
2103   10    59.80    11.54
2103   11   138.33     7.28
2103   12    32.63     5.79
2104    1    22.13     4.15
2104    2    43.20     3.37
2104    3    58.07     7.73
2104    4    25.22    12.08
2104    5    49.73    15.76
2104    6    38.29    19.30
2104    7     2.42    25.08
2104    8     0.09    24.55
2104    9    95.02    17.69
2104   10    50.37    11.74
2104   11    16.74     9.23
2104   12    22.49     6.01
2105    1    77.69     2.93
2105    2    61.86     2.42
2105    3    64.55     7.28
2105    4    50.29     8.24
2105    5    72.20    12.82
2105    6     6.54    19.48
2105    7     9.35    23.32
2105    8     0.33    26.22
2105    9    69.96    16.59
2105   10     5.25    12.19
2105   11    56.73     7.04
2105   12    38.51     3.75
2106    1    44.66     3.66
2106    2    35.83     3.30
2106    3    37.26     5.40
2106    4    91.21    11.20
2106    5   102.71    15.50
2106    6    13.35    20.67
2106    7     2.46    26.63
2106    8     0.34    21.94
2106    9     2.39    18.80
2106   10    89.22    15.06
2106   11   122.30     7.08
2106   12    58.92     3.91
2107    1    34.63     4.32
2107    2    50.49     5.18
2107    3    25.04     6.09
2107    4    82.10     9.77
2107    5    74.25    13.10
2107    6    15.73    23.96
2107    7     5.85    24.13
2107    8     1.85    23.03
2107    9    13.26    17.80
2107   10   115.90    12.13
2107   11    20.29     8.30
2107   12     4.99     6.24
2108    1    60.73     2.51
2108    2    57.48     4.24
2108    3    46.98     6.84
2108    4    66.73     8.45
2108    5    35.09    14.99
2108    6    17.58    23.69
2108    7     1.10    26.12
2108    8     0.08    25.27
2108    9     0.39    20.69
2108   10    44.22    15.65
2108   11    39.29     7.81
2108   12    25.18     6.31
2109    1    25.72     2.72
2109    2    71.28     2.82
2109    3    52.35     5.71
2109    4    23.56    12.38
2109    5    20.69    15.25
2109    6    70.71    19.16
2109    7     2.67    26.10
2109    8     2.43    23.18
2109    9    35.04    17.36
2109   10    43.16    12.07
2109   11    32.70     7.30
2109   12    23.96     4.24
2110    1    68.28     4.60
2110    2    54.02     3.03
2110    3    47.65     7.17
2110    4   106.33     9.11
2110    5    25.58    13.62
2110    6    15.15    19.95
2110    7     0.77    23.83
2110    8     1.87    23.54
2110    9     7.21    18.58
2110   10    22.51    12.84
2110   11    73.28     7.45
2110   12    45.26     5.79
2111    1    17.83     3.14
2111    2    37.55     2.25
2111    3    60.29     6.26
2111    4    42.36     7.79
2111    5   107.68    13.35
2111    6    71.36    17.34
2111    7     0.87    27.85
2111    8     0.15    23.92
2111    9    11.95    17.68
2111   10   120.44    12.51
2111   11    24.89     6.65
2111   12    17.04     5.25
2112    1    42.90     3.11
2112    2    46.21     3.62
2112    3    59.62     4.01
2112    4    42.84     8.22
2112    5    15.16    15.07
2112    6    29.95    21.55
2112    7    10.49    24.56
2112    8    11.48    22.95
2112    9    40.95    14.72
2112   10    93.57    11.92
2112   11    53.78     6.68
2112   12    45.96     4.57
2113    1    34.10     3.55
2113    2    57.74     4.11
2113    3    65.68     5.19
2113    4    22.60    10.90
2113    5    43.88    14.00
2113    6    10.45    21.11
2113    7     3.54    25.65
2113    8     4.89    23.69
2113    9    24.19    19.13
2113   10    49.61    10.70
2113   11    48.35     7.81
2113   12    47.02     4.45
2114    1    26.17     3.14
2114    2    27.53     3.77
2114    3    50.67     6.82
2114    4    70.35     8.29
2114    5    44.59    13.95
2114    6    67.42    19.10
2114    7    11.52    22.92
2114    8     3.63    21.64
2114    9    13.86    20.17
2114   10    47.05    11.99
2114   11    19.49     7.25
2114   12    65.66     5.26
2115    1    26.16     3.66
2115    2    44.53     2.86
2115    3    73.98     5.25
2115    4    64.24     9.87
2115    5    86.58    11.75
2115    6    92.88    16.12
2115    7     9.17    23.09
2115    8     0.33    22.51
2115    9     1.32    21.45
2115   10     6.86    15.42
2115   11    39.98     9.46
2115   12    67.57     3.71
2116    1    57.02     2.68
2116    2    63.24     1.06
2116    3    60.72     4.72
2116    4    46.91     7.87
2116    5    38.76    16.82
2116    6    21.43    21.03
2116    7     0.88    25.76
2116    8     0.06    27.49
2116    9     5.00    19.40
2116   10    10.18    14.56
2116   11    31.99     6.39
2116   12    57.98     4.94
2117    1    32.64     3.96
2117    2    32.80     5.81
2117    3   126.67     5.79
2117    4    75.27     8.05
2117    5    27.78    15.75
2117    6    62.51    20.20
2117    7     4.49    25.10
2117    8     8.76    24.47
2117    9    37.22    15.90
2117   10    76.58    10.12
2117   11    54.22     6.93
2117   12    32.49     6.02
2118    1    42.08     5.39
2118    2    28.34     3.38
2118    3    16.20     9.92
2118    4   119.15    10.29
2118    5    70.30    13.74
2118    6    36.16    19.68
2118    7     1.20    26.78
2118    8     0.20    23.13
2118    9     1.88    21.20
2118   10   156.62    11.74
2118   11    88.60     8.37
2118   12    45.31     3.62
2119    1    12.59     3.57
2119    2    88.04     0.36
2119    3    90.10     5.05
2119    4    41.00    10.67
2119    5    76.09    13.79
2119    6    32.77    22.16
2119    7     4.24    23.72
2119    8     6.46    21.60
2119    9     9.54    20.09
2119   10    43.60    14.16
2119   11    49.71     8.74
2119   12    38.97     4.62
2120    1    22.91     2.04
2120    2    32.68     4.74
2120    3    54.36     6.52
2120    4    75.36    10.19
2120    5    33.87    17.01
2120    6    55.16    19.96
2120    7     0.00    27.51
2120    8     0.94    26.40
2120    9    45.96    18.58
2120   10    95.69    10.64
2120   11    30.73     6.46
2120   12    23.12     5.13
2121    1    21.80     4.23
2121    2    28.63     5.33
2121    3    39.07     6.12
2121    4    46.27    12.20
2121    5    53.38    15.67
2121    6     6.10    23.36
2121    7     0.67    27.73
2121    8     4.94    22.41
2121    9     4.94    19.45
2121   10     8.51    15.36
2121   11    67.29    10.78
2121   12    60.18     4.98
2122    1    38.67     4.14
2122    2    65.97     5.47
2122    3    27.89     5.25
2122    4    43.54    11.49
2122    5    38.66    17.16
2122    6    27.24    21.70
2122    7     1.14    25.24
2122    8     0.80    21.74
2122    9    42.53    18.27
2122   10    75.58    13.27
2122   11    71.51     7.64
2122   12    29.69     5.71
2123    1    76.04     2.59
2123    2    24.27     3.79
2123    3    43.64     5.90
2123    4    25.53    11.61
2123    5    87.67    12.91
2123    6    13.85    23.23
2123    7     0.09    24.76
2123    8     2.07    24.23
2123    9    16.42    17.80
2123   10    91.57    11.85
2123   11    18.22     6.92
2123   12    60.11     3.53
2124    1    18.14     2.19
2124    2    16.42     6.85
2124    3    72.44     2.50
2124    4    97.29    10.63
2124    5    91.61    13.00
2124    6    34.01    19.80
2124    7     0.57    25.60
2124    8     8.40    22.81
2124    9    21.88    16.32
2124   10    33.71    15.15
2124   11    70.01     8.63
2124   12    71.52     5.96
2125    1    48.75     0.80
2125    2    33.69     5.70
2125    3    49.81     7.28
2125    4   132.24    10.19
2125    5   125.40    12.99
2125    6     9.23    20.33
2125    7     7.45    27.19
2125    8     1.61    25.62
2125    9     4.11    22.09
2125   10    29.55    12.52
2125   11    41.36     8.35
2125   12    26.66     5.27
2126    1    34.57     5.88
2126    2    10.61     7.88
2126    3    51.53     4.40
2126    4    61.05     9.99
2126    5    50.81    16.52
2126    6    11.95    23.39
2126    7     5.54    24.98
2126    8     7.76    25.07
2126    9    33.82    17.71
2126   10   160.84    11.92
2126   11    68.20     9.24
2126   12    34.17     5.76
2127    1    36.98     3.92
2127    2    31.95     3.27
2127    3   118.89     5.89
2127    4    63.57     7.22
2127    5   105.09    11.79
2127    6    65.69    18.41
2127    7     0.43    25.30
2127    8     3.22    24.75
2127    9    16.83    20.07
2127   10    18.17    11.65
2127   11    41.23     7.22
2127   12    77.96     1.22
2128    1    56.23     3.28
2128    2    36.30     3.25
2128    3    62.92     5.49
2128    4    54.56     9.27
2128    5    98.83    11.81
2128    6    52.72    19.60
2128    7     3.69    24.57
2128    8     0.19    25.85
2128    9    67.82    15.66
2128   10    29.34    12.23
2128   11    27.61     8.39
2128   12    61.52     6.22
2129    1    62.84     3.26
2129    2    56.15     3.61
2129    3    66.84     6.84
2129    4    50.03     9.73
2129    5    42.29    13.12
2129    6    44.12    22.54
2129    7    11.74    25.72
2129    8     0.16    23.62
2129    9    14.64    21.23
2129   10    29.75    11.92
2129   11    68.59     7.69
2129   12    25.14     4.95
2130    1    88.00     3.11
2130    2    41.27     4.84
2130    3    79.21     7.23
2130    4    56.64    10.09
2130    5    70.01    14.69
2130    6    22.14    21.44
2130    7     1.26    27.09
2130    8     0.01    23.18
2130    9    75.75    15.81
2130   10    77.60    11.29
2130   11    49.18     7.71
2130   12    25.20     3.82
2131    1    60.38     2.23
2131    2    47.35     2.78
2131    3    33.10     5.98
2131    4    93.61     7.61
2131    5    50.43    13.41
2131    6    70.27    20.56
2131    7    12.15    24.03
2131    8     8.18    23.66
2131    9     5.49    19.82
2131   10    28.23    10.42
2131   11    37.48     7.65
2131   12    79.09     4.41
2132    1    57.55     2.55
2132    2    52.78     1.07
2132    3    82.52     4.97
2132    4    62.63     9.61
2132    5    38.41    13.99
2132    6    30.92    21.42
2132    7     5.09    24.20
2132    8     2.13    24.46
2132    9    13.60    20.24
2132   10    41.50    11.95
2132   11    30.27     8.65
2132   12     9.28     7.15
2133    1    58.35     4.05
2133    2    90.92     3.94
2133    3    16.64     6.43
2133    4    75.47     9.50
2133    5   123.78    12.13
2133    6    17.21    19.61
2133    7     2.17    24.27
2133    8     0.34    25.16
2133    9    25.90    20.03
2133   10    58.56     9.80
2133   11    62.41     6.22
2133   12    55.81     3.96
2134    1    78.21     2.30
2134    2    60.31     3.90
2134    3    61.12     4.07
2134    4    52.07     7.90
2134    5    68.98    12.60
2134    6    24.67    19.98
2134    7    10.39    23.50
2134    8     3.35    22.63
2134    9    39.88    16.29
2134   10    18.15    13.59
2134   11    30.87     7.27
2134   12    24.61     4.28
2135    1    35.20     3.35
2135    2    37.56     1.30
2135    3    52.70     4.95
2135    4    32.76     9.63
2135    5    22.54    16.95
2135    6    41.65    21.96
2135    7    23.33    24.46
2135    8     1.80    22.86
2135    9    21.73    16.25
2135   10   114.97    13.03
2135   11    31.37     7.82
2135   12    22.16     4.31
2136    1    49.19     4.31
2136    2    66.34     3.05
2136    3    48.01     4.78
2136    4   102.05     6.13
2136    5    86.91    14.17
2136    6    19.08    19.40
2136    7     7.91    25.02
2136    8     2.33    24.42
2136    9     8.16    21.11
2136   10    22.89    12.90
2136   11    38.59     5.39
2136   12    37.20     4.99
2137    1    57.13     1.89
2137    2    10.66     5.00
2137    3    33.04     7.96
2137    4    41.81    11.22
2137    5    69.02    15.76
2137    6    31.24    21.58
2137    7     6.26    25.54
2137    8     1.22    24.94
2137    9    22.79    18.55
2137   10   156.33     8.45
2137   11    53.30     7.67
2137   12    81.98     4.78
2138    1    61.14     3.93
2138    2    54.61     3.27
2138    3    95.00     2.59
2138    4    72.69    10.92
2138    5    82.54    13.34
2138    6    19.84    20.91
2138    7     6.27    25.32
2138    8     0.21    21.57
2138    9    14.65    17.23
2138   10    30.51    10.57
2138   11    35.07     7.96
2138   12    28.95     5.58
2139    1    48.62     3.61
2139    2    64.35     2.24
2139    3    41.20     6.53
2139    4    22.01    10.91
2139    5    75.53    15.79
2139    6    60.52    20.24
2139    7     0.80    27.33
2139    8    20.21    20.36
2139    9    28.93    17.40
2139   10    17.09    13.16
2139   11    70.88     8.20
2139   12    26.20     4.55
2140    1    90.83     3.23
2140    2    60.70     4.28
2140    3    70.76     5.44
2140    4    33.53     9.26
2140    5    88.42    15.41
2140    6    23.27    20.96
2140    7     2.92    24.35
2140    8     1.44    23.49
2140    9    41.72    16.95
2140   10    86.78    12.08
2140   11    50.08     7.38
2140   12    70.56     3.65
2141    1    42.95     2.25
2141    2    68.48     3.72
2141    3    28.38     6.91
2141    4   115.77     8.84
2141    5    83.56    14.01
2141    6    33.85    19.91
2141    7    17.51    25.11
2141    8     0.36    24.35
2141    9     8.35    17.14
2141   10    96.99    12.23
2141   11    20.89     7.66
2141   12    32.57     5.85
2142    1    28.53     3.75
2142    2    19.19     6.03
2142    3    61.89     3.27
2142    4    68.41     8.50
2142    5    48.78    15.64
2142    6    48.36    19.15
2142    7    21.04    24.46
2142    8     6.58    24.61
2142    9    18.85    18.67
2142   10    14.38    15.51
2142   11    30.26     7.70
2142   12    21.88     5.24
2143    1    14.65     5.06
2143    2    33.83     2.90
2143    3    44.75     5.41
2143    4    40.87    13.96
2143    5    30.01    16.58
2143    6    21.48    23.38
2143    7     6.29    24.68
2143    8     0.55    24.84
2143    9    37.97    19.05
2143   10    39.68    12.26
2143   11   134.13     6.98
2143   12   107.10     2.37
2144    1    54.21     3.05
2144    2   101.93     3.35
2144    3    49.41     7.34
2144    4    48.68     8.09
2144    5    31.45    16.62
2144    6    50.60    21.00
2144    7    14.82    20.64
2144    8     1.99    23.61
2144    9    45.05    19.38
2144   10    84.55    11.69
2144   11    73.47     7.07
2144   12    17.54     5.73
2145    1    31.53     3.60
2145    2    62.15     3.78
2145    3   111.19     4.08
2145    4    39.58     8.40
2145    5    80.82    13.12
2145    6    46.96    18.60
2145    7     1.88    23.98
2145    8     8.96    24.06
2145    9    29.44    17.94
2145   10    51.48    11.10
2145   11    80.70     7.28
2145   12    17.05     2.05
2146    1    24.48     2.85
2146    2    49.03     4.91
2146    3    93.96     4.39
2146    4   109.42     6.63
2146    5    13.41    15.23
2146    6    50.01    18.49
2146    7    11.38    25.94
2146    8     0.00    24.79
2146    9    25.55    17.31
2146   10    62.75    12.28
2146   11    72.33     5.72
2146   12    65.22     6.07
2147    1    84.66     5.12
2147    2    63.80     0.37
2147    3    92.46     3.54
2147    4   116.93     7.07
2147    5    54.09    14.01
2147    6    35.50    20.96
2147    7     0.52    21.60
2147    8     0.00    22.94
2147    9    16.18    14.42
2147   10    45.88    10.82
2147   11    30.93     6.78
2147   12     8.71     4.36
2148    1    15.18     2.78
2148    2    46.09     4.79
2148    3    49.03     7.29
2148    4   107.30     8.44
2148    5    71.48    12.36
2148    6    14.57    18.50
2148    7     0.71    26.44
2148    8     0.90    24.06
2148    9    68.04    14.96
2148   10    38.75    14.83
2148   11    81.32     5.64
2148   12    20.70     5.50
2149    1    21.89     3.70
2149    2    56.32     4.71
2149    3   111.42     5.83
2149    4    46.87     9.53
2149    5    54.54    16.33
2149    6    22.68    20.77
2149    7    21.48    23.20
2149    8     3.54    25.25
2149    9     7.95    18.57
2149   10    64.59    14.01
2149   11    52.48     7.65
2149   12    40.27     5.73
2150    1    39.52     2.72
2150    2    42.43     2.17
2150    3    54.72     4.60
2150    4    22.82    10.86
2150    5    37.94    15.59
2150    6    31.20    20.76
2150    7     0.64    24.38
2150    8     8.06    24.17
2150    9    16.41    21.20
2150   10    79.66    11.75
2150   11    31.70     4.34
2150   12    46.82     5.01
2151    1    34.92     1.92
2151    2    57.55     3.07
2151    3    18.92     5.58
2151    4    52.34     9.30
2151    5    68.58    14.76
2151    6    96.04    18.92
2151    7    16.22    21.90
2151    8     3.17    22.86
2151    9     4.69    17.25
2151   10   145.28    11.52
2151   11    26.80     6.94
2151   12    61.33     4.05
2152    1    24.69     4.26
2152    2    15.77     5.01
2152    3    49.80     7.69
2152    4    24.24     9.37
2152    5    47.97    15.14
2152    6    18.83    22.23
2152    7     0.07    25.89
2152    8     1.13    23.97
2152    9    65.07    15.89
2152   10    46.58    12.02
2152   11    30.83     7.60
2152   12   120.09     5.29
2153    1    24.23     1.84
2153    2    53.16     4.43
2153    3    64.30     6.21
2153    4    90.15     8.92
2153    5    34.21    16.43
2153    6    27.06    20.76
2153    7     3.51    23.26
2153    8    15.80    25.10
2153    9    17.07    18.92
2153   10    71.17    12.46
2153   11    31.53     8.15
2153   12    56.17     2.22
2154    1    27.42     4.63
2154    2    75.20     2.89
2154    3    53.90     7.71
2154    4    76.00     9.15
2154    5    80.12    13.07
2154    6    13.35    22.88
2154    7     0.52    26.87
2154    8     2.39    25.31
2154    9    12.69    17.02
2154   10    48.60    12.34
2154   11    23.42     8.05
2154   12    25.29     5.61
2155    1    28.17     4.94
2155    2    39.24     1.23
2155    3    31.01     6.38
2155    4    44.07     9.47
2155    5    86.42    13.73
2155    6    36.64    18.92
2155    7     9.45    25.15
2155    8     5.33    23.08
2155    9     5.41    17.78
2155   10    55.30    12.01
2155   11    84.65     7.70
2155   12    23.50     4.84
2156    1    33.89     2.85
2156    2    30.92     4.19
2156    3    64.86     5.21
2156    4    31.96    13.21
2156    5    36.44    13.58
2156    6    23.67    20.87
2156    7     0.51    24.27
2156    8     1.21    24.18
2156    9    15.90    18.56
2156   10    68.00    13.09
2156   11    56.74     7.79
2156   12    32.87     5.55
2157    1    62.95     2.44
2157    2    21.17     4.28
2157    3    45.01     6.74
2157    4    60.70    12.72
2157    5   106.90    14.10
2157    6    44.91    18.79
2157    7     1.72    23.50
2157    8     1.75    25.37
2157    9     0.14    23.41
2157   10    68.96    14.61
2157   11    72.23     6.99
2157   12    46.74     6.18
2158    1    65.78     3.41
2158    2    52.41     1.36
2158    3    65.20     6.33
2158    4    40.27    11.07
2158    5   100.41    13.31
2158    6    28.26    19.36
2158    7     0.02    26.66
2158    8     8.69    22.19
2158    9     9.10    20.09
2158   10    53.09    13.34
2158   11    14.29     8.07
2158   12    88.21     6.22
2159    1    23.79     4.58
2159    2    13.17     6.18
2159    3    43.48     8.06
2159    4    73.85    12.22
2159    5    34.32    16.21
2159    6     2.96    22.22
2159    7     0.14    28.81
2159    8     0.00    26.75
2159    9    11.35    19.50
2159   10    64.75    13.09
2159   11    62.51     6.93
2159   12    37.80     4.84
2160    1    44.93     2.52
2160    2    60.60     4.92
2160    3    95.93     5.59
2160    4   130.37     9.28
2160    5    46.06    13.39
2160    6    63.86    18.40
2160    7    32.75    22.85
2160    8     0.20    24.53
2160    9    60.13    14.48
2160   10    75.57    12.46
2160   11   135.50     7.74
2160   12    34.59     4.92
2161    1    56.90     3.74
2161    2    39.92     3.46
2161    3   159.69     4.27
2161    4    19.56    12.74
2161    5    68.75    13.91
2161    6    57.69    19.85
2161    7     5.22    23.85
2161    8     4.19    26.21
2161    9    90.50    17.92
2161   10    39.05    12.39
2161   11    32.12     7.97
2161   12    26.27     6.39
2162    1    33.18     3.07
2162    2    33.06     1.34
2162    3    73.11     5.88
2162    4    83.14     9.77
2162    5     6.98    17.12
2162    6    52.99    19.70
2162    7     2.82    25.60
2162    8     0.94    23.64
2162    9    24.82    17.38
2162   10    26.60    14.34
2162   11   100.11     5.83
2162   12    85.55     4.34
2163    1    41.08     3.70
2163    2    82.87     1.24
2163    3    44.71     6.52
2163    4    90.52     9.29
2163    5    35.70    14.57
2163    6    13.81    21.62
2163    7     0.93    28.36
2163    8     6.49    21.81
2163    9    12.82    19.41
2163   10    53.77    12.47
2163   11    28.23     7.10
2163   12    66.95     4.47
2164    1    69.63     3.78
2164    2    46.20     3.07
2164    3    26.16     6.63
2164    4   104.45     9.66
2164    5     9.57    16.43
2164    6    27.34    19.20
2164    7    19.78    23.84
2164    8     6.19    26.50
2164    9    12.66    19.51
2164   10    37.59    14.09
2164   11    38.63     7.70
2164   12    74.11     4.87
2165    1    52.04     1.50
2165    2    64.63     1.19
2165    3    71.29     6.87
2165    4    48.58    11.34
2165    5    44.99    18.02
2165    6    17.77    21.95
2165    7     0.16    25.93
2165    8     3.05    26.34
2165    9    19.49    17.56
2165   10   117.13    10.32
2165   11    10.73     6.77
2165   12    51.21     5.48
2166    1    40.67     3.15
2166    2    19.35     4.58
2166    3    53.42     6.19
2166    4    62.15     8.70
2166    5    88.23    14.90
2166    6    59.82    18.53
2166    7     6.87    24.19
2166    8     1.75    26.10
2166    9    36.43    19.48
2166   10    73.95    10.91
2166   11    37.75     9.09
2166   12    44.00     4.77
2167    1    30.79     4.68
2167    2    45.71     4.09
2167    3    86.57     6.45
2167    4     9.67    13.31
2167    5    29.82    16.23
2167    6    24.52    19.92
2167    7    10.76    24.74
2167    8     0.07    26.41
2167    9     8.35    18.77
2167   10    43.37    12.58
2167   11    30.15     9.05
2167   12    55.18     4.89
2168    1    49.98     0.44
2168    2    61.37     4.10
2168    3    67.93     4.42
2168    4    47.12    10.47
2168    5    71.16    15.17
2168    6    27.72    21.38
2168    7     3.56    23.06
2168    8     0.74    24.38
2168    9    29.32    16.46
2168   10    39.79    11.32
2168   11    29.20     6.89
2168   12    27.45     4.10
2169    1    43.99     4.06
2169    2    18.26     4.99
2169    3    50.83     7.19
2169    4    32.46    10.14
2169    5    45.16    16.00
2169    6     8.97    22.21
2169    7    24.38    24.23
2169    8     5.77    24.75
2169    9    16.72    16.23
2169   10    64.74    11.38
2169   11    41.93     7.34
2169   12    19.18     3.75
2170    1    16.60     5.40
2170    2    54.58     4.17
2170    3    92.53     5.52
2170    4    46.95    11.87
2170    5    49.77    15.53
2170    6    19.42    20.77
2170    7     3.33    26.35
2170    8     0.00    23.95
2170    9     5.04    20.66
2170   10    73.46    12.68
2170   11   214.42     8.51
2170   12    42.94     3.92
2171    1    56.12     2.66
2171    2    28.28     5.00
2171    3    61.67     4.00
2171    4    97.42     8.97
2171    5    44.98    12.01
2171    6    25.21    19.60
2171    7     0.35    25.01
2171    8    10.08    22.08
2171    9     8.05    17.87
2171   10    48.74    12.73
2171   11    54.85     6.59
2171   12    38.14     2.06
2172    1    36.56     2.43
2172    2    13.46     4.42
2172    3    32.37     3.46
2172    4    25.77     8.71
2172    5    59.79    15.19
2172    6    14.30    21.79
2172    7     2.78    22.95
2172    8     1.71    24.88
2172    9    41.35    14.22
2172   10    69.34    10.06
2172   11    49.53     6.17
2172   12    22.86     4.39
2173    1    74.34     3.09
2173    2    45.53     1.90
2173    3    94.93     5.35
2173    4    51.45     8.18
2173    5    31.54    15.82
2173    6    19.91    20.79
2173    7     3.38    27.46
2173    8     7.60    23.88
2173    9    42.07    19.69
2173   10    34.73    13.75
2173   11    49.71     9.79
2173   12    42.77     4.34
2174    1    36.23     3.60
2174    2    41.90     2.76
2174    3    26.76     7.98
2174    4    56.81    11.56
2174    5    34.40    15.37
2174    6    17.27    22.88
2174    7    18.41    24.46
2174    8     4.22    26.51
2174    9    15.67    18.05
2174   10   109.41    12.37
2174   11    67.29     6.99
2174   12    31.53     6.49
2175    1    48.21     1.81
2175    2    24.59     0.81
2175    3    43.06     5.15
2175    4    13.91    14.67
2175    5    41.28    15.88
2175    6    16.07    21.75
2175    7     3.80    24.94
2175    8     2.38    22.53
2175    9     5.75    19.60
2175   10    71.27    14.65
2175   11    21.32     6.66
2175   12    23.47     5.87
2176    1    43.30     3.43
2176    2   110.09     5.43
2176    3    33.21     8.19
2176    4    72.28    10.65
2176    5    29.69    16.15
2176    6     6.79    24.06
2176    7     0.21    23.60
2176    8     0.36    24.50
2176    9    16.09    18.85
2176   10    57.45    12.44
2176   11    73.40     4.25
2176   12    72.88     2.93
2177    1    18.22     3.79
2177    2    45.40     2.14
2177    3    14.73     8.18
2177    4    49.01    12.48
2177    5    54.99    16.36
2177    6    17.82    22.46
2177    7     5.98    24.74
2177    8     0.58    21.25
2177    9    27.17    19.38
2177   10    42.76    11.34
2177   11    40.14     7.03
2177   12    40.21     3.74
2178    1    25.39     4.98
2178    2    27.80     4.86
2178    3    99.37     4.81
2178    4    59.06     9.39
2178    5    29.05    15.51
2178    6    20.81    21.55
2178    7    16.39    23.33
2178    8     0.21    21.26
2178    9    22.10    18.66
2178   10     9.84    14.83
2178   11    27.25     8.96
2178   12    37.24     6.06
2179    1    35.26     1.95
2179    2    31.97     5.29
2179    3    80.18     6.74
2179    4    19.35    13.30
2179    5    15.54    16.30
2179    6    49.40    21.43
2179    7     0.02    26.65
2179    8     0.03    25.19
2179    9    21.76    20.30
2179   10    39.00    16.37
2179   11    16.68     9.46
2179   12    14.62     5.54
2180    1    41.36     4.18
2180    2    23.03     4.69
2180    3    35.49     7.73
2180    4    70.79    10.23
2180    5    22.76    15.75
2180    6    34.13    23.25
2180    7     3.96    24.32
2180    8     5.03    25.67
2180    9     5.41    18.94
2180   10    62.28    11.41
2180   11    25.70     7.98
2180   12    20.99     4.16
2181    1    61.99     2.10
2181    2    27.59     3.32
2181    3   105.27     4.95
2181    4    48.14    12.79
2181    5    16.09    18.23
2181    6    18.85    22.60
2181    7     0.76    25.66
2181    8     2.21    23.72
2181    9    33.58    18.38
2181   10    59.98    14.06
2181   11    40.83     5.80
2181   12    39.25     5.64
2182    1    31.22     2.39
2182    2    44.45     1.37
2182    3    49.45     7.67
2182    4    29.79    11.77
2182    5    24.54    15.42
2182    6    30.88    21.89
2182    7     0.05    27.19
2182    8     3.38    22.34
2182    9    39.87    17.54
2182   10    39.60    12.89
2182   11    74.59     8.52
2182   12    36.18     4.38
2183    1    49.08     3.09
2183    2    41.27     4.44
2183    3    27.94     7.57
2183    4    72.00    11.05
2183    5    89.36    14.91
2183    6    20.84    22.29
2183    7     0.01    26.62
2183    8     0.74    23.52
2183    9    70.80    17.93
2183   10    44.61    12.42
2183   11    54.12     9.76
2183   12    38.14     5.50
2184    1    52.95     2.48
2184    2    20.67     0.55
2184    3   120.52     3.18
2184    4    60.32     8.62
2184    5    50.66    13.16
2184    6    42.78    18.38
2184    7     1.65    25.08
2184    8     0.39    25.26
2184    9    17.38    19.15
2184   10    19.61    14.45
2184   11    12.50    10.39
2184   12    39.82     6.01
2185    1    66.73     4.46
2185    2    95.02     2.78
2185    3    87.00     4.39
2185    4    80.06     9.17
2185    5    14.91    16.80
2185    6    42.35    21.64
2185    7     0.01    24.46
2185    8     0.29    24.56
2185    9     8.16    20.44
2185   10    96.70    12.66
2185   11    17.40     8.10
2185   12    46.04     6.34
2186    1    57.91     2.91
2186    2    42.66     3.09
2186    3   149.35     2.62
2186    4    98.09     9.20
2186    5    19.79    15.52
2186    6    16.86    23.88
2186    7    10.18    23.91
2186    8     4.49    22.48
2186    9    33.25    18.88
2186   10    45.90    12.68
2186   11    41.23     9.42
2186   12    60.38     1.17
2187    1    86.83     0.96
2187    2    75.61     2.49
2187    3    61.14     4.33
2187    4    60.55     7.64
2187    5    77.45    11.95
2187    6    72.24    20.24
2187    7     0.81    23.86
2187    8     5.64    24.19
2187    9     2.58    17.84
2187   10    79.39    10.65
2187   11   108.54     6.63
2187   12    50.92     4.97
2188    1    23.20     2.72
2188    2    28.99     4.24
2188    3    76.07     5.20
2188    4    75.02    10.59
2188    5    39.40    14.08
2188    6    29.17    21.58
2188    7     7.17    26.56
2188    8     3.30    26.10
2188    9    34.26    15.58
2188   10    23.51    14.51
2188   11    36.03     8.98
2188   12    21.24     4.07
2189    1    92.34     3.26
2189    2    57.36     3.03
2189    3    63.13     9.23
2189    4    73.62     9.95
2189    5    60.76    15.67
2189    6    13.42    22.75
2189    7     6.39    26.26
2189    8     1.64    24.30
2189    9     5.65    18.12
2189   10    18.56    12.86
2189   11    50.31     6.07
2189   12    31.37     4.11
2190    1    59.09     3.39
2190    2    64.54     3.29
2190    3    79.57     6.94
2190    4    72.49    11.76
2190    5    38.43    16.75
2190    6    27.22    20.80
2190    7     0.37    25.68
2190    8     0.28    25.00
2190    9     9.30    17.70
2190   10    60.36    13.39
2190   11    69.84     8.73
2190   12    50.07     5.35
2191    1    48.07     3.40
2191    2    74.46     4.68
2191    3    35.04     7.05
2191    4    29.90     9.92
2191    5    20.97    15.95
2191    6    31.21    17.38
2191    7     7.37    23.44
2191    8     8.72    24.38
2191    9    32.38    16.37
2191   10    34.87     9.37
2191   11    28.36     6.03
2191   12    51.94     3.75
2192    1    25.14     3.35
2192    2    41.02     1.25
2192    3    54.57     4.43
2192    4    42.49    10.26
2192    5    45.56    14.41
2192    6    33.70    20.93
2192    7     3.89    23.73
2192    8     1.88    23.27
2192    9    12.52    18.76
2192   10    36.67    12.07
2192   11    20.15     6.29
2192   12    35.76     3.81
2193    1    27.84     2.98
2193    2    70.82     3.75
2193    3    67.92     3.22
2193    4    55.62     8.21
2193    5    87.24    13.55
2193    6    20.53    21.92
2193    7     0.42    27.59
2193    8     0.57    22.49
2193    9    42.13    14.84
2193   10    44.36    13.68
2193   11    27.75     6.86
2193   12    70.51     5.50
2194    1    36.99     3.27
2194    2    67.37     2.90
2194    3    23.47     8.05
2194    4    77.80     8.00
2194    5    62.00    13.98
2194    6    43.81    19.75
2194    7    13.79    26.04
2194    8     0.07    23.75
2194    9    21.36    19.13
2194   10    75.73    14.75
2194   11    79.06     7.84
2194   12    20.34     3.27
2195    1    49.07     3.99
2195    2    49.05     4.61
2195    3   116.47     2.92
2195    4    35.67     9.65
2195    5    57.77    14.50
2195    6    36.97    19.44
2195    7    17.90    22.12
2195    8     1.54    22.46
2195    9   119.50    17.88
2195   10   107.74    10.40
2195   11    44.94     7.97
2195   12    25.37     4.24
2196    1    41.45     2.63
2196    2    25.21     2.45
2196    3    59.17     5.56
2196    4    64.57     7.88
2196    5   112.07    12.91
2196    6     8.68    22.11
2196    7     0.00    25.85
2196    8     0.03    24.18
2196    9     8.85    17.76
2196   10   136.67    10.98
2196   11    33.36     6.68
2196   12    38.95     3.46
2197    1    37.96     3.46
2197    2   117.58     2.12
2197    3    71.00     3.22
2197    4   102.28     7.36
2197    5    45.98    14.31
2197    6    24.67    20.05
2197    7     3.01    24.79
2197    8     0.26    27.16
2197    9    31.66    17.08
2197   10    51.83    12.75
2197   11    30.66     9.48
2197   12    35.06     5.20
2198    1    35.14     1.58
2198    2    30.60     3.59
2198    3    39.24     7.61
2198    4    51.67     9.60
2198    5    70.83    15.03
2198    6    16.13    23.51
2198    7     1.99    23.67
2198    8     8.29    23.65
2198    9    36.87    22.13
2198   10    65.07    14.43
2198   11    27.14    10.58
2198   12    23.46     5.71
2199    1    81.95     3.24
2199    2    38.98     2.59
2199    3    27.48     6.95
2199    4    75.17     9.45
2199    5    10.61    14.83
2199    6    27.42    20.73
2199    7     5.14    25.28
2199    8     6.35    23.43
2199    9     1.09    20.54
2199   10    83.72    12.19
2199   11    37.76     7.69
2199   12    31.70     6.29
2200    1    18.10     1.69
2200    2    39.29     3.53
2200    3    71.85     6.29
2200    4    53.28     9.47
2200    5    64.84    13.91
2200    6    51.08    18.93
2200    7     8.11    23.60
2200    8     8.03    22.72
2200    9     2.58    22.25
2200   10    43.38    12.08
2200   11    25.54     7.41
2200   12    27.11     5.81
2201    1    59.83     4.72
2201    2    73.22     3.40
2201    3    35.00     6.42
2201    4    89.50     9.00
2201    5    39.76    15.12
2201    6    15.38    22.21
2201    7    10.49    24.94
2201    8     1.18    24.38
2201    9     9.25    17.13
2201   10    53.97    12.21
2201   11    33.45     5.94
2201   12   105.04     2.45
2202    1    59.42     3.21
2202    2    24.80     5.05
2202    3    90.34     4.74
2202    4    81.07     8.64
2202    5    45.09    13.77
2202    6    36.94    20.38
2202    7     0.49    26.44
2202    8     8.02    21.50
2202    9    14.01    19.41
2202   10    65.80    12.26
2202   11    85.04     7.20
2202   12    26.22     3.78
2203    1   117.29     4.05
2203    2    58.06     3.62
2203    3    51.94     6.07
2203    4    51.56     9.44
2203    5    52.78    15.76
2203    6    14.22    20.70
2203    7     3.52    25.90
2203    8     1.06    22.29
2203    9    13.24    17.77
2203   10    92.17    11.09
2203   11    27.00     8.56
2203   12    19.37     3.51
2204    1    32.46     4.02
2204    2    57.25     4.11
2204    3    30.53     6.93
2204    4    36.88    10.48
2204    5    11.50    15.68
2204    6    58.70    19.16
2204    7     2.08    23.78
2204    8     3.60    24.36
2204    9    21.90    18.35
2204   10    26.91    11.37
2204   11    46.37     7.24
2204   12    27.59     4.37
2205    1    50.70     3.19
2205    2    56.97    -0.39
2205    3    46.50     4.86
2205    4    19.96    12.49
2205    5    30.52    17.31
2205    6    22.73    21.33
2205    7     0.11    25.05
2205    8     3.75    22.66
2205    9    17.85    19.09
2205   10   103.51    11.94
2205   11    52.19     8.97
2205   12    66.24     4.87
2206    1    53.91     1.39
2206    2    26.63     3.39
2206    3    29.04     7.45
2206    4    63.60     8.22
2206    5    34.71    16.20
2206    6    10.15    20.40
2206    7     2.26    25.89
2206    8     3.58    22.87
2206    9     7.71    17.69
2206   10    66.70    14.78
2206   11    34.63     7.49
2206   12    42.59     5.20
2207    1    40.22     4.15
2207    2    23.47     3.85
2207    3    35.21     7.28
2207    4    50.40    10.75
2207    5    54.03    13.21
2207    6    22.68    20.82
2207    7     6.97    24.33
2207    8     0.37    23.10
2207    9    16.71    18.43
2207   10    20.10    12.12
2207   11    28.13     7.50
2207   12    48.11     5.03
2208    1    52.50     3.21
2208    2    34.48     3.02
2208    3    31.14     6.87
2208    4    74.07     8.69
2208    5    17.87    17.58
2208    6    21.06    20.65
2208    7     8.54    24.49
2208    8     3.38    24.75
2208    9    11.52    18.03
2208   10    53.80    13.86
2208   11     9.14    10.51
2208   12    40.91     5.24
2209    1    50.34     0.70
2209    2    33.65     3.08
2209    3    89.97     5.28
2209    4    97.35     7.38
2209    5   144.80    11.06
2209    6    27.34    20.25
2209    7     4.60    24.94
2209    8    13.47    21.54
2209    9    20.38    17.55
2209   10     6.59    15.58
2209   11    86.56     8.78
2209   12    63.65     5.17
2210    1    51.82     3.00
2210    2    51.33     3.18
2210    3    76.50     3.90
2210    4    40.50     9.82
2210    5    30.99    17.15
2210    6    14.49    20.72
2210    7    10.75    25.64
2210    8     7.30    21.56
2210    9    54.51    19.11
2210   10    37.40    11.39
2210   11     6.48     7.08
2210   12    24.53     5.09
2211    1    28.85     4.15
2211    2    74.12     4.48
2211    3    77.90     3.55
2211    4   135.90     6.75
2211    5    33.71    14.67
2211    6    37.71    20.51
2211    7     4.60    24.41
2211    8     0.06    23.51
2211    9    14.16    17.10
2211   10    21.09    11.89
2211   11    19.64     6.82
2211   12   105.41     5.06
2212    1    31.08     2.49
2212    2    44.50     3.32
2212    3   106.04     5.54
2212    4    34.19    11.16
2212    5    65.86    12.26
2212    6    30.13    22.78
2212    7    12.12    23.36
2212    8     2.34    23.82
2212    9    22.97    19.02
2212   10    45.73    14.62
2212   11    20.97     7.72
2212   12    27.84     3.56
2213    1    12.40     5.35
2213    2    93.66     5.70
2213    3   159.33     4.69
2213    4    54.28    10.25
2213    5    26.55    17.32
2213    6    44.64    20.37
2213    7    10.03    24.73
2213    8    16.03    22.37
2213    9    32.79    15.94
2213   10    75.78    12.04
2213   11    44.64     7.08
2213   12    19.67     4.69
2214    1    40.87     2.59
2214    2    58.89     3.85
2214    3    34.45     7.64
2214    4    42.61    10.63
2214    5    54.32    12.75
2214    6    18.48    22.22
2214    7    10.63    24.22
2214    8     1.11    21.72
2214    9    20.48    16.35
2214   10    29.28    13.16
2214   11    10.18    11.24
2214   12    66.47     3.80
2215    1    13.51     4.69
2215    2    13.66     5.50
2215    3    39.11     9.75
2215    4    46.19    13.20
2215    5    67.29    17.17
2215    6    23.66    22.45
2215    7     0.49    27.20
2215    8     6.87    24.36
2215    9    40.37    17.77
2215   10    30.29    13.66
2215   11    49.97     6.07
2215   12    54.13     5.10
2216    1    29.95     4.33
2216    2    58.55     5.13
2216    3    66.69     6.41
2216    4    70.83    10.82
2216    5    82.47    13.32
2216    6    61.49    18.22
2216    7    19.97    23.76
2216    8     1.82    22.13
2216    9    84.01    17.79
2216   10    18.06    10.40
2216   11    30.21     9.59
2216   12    43.91     5.71
2217    1    43.12     1.60
2217    2    52.18     2.23
2217    3    25.03     6.73
2217    4    24.18    11.07
2217    5    29.30    17.99
2217    6    32.40    20.41
2217    7    22.82    25.73
2217    8     6.07    25.24
2217    9    23.19    17.83
2217   10   136.24    10.53
2217   11    28.70     6.44
2217   12    25.56     6.21
2218    1    25.13     4.06
2218    2    83.54     1.65
2218    3    70.79     5.36
2218    4    34.26     8.78
2218    5    22.25    16.40
2218    6    27.31    21.68
2218    7     9.07    25.43
2218    8     0.02    24.75
2218    9    15.89    18.50
2218   10    34.39    10.70
2218   11    26.20     7.82
2218   12    58.02     3.30
2219    1    50.13     2.36
2219    2    47.03     2.24
2219    3    89.87     4.69
2219    4   103.91     9.14
2219    5    82.84    12.66
2219    6    45.34    18.75
2219    7     4.59    26.45
2219    8     0.06    26.87
2219    9    24.01    20.32
2219   10    93.16    11.90
2219   11    94.90     5.90
2219   12    46.34     4.15
2220    1    65.66     2.73
2220    2    73.81     4.52
2220    3    51.48     5.80
2220    4    34.96    11.17
2220    5    43.60    17.26
2220    6    23.62    19.43
2220    7    13.65    26.02
2220    8     2.32    22.99
2220    9    16.34    18.41
2220   10    24.43    12.93
2220   11    65.83     8.91
2220   12    29.54     5.94
2221    1    81.00     1.50
2221    2    48.15     4.69
2221    3    15.19     8.68
2221    4    70.47    10.71
2221    5    55.89    13.77
2221    6     5.01    24.72
2221    7     1.49    28.77
2221    8     0.75    23.27
2221    9    10.15    17.39
2221   10   118.88    13.08
2221   11   136.53     6.96
2221   12    37.44     5.67
2222    1    46.17     4.56
2222    2    19.21     4.93
2222    3    57.62     5.56
2222    4    18.57    11.53
2222    5    58.96    14.25
2222    6    19.93    21.57
2222    7     8.68    26.35
2222    8    11.69    25.60
2222    9    14.01    20.31
2222   10    15.70    17.43
2222   11    77.17     8.74
2222   12    36.70     3.68
2223    1    58.54     4.50
2223    2    40.70     2.05
2223    3    30.71     6.16
2223    4    47.17    10.37
2223    5   113.74    14.51
2223    6    30.14    20.19
2223    7    15.08    23.51
2223    8     2.26    21.44
2223    9     0.84    18.79
2223   10    49.17    14.97
2223   11   112.95     8.00
2223   12    34.39     4.80
2224    1    82.53     3.50
2224    2    42.67     3.16
2224    3    70.58     5.45
2224    4    58.23     8.27
2224    5    31.80    14.61
2224    6    21.18    21.58
2224    7     0.76    22.67
2224    8     0.04    21.97
2224    9    30.30    16.93
2224   10    70.78    12.12
2224   11   106.91     7.05
2224   12    52.76     3.85
2225    1    44.22     4.23
2225    2    55.89     1.64
2225    3    60.43     4.88
2225    4    58.93     8.20
2225    5    72.53    13.68
2225    6    65.22    18.64
2225    7    18.83    23.79
2225    8     0.02    25.42
2225    9    17.21    16.08
2225   10    53.62    11.87
2225   11    20.95     9.62
2225   12    22.27     4.99
2226    1    33.40     4.78
2226    2    62.21     3.85
2226    3    11.22     8.50
2226    4    40.69    12.01
2226    5    65.32    14.28
2226    6    11.93    24.01
2226    7    13.84    25.52
2226    8     2.66    25.56
2226    9     0.67    20.46
2226   10    78.69    12.09
2226   11    73.93     6.97
2226   12    32.20     2.85
2227    1    31.67     4.44
2227    2     9.34     5.77
2227    3    68.36     5.76
2227    4    60.20     8.90
2227    5    57.62    14.84
2227    6     3.23    22.71
2227    7     1.69    26.41
2227    8     9.64    21.79
2227    9    21.98    16.50
2227   10    23.55    11.68
2227   11    42.23     7.97
2227   12    31.66     4.53
2228    1    19.51     4.97
2228    2    23.18     5.43
2228    3    59.73     4.86
2228    4    35.66    10.34
2228    5    51.75    15.84
2228    6    30.08    20.88
2228    7     9.36    23.63
2228    8    10.09    23.02
2228    9    33.11    17.11
2228   10    29.73    11.79
2228   11    57.98     7.35
2228   12    32.35     4.17
2229    1    61.86     2.41
2229    2    47.19     1.76
2229    3    49.00     6.91
2229    4    35.16    10.80
2229    5    51.10    15.05
2229    6    10.59    22.60
2229    7     4.17    24.63
2229    8     1.41    23.34
2229    9    35.19    18.45
2229   10    37.14    13.53
2229   11    68.29     8.13
2229   12    41.96     4.84
2230    1    35.64     2.54
2230    2    42.56     1.34
2230    3    49.63     4.80
2230    4    74.15     9.11
2230    5    21.49    14.49
2230    6    18.84    20.99
2230    7     4.87    25.12
2230    8    34.67    20.67
2230    9    15.40    16.74
2230   10    63.94    14.08
2230   11    74.72     7.49
2230   12    46.66     4.67
2231    1    50.20     3.47
2231    2    43.70     4.19
2231    3    66.03     4.88
2231    4    73.38     8.03
2231    5    49.34    15.28
2231    6    56.69    17.87
2231    7     5.59    21.52
2231    8     0.22    24.00
2231    9     9.28    18.39
2231   10    63.46    11.71
2231   11    61.14     7.44
2231   12    12.43     6.87
2232    1    15.37     4.69
2232    2    74.53     4.31
2232    3    82.31     3.52
2232    4    69.96     7.21
2232    5   162.72    11.45
2232    6     2.53    23.63
2232    7     1.64    26.22
2232    8     0.38    23.55
2232    9    21.92    19.53
2232   10    67.42    11.89
2232   11    66.52     6.31
2232   12    34.36     5.47
2233    1    48.65     3.43
2233    2    76.68     2.86
2233    3    69.63     4.92
2233    4    42.95    11.39
2233    5    55.98    16.58
2233    6    26.01    22.29
2233    7     6.31    25.02
2233    8     0.07    27.31
2233    9     8.18    17.56
2233   10    39.90    11.90
2233   11    12.64    10.11
2233   12    31.82     3.38
2234    1    25.60     4.02
2234    2    27.46     5.14
2234    3    20.45     8.28
2234    4    39.83     8.31
2234    5    31.85    17.72
2234    6    30.16    20.69
2234    7     6.82    23.80
2234    8     3.21    22.66
2234    9     2.16    20.27
2234   10    57.13    14.24
2234   11    93.80     6.60
2234   12    27.38     5.12
2235    1   127.12     2.88
2235    2    48.15     1.59
2235    3    55.13     4.20
2235    4    18.08    11.58
2235    5    87.45    14.51
2235    6    37.72    19.94
2235    7     3.21    26.25
2235    8     2.23    21.85
2235    9    73.45    15.28
2235   10    31.31    11.72
2235   11    38.33     5.10
2235   12    36.26     5.06
2236    1    36.52     5.72
2236    2    71.98     3.33
2236    3    84.80     4.73
2236    4    40.75    11.50
2236    5    85.13    10.95
2236    6    23.94    19.84
2236    7    10.13    23.62
2236    8     8.53    21.52
2236    9    18.36    18.73
2236   10    12.87    12.30
2236   11    35.18     8.53
2236   12    42.25     4.75
2237    1   105.23     0.91
2237    2    22.52     3.28
2237    3    46.28     7.11
2237    4    75.74    10.67
2237    5    27.86    17.27
2237    6    61.74    19.66
2237    7    10.33    23.86
2237    8     1.31    24.99
2237    9    16.47    17.51
2237   10   145.51    13.61
2237   11    75.11     6.49
2237   12    72.49     2.25
2238    1    35.92     5.06
2238    2    53.96     4.69
2238    3    62.23     2.68
2238    4    71.87     8.82
2238    5    68.86    12.56
2238    6    50.39    16.75
2238    7     3.80    25.47
2238    8     1.49    22.53
2238    9     6.57    19.04
2238   10    37.68    12.08
2238   11    25.89     7.89
2238   12    22.50     5.30
2239    1    32.20     3.19
2239    2    33.89     2.80
2239    3    25.78     6.82
2239    4    58.91     9.08
2239    5    42.06    15.35
2239    6    36.44    22.42
2239    7     8.42    24.43
2239    8     7.92    23.21
2239    9    32.44    19.64
2239   10    47.03    12.59
2239   11    64.77     7.79
2239   12    69.03     6.91
2240    1    69.72     4.03
2240    2    53.84     5.22
2240    3    23.92     7.00
2240    4    33.34     9.83
2240    5    82.53    14.62
2240    6    39.75    20.15
2240    7     2.84    25.59
2240    8     0.03    25.89
2240    9    34.20    17.27
2240   10    62.57    13.25
2240   11    15.44     8.23
2240   12     7.24     3.55
2241    1    23.04     1.39
2241    2    23.14     2.22
2241    3    79.36     6.02
2241    4    68.52     8.99
2241    5    18.40    15.80
2241    6    20.91    20.47
2241    7     0.05    25.23
2241    8     2.47    23.97
2241    9    51.24    15.77
2241   10    63.05    10.92
2241   11    18.77     7.65
2241   12    13.58     1.49
2242    1    48.56     3.61
2242    2   105.49     2.70
2242    3    45.03     5.61
2242    4    51.02     7.33
2242    5    57.87    16.88
2242    6    50.20    17.80
2242    7     0.09    25.30
2242    8     0.00    25.52
2242    9    34.35    17.86
2242   10    84.93    11.41
2242   11    21.31     8.35
2242   12    42.34     6.08
2243    1    39.03     4.54
2243    2    26.55     2.59
2243    3    20.89     5.13
2243    4    23.20    11.17
2243    5    27.16    17.28
2243    6     9.22    20.47
2243    7     0.22    27.85
2243    8     0.12    24.15
2243    9    59.42    16.31
2243   10    18.39    13.59
2243   11    50.34     8.34
2243   12    54.68     4.55
2244    1    38.08     3.12
2244    2    37.42     5.06
2244    3    73.28     5.86
2244    4    44.88     9.47
2244    5    20.11    16.69
2244    6    49.06    20.06
2244    7     0.08    25.47
2244    8     0.42    24.42
2244    9    16.22    18.81
2244   10    32.41    13.62
2244   11     8.67     9.55
2244   12    40.80     5.67
2245    1    20.81     4.24
2245    2    86.41     2.24
2245    3    37.29     7.29
2245    4    86.57    10.35
2245    5    50.91    13.61
2245    6    44.12    19.02
2245    7     5.04    27.35
2245    8     0.96    24.29
2245    9    14.23    17.97
2245   10    61.85    14.30
2245   11    42.18     8.44
2245   12    37.80     6.11
2246    1    38.81     3.02
2246    2    36.17     3.17
2246    3    96.02     5.34
2246    4    45.93    10.39
2246    5    38.09    15.53
2246    6    56.22    17.91
2246    7    17.27    22.52
2246    8     2.90    25.25
2246    9    16.93    17.78
2246   10    84.22    13.66
2246   11    40.79     6.50
2246   12    35.58     6.06
2247    1    35.53     4.32
2247    2    58.87     3.15
2247    3    31.76     7.73
2247    4    40.25    11.28
2247    5    17.97    15.58
2247    6     2.74    21.72
2247    7     4.98    24.48
2247    8     0.39    27.28
2247    9     3.51    19.67
2247   10    19.87    12.94
2247   11    21.79     9.57
2247   12    55.68     3.71
2248    1    37.01     4.55
2248    2    34.80     5.00
2248    3    95.18     3.20
2248    4    97.48     9.25
2248    5    22.33    16.20
2248    6    15.14    23.47
2248    7     0.58    22.90
2248    8    12.38    20.26
2248    9    42.08    15.46
2248   10    25.47    13.17
2248   11   106.55     6.41
2248   12    34.30     3.63
2249    1    30.39     0.24
2249    2    38.83     3.40
2249    3    49.05     6.19
2249    4   115.69     8.89
2249    5    37.40    15.92
2249    6    54.23    18.63
2249    7     2.19    23.20
2249    8     7.33    20.91
2249    9    38.36    16.87
2249   10    29.45    11.18
2249   11    12.88     7.83
2249   12    28.72     5.37
2250    1    41.83     3.29
2250    2    29.56     5.40
2250    3    54.00     5.67
2250    4    95.72     7.95
2250    5    52.26    12.71
2250    6    40.26    19.74
2250    7    30.23    22.24
2250    8    20.41    20.70
2250    9    40.45    16.15
2250   10    34.14    11.27
2250   11    75.33     7.65
2250   12    62.83     2.97
2251    1    27.70     2.35
2251    2    15.68     4.02
2251    3    27.00     5.06
2251    4    43.37    11.54
2251    5    48.16    15.15
2251    6    17.22    22.21
2251    7     1.88    26.42
2251    8     1.84    24.03
2251    9     6.64    19.42
2251   10    73.00    12.92
2251   11    20.58     7.73
2251   12    52.15     3.25
2252    1    25.71     4.14
2252    2    17.17     4.57
2252    3    92.27     5.68
2252    4    53.97    12.26
2252    5    26.15    14.74
2252    6    53.23    19.06
2252    7     0.80    25.01
2252    8     6.34    23.76
2252    9    23.41    19.23
2252   10    53.44    10.38
2252   11   100.66     8.35
2252   12    27.66     4.30
2253    1    48.10     2.18
2253    2    85.07     2.88
2253    3    33.98     6.16
2253    4    32.03    12.18
2253    5    35.25    15.08
2253    6   102.80    17.84
2253    7    11.64    24.41
2253    8     3.28    22.09
2253    9    48.92    16.66
2253   10   134.68    10.16
2253   11    56.27     6.62
2253   12    33.57     3.93
2254    1    18.33     4.89
2254    2    28.17     4.51
2254    3    61.27     6.16
2254    4    30.15    10.82
2254    5   134.01    12.55
2254    6    48.53    19.05
2254    7     0.68    25.22
2254    8     0.14    21.04
2254    9    12.44    18.38
2254   10    93.01    13.30
2254   11    56.76     8.60
2254   12    26.63     3.96
2255    1    47.59     4.03
2255    2    40.34     4.76
2255    3    63.15     7.79
2255    4    36.34    10.03
2255    5   119.72    13.28
2255    6    48.44    17.44
2255    7     0.32    25.12
2255    8     0.11    21.11
2255    9    17.20    17.62
2255   10    19.31    12.74
2255   11    40.80     8.73
2255   12    46.21     3.73
2256    1    75.93     2.06
2256    2    49.07     3.59
2256    3    60.22     2.52
2256    4    81.91     9.53
2256    5    84.36    12.39
2256    6    70.94    17.96
2256    7     4.92    21.50
2256    8    12.63    21.74
2256    9     9.94    15.70
2256   10    30.41    12.76
2256   11    33.26     6.71
2256   12    39.76     4.43
2257    1   104.56     2.57
2257    2    38.98     3.39
2257    3   110.19     4.56
2257    4    54.74     9.39
2257    5    42.06    15.66
2257    6    32.34    19.52
2257    7     4.19    26.64
2257    8     3.10    23.66
2257    9     7.94    18.53
2257   10    56.57    11.77
2257   11    63.32     6.75
2257   12    29.61     6.05
2258    1    26.89     2.41
2258    2    11.69     3.34
2258    3    60.90     4.84
2258    4    75.20    10.89
2258    5    58.54    13.63
2258    6    24.56    21.51
2258    7    11.62    22.71
2258    8     0.39    24.01
2258    9     9.38    20.06
2258   10    98.09    10.54
2258   11    74.60     7.99
2258   12    54.52     4.52
2259    1    57.89     4.45
2259    2    24.83     4.72
2259    3    64.47     4.67
2259    4    45.08     9.04
2259    5    43.93    14.23
2259    6    54.22    18.72
2259    7     8.49    23.85
2259    8     1.84    23.57
2259    9     3.54    19.09
2259   10    47.64    11.79
2259   11    36.70     5.40
2259   12    20.03     3.87
2260    1    36.96     1.60
2260    2    39.05     4.13
2260    3    27.20     8.29
2260    4    37.24    12.31
2260    5    33.25    18.56
2260    6    30.05    24.54
2260    7     8.01    24.95
2260    8     3.87    22.19
2260    9    15.32    18.42
2260   10    16.92    12.00
2260   11    42.02     8.25
2260   12    47.08     4.74
2261    1    23.59     4.73
2261    2    29.78     4.19
2261    3    42.67     8.32
2261    4    69.43     8.99
2261    5    38.83    16.31
2261    6    15.04    22.93
2261    7     1.65    25.50
2261    8     0.00    25.03
2261    9    14.66    20.16
2261   10    23.98    15.62
2261   11     9.76    12.20
2261   12    18.64     6.74
2262    1    39.49     4.05
2262    2    59.29     4.60
2262    3    52.50     8.78
2262    4     7.26    12.92
2262    5    79.04    12.95
2262    6     9.00    21.97
2262    7     0.23    26.51
2262    8     5.53    24.59
2262    9    14.19    19.23
2262   10    48.22    13.54
2262   11    51.55     7.74
2262   12     9.76     6.73
2263    1    60.12     1.25
2263    2    39.15     4.04
2263    3    95.15     5.04
2263    4    81.67     7.73
2263    5    56.01    13.83
2263    6    32.70    21.99
2263    7    10.15    24.53
2263    8     0.12    25.68
2263    9    33.20    19.68
2263   10    21.39    13.44
2263   11    37.13     9.72
2263   12    23.63     3.54
2264    1    29.20     2.07
2264    2    82.51     4.35
2264    3    67.79     6.47
2264    4    50.21     9.81
2264    5    23.92    15.50
2264    6    21.33    21.15
2264    7     3.82    25.96
2264    8     0.74    25.69
2264    9    19.95    18.29
2264   10    25.26    14.85
2264   11    50.70     6.89
2264   12    31.54     2.99
2265    1    42.61     4.04
2265    2    43.81     5.82
2265    3    85.17     3.66
2265    4   119.19     6.69
2265    5    48.78    15.27
2265    6    51.89    19.75
2265    7     0.08    23.95
2265    8     0.55    25.72
2265    9     9.73    20.08
2265   10    33.73    13.60
2265   11    59.47     7.66
2265   12    30.34     5.49
2266    1    45.68     2.32
2266    2    56.00     3.34
2266    3    44.87     4.76
2266    4    89.33     9.43
2266    5    70.49    14.68
2266    6    19.65    21.42
2266    7     0.97    27.11
2266    8    17.19    20.90
2266    9     6.61    17.02
2266   10    16.86    13.55
2266   11    22.93     9.04
2266   12    31.64     6.40
2267    1    49.43     3.96
2267    2    43.51     2.23
2267    3    67.31     4.76
2267    4    57.04    10.15
2267    5    21.58    16.29
2267    6    26.97    19.76
2267    7     1.44    25.24
2267    8     0.72    23.00
2267    9     9.59    18.57
2267   10    35.75    12.94
2267   11    83.97     7.10
2267   12    36.92     2.54
2268    1    35.03     3.48
2268    2    43.97     4.16
2268    3    35.62     5.18
2268    4    53.33     9.29
2268    5    64.77    15.38
2268    6    44.59    18.78
2268    7     7.10    24.45
2268    8    30.70    21.97
2268    9    13.71    19.71
2268   10    14.15    11.98
2268   11    95.82     5.80
2268   12    32.21     4.20
2269    1    35.63     1.62
2269    2    37.50     0.56
2269    3    37.06     5.81
2269    4    36.71    10.50
2269    5    73.88    12.56
2269    6    11.28    20.79
2269    7     0.35    26.28
2269    8     1.41    25.80
2269    9    56.01    17.08
2269   10    99.33    10.89
2269   11    25.45     7.51
2269   12    39.47     4.59
2270    1    41.64     4.95
2270    2    21.20     3.17
2270    3    29.11     8.06
2270    4    38.87    10.83
2270    5    33.74    13.58
2270    6    32.53    20.92
2270    7     1.46    27.21
2270    8     5.24    23.77
2270    9     2.74    19.44
2270   10    24.07    11.60
2270   11    40.94     7.09
2270   12    26.11     4.20
2271    1    19.31     3.49
2271    2    51.71     2.64
2271    3    43.08     8.88
2271    4    63.84    10.62
2271    5    46.65    12.43
2271    6    43.02    18.25
2271    7     1.15    26.37
2271    8     1.07    24.67
2271    9     2.46    21.67
2271   10    65.96    13.74
2271   11     7.97     8.99
2271   12    54.80     6.53
2272    1    33.04     3.80
2272    2    23.54     2.73
2272    3    58.31     4.53
2272    4    99.07     6.54
2272    5   131.59    11.55
2272    6    19.84    20.66
2272    7     1.28    24.68
2272    8     9.96    23.43
2272    9    16.60    15.96
2272   10    99.33    10.35
2272   11   100.78     7.82
2272   12    15.42     5.17
2273    1    60.25     4.10
2273    2    55.14     5.32
2273    3    48.86     8.15
2273    4    72.22     8.55
2273    5    14.56    15.16
2273    6    34.47    21.39
2273    7     5.84    22.89
2273    8     7.01    21.45
2273    9    20.49    18.27
2273   10    24.48    12.06
2273   11     9.16    10.30
2273   12    40.66     5.61
2274    1    80.82     4.31
2274    2    94.74     2.34
2274    3    43.38     7.66
2274    4    55.79     9.59
2274    5    51.89    13.37
2274    6     8.38    20.37
2274    7     1.65    25.46
2274    8    11.93    22.26
2274    9     8.58    20.91
2274   10    58.25    12.09
2274   11    77.72     8.12
2274   12    71.60     4.19
2275    1    13.54     4.19
2275    2    50.23     3.16
2275    3    49.32     6.32
2275    4    55.10    11.13
2275    5    86.49    13.29
2275    6    42.18    19.24
2275    7     6.68    24.41
2275    8     0.31    25.23
2275    9     2.17    20.06
2275   10    42.28    15.11
2275   11    74.41    10.43
2275   12    69.21     6.60
2276    1    32.82     4.31
2276    2    65.34     4.48
2276    3   105.63     6.83
2276    4    31.49    10.89
2276    5    85.14    13.85
2276    6     5.31    20.64
2276    7     7.27    25.15
2276    8     0.00    21.62
2276    9    19.00    17.84
2276   10    61.21    12.13
2276   11    69.90     6.84
2276   12    38.12     4.86
2277    1    20.18     4.47
2277    2    43.85     4.75
2277    3    28.20     6.14
2277    4    22.29    12.90
2277    5    59.03    13.63
2277    6    39.71    21.18
2277    7     4.57    26.09
2277    8     0.07    25.11
2277    9    10.62    19.41
2277   10     5.25    14.54
2277   11    61.62     8.48
2277   12    50.32     5.50
2278    1    65.23     2.42
2278    2    75.31     2.32
2278    3    37.48     5.13
2278    4    53.75    10.82
2278    5    98.49    11.29
2278    6    30.30    20.95
2278    7     4.54    26.34
2278    8     1.05    25.12
2278    9    29.49    16.51
2278   10    49.06    12.50
2278   11    82.86     8.07
2278   12    68.34     3.59
2279    1    16.02     2.41
2279    2    38.14     2.70
2279    3    73.13     3.31
2279    4    48.16     6.52
2279    5    39.12    13.32
2279    6    26.46    19.51
2279    7     7.60    23.81
2279    8     2.31    24.69
2279    9    35.96    17.81
2279   10    21.66    11.65
2279   11    24.39     9.24
2279   12    28.91     6.16
2280    1    64.85     3.20
2280    2    25.41     1.86
2280    3    31.48     9.47
2280    4    72.62    10.40
2280    5    32.84    16.26
2280    6    23.13    22.85
2280    7    44.38    22.67
2280    8     9.92    22.77
2280    9     3.01    22.95
2280   10    53.29    13.61
2280   11    15.04     9.14
2280   12    28.84     5.28
2281    1    35.23     3.94
2281    2    63.69     3.89
2281    3    38.03     6.68
2281    4    41.65    11.61
2281    5    32.98    16.13
2281    6    29.53    20.52
2281    7     0.53    27.14
2281    8     0.80    22.54
2281    9    17.77    21.17
2281   10    40.75    11.89
2281   11    24.70    11.45
2281   12    52.15     6.23
2282    1    57.01     3.46
2282    2     8.63     4.85
2282    3    41.04     8.72
2282    4    54.21    11.49
2282    5    87.42    13.11
2282    6    54.94    18.82
2282    7     0.73    25.10
2282    8     6.27    24.04
2282    9    40.36    16.92
2282   10    53.51    13.03
2282   11    75.48     8.74
2282   12    29.55     4.92
2283    1    48.89     1.98
2283    2    68.20     1.86
2283    3   167.57     1.39
2283    4    82.72     4.82
2283    5    40.92    15.68
2283    6     6.36    21.64
2283    7     0.01    25.50
2283    8     3.36    21.63
2283    9    29.76    16.22
2283   10    52.59    13.32
2283   11   107.35     7.16
2283   12    69.01     3.26
2284    1    75.95     1.64
2284    2    67.26     2.01
2284    3   101.99     3.84
2284    4    20.65     9.90
2284    5    43.32    15.28
2284    6    40.24    20.91
2284    7     2.09    23.17
2284    8     0.19    22.62
2284    9    12.07    21.26
2284   10    30.23    13.67
2284   11    16.42     7.59
2284   12    43.46     5.57
2285    1    49.47     4.62
2285    2    54.45    -0.15
2285    3    50.78     4.29
2285    4    34.18    12.64
2285    5    40.37    15.52
2285    6    16.18    19.53
2285    7     1.40    26.49
2285    8     0.06    24.49
2285    9    45.74    17.10
2285   10   111.30    10.49
2285   11    20.58     7.94
2285   12    70.95     5.73
2286    1    40.96     2.56
2286    2    30.98     2.97
2286    3    99.24     4.93
2286    4    57.32     9.41
2286    5    25.96    16.42
2286    6    45.52    20.12
2286    7     1.02    25.53
2286    8    36.46    19.44
2286    9    67.52    17.61
2286   10    49.26    12.91
2286   11    74.95     7.05
2286   12    24.63     4.17
2287    1    33.96     3.39
2287    2    31.61     4.55
2287    3    39.91     7.24
2287    4    49.46    10.71
2287    5    39.11    16.42
2287    6    18.15    22.71
2287    7     0.79    26.98
2287    8    21.59    22.35
2287    9    23.66    18.40
2287   10    72.55    13.20
2287   11    30.92     7.71
2287   12    12.41     4.21
2288    1    42.90     3.56
2288    2    68.25     5.15
2288    3    36.80     6.74
2288    4    29.14    10.67
2288    5    47.67    13.99
2288    6     4.74    22.68
2288    7    11.22    25.32
2288    8     0.02    25.51
2288    9    12.79    14.81
2288   10   108.68    10.06
2288   11    20.40     6.79
2288   12    63.95     2.74
2289    1    61.74     0.89
2289    2    59.43     2.05
2289    3    51.43     6.08
2289    4    39.26     9.03
2289    5    30.94    16.51
2289    6    62.35    17.48
2289    7     3.02    25.86
2289    8     0.61    21.60
2289    9    38.97    15.95
2289   10    33.49    13.04
2289   11    38.24     7.60
2289   12    53.14     5.32
2290    1    16.77     4.44
2290    2    44.43     4.24
2290    3    23.37     7.76
2290    4    90.90     9.48
2290    5    71.60    13.57
2290    6    35.74    19.41
2290    7     1.37    25.23
2290    8     1.92    22.21
2290    9    60.04    15.84
2290   10    47.80    10.85
2290   11    25.83     7.92
2290   12    30.50     5.40
2291    1    30.55     1.91
2291    2    27.81     2.80
2291    3   143.27     3.49
2291    4    71.84     9.68
2291    5    46.99    15.67
2291    6    55.05    18.99
2291    7    28.90    21.41
2291    8     1.01    25.86
2291    9    24.55    17.97
2291   10    41.79    11.65
2291   11    99.07     5.58
2291   12    53.11     5.37
2292    1    58.97     3.50
2292    2    45.83     4.67
2292    3    60.07     6.12
2292    4    29.49     8.55
2292    5    33.10    17.48
2292    6    15.01    22.19
2292    7     2.33    23.83
2292    8     7.85    21.17
2292    9    16.42    19.40
2292   10    54.59    11.28
2292   11    76.44     7.60
2292   12    37.39     4.58
2293    1    82.12     1.27
2293    2    56.03     1.01
2293    3    31.00     8.76
2293    4    61.33     8.56
2293    5    67.03    14.24
2293    6    28.30    20.82
2293    7     1.38    25.82
2293    8     7.97    20.83
2293    9     2.66    19.05
2293   10    46.39    12.83
2293   11    24.86     8.38
2293   12    28.68     2.98
2294    1    49.05     3.89
2294    2    17.81     1.58
2294    3    76.34     3.87
2294    4    21.73     9.85
2294    5    86.52    13.31
2294    6    46.98    18.88
2294    7     1.58    25.71
2294    8     5.26    24.03
2294    9     9.36    17.46
2294   10    27.79    13.07
2294   11    18.21     8.52
2294   12    38.82     4.97
2295    1    43.36     3.97
2295    2    17.89     5.18
2295    3   145.31     5.48
2295    4    37.39    12.58
2295    5    59.49    15.56
2295    6    16.07    18.67
2295    7    16.16    22.45
2295    8     1.63    21.74
2295    9    26.01    19.05
2295   10    14.37    14.89
2295   11    45.71     9.35
2295   12    75.46     3.34
2296    1    38.12     3.15
2296    2    32.99     4.38
2296    3    53.97     2.06
2296    4    34.38    11.35
2296    5    78.08    14.46
2296    6    33.93    19.83
2296    7     1.41    26.99
2296    8     0.84    23.18
2296    9     1.29    18.00
2296   10    35.94    15.19
2296   11     5.88     8.69
2296   12    18.58     6.71
2297    1    24.87     3.20
2297    2    50.08     4.47
2297    3   101.28     6.80
2297    4    95.52     8.24
2297    5    57.63    14.32
2297    6     7.57    22.10
2297    7    10.15    24.64
2297    8     9.68    23.48
2297    9    12.75    17.70
2297   10    73.97    12.40
2297   11    37.08     7.89
2297   12    48.85     6.88
2298    1    43.41     4.49
2298    2    17.46     4.03
2298    3    66.39     6.73
2298    4    45.41     8.62
2298    5    76.66    12.23
2298    6    47.28    19.50
2298    7     9.06    23.17
2298    8     1.33    24.98
2298    9     8.16    20.23
2298   10    74.72    12.49
2298   11    46.68     7.07
2298   12    38.25     2.76
2299    1    47.85     2.27
2299    2    21.05     3.33
2299    3    70.59     8.16
2299    4    22.32    11.63
2299    5    35.41    15.35
2299    6    27.85    19.08
2299    7     0.48    24.88
2299    8     0.57    24.14
2299    9    28.73    18.33
2299   10   132.59    11.71
2299   11     7.79     9.73
2299   12    15.25     5.71
2300    1    67.99     2.23
2300    2    48.70     3.36
2300    3    69.62     4.88
2300    4    77.52    10.26
2300    5    48.19    16.86
2300    6    18.24    23.01
2300    7    16.30    25.19
2300    8     8.31    22.54
2300    9     2.75    19.00
2300   10    46.61    14.15
2300   11    81.18     8.58
2300   12    22.42     5.09
