2006    1    31.94    -5.30
2006    2    11.96    -0.82
2006    3    69.46    -0.08
2006    4    90.10     4.75
2006    5   166.81    10.96
2006    6    51.09    17.68
2006    7    44.11    21.26
2006    8    17.55    21.54
2006    9     2.75    20.59
2006   10    40.22    13.29
2006   11    86.72     3.62
2006   12    29.89   -10.48
2007    1    13.57   -13.75
2007    2     7.76   -13.20
2007    3    18.07    -3.95
2007    4    73.24     7.37
2007    5   113.62    11.30
2007    6    84.00    18.19
2007    7    11.01    22.08
2007    8    17.64    20.42
2007    9   124.59    14.85
2007   10    70.69     9.70
2007   11    38.21     2.26
2007   12    39.45    -4.12
2008    1    11.41    -4.75
2008    2    29.05    -2.20
2008    3    58.47     2.24
2008    4    76.06    10.04
2008    5   146.29    12.86
2008    6    74.46    17.63
2008    7    17.48    23.83
2008    8    15.09    22.27
2008    9    52.40    16.39
2008   10    27.70    11.55
2008   11    43.32     3.18
2008   12    26.91    -3.11
2009    1    14.34    -3.76
2009    2    43.68    -2.37
2009    3    56.54    -1.58
2009    4   114.84     6.91
2009    5   115.11    13.99
2009    6   109.65    16.81
2009    7    73.34    19.21
2009    8    20.47    20.58
2009    9    26.70    17.34
2009   10   119.80     8.89
2009   11    69.37     2.18
2009   12    59.84    -0.19
2010    1     5.72    -9.55
2010    2    14.04    -3.83
2010    3    24.79     1.08
2010    4    89.98     7.94
2010    5    76.75    14.09
2010    6    60.24    21.53
2010    7    38.62    20.52
2010    8     8.36    23.46
2010    9   108.72    16.38
2010   10   110.43     8.97
2010   11    69.98     1.99
2010   12     0.60    -3.31
2011    1    17.04    -5.78
2011    2    16.99    -3.78
2011    3    79.31     1.16
2011    4   106.09     4.12
2011    5   135.76    11.25
2011    6    61.82    18.28
2011    7    36.20    23.78
2011    8     6.77    23.87
2011    9    75.02    17.50
2011   10    76.51     6.42
2011   11    46.82    -0.48
2011   12    10.79    -1.90
2012    1    24.48    -7.56
2012    2    20.68    -7.72
2012    3    73.40     1.72
2012    4    65.00     9.05
2012    5    86.95    15.25
2012    6    94.08    18.79
2012    7    45.19    22.36
2012    8    24.05    21.57
2012    9    67.21    16.22
2012   10    89.39    11.06
2012   11   109.48     2.07
2012   12    12.07    -3.21
2013    1    28.61    -4.76
2013    2    19.41    -7.81
2013    3    28.12     1.31
2013    4    85.84     5.35
2013    5   109.24    12.22
2013    6   122.99    19.33
2013    7    23.76    21.61
2013    8     4.68    22.27
2013    9    43.95    16.97
2013   10    45.24    13.49
2013   11   123.41     3.89
2013   12    15.04    -1.33
2014    1    20.82    -5.58
2014    2     4.91     2.19
2014    3    43.07     4.74
2014    4   102.66     9.52
2014    5   106.78    12.23
2014    6   126.85    16.66
2014    7    13.04    23.01
2014    8    15.37    23.23
2014    9    34.54    16.75
2014   10   188.22     9.25
2014   11    40.80     2.09
2014   12     6.63     0.43
2015    1    22.80    -2.05
2015    2    45.31    -1.82
2015    3    29.08     4.21
2015    4   101.26     9.27
2015    5   114.80     9.85
2015    6   160.82    16.21
2015    7    65.51    19.78
2015    8    47.45    22.18
2015    9    48.35    19.25
2015   10   107.16    12.19
2015   11    61.70     1.13
2015   12    21.63    -1.55
2016    1    24.87    -7.76
2016    2    22.61    -2.00
2016    3    19.88     1.22
2016    4    77.26     8.97
2016    5   158.86    11.71
2016    6   117.89    14.64
2016    7    21.02    23.82
2016    8     1.15    21.36
2016    9    54.19    17.23
2016   10    50.66    10.67
2016   11    43.10     4.61
2016   12     0.02    -0.29
2017    1    41.35    -6.04
2017    2    12.33    -2.01
2017    3    40.60     2.53
2017    4   103.47     8.03
2017    5   120.44    12.76
2017    6    93.01    17.27
2017    7    17.70    22.73
2017    8    22.97    24.13
2017    9    41.43    16.02
2017   10    49.65    10.74
2017   11    79.89     4.61
2017   12     9.20    -2.20
2018    1    18.95    -5.32
2018    2    26.59    -2.60
2018    3    29.28     0.23
2018    4   118.16     7.64
2018    5   119.06    13.95
2018    6    92.88    19.46
2018    7    22.00    22.58
2018    8     8.46    25.93
2018    9    65.03    18.76
2018   10    15.59    10.02
2018   11     8.61     5.63
2018   12    24.43    -2.01
2019    1     3.08    -3.93
2019    2    15.20     0.58
2019    3    57.18     4.69
2019    4    32.23    11.77
2019    5    72.34    18.24
2019    6   123.32    17.99
2019    7    10.47    23.23
2019    8    11.05    22.52
2019    9    53.35    17.60
2019   10   112.63     9.85
2019   11    35.90     2.85
2019   12     2.40    -0.43
2020    1    17.52    -3.18
2020    2    17.38    -1.30
2020    3    58.35     4.32
2020    4    95.87     6.45
2020    5    84.90    12.20
2020    6    80.27    18.59
2020    7    51.90    22.73
2020    8    44.11    23.94
2020    9    31.36    19.40
2020   10    90.78    11.14
2020   11    11.60     4.18
2020   12    26.77    -3.38
2021    1    49.32    -4.30
2021    2    35.98    -1.28
2021    3    81.75    -0.31
2021    4    73.73    10.19
2021    5   137.43    12.82
2021    6   110.02    17.68
2021    7    43.86    22.28
2021    8    47.60    21.83
2021    9    64.14    14.97
2021   10    51.67    11.33
2021   11    40.49     1.17
2021   12    19.06    -1.42
2022    1     7.07    -0.16
2022    2    29.42    -0.32
2022    3    45.70     2.72
2022    4    55.92     7.46
2022    5   115.57    13.15
2022    6   144.77    16.59
2022    7    17.75    23.93
2022    8    21.35    22.06
2022    9    27.23    18.08
2022   10    25.27    13.37
2022   11    14.93     6.17
2022   12    12.52    -0.27
2023    1    47.09    -7.27
2023    2    30.33    -6.42
2023    3    30.77     2.61
2023    4    55.57    10.13
2023    5    85.68    14.75
2023    6    78.83    20.85
2023    7    30.25    24.93
2023    8     8.87    25.48
2023    9    60.58    18.57
2023   10   130.54    10.89
2023   11    25.47     2.95
2023   12     4.29    -1.45
2024    1    14.87    -2.73
2024    2    18.83     0.08
2024    3    22.23     6.02
2024    4   108.62    10.08
2024    5   100.19    15.70
2024    6    91.72    16.83
2024    7    25.84    23.21
2024    8    20.11    24.22
2024    9    72.45    19.40
2024   10    54.53     9.37
2024   11    74.55     4.56
2024   12    32.38    -1.30
2025    1     5.94    -2.83
2025    2    21.92    -0.56
2025    3    43.30    -0.02
2025    4    55.61     8.79
2025    5   160.83    13.08
2025    6    90.91    17.37
2025    7    15.31    22.31
2025    8    21.05    24.08
2025    9    29.58    17.54
2025   10    54.00     9.80
2025   11    10.60     6.04
2025   12    46.73     0.00
2026    1    10.66    -0.18
2026    2    21.90     0.48
2026    3    46.85     3.29
2026    4    97.76     9.50
2026    5   107.58    13.88
2026    6    77.29    21.21
2026    7    14.74    26.93
2026    8    44.54    20.80
2026    9    18.17    19.03
2026   10    39.47    12.09
2026   11    43.10     5.20
2026   12    13.39    -0.07
2027    1    32.83    -6.36
2027    2    19.44    -9.69
2027    3    36.11     3.01
2027    4   104.02     8.06
2027    5   151.01    12.22
2027    6    54.18    20.58
2027    7     2.66    27.34
2027    8    10.15    25.24
2027    9    58.80    19.09
2027   10    68.78    10.81
2027   11    63.93     3.60
2027   12    46.86    -2.59
2028    1    26.52    -8.41
2028    2    31.52    -1.66
2028    3    26.54     2.34
2028    4    73.82     7.20
2028    5   176.23    11.57
2028    6    97.25    16.30
2028    7    45.80    22.21
2028    8    47.21    20.11
2028    9    64.51    16.12
2028   10    28.94    10.07
2028   11    20.92     2.20
2028   12    10.91    -2.59
2029    1    14.55    -2.24
2029    2    26.46     1.15
2029    3    31.18     8.16
2029    4    88.73    11.39
2029    5   109.75    16.59
2029    6    77.66    20.70
2029    7    51.06    25.44
2029    8    23.72    22.97
2029    9    71.82    17.37
2029   10    70.44    10.03
2029   11    60.81     2.49
2029   12    19.99    -2.46
2030    1    16.54    -6.09
2030    2    24.87    -4.10
2030    3    29.93     2.02
2030    4    85.45     9.74
2030    5   168.46    14.35
2030    6   113.49    17.32
2030    7    12.35    25.70
2030    8    25.84    24.40
2030    9    89.77    17.32
2030   10    75.94    10.39
2030   11    46.60     2.36
2030   12     3.15    -1.16
2031    1    24.26    -2.55
2031    2    41.76    -2.54
2031    3    52.95    -0.96
2031    4    72.47     8.35
2031    5   121.54    12.67
2031    6    86.26    16.52
2031    7    30.88    21.87
2031    8     2.20    24.76
2031    9    12.16    20.20
2031   10   121.15    10.28
2031   11    25.07     3.34
2031   12    48.71    -4.50
2032    1    20.73    -7.99
2032    2    10.97    -4.01
2032    3    36.82     2.66
2032    4   127.49     6.75
2032    5   102.30    14.73
2032    6   140.89    15.80
2032    7    38.46    20.73
2032    8    25.36    22.58
2032    9    61.28    17.67
2032   10   102.15    11.92
2032   11    55.49     5.07
2032   12     8.63    -0.97
2033    1    33.57    -3.39
2033    2    11.38    -0.35
2033    3    46.19     2.85
2033    4   111.84     8.57
2033    5   163.93    11.33
2033    6   157.90    16.78
2033    7    50.91    22.28
2033    8    11.07    25.59
2033    9    79.23    17.96
2033   10    80.11    11.88
2033   11    46.36     2.32
2033   12    44.90    -6.51
2034    1    27.82    -4.03
2034    2    53.25    -4.61
2034    3    29.22    -1.71
2034    4    78.04     5.44
2034    5   120.52    11.46
2034    6   115.96    17.80
2034    7    22.56    23.17
2034    8     1.59    23.61
2034    9    37.69    19.25
2034   10    69.62     9.63
2034   11    34.25     1.88
2034   12     4.63    -1.12
2035    1    12.73    -4.25
2035    2    35.25    -5.40
2035    3    41.64     3.28
2035    4    64.90    10.39
2035    5   171.30    11.44
2035    6    99.20    17.96
2035    7    14.86    22.19
2035    8    32.85    22.30
2035    9    22.29    19.97
2035   10    82.86    10.89
2035   11    59.82     2.73
2035   12    27.64    -2.96
2036    1    12.92    -0.07
2036    2    49.57     1.26
2036    3    63.61     3.21
2036    4    94.65     9.07
2036    5   133.34    13.57
2036    6   133.93    16.45
2036    7    39.80    20.19
2036    8     7.55    23.59
2036    9    27.79    17.56
2036   10    53.39    12.99
2036   11    62.70     3.15
2036   12     4.30    -1.04
2037    1    42.94    -6.13
2037    2    13.11    -0.35
2037    3    32.06     6.32
2037    4    64.21    13.88
2037    5   147.47    15.40
2037    6    44.46    20.20
2037    7    18.13    24.92
2037    8    20.08    24.39
2037    9    29.77    20.74
2037   10    45.92    10.35
2037   11    37.34     2.07
2037   12     5.16    -0.49
2038    1    20.55    -5.52
2038    2     8.85     1.79
2038    3    62.30     5.51
2038    4    82.24     9.99
2038    5    98.94    14.43
2038    6   105.21    18.42
2038    7    19.45    22.37
2038    8    23.94    22.57
2038    9     5.93    22.26
2038   10   172.31    11.72
2038   11    21.67     5.12
2038   12    26.36    -1.26
2039    1    25.95    -4.90
2039    2    23.82     0.79
2039    3    16.28     5.42
2039    4    75.96    10.09
2039    5   137.37    12.22
2039    6    90.03    18.19
2039    7    27.54    26.23
2039    8     1.42    24.20
2039    9    27.30    20.75
2039   10    19.76    10.61
2039   11    64.64     3.73
2039   12    21.23    -1.78
2040    1    27.86    -3.86
2040    2    29.15    -5.06
2040    3    56.91     0.55
2040    4    67.13     8.43
2040    5   115.05    13.72
2040    6   122.32    19.32
2040    7    64.51    21.76
2040    8    30.95    22.42
2040    9    49.62    16.76
2040   10   107.77     9.59
2040   11    36.39     2.26
2040   12    31.50    -1.75
2041    1    13.21    -2.89
2041    2    35.60     1.28
2041    3    55.18    -0.01
2041    4   150.13     9.13
2041    5    99.81    15.24
2041    6    40.01    21.11
2041    7     1.87    27.78
2041    8    16.39    24.02
2041    9    57.87    17.85
2041   10    75.22    10.93
2041   11    43.64     4.07
2041   12    27.20     0.19
2042    1    37.81    -2.55
2042    2    23.38    -1.84
2042    3    39.97     2.86
2042    4    85.65     8.08
2042    5   157.39    11.85
2042    6    67.24    18.58
2042    7    12.75    26.07
2042    8     7.88    24.34
2042    9    48.45    19.21
2042   10    15.97    10.73
2042   11    22.79     4.78
2042   12    11.47     0.66
2043    1    22.65    -5.91
2043    2    24.59     1.51
2043    3    48.64     4.67
2043    4    80.11     8.15
2043    5   162.25    10.93
2043    6   105.59    18.71
2043    7    13.18    25.32
2043    8     2.53    26.49
2043    9    37.04    21.39
2043   10   116.54    10.56
2043   11    98.10     1.88
2043   12    19.55    -1.53
2044    1    18.40    -4.22
2044    2     8.66    -6.38
2044    3    62.05     0.74
2044    4    53.45     7.13
2044    5    75.89    16.20
2044    6    37.00    21.37
2044    7    41.24    23.79
2044    8    11.34    25.02
2044    9    56.79    16.69
2044   10    63.70     9.99
2044   11    47.40     3.45
2044   12     7.52    -3.64
2045    1    10.59    -2.29
2045    2    32.85     1.21
2045    3    71.03    -0.86
2045    4    89.35     8.18
2045    5   203.38    12.90
2045    6   139.99    16.86
2045    7    48.93    20.15
2045    8    24.97    22.05
2045    9    68.54    18.67
2045   10    52.69    12.85
2045   11    25.33     5.68
2045   12    14.70     2.17
2046    1    30.40    -1.29
2046    2    19.22    -4.91
2046    3    83.12    -1.46
2046    4    57.73     9.04
2046    5   141.68    14.10
2046    6   143.45    18.22
2046    7    60.21    20.77
2046    8    21.80    22.34
2046    9    26.99    18.36
2046   10   117.23    10.57
2046   11    23.34     2.90
2046   12    60.20    -1.61
2047    1    21.09    -4.65
2047    2     4.41    -2.11
2047    3    53.64     2.59
2047    4    99.22     6.78
2047    5   168.55    14.41
2047    6   126.32    16.29
2047    7    53.40    19.18
2047    8    27.83    23.82
2047    9    23.40    21.10
2047   10    40.73    12.92
2047   11    19.49     4.73
2047   12     3.72    -0.75
2048    1    18.68    -2.02
2048    2    27.24     0.64
2048    3    65.35     2.59
2048    4   109.79    10.34
2048    5   182.30    16.34
2048    6   100.54    20.35
2048    7    75.42    23.45
2048    8    26.82    22.03
2048    9    34.16    16.10
2048   10    26.18    13.97
2048   11    23.59     3.81
2048   12     8.38    -1.97
2049    1     4.25    -1.95
2049    2    28.91     1.74
2049    3    77.45     1.69
2049    4    53.05    12.01
2049    5   146.31    13.75
2049    6   116.14    17.78
2049    7    29.71    26.30
2049    8    41.83    22.00
2049    9    59.84    17.10
2049   10    75.88    11.39
2049   11    43.99     3.85
2049   12    19.33    -1.02
2050    1    30.24    -0.65
2050    2    25.58    -0.92
2050    3    69.87     1.50
2050    4    92.31     6.60
2050    5    98.02    14.00
2050    6    75.52    21.71
2050    7     4.87    26.79
2050    8     5.14    24.66
2050    9    34.73    19.83
2050   10    49.77    13.29
2050   11    70.84     2.57
2050   12     6.59     0.14
2051    1    23.93    -1.96
2051    2    24.68    -1.71
2051    3    42.91     2.74
2051    4    71.76    10.17
2051    5   130.78    12.41
2051    6    75.02    19.03
2051    7    37.74    24.41
2051    8    31.68    25.12
2051    9   130.80    15.83
2051   10    87.51    10.03
2051   11    17.89     4.19
2051   12    20.99    -0.29
2052    1    15.02    -2.64
2052    2    20.68     1.36
2052    3    55.72     2.33
2052    4   130.25     7.67
2052    5   125.52    13.16
2052    6    80.40    18.16
2052    7    36.55    23.12
2052    8    53.82    21.82
2052    9   119.30    13.17
2052   10   119.09     8.15
2052   11    26.24     4.91
2052   12     9.28     0.51
2053    1    12.35    -5.52
2053    2    12.21    -3.92
2053    3    51.34     3.84
2053    4    97.44     8.96
2053    5   117.26    13.90
2053    6    49.49    23.39
2053    7    32.46    25.28
2053    8    19.58    23.84
2053    9    56.71    18.24
2053   10   131.97     7.74
2053   11    23.79     3.45
2053   12    25.41    -1.99
2054    1    36.09    -2.75
2054    2    34.31    -3.36
2054    3    33.07    -0.29
2054    4    96.15     9.26
2054    5   174.59    13.11
2054    6    78.04    16.09
2054    7    10.97    25.22
2054    8     3.19    24.16
2054    9    52.39    19.41
2054   10    87.00    13.17
2054   11    80.57     1.04
2054   12    21.32    -2.31
2055    1    28.21    -3.91
2055    2    44.48    -3.98
2055    3    60.25     1.39
2055    4    93.78     5.58
2055    5   142.42    11.93
2055    6    88.93    19.10
2055    7    76.54    20.63
2055    8    32.10    22.75
2055    9    60.27    17.28
2055   10    72.30     9.39
2055   11    51.31     4.92
2055   12    64.32    -1.47
2056    1    32.47    -6.05
2056    2    28.38    -1.50
2056    3    74.32     2.86
2056    4    85.97     7.80
2056    5   123.85    14.65
2056    6   116.38    18.23
2056    7    14.28    24.31
2056    8     1.48    25.94
2056    9    52.72    17.87
2056   10   123.36    10.40
2056   11    15.77     6.00
2056   12    30.75    -1.37
2057    1     6.37    -0.64
2057    2     9.10    -0.83
2057    3    81.23     2.34
2057    4    75.55    11.10
2057    5   133.39    11.57
2057    6    71.53    19.11
2057    7    18.00    23.30
2057    8    55.39    23.98
2057    9   117.15    16.96
2057   10    81.56     8.36
2057   11    36.15     4.94
2057   12    20.33    -0.51
2058    1    23.80    -4.53
2058    2    39.16    -3.20
2058    3    32.85     2.88
2058    4    63.50     9.65
2058    5   128.17    13.69
2058    6    93.55    17.80
2058    7    39.13    24.38
2058    8    44.51    23.42
2058    9    98.03    15.69
2058   10    38.53    12.06
2058   11   104.71     3.38
2058   12    25.29    -1.04
2059    1    45.40    -4.59
2059    2    19.25    -2.26
2059    3    79.91     2.53
2059    4    81.01     9.37
2059    5   148.89    11.49
2059    6    56.03    19.84
2059    7     1.47    25.96
2059    8    26.83    21.42
2059    9    59.97    16.91
2059   10    77.86    10.23
2059   11    12.81     4.02
2059   12     0.89    -0.16
2060    1     6.70    -0.41
2060    2    35.53     2.99
2060    3    59.62     2.90
2060    4    76.70    10.90
2060    5    96.55    16.66
2060    6   125.21    18.34
2060    7    17.66    23.30
2060    8    28.62    24.47
2060    9     9.47    20.82
2060   10   118.73    12.20
2060   11    54.42     1.87
2060   12    19.31   -10.78
2061    1     4.95    -9.17
2061    2     3.77    -1.37
2061    3    45.19     4.76
2061    4   105.05     6.82
2061    5   124.40    14.51
2061    6   145.26    16.79
2061    7    68.94    22.16
2061    8    48.79    22.45
2061    9    60.86    18.57
2061   10    79.88    10.39
2061   11    13.03     5.06
2061   12     4.62    -0.54
2062    1     7.41     0.02
2062    2    10.24     4.35
2062    3    87.17     6.88
2062    4    77.36     9.80
2062    5   178.45    14.88
2062    6   152.85    18.12
2062    7    52.36    20.95
2062    8    17.59    22.72
2062    9    70.36    18.72
2062   10   152.19    10.21
2062   11    96.03     4.59
2062   12    44.65    -0.02
2063    1    22.45    -6.56
2063    2    17.11     1.06
2063    3    55.06     3.46
2063    4    91.94     3.97
2063    5   157.14    11.84
2063    6   129.11    17.26
2063    7    53.64    23.74
2063    8    13.06    23.56
2063    9     6.72    20.27
2063   10    60.48    10.78
2063   11    46.36     4.31
2063   12    44.70    -4.14
2064    1    18.35    -7.42
2064    2    14.16    -2.99
2064    3    57.66    -0.57
2064    4    89.53     8.53
2064    5    99.93    13.62
2064    6   124.77    18.89
2064    7    91.44    22.08
2064    8    16.48    24.80
2064    9    26.73    19.93
2064   10   134.59    10.81
2064   11    28.56     5.66
2064   12    21.69     0.95
2065    1    37.82    -2.32
2065    2    52.78    -2.91
2065    3    50.19     0.53
2065    4    78.74     8.24
2065    5   164.85    13.94
2065    6    87.90    18.09
2065    7    13.93    24.14
2065    8    92.92    20.89
2065    9    10.46    20.69
2065   10    47.37    12.37
2065   11    50.91     5.31
2065   12     7.97     0.10
2066    1    32.85    -6.16
2066    2    51.26    -3.58
2066    3    51.69     0.09
2066    4    89.82     7.60
2066    5    94.83    13.78
2066    6   106.70    19.84
2066    7    52.49    22.54
2066    8    21.24    23.87
2066    9    84.29    16.47
2066   10    54.81    11.51
2066   11    72.13     4.43
2066   12    88.49    -3.09
2067    1    20.24   -11.69
2067    2    33.02    -0.73
2067    3    69.39     6.35
2067    4    42.39    10.60
2067    5    99.42    16.95
2067    6   105.45    21.59
2067    7    32.04    24.67
2067    8     1.89    25.20
2067    9    73.03    19.37
2067   10   109.37    10.86
2067   11    66.08     1.44
2067   12     5.93    -0.01
2068    1     0.45    -0.28
2068    2    23.58     0.43
2068    3    55.93     4.15
2068    4    80.28    10.96
2068    5   103.78    14.10
2068    6   217.67    17.60
2068    7   106.58    19.49
2068    8    39.35    22.71
2068    9    91.66    16.90
2068   10   119.81     7.43
2068   11     6.09     1.93
2068   12    18.56     0.43
2069    1    22.68    -6.39
2069    2    36.63    -0.04
2069    3    51.64     4.13
2069    4   125.42     5.87
2069    5   101.84    13.98
2069    6    89.63    20.45
2069    7    23.39    23.19
2069    8    34.23    21.12
2069    9    83.95    16.23
2069   10    51.50    10.43
2069   11    18.81     4.60
2069   12    20.25    -1.52
2070    1    38.74    -5.73
2070    2    16.04    -0.33
2070    3    30.62     4.99
2070    4    62.93    10.84
2070    5    91.02    15.48
2070    6   145.77    16.32
2070    7    63.67    21.89
2070    8     3.17    23.45
2070    9    26.54    19.12
2070   10   116.09     9.35
2070   11    54.34     2.33
2070   12    10.46     0.27
2071    1    30.84    -2.86
2071    2    17.44    -1.46
2071    3    73.69     0.36
2071    4    84.86     8.60
2071    5   122.64    12.83
2071    6    80.31    17.08
2071    7    19.74    25.23
2071    8    20.94    24.35
2071    9    20.26    18.19
2071   10    95.22     9.81
2071   11    58.16     2.66
2071   12    19.09    -1.62
2072    1    24.95    -3.13
2072    2    21.90    -4.78
2072    3    23.52     4.95
2072    4    68.39     7.93
2072    5   125.59    13.19
2072    6   101.24    17.84
2072    7    15.51    24.81
2072    8     5.15    26.19
2072    9    89.95    15.38
2072   10    94.61     9.31
2072   11    82.99     2.93
2072   12    29.51    -0.51
2073    1    19.48    -0.19
2073    2    27.34    -0.15
2073    3    81.96     2.65
2073    4    62.42    10.14
2073    5   186.38    13.06
2073    6   189.51    17.81
2073    7    48.81    20.91
2073    8    10.83    22.38
2073    9    49.54    16.48
2073   10    98.70     7.96
2073   11    20.34     3.76
2073   12    12.18    -1.33
2074    1     4.93    -1.21
2074    2    38.61     0.69
2074    3    48.52     5.58
2074    4   122.78    10.45
2074    5   142.68    12.63
2074    6   154.48    17.88
2074    7    34.97    21.31
2074    8    31.92    24.11
2074    9    88.51    16.17
2074   10    56.81     8.98
2074   11    17.19     2.68
2074   12     4.50    -0.36
2075    1    17.47    -1.45
2075    2    17.27     2.48
2075    3    67.76     2.63
2075    4    96.08     6.33
2075    5   133.80    14.33
2075    6   143.29    16.56
2075    7    53.17    19.79
2075    8     1.32    24.13
2075    9    73.94    17.73
2075   10    34.93    10.23
2075   11    52.96     3.56
2075   12    38.81    -1.86
2076    1    13.39    -7.26
2076    2     8.05    -0.37
2076    3    88.28     7.21
2076    4   113.74     9.38
2076    5   100.02    14.42
2076    6   165.08    17.02
2076    7    72.56    20.37
2076    8     4.83    23.20
2076    9    27.36    21.04
2076   10   139.00    10.49
2076   11    68.90     3.62
2076   12    41.83    -4.34
2077    1    15.50    -4.04
2077    2    35.24    -3.34
2077    3    57.75     2.82
2077    4    89.65     7.80
2077    5    95.98    14.03
2077    6    96.40    18.35
2077    7    41.42    23.34
2077    8    31.10    22.54
2077    9    52.90    17.83
2077   10    57.19     9.26
2077   11    61.08     3.26
2077   12    21.08    -6.23
2078    1    21.17    -6.01
2078    2    25.26    -2.44
2078    3    54.38     3.29
2078    4    76.72    11.15
2078    5   115.98    15.26
2078    6   111.05    20.42
2078    7     2.93    24.36
2078    8    22.89    24.40
2078    9    22.80    20.58
2078   10    57.29    11.74
2078   11    25.23     5.47
2078   12    34.09     1.56
2079    1    24.45    -5.13
2079    2    13.93    -1.27
2079    3    50.08    -0.74
2079    4    57.58    13.05
2079    5   119.21    12.79
2079    6    99.87    20.09
2079    7     1.45    27.61
2079    8    10.03    23.77
2079    9    53.14    19.09
2079   10   108.84     9.80
2079   11    60.24     5.25
2079   12    24.80    -1.52
2080    1    17.59    -2.52
2080    2    19.11    -4.31
2080    3    52.26     5.41
2080    4    86.88    10.89
2080    5   114.63    15.56
2080    6    74.01    18.72
2080    7     7.13    25.01
2080    8     5.65    25.99
2080    9    70.01    16.60
2080   10    69.68    12.00
2080   11    76.21     1.54
2080   12    17.27    -2.87
2081    1    15.35    -3.26
2081    2    57.78    -5.54
2081    3    71.08     0.25
2081    4    82.29     5.77
2081    5   118.73    11.85
2081    6   179.28    18.75
2081    7    17.30    23.08
2081    8    27.37    24.01
2081    9    28.32    17.87
2081   10   112.34    12.00
2081   11    33.24     4.31
2081   12    24.23     1.02
2082    1    16.80     1.13
2082    2    35.13     0.38
2082    3    32.60     3.95
2082    4    91.88    11.71
2082    5   143.21    14.82
2082    6    71.45    22.20
2082    7    10.04    25.74
2082    8    32.02    23.22
2082    9     1.02    23.48
2082   10   106.48    11.11
2082   11    78.47     4.93
2082   12     3.15     2.01
2083    1    23.57     0.76
2083    2    43.41    -5.98
2083    3    48.13     2.08
2083    4    76.10     7.35
2083    5    90.98    15.34
2083    6    82.90    19.00
2083    7     3.24    25.97
2083    8     0.75    23.65
2083    9    60.22    19.01
2083   10    73.08    11.51
2083   11    48.95     2.03
2083   12     5.48     1.31
2084    1    13.35    -0.07
2084    2    38.42     0.31
2084    3    89.61     4.83
2084    4   180.38     8.23
2084    5   202.03    12.15
2084    6   139.55    14.93
2084    7    26.88    24.09
2084    8     6.41    23.79
2084    9    21.60    19.48
2084   10    93.59    10.52
2084   11    54.81     4.93
2084   12    25.94     1.00
2085    1     8.74    -4.09
2085    2    17.31     1.66
2085    3    54.07     5.74
2085    4    75.45     8.97
2085    5    93.90    14.46
2085    6    89.37    19.41
2085    7    13.42    24.37
2085    8    40.17    24.33
2085    9    31.24    17.80
2085   10    33.86    10.85
2085   11    23.83     6.24
2085   12    68.50    -2.46
2086    1    26.70    -5.83
2086    2    12.78    -2.49
2086    3    79.15    -1.50
2086    4    66.03     6.14
2086    5   143.99    13.48
2086    6   123.90    18.84
2086    7    94.94    20.08
2086    8    26.01    25.32
2086    9    14.71    18.25
2086   10    41.12    11.57
2086   11    23.50     5.37
2086   12     1.59     0.80
2087    1     9.22     1.54
2087    2    26.97     1.40
2087    3    55.00     1.87
2087    4   101.66     7.03
2087    5   111.57    13.34
2087    6    90.48    20.34
2087    7    46.80    24.16
2087    8     1.70    24.73
2087    9    48.86    18.43
2087   10    30.32    12.74
2087   11    32.38     5.12
2087   12    37.45    -2.95
2088    1    10.33   -10.63
2088    2    18.64    -3.10
2088    3    74.40     4.03
2088    4   114.35     6.79
2088    5   202.66    11.92
2088    6   100.94    19.19
2088    7    23.25    23.99
2088    8     4.82    25.14
2088    9    56.67    18.19
2088   10    68.54    11.73
2088   11    39.73     1.42
2088   12    16.66    -0.67
2089    1    11.75    -4.06
2089    2    43.18    -4.61
2089    3    79.68    -2.09
2089    4    37.63     7.40
2089    5   173.60    12.97
2089    6    28.97    22.21
2089    7    22.17    25.62
2089    8    12.81    21.07
2089    9    33.81    20.05
2089   10    43.95    10.09
2089   11    16.62     4.32
2089   12     5.38    -1.49
2090    1     9.49    -1.51
2090    2    21.88     2.16
2090    3    47.14     4.32
2090    4   162.81     9.23
2090    5    93.06    12.24
2090    6   131.36    17.56
2090    7    84.54    19.88
2090    8    35.52    22.32
2090    9    99.37    16.94
2090   10   219.41     6.10
2090   11    64.04     2.78
2090   12    18.64    -4.90
2091    1    19.60    -1.55
2091    2    42.88    -3.62
2091    3    44.06    -0.89
2091    4    82.35     8.25
2091    5    94.35    14.07
2091    6    93.86    17.06
2091    7    17.30    24.56
2091    8    32.17    21.84
2091    9    38.78    20.94
2091   10   119.56     9.62
2091   11    63.45     3.23
2091   12    29.22    -0.88
2092    1     6.38    -2.62
2092    2    20.66    -1.06
2092    3    28.17     4.95
2092    4   156.92     8.20
2092    5   136.16    11.96
2092    6   140.87    18.29
2092    7     3.20    23.89
2092    8    28.75    20.36
2092    9    33.67    19.22
2092   10    92.50     9.61
2092   11    16.55     4.74
2092   12    11.38    -1.00
2093    1    10.21    -3.03
2093    2    11.78     1.70
2093    3    39.49     6.99
2093    4   141.96     6.37
2093    5   112.81    14.64
2093    6   142.25    18.94
2093    7    39.85    24.36
2093    8    33.55    23.71
2093    9    29.07    16.88
2093   10    98.69    11.10
2093   11    68.68     0.75
2093   12    10.00   -11.49
2094    1    14.59   -10.38
2094    2    24.55    -7.40
2094    3    47.11     1.35
2094    4    75.26     7.24
2094    5   133.33    12.87
2094    6   105.81    18.39
2094    7    29.59    23.87
2094    8    20.72    23.75
2094    9     3.44    19.81
2094   10   151.24    10.68
2094   11    13.57     1.77
2094   12    21.67     0.26
2095    1    29.20    -3.27
2095    2    30.54    -0.26
2095    3    64.27     4.73
2095    4   139.56     5.74
2095    5   100.57    13.76
2095    6    24.84    24.25
2095    7    55.85    21.84
2095    8    26.52    23.01
2095    9    21.67    20.24
2095   10    38.37    14.67
2095   11    88.77     0.17
2095   12    44.10    -2.88
2096    1    11.57    -3.55
2096    2    30.27    -4.84
2096    3    58.63     3.66
2096    4   141.57     9.68
2096    5   104.10    14.22
2096    6    55.75    21.38
2096    7    11.42    27.87
2096    8    10.51    24.47
2096    9    45.46    19.18
2096   10   209.99     8.35
2096   11    22.01     1.36
2096   12    27.13    -0.52
2097    1    40.52    -2.75
2097    2    40.18    -2.97
2097    3    44.52     2.04
2097    4    81.26    11.17
2097    5   173.88    11.07
2097    6    99.91    17.54
2097    7    23.61    23.52
2097    8    34.89    24.25
2097    9    82.79    19.57
2097   10    93.63     9.77
2097   11    52.78     4.75
2097   12     4.89     0.10
2098    1     6.66     0.33
2098    2    45.80    -1.82
2098    3    47.04     1.33
2098    4   104.19     8.42
2098    5   143.85    13.29
2098    6    93.81    20.41
2098    7     7.49    25.49
2098    8    67.02    24.29
2098    9    98.90    15.35
2098   10    73.99     9.36
2098   11   125.53     3.49
2098   12     3.82     0.03
2099    1    31.28    -3.79
2099    2    20.93    -1.84
2099    3    37.86     0.82
2099    4    81.00     9.14
2099    5   103.98    14.80
2099    6   119.27    16.17
2099    7    20.68    21.57
2099    8    10.39    22.06
2099    9    66.77    17.60
2099   10    69.71    11.19
2099   11    69.08     3.68
2099   12     6.40    -0.69
2100    1    31.84    -4.84
2100    2    19.07    -2.45
2100    3    29.50     4.72
2100    4   111.74     8.82
2100    5   112.40    12.54
2100    6    94.82    16.68
2100    7    26.19    24.60
2100    8    37.82    21.29
2100    9    19.62    19.13
2100   10    86.69    11.02
2100   11    33.13     5.68
2100   12     9.50    -0.03
