2006    1    62.99    -6.60
2006    2    87.29    -4.03
2006    3   100.10    -3.84
2006    4   100.14     0.70
2006    5   120.01     6.99
2006    6    61.12    13.75
2006    7    93.02    15.25
2006    8    95.35    16.67
2006    9    23.76    17.01
2006   10    60.17    11.39
2006   11   100.53     1.96
2006   12    36.42    -5.85
2007    1    24.01   -10.48
2007    2    56.25    -9.62
2007    3    51.85    -3.81
2007    4    64.49     5.40
2007    5   248.27     8.10
2007    6   141.87    14.82
2007    7   119.49    14.93
2007    8    51.19    15.89
2007    9    75.70    12.22
2007   10    87.44     7.98
2007   11   154.93    -0.27
2007   12   101.07    -6.47
2008    1   130.32    -5.81
2008    2    23.11    -6.63
2008    3    75.75    -2.50
2008    4    44.92     5.23
2008    5   142.56     9.63
2008    6   191.54    14.86
2008    7    57.99    16.83
2008    8    48.04    16.93
2008    9    79.27    14.11
2008   10    83.56     9.52
2008   11    45.20     2.57
2008   12    62.69    -3.67
2009    1    67.51    -4.84
2009    2    66.84    -3.34
2009    3    51.23    -2.73
2009    4   130.06     4.51
2009    5   134.00    11.14
2009    6   152.59    12.72
2009    7   108.35    14.79
2009    8    79.65    16.36
2009    9   110.93    11.76
2009   10    42.39     6.11
2009   11    33.89     2.90
2009   12    58.48    -0.51
2010    1    44.84    -5.00
2010    2    66.10    -5.05
2010    3    54.19    -0.50
2010    4   146.51     5.07
2010    5    86.15    10.65
2010    6   154.87    16.87
2010    7    33.93    16.00
2010    8    38.13    20.21
2010    9    69.52    12.90
2010   10    81.29     7.74
2010   11    89.02    -0.44
2010   12    47.88    -6.47
2011    1    83.32    -9.00
2011    2   125.22    -6.03
2011    3   113.03    -5.26
2011    4    59.47    -2.69
2011    5   146.35     6.20
2011    6   110.11    14.94
2011    7    73.90    17.41
2011    8    63.36    18.09
2011    9    47.81    14.28
2011   10    83.40     4.91
2011   11   113.51    -1.01
2011   12    18.07    -3.60
2012    1    49.72    -7.79
2012    2    20.21    -7.60
2012    3    88.47    -0.76
2012    4    71.81     6.51
2012    5   108.79    10.52
2012    6   108.74    12.79
2012    7    87.73    16.78
2012    8    75.44    16.93
2012    9    34.38    12.97
2012   10   135.23     9.93
2012   11    91.25     1.47
2012   12   112.52    -4.57
2013    1    76.90    -5.67
2013    2    31.47   -11.43
2013    3   114.92    -3.60
2013    4    31.21     2.28
2013    5   175.80    10.16
2013    6   101.87    14.97
2013    7   114.75    15.85
2013    8    32.85    17.19
2013    9    67.93    13.53
2013   10    50.94     9.96
2013   11    96.27     2.55
2013   12   146.26    -1.57
2014    1    38.45    -9.37
2014    2    71.98    -2.54
2014    3    56.48     1.33
2014    4    58.89     5.47
2014    5    91.85    10.41
2014    6   138.51    14.30
2014    7    58.06    18.23
2014    8    44.12    18.37
2014    9    84.17    12.79
2014   10   111.65     8.76
2014   11    69.20     2.59
2014   12    29.57    -0.31
2015    1   164.55    -4.66
2015    2    92.86    -4.84
2015    3    61.44    -2.85
2015    4   102.61     4.62
2015    5   130.20     8.35
2015    6   233.52    12.95
2015    7   115.40    15.62
2015    8   114.73    14.99
2015    9    24.67    14.50
2015   10    70.57    10.24
2015   11    84.97    -1.93
2015   12   113.62    -4.60
2016    1    59.63    -9.48
2016    2   101.32    -5.69
2016    3    51.60    -8.30
2016    4    72.19     0.51
2016    5   167.80     8.26
2016    6    81.52    12.23
2016    7    80.11    18.57
2016    8   102.79    16.20
2016    9    66.34    13.28
2016   10    46.15     8.77
2016   11    65.59     4.73
2016   12    11.75     0.33
2017    1    66.18    -6.12
2017    2    56.65    -4.38
2017    3   102.50    -2.12
2017    4    94.49     4.22
2017    5    94.39     8.89
2017    6    96.46    13.59
2017    7    51.82    19.14
2017    8    35.28    18.72
2017    9    55.60    13.47
2017   10    86.75     9.44
2017   11   164.24     1.99
2017   12    16.00    -5.91
2018    1    64.26    -7.50
2018    2    18.89    -5.47
2018    3    34.83    -1.39
2018    4   204.64     4.88
2018    5    75.42    10.65
2018    6    85.46    15.97
2018    7   115.60    16.35
2018    8    36.73    20.50
2018    9    72.45    14.90
2018   10    66.56     8.60
2018   11    51.88     4.44
2018   12   127.46    -3.17
2019    1    46.03    -6.33
2019    2    42.70    -3.69
2019    3    90.10     0.86
2019    4    61.48     6.15
2019    5   111.29    11.36
2019    6   108.80    12.99
2019    7    63.02    17.41
2019    8    90.19    15.82
2019    9    42.51    14.70
2019   10    83.22     8.87
2019   11    55.62     4.05
2019   12   102.28    -1.37
2020    1    69.97    -7.27
2020    2    61.92    -7.86
2020    3    77.57    -3.00
2020    4    93.55     2.95
2020    5   107.67     9.15
2020    6   107.77    15.28
2020    7    60.52    17.46
2020    8    39.68    20.16
2020    9    72.07    15.85
2020   10    70.12     8.94
2020   11    94.93     3.77
2020   12   120.60    -3.50
2021    1   132.78    -5.63
2021    2    71.27    -4.47
2021    3    84.45    -2.98
2021    4   122.25     3.83
2021    5    91.86     8.96
2021    6   154.32    14.85
2021    7    73.75    16.37
2021    8    62.17    16.66
2021    9    69.26    12.96
2021   10    72.40     9.07
2021   11    45.85     0.84
2021   12    42.77    -1.26
2022    1    67.64    -1.07
2022    2    46.25    -3.47
2022    3    29.72    -0.97
2022    4    85.24     2.67
2022    5   111.62     8.57
2022    6    85.34    13.19
2022    7    61.28    20.11
2022    8    32.38    17.85
2022    9    51.59    16.06
2022   10    28.21    10.91
2022   11   159.45     4.72
2022   12    57.95    -2.28
2023    1    94.07    -7.22
2023    2   114.88    -6.96
2023    3    82.82    -3.61
2023    4    83.21     2.09
2023    5    99.53    10.12
2023    6   100.95    15.07
2023    7   114.25    18.32
2023    8    67.21    19.37
2023    9   128.58    14.08
2023   10   130.33     8.50
2023   11    79.78     2.95
2023   12   141.79    -3.16
2024    1    81.56    -7.99
2024    2    56.97    -5.41
2024    3    69.61    -1.10
2024    4   141.26     5.00
2024    5   113.92    11.77
2024    6   223.46    13.90
2024    7    98.25    16.47
2024    8    79.08    17.12
2024    9    24.40    15.98
2024   10    37.68     8.24
2024   11   201.04     3.41
2024   12    15.67    -1.57
2025    1   116.91    -5.93
2025    2    58.60    -5.67
2025    3    23.62    -5.66
2025    4    50.68     4.44
2025    5   201.66     8.72
2025    6   144.48    13.94
2025    7   120.25    14.24
2025    8    55.23    16.89
2025    9   103.69    12.99
2025   10    59.20     6.70
2025   11    79.24     4.90
2025   12   135.63    -0.70
2026    1    47.24    -2.10
2026    2    60.23    -1.89
2026    3    66.23     0.91
2026    4   133.56     7.13
2026    5    99.99    10.16
2026    6   117.33    16.20
2026    7   112.00    18.71
2026    8    56.16    14.81
2026    9    52.63    15.20
2026   10    31.89     9.87
2026   11   155.13     3.57
2026   12    61.09    -1.60
2027    1    74.80    -9.41
2027    2    17.45   -13.24
2027    3    77.00    -2.75
2027    4   143.91     3.00
2027    5    40.67     8.79
2027    6   133.54    16.63
2027    7    45.95    21.37
2027    8    28.63    20.09
2027    9    53.82    15.70
2027   10    63.82     8.77
2027   11    54.84     3.56
2027   12   102.86    -1.07
2028    1    50.20    -7.90
2028    2   151.50    -0.73
2028    3    87.48    -0.08
2028    4   125.93     3.20
2028    5   115.18     8.41
2028    6   176.88    14.04
2028    7   110.67    16.42
2028    8    74.45    14.00
2028    9    89.17    11.88
2028   10    38.12     9.11
2028   11   111.57     1.57
2028   12    85.76    -4.78
2029    1    12.36    -6.31
2029    2    24.31    -2.81
2029    3    82.17     4.66
2029    4   145.82     6.26
2029    5   118.84    11.79
2029    6    81.48    16.67
2029    7   135.32    18.24
2029    8    51.88    16.52
2029    9    39.53    14.52
2029   10    85.68     7.72
2029   11   130.03     0.49
2029   12    66.48    -3.27
2030    1    92.50    -7.26
2030    2    83.08    -8.31
2030    3    84.64    -4.69
2030    4    90.69     3.16
2030    5   147.14    10.14
2030    6   169.79    13.28
2030    7    21.62    21.20
2030    8    40.97    21.23
2030    9    89.87    13.82
2030   10    84.10     8.18
2030   11    63.16     1.40
2030   12    45.28    -3.81
2031    1   116.68    -5.50
2031    2    72.10    -7.74
2031    3    76.50    -5.08
2031    4    84.77     3.21
2031    5    55.65     8.54
2031    6    94.13    13.81
2031    7   104.06    16.10
2031    8    56.36    19.30
2031    9    38.06    17.05
2031   10   101.59     6.92
2031   11    98.76     2.29
2031   12   108.68    -4.32
2032    1    46.18    -9.60
2032    2    26.40    -7.85
2032    3    74.57    -0.45
2032    4    95.01     3.48
2032    5    88.85    11.29
2032    6   174.39    13.37
2032    7   145.73    14.91
2032    8    97.36    16.33
2032    9    37.64    13.35
2032   10   101.05     9.54
2032   11    40.47     3.31
2032   12   119.79    -1.65
2033    1    55.89    -6.99
2033    2    28.56    -4.71
2033    3    65.43     0.36
2033    4   129.45     5.54
2033    5   120.05     9.10
2033    6   137.59    13.66
2033    7   120.79    17.71
2033    8    78.77    19.57
2033    9    36.73    14.13
2033   10    74.48    10.19
2033   11   125.53     1.17
2033   12    41.93    -5.69
2034    1    66.15    -3.95
2034    2   136.55    -5.02
2034    3    70.53    -2.54
2034    4    90.21     2.59
2034    5   103.78     9.13
2034    6   133.51    13.83
2034    7    68.15    18.48
2034    8    25.46    19.60
2034    9    50.02    15.43
2034   10    38.85     8.30
2034   11    68.01     0.51
2034   12    45.26    -1.92
2035    1    78.65    -7.88
2035    2    43.47   -10.12
2035    3    86.31    -1.64
2035    4   113.95     6.45
2035    5    85.70     9.68
2035    6   155.45    14.60
2035    7    75.70    17.42
2035    8    69.55    18.11
2035    9    60.24    15.65
2035   10   129.85     7.02
2035   11   149.13     1.28
2035   12    74.39    -5.88
2036    1   106.46    -3.64
2036    2    96.35    -2.47
2036    3    63.69    -1.49
2036    4   117.39     4.39
2036    5   110.70     9.75
2036    6   130.18    13.62
2036    7    95.72    15.27
2036    8    61.94    17.97
2036    9    71.59    13.16
2036   10    67.32     9.66
2036   11    78.61     1.71
2036   12    36.47    -1.78
2037    1   106.26    -5.87
2037    2    53.51    -5.84
2037    3    76.23     1.41
2037    4   166.86     8.28
2037    5    77.11    10.65
2037    6    86.94    16.76
2037    7    86.11    19.04
2037    8    15.87    20.69
2037    9    92.06    15.98
2037   10    38.27     7.79
2037   11    74.39     2.33
2037   12    57.94    -0.88
2038    1    72.21    -4.75
2038    2     9.01    -0.26
2038    3   128.73     1.84
2038    4    77.41     5.78
2038    5   127.78    10.66
2038    6   111.59    15.01
2038    7    33.65    18.17
2038    8    90.77    19.46
2038    9    41.24    17.15
2038   10   106.98    10.59
2038   11    65.19     3.98
2038   12    94.72    -2.32
2039    1    50.76    -5.52
2039    2    96.13    -1.15
2039    3    56.00     1.08
2039    4    95.89     6.05
2039    5    78.57     8.81
2039    6    76.30    15.24
2039    7   100.87    19.35
2039    8    42.50    18.56
2039    9    95.70    15.54
2039   10    63.13     8.13
2039   11    21.90     3.63
2039   12    17.13    -0.68
2040    1    84.40    -4.44
2040    2    69.94    -7.92
2040    3    76.03    -3.92
2040    4   127.39     3.12
2040    5   126.39    10.56
2040    6    77.79    15.99
2040    7    83.08    16.72
2040    8    47.03    18.28
2040    9   108.83    12.75
2040   10   179.78     6.23
2040   11    20.28     1.40
2040   12    49.66    -0.49
2041    1    68.87    -1.85
2041    2    84.12     0.01
2041    3    69.02     0.21
2041    4    67.58     6.11
2041    5   202.13    12.38
2041    6   155.15    15.92
2041    7    69.41    19.79
2041    8    56.59    19.34
2041    9    80.47    14.40
2041   10    54.87     9.10
2041   11    33.07     3.80
2041   12   216.94    -1.31
2042    1    63.42    -4.78
2042    2    56.88    -5.94
2042    3    82.31    -3.02
2042    4    61.99     3.53
2042    5   183.98     9.81
2042    6   140.03    14.48
2042    7    72.59    19.47
2042    8    22.46    20.16
2042    9    89.95    15.69
2042   10    68.39    10.07
2042   11    93.52     3.52
2042   12    89.09     0.48
2043    1    53.37    -3.11
2043    2    72.06     0.28
2043    3   117.81     2.32
2043    4   102.74     3.94
2043    5   141.69     8.11
2043    6   153.46    15.05
2043    7    89.28    17.74
2043    8    18.94    21.07
2043    9    55.28    16.65
2043   10    80.19     8.77
2043   11   112.45     1.97
2043   12    67.26    -3.40
2044    1    49.05    -6.56
2044    2    82.84   -10.12
2044    3    88.68    -4.20
2044    4    68.53     0.96
2044    5    85.14    11.07
2044    6   159.31    15.42
2044    7   111.44    15.29
2044    8    41.85    18.54
2044    9    79.68    12.67
2044   10    84.48     8.41
2044   11    85.70     2.21
2044   12    77.44    -2.53
2045    1    54.05    -2.72
2045    2    48.27     0.41
2045    3    66.52    -4.07
2045    4   101.28     5.47
2045    5   167.36     9.94
2045    6   174.06    14.33
2045    7    69.43    17.23
2045    8    52.42    17.35
2045    9    60.85    14.22
2045   10    85.32    11.49
2045   11    79.77     4.22
2045   12   107.54     2.02
2046    1    74.01    -3.53
2046    2    74.49    -6.55
2046    3   113.29    -3.75
2046    4    79.73     4.64
2046    5    68.98    10.26
2046    6   150.70    14.41
2046    7   217.15    15.41
2046    8    62.00    15.42
2046    9   112.93    13.17
2046   10    41.27     8.36
2046   11    64.61     1.87
2046   12   159.74    -3.11
2047    1    83.68    -8.37
2047    2    19.59    -8.76
2047    3    38.53    -3.03
2047    4    83.06     3.91
2047    5   107.42    11.00
2047    6   126.14    14.21
2047    7    49.68    14.98
2047    8    69.10    18.66
2047    9    59.48    16.65
2047   10    95.74     9.22
2047   11    77.41     3.52
2047   12    43.18    -1.64
2048    1    60.43    -2.97
2048    2    92.61    -2.82
2048    3    71.13    -0.24
2048    4   116.31     5.90
2048    5   175.99    13.10
2048    6   127.74    17.02
2048    7    46.02    19.12
2048    8    82.42    16.96
2048    9    57.30    11.72
2048   10   109.18    10.70
2048   11    41.34     3.04
2048   12    40.53    -1.45
2049    1    10.89    -2.00
2049    2    45.21    -0.04
2049    3    86.42     1.15
2049    4    80.81     8.60
2049    5    88.68    10.30
2049    6   123.37    14.00
2049    7    69.24    21.16
2049    8    52.32    16.98
2049    9    73.70    14.04
2049   10    81.73     9.47
2049   11    49.32     3.08
2049   12    55.61    -1.76
2050    1    95.62    -3.61
2050    2    72.62    -7.97
2050    3    36.18    -4.65
2050    4   128.14     2.55
2050    5   105.56    10.90
2050    6   111.12    17.08
2050    7    66.32    20.01
2050    8    41.95    19.83
2050    9    51.89    16.07
2050   10    16.43    11.10
2050   11    78.92     2.53
2050   12    49.28    -0.46
2051    1   103.92    -5.76
2051    2    42.25    -5.00
2051    3    81.46    -0.75
2051    4    81.02     6.08
2051    5   160.93     9.89
2051    6   160.46    14.88
2051    7    84.45    16.98
2051    8    89.26    18.02
2051    9    55.99    12.01
2051   10    60.84     8.86
2051   11    43.95     3.58
2051   12   114.44    -0.87
2052    1    30.48    -7.47
2052    2     5.14    -3.12
2052    3    54.68    -0.08
2052    4    73.57     5.83
2052    5   187.93    10.86
2052    6   156.65    15.08
2052    7    40.29    17.96
2052    8    49.63    16.77
2052    9    22.45    12.18
2052   10    80.96     6.73
2052   11    55.88     4.79
2052   12    51.02    -0.25
2053    1     9.57    -6.45
2053    2   141.62    -6.05
2053    3    81.73     1.05
2053    4   103.53     5.56
2053    5    81.05    10.30
2053    6   114.52    18.25
2053    7    94.38    18.77
2053    8    61.21    18.61
2053    9    68.96    15.03
2053   10    21.41     5.84
2053   11    89.48     2.48
2053   12    91.96    -3.81
2054    1    72.70    -4.86
2054    2    92.34    -5.49
2054    3    60.49    -4.32
2054    4   115.23     4.53
2054    5   114.32    10.34
2054    6    69.39    14.10
2054    7    86.16    19.47
2054    8    16.58    20.62
2054    9    32.66    17.68
2054   10    61.43     9.50
2054   11    50.07    -0.37
2054   12    91.75    -2.88
2055    1    67.53    -7.02
2055    2    98.51    -7.14
2055    3    93.94    -4.16
2055    4   111.30    -1.42
2055    5    89.45     7.39
2055    6   170.04    14.80
2055    7    64.75    16.09
2055    8    90.35    15.73
2055    9   109.59    13.61
2055   10    19.99     7.41
2055   11    59.31     3.95
2055   12    75.54    -0.81
2056    1   120.12    -6.14
2056    2    56.26    -4.86
2056    3   154.75     1.90
2056    4    73.12     5.87
2056    5    65.15    12.13
2056    6   137.79    16.09
2056    7    93.80    17.61
2056    8    39.21    20.03
2056    9    60.49    13.85
2056   10    42.16     8.28
2056   11   101.75     5.69
2056   12    85.97    -2.07
2057    1    99.04    -5.27
2057    2    58.12    -8.02
2057    3    87.11    -4.06
2057    4    40.45     4.20
2057    5   162.80     9.41
2057    6   207.39    15.20
2057    7    87.23    15.40
2057    8   106.05    17.10
2057    9    90.88    12.82
2057   10    65.64     7.05
2057   11    89.96     3.46
2057   12   113.90    -1.22
2058    1    86.77    -5.02
2058    2    42.77    -7.46
2058    3    53.53     0.35
2058    4    87.68     6.78
2058    5   135.50    10.34
2058    6   170.06    14.91
2058    7    98.78    16.84
2058    8    48.65    16.83
2058    9    31.32    14.39
2058   10    34.04    10.70
2058   11   117.16     1.91
2058   12    54.42    -3.30
2059    1    68.94    -8.40
2059    2    49.86    -4.84
2059    3   144.01    -0.06
2059    4    57.20     4.80
2059    5   122.94     7.63
2059    6   114.35    14.94
2059    7    80.53    18.26
2059    8    49.71    18.63
2059    9    53.36    14.79
2059   10    27.17     8.23
2059   11    47.74     3.21
2059   12    57.26    -0.51
2060    1   109.21    -3.65
2060    2    82.08     0.64
2060    3    61.54    -0.35
2060    4    73.87     5.72
2060    5   128.98    12.42
2060    6   138.55    14.40
2060    7   107.94    16.12
2060    8    73.64    17.52
2060    9    71.69    14.28
2060   10    83.44     9.51
2060   11    69.19     1.86
2060   12    72.91    -8.63
2061    1    54.88    -9.44
2061    2    69.56    -5.68
2061    3    69.44    -0.76
2061    4    70.81     3.51
2061    5    72.24    10.82
2061    6   135.98    13.58
2061    7    86.61    17.14
2061    8    51.36    17.79
2061    9    41.93    16.43
2061   10   152.63     7.27
2061   11    64.39     4.27
2061   12   107.44    -2.42
2062    1    88.76    -3.46
2062    2    32.28     1.64
2062    3    47.97     4.65
2062    4   107.40     7.25
2062    5   188.59    11.24
2062    6   173.06    15.50
2062    7   165.10    15.66
2062    8    89.32    17.14
2062    9    37.00    14.82
2062   10   102.96     9.61
2062   11    90.60     4.21
2062   12    95.31    -1.23
2063    1   141.21    -7.69
2063    2    69.38    -2.89
2063    3   122.42    -0.86
2063    4    70.01    -0.37
2063    5   218.05     9.41
2063    6   116.99    13.69
2063    7    72.64    18.97
2063    8    69.51    19.51
2063    9    28.41    17.43
2063   10    20.04     9.41
2063   11    77.03     3.25
2063   12   153.90    -5.52
2064    1    72.78    -8.53
2064    2    21.29    -8.01
2064    3    56.42    -6.55
2064    4    89.25     2.61
2064    5    99.08    10.58
2064    6   106.13    14.38
2064    7    68.89    18.78
2064    8    62.58    19.74
2064    9    41.77    16.39
2064   10    82.26    10.35
2064   11    47.38     5.57
2064   12    73.51    -0.97
2065    1    50.45    -2.24
2065    2    52.73    -2.87
2065    3    66.86    -0.86
2065    4    28.47     5.42
2065    5   144.88    10.88
2065    6   133.59    15.20
2065    7   103.96    17.61
2065    8    71.27    16.94
2065    9    77.55    16.04
2065   10    45.48    10.81
2065   11    80.24     3.93
2065   12    81.08    -1.23
2066    1    90.55    -6.93
2066    2    88.99    -7.06
2066    3    57.21    -3.99
2066    4   112.90     4.44
2066    5   101.88    10.57
2066    6   100.01    15.88
2066    7    77.22    17.19
2066    8    56.48    17.97
2066    9    60.33    13.65
2066   10    29.83    10.19
2066   11    77.08     3.38
2066   12    95.72    -2.88
2067    1   127.03    -7.66
2067    2    83.13    -4.30
2067    3   103.45     1.09
2067    4    26.89     6.71
2067    5   181.39    11.77
2067    6   138.74    15.88
2067    7   134.61    16.98
2067    8    23.44    19.89
2067    9    39.51    15.55
2067   10   131.01     8.16
2067   11    76.71     1.17
2067   12    89.24    -1.88
2068    1     1.84    -1.31
2068    2    66.84    -3.31
2068    3   123.76    -0.48
2068    4   106.92     6.77
2068    5   128.07    11.04
2068    6   226.51    14.77
2068    7   179.42    15.56
2068    8    54.03    17.80
2068    9    57.47    14.46
2068   10    31.48     6.91
2068   11    44.08     1.57
2068   12    87.65    -0.58
2069    1    82.90    -7.69
2069    2    81.55    -4.65
2069    3   146.15    -1.66
2069    4    89.05     1.54
2069    5   123.27    10.34
2069    6    77.46    15.76
2069    7    46.70    18.83
2069    8    34.86    17.07
2069    9    95.85    14.77
2069   10    41.02     6.67
2069   11    18.68     3.70
2069   12    36.40    -0.68
2070    1    59.59    -7.78
2070    2    72.03    -1.15
2070    3    73.41    -0.51
2070    4    78.90     7.34
2070    5   147.73    11.89
2070    6   111.50    13.38
2070    7    98.13    17.63
2070    8    41.63    18.34
2070    9    31.21    16.62
2070   10   184.51     7.26
2070   11    53.73     1.54
2070   12   137.80    -2.07
2071    1    87.22    -6.81
2071    2   131.27    -5.55
2071    3    64.95    -4.15
2071    4   118.24     2.17
2071    5   105.06     9.27
2071    6   170.35    14.34
2071    7    92.51    17.48
2071    8   101.78    16.91
2071    9    56.48    14.68
2071   10    43.03     8.23
2071   11   161.79     2.55
2071   12    64.07    -1.71
2072    1    64.48    -2.95
2072    2    27.02    -5.88
2072    3   113.61     1.50
2072    4   110.44     5.80
2072    5   143.47    11.10
2072    6   166.46    15.33
2072    7    99.23    17.38
2072    8    79.40    18.65
2072    9    87.12    12.89
2072   10   119.28     8.27
2072   11   110.87     0.89
2072   12   240.48    -1.27
2073    1   165.04    -4.63
2073    2    43.56    -6.46
2073    3   129.86    -0.94
2073    4    44.22     4.87
2073    5   133.32     9.76
2073    6    42.51    16.27
2073    7   112.95    17.27
2073    8    86.22    16.78
2073    9    48.30    12.56
2073   10     9.78     6.46
2073   11   100.32     2.40
2073   12   106.57    -3.20
2074    1    75.14    -7.68
2074    2    17.99    -5.71
2074    3    55.68     3.16
2074    4   151.71     6.33
2074    5   109.51     8.98
2074    6   117.29    16.07
2074    7   182.28    16.67
2074    8    41.93    17.39
2074    9   109.90    12.78
2074   10    10.40     7.75
2074   11    29.45     2.62
2074   12    55.53    -0.87
2075    1    91.81    -2.87
2075    2    77.30     0.10
2075    3   103.20     1.49
2075    4    69.07     3.34
2075    5   119.47    10.55
2075    6   119.65    15.35
2075    7    99.60    16.39
2075    8    34.33    19.80
2075    9    54.04    14.36
2075   10    10.14     9.80
2075   11    14.40     2.74
2075   12    57.14    -1.33
2076    1    82.45    -7.14
2076    2    14.33    -3.10
2076    3   135.48     5.04
2076    4    79.73     6.87
2076    5   125.83    10.86
2076    6   129.53    14.00
2076    7    99.30    17.27
2076    8    68.60    18.07
2076    9    50.04    16.23
2076   10    51.06     8.41
2076   11    15.70     3.92
2076   12    96.25    -0.15
2077    1   118.74    -5.99
2077    2    31.84    -8.33
2077    3   173.27    -0.39
2077    4   106.46     4.01
2077    5   134.54    10.94
2077    6   136.98    14.33
2077    7    58.38    17.74
2077    8    96.70    16.79
2077    9    93.48    13.75
2077   10    34.76     6.67
2077   11    96.75     1.99
2077   12    69.70    -5.94
2078    1    96.56    -6.78
2078    2    53.79    -5.69
2078    3    99.57    -0.27
2078    4    64.13     5.84
2078    5    90.34    10.98
2078    6   146.32    16.12
2078    7   113.96    17.49
2078    8    49.75    18.37
2078    9    34.56    18.31
2078   10   126.37     9.37
2078   11   138.39     4.56
2078   12    83.11     1.25
2079    1    82.62    -4.21
2079    2    57.42    -2.99
2079    3    77.60    -2.40
2079    4   136.11     7.87
2079    5   106.80    10.42
2079    6   126.45    15.32
2079    7    52.36    21.01
2079    8    35.43    19.83
2079    9    66.60    15.52
2079   10    54.65     8.46
2079   11    60.67     4.12
2079   12    78.25    -2.52
2080    1    74.35    -6.94
2080    2    57.58    -7.54
2080    3    72.17     1.59
2080    4   148.03     6.47
2080    5   218.69    12.01
2080    6    91.51    14.88
2080    7    57.15    19.68
2080    8    58.79    20.18
2080    9    30.37    12.49
2080   10    81.72     9.11
2080   11    20.51     1.18
2080   12   110.94    -4.03
2081    1   129.20    -5.51
2081    2    97.29    -6.46
2081    3    51.62    -3.93
2081    4    67.19     1.14
2081    5    73.03     8.88
2081    6   121.30    16.19
2081    7   114.92    18.15
2081    8    77.72    19.16
2081    9    45.39    14.74
2081   10   137.26     8.76
2081   11    73.69     4.09
2081   12    46.76     0.45
2082    1   136.80     1.29
2082    2    83.49    -2.86
2082    3    33.29     2.29
2082    4   122.58     7.50
2082    5   127.05    10.90
2082    6    54.39    18.53
2082    7    94.99    20.30
2082    8    41.67    18.11
2082    9    12.20    19.53
2082   10    32.44     9.98
2082   11    59.38     4.34
2082   12    47.53     2.03
2083    1    37.10     0.22
2083    2    48.48    -5.68
2083    3    99.12     1.74
2083    4    84.99     5.87
2083    5    58.29    12.89
2083    6   124.78    15.62
2083    7    90.13    18.94
2083    8    23.91    18.69
2083    9    81.55    16.52
2083   10    92.61     8.58
2083   11    27.93     2.44
2083   12    56.71     1.05
2084    1    90.72    -1.21
2084    2    51.11    -2.55
2084    3   132.84     2.88
2084    4   119.10     6.43
2084    5   129.63     9.67
2084    6   123.78    12.72
2084    7    68.51    18.92
2084    8    38.89    20.77
2084    9    72.70    17.38
2084   10    81.71     8.44
2084   11    98.30     3.98
2084   12    66.64     0.98
2085    1    47.21    -1.37
2085    2   103.31     0.32
2085    3   101.87     3.97
2085    4   114.23     6.06
2085    5    93.28    11.83
2085    6    98.97    14.83
2085    7    74.93    16.92
2085    8    58.57    19.72
2085    9    98.63    14.72
2085   10    25.35     8.80
2085   11    54.93     4.72
2085   12   153.11    -1.12
2086    1    80.65    -4.82
2086    2    83.33    -5.50
2086    3    89.14    -0.75
2086    4   136.21     3.94
2086    5   152.53    10.44
2086    6    97.83    16.33
2086    7    89.82    16.53
2086    8    47.79    20.61
2086    9    36.72    15.01
2086   10    40.59     8.76
2086   11    60.74     4.62
2086   12    32.13     1.23
2087    1    29.96     1.14
2087    2   114.63    -2.21
2087    3    70.50    -2.75
2087    4    90.67     3.93
2087    5   128.56    10.59
2087    6   133.93    16.58
2087    7    75.75    17.47
2087    8    55.75    19.65
2087    9    60.92    15.66
2087   10   117.87    10.01
2087   11   108.40     3.52
2087   12    70.54    -2.64
2088    1    38.87   -10.97
2088    2    14.27    -7.32
2088    3    58.09     0.73
2088    4   145.50     5.20
2088    5   197.93     8.60
2088    6   104.95    15.46
2088    7    73.51    18.67
2088    8    43.71    19.83
2088    9    53.46    14.31
2088   10   147.51     8.59
2088   11    69.03     1.41
2088   12   118.96    -1.38
2089    1    87.56    -6.23
2089    2    14.02    -9.63
2089    3    89.60    -5.19
2089    4    65.54     3.58
2089    5   124.75     9.41
2089    6   150.17    16.64
2089    7    87.40    17.67
2089    8    37.01    17.25
2089    9    60.83    17.22
2089   10   101.06     8.54
2089   11    64.59     3.41
2089   12    27.05    -3.16
2090    1    86.78    -5.25
2090    2    56.95    -2.54
2090    3    83.47    -0.63
2090    4    79.97     6.23
2090    5    78.29    10.57
2090    6   170.34    14.26
2090    7    82.51    15.92
2090    8    44.09    18.94
2090    9    95.25    15.81
2090   10    82.85     4.74
2090   11   130.70     1.78
2090   12   159.84    -2.74
2091    1    58.18    -1.95
2091    2    47.11    -4.76
2091    3   103.73    -0.82
2091    4    68.35     5.24
2091    5   119.10    10.46
2091    6   110.44    14.52
2091    7    64.49    17.05
2091    8    15.46    18.29
2091    9    98.28    15.96
2091   10    68.24     8.37
2091   11    69.27     2.56
2091   12    72.28    -1.98
2092    1    66.20    -5.13
2092    2     9.75    -5.15
2092    3    85.61     1.79
2092    4    95.13     4.74
2092    5   145.79     9.38
2092    6   107.81    14.40
2092    7    78.72    19.32
2092    8    56.09    15.79
2092    9    33.44    15.90
2092   10    43.34     9.34
2092   11    20.78     4.34
2092   12    35.60    -1.06
2093    1    64.62    -6.67
2093    2    72.83    -3.31
2093    3    96.40     2.96
2093    4   113.78     5.40
2093    5    95.73    12.03
2093    6   155.15    15.45
2093    7   118.84    18.07
2093    8    30.83    19.84
2093    9    57.59    14.22
2093   10    57.53     9.57
2093   11    29.23     2.51
2093   12   111.86    -5.84
2094    1   119.68    -8.03
2094    2    30.46    -8.49
2094    3    49.57    -3.34
2094    4    59.85     0.89
2094    5   151.66    10.53
2094    6    69.27    15.01
2094    7   126.91    17.08
2094    8    23.95    19.39
2094    9    85.44    16.58
2094   10   119.58     8.14
2094   11    89.00    -0.69
2094   12   112.81    -1.40
2095    1    30.73    -7.53
2095    2    42.65    -2.81
2095    3   112.66     1.38
2095    4   128.55     3.48
2095    5   173.89    11.02
2095    6    76.35    18.63
2095    7    68.26    15.91
2095    8    33.22    17.76
2095    9    24.53    19.53
2095   10    44.41    13.92
2095   11    44.18     0.76
2095   12   169.09    -3.11
2096    1    51.82    -5.22
2096    2    19.85    -9.69
2096    3    64.70     0.57
2096    4   138.51     7.21
2096    5    96.30    11.16
2096    6   106.25    17.36
2096    7   104.50    18.90
2096    8    73.33    18.64
2096    9    40.62    15.06
2096   10   156.05     5.94
2096   11    20.93     0.63
2096   12    97.02    -1.15
2097    1    64.58    -5.25
2097    2    45.54    -4.39
2097    3    39.45     0.50
2097    4   116.46     8.24
2097    5   102.23     8.64
2097    6   111.77    15.11
2097    7    56.15    19.03
2097    8     9.65    20.87
2097    9    30.93    16.18
2097   10    57.17     9.32
2097   11    66.41     4.01
2097   12    84.61    -2.37
2098    1    21.84    -1.83
2098    2   143.47    -5.60
2098    3    54.00    -3.57
2098    4    90.44     4.32
2098    5    97.11     9.39
2098    6   103.52    17.20
2098    7   122.40    17.60
2098    8    42.25    18.55
2098    9    41.72    14.98
2098   10    64.53     9.97
2098   11    97.63     3.63
2098   12    33.15    -1.47
2099    1    69.49    -4.98
2099    2    27.32    -1.32
2099    3    65.16    -0.33
2099    4    97.69     6.82
2099    5   105.68     9.72
2099    6   213.41    12.75
2099    7    82.73    16.84
2099    8    89.90    16.62
2099    9    40.28    14.27
2099   10    84.69     9.22
2099   11    45.05     2.21
2099   12    23.13    -1.25
2100    1    52.33    -4.95
2100    2    75.42    -2.66
2100    3    75.70     2.75
2100    4   145.23     5.94
2100    5   118.18     9.62
2100    6   146.55    14.43
2100    7   113.81    16.52
2100    8    49.51    15.90
2100    9    48.86    15.87
2100   10    78.84     9.23
2100   11   133.35     4.05
2100   12    89.33    -1.19
