1950    1    23.25    -4.70
1950    2    16.45    -1.96
1950    3    59.36     4.34
1950    4    99.88     9.77
1950    5   165.49    15.23
1950    6    82.74    19.59
1950    7    42.92    20.45
1950    8     6.01    21.15
1950    9    48.76    18.06
1950   10    45.45     8.93
1950   11    23.25     3.13
1950   12    20.30     1.44
1951    1    26.19    -2.02
1951    2    32.60    -2.10
1951    3    55.75     3.91
1951    4   113.41     7.00
1951    5    70.05    14.77
1951    6    59.06    19.13
1951    7     7.44    23.78
1951    8     9.06    24.03
1951    9    51.70    15.56
1951   10    48.56     9.28
1951   11    40.48     5.88
1951   12     7.87    -0.00
1952    1    43.81    -1.10
1952    2    30.59     1.45
1952    3    51.32     6.61
1952    4    85.74    10.98
1952    5   126.33    15.60
1952    6    73.91    19.27
1952    7    40.55    23.02
1952    8    39.17    21.63
1952    9    33.65    17.23
1952   10    28.17     9.68
1952   11     9.82     4.96
1952   12    28.30    -0.13
1953    1     7.85    -2.21
1953    2    12.17    -1.23
1953    3    67.83     3.79
1953    4    93.87    10.46
1953    5    59.33    15.81
1953    6    64.20    19.65
1953    7    40.92    22.41
1953    8    18.50    21.89
1953    9    42.94    16.13
1953   10    61.94    10.83
1953   11    81.04     2.15
1953   12    20.56    -1.90
1954    1    15.22    -3.57
1954    2    19.09     0.04
1954    3    48.79     7.90
1954    4    85.51    10.79
1954    5   127.96    12.90
1954    6    60.26    18.49
1954    7    30.13    22.78
1954    8    28.96    20.71
1954    9    30.36    19.37
1954   10    57.33     9.71
1954   11    23.54     2.21
1954   12    16.82    -1.33
1955    1    10.69    -3.65
1955    2    14.37    -0.23
1955    3    75.61     3.69
1955    4    88.78     8.23
1955    5   189.08    16.04
1955    6    20.28    20.27
1955    7    55.79    21.63
1955    8    21.17    21.48
1955    9    29.24    16.47
1955   10    27.60    10.28
1955   11    35.73     3.91
1955   12     8.66    -0.80
1956    1    39.19    -1.80
1956    2    18.59    -3.29
1956    3    47.56     5.77
1956    4    75.88     7.91
1956    5    57.03    14.68
1956    6    63.29    21.09
1956    7    37.86    21.51
1956    8    19.94    22.47
1956    9    56.79    17.99
1956   10    55.37     8.28
1956   11    50.19     3.45
1956   12     5.37    -0.74
1957    1    19.08    -1.91
1957    2    23.24     0.11
1957    3    61.57     3.66
1957    4    95.87    10.42
1957    5    79.74    14.98
1957    6    38.24    18.95
1957    7    19.43    23.62
1957    8    16.15    21.70
1957    9    11.77    19.47
1957   10    33.91    12.08
1957   11    36.70     4.79
1957   12    21.40     0.38
1958    1    35.37    -2.32
1958    2    32.39    -0.32
1958    3    52.26     3.37
1958    4   110.42    11.60
1958    5    89.10    13.14
1958    6    96.22    18.81
1958    7    35.73    22.31
1958    8    35.00    20.29
1958    9    22.32    15.30
1958   10    12.32    10.87
1958   11    10.51     3.83
1958   12    27.03    -0.90
1959    1    34.92    -4.32
1959    2    25.25    -1.05
1959    3    54.14     5.33
1959    4   143.58    10.16
1959    5   106.12    14.11
1959    6    56.93    19.71
1959    7    21.17    22.54
1959    8    32.39    20.90
1959    9    36.27    17.11
1959   10    45.49    11.08
1959   11    11.88     3.91
1959   12    12.25    -0.83
1960    1    27.95    -2.21
1960    2    79.75    -0.36
1960    3    79.55     5.33
1960    4    53.97     9.72
1960    5    66.22    14.85
1960    6    56.41    18.57
1960    7    15.41    23.67
1960    8    89.65    20.74
1960    9    42.76    15.14
1960   10    55.36    11.26
1960   11    48.49     4.05
1960   12    15.65    -0.51
1961    1    33.91     0.03
1961    2    26.83     0.63
1961    3    55.15     6.19
1961    4    71.99    10.22
1961    5    49.42    15.44
1961    6   120.93    20.38
1961    7    24.06    21.56
1961    8    31.28    22.17
1961    9    27.54    17.04
1961   10    32.82    11.48
1961   11    55.95     3.65
1961   12    20.71     1.13
1962    1    14.82    -1.13
1962    2    43.06     0.34
1962    3    28.74     5.23
1962    4    85.49    10.26
1962    5   142.21    14.01
1962    6    73.69    18.62
1962    7    44.04    21.21
1962    8    13.22    21.13
1962    9    58.72    16.20
1962   10    82.75     9.11
1962   11    15.36     4.49
1962   12    15.58     0.33
1963    1    17.23    -2.04
1963    2    55.38    -1.98
1963    3    39.95     5.19
1963    4    43.98    11.14
1963    5   143.04    14.61
1963    6    69.63    19.19
1963    7    39.41    21.38
1963    8    38.08    20.27
1963    9    45.34    14.77
1963   10    45.95     9.53
1963   11    16.13     3.09
1963   12    19.43    -0.11
1964    1    45.02    -3.11
1964    2    20.99    -0.97
1964    3    55.62     6.60
1964    4    98.86    11.02
1964    5   172.51    14.20
1964    6    49.35    19.09
1964    7    17.36    23.36
1964    8    47.67    21.25
1964    9   108.91    15.45
1964   10    25.26    11.25
1964   11    30.57     5.12
1964   12    36.29    -1.75
1965    1    30.82    -1.97
1965    2    11.53     2.00
1965    3    83.84     5.42
1965    4    90.14     9.06
1965    5    92.25    14.69
1965    6    97.01    19.35
1965    7    33.13    21.19
1965    8    32.55    19.64
1965    9    53.74    15.59
1965   10    80.98     9.95
1965   11    31.70     4.41
1965   12     6.01     0.86
1966    1    17.09     0.36
1966    2    37.47    -0.06
1966    3    49.93     4.71
1966    4   129.10     9.24
1966    5   116.71    14.70
1966    6    31.05    19.08
1966    7    79.34    20.97
1966    8    25.38    20.22
1966    9    29.44    15.51
1966   10    61.54    10.10
1966   11    51.09     4.15
1966   12    20.95     0.27
1967    1    25.05    -3.36
1967    2    19.37     0.59
1967    3    56.01     6.12
1967    4    97.06    10.78
1967    5    97.06    14.67
1967    6    73.74    18.01
1967    7    19.41    21.19
1967    8    41.06    20.65
1967    9    99.36    14.81
1967   10    73.32    10.59
1967   11    46.45     4.10
1967   12    15.38    -3.07
1968    1     5.63    -2.91
1968    2    26.78     0.24
1968    3    70.76     5.40
1968    4    62.81     8.90
1968    5    68.64    14.02
1968    6    50.48    19.49
1968    7   115.48    19.83
1968    8    24.98    19.24
1968    9    35.80    14.75
1968   10    47.19     7.10
1968   11    47.49     3.39
1968   12    37.72     0.44
1969    1    38.38    -2.81
1969    2     8.42    -1.49
1969    3    32.40     3.81
1969    4    42.46    11.35
1969    5    88.31    13.70
1969    6   107.17    18.32
1969    7    45.81    21.71
1969    8     5.16    23.02
1969    9    10.55    16.52
1969   10    72.70    10.46
1969   11    31.70     2.31
1969   12    25.55    -2.00
1970    1    17.87    -2.90
1970    2    35.05    -1.88
1970    3    40.93     0.12
1970    4   114.87     7.63
1970    5    90.54    14.45
1970    6   122.46    17.23
1970    7    43.67    20.91
1970    8    24.55    20.85
1970    9    23.85    15.65
1970   10    32.15    10.51
1970   11    67.69     3.13
1970   12    14.75    -2.01
1971    1     9.29    -5.79
1971    2    23.70    -1.05
1971    3    53.93     4.16
1971    4    60.43    10.69
1971    5    84.32    12.95
1971    6    41.18    18.96
1971    7    55.11    21.38
1971    8    12.23    21.52
1971    9    77.71    16.70
1971   10    42.28     7.67
1971   11    43.20     4.26
1971   12    23.78    -1.74
1972    1    21.14    -3.92
1972    2    18.68    -3.48
1972    3    48.20     5.72
1972    4    67.56    11.58
1972    5   100.34    12.84
1972    6    68.74    18.15
1972    7    34.93    21.91
1972    8    24.05    21.37
1972    9    39.79    15.56
1972   10    37.65    10.80
1972   11    11.05     4.39
1972   12    14.53    -0.80
1973    1    17.17    -2.44
1973    2    19.03    -0.07
1973    3    53.26     4.64
1973    4    78.34    10.84
1973    5   127.99    13.51
1973    6    71.97    18.03
1973    7    15.64    23.98
1973    8    55.99    21.00
1973    9    28.02    16.13
1973   10    39.45    10.80
1973   11    47.62     4.54
1973   12    26.01    -0.78
1974    1    20.83    -4.23
1974    2    13.89    -2.40
1974    3    68.02     5.30
1974    4    40.25    13.02
1974    5   121.71    14.18
1974    6    78.69    19.93
1974    7    80.41    21.03
1974    8    46.58    20.77
1974    9    30.65    17.37
1974   10    31.74    10.83
1974   11    67.54     5.94
1974   12    10.69    -0.79
1975    1    19.73    -1.73
1975    2    10.08    -1.33
1975    3    32.65     5.65
1975    4    94.66     9.27
1975    5   153.86    12.69
1975    6    73.22    19.20
1975    7    43.72    21.00
1975    8    17.62    21.62
1975    9   124.29    14.83
1975   10    40.50     8.55
1975   11    33.25     2.91
1975   12    11.55    -1.86
1976    1    50.48    -2.82
1976    2    25.56    -3.56
1976    3    34.31     2.62
1976    4   101.94     8.28
1976    5    89.71    15.46
1976    6    23.06    18.46
1976    7    23.98    22.22
1976    8     4.51    23.25
1976    9    37.09    17.89
1976   10    44.78    10.56
1976   11    35.55     4.26
1976   12    54.65    -1.46
1977    1    26.07    -3.79
1977    2     9.52    -2.04
1977    3    59.84     3.95
1977    4    96.77    10.97
1977    5   113.59    15.22
1977    6    77.66    19.52
1977    7    18.28    22.38
1977    8    53.27    20.51
1977    9    68.70    14.86
1977   10    53.79     7.82
1977   11    17.69     5.20
1977   12    50.72    -1.60
1978    1    25.32    -4.76
1978    2     7.59    -1.51
1978    3    59.67     6.28
1978    4    70.08     9.00
1978    5    72.91    15.93
1978    6    94.57    18.79
1978    7    42.01    22.44
1978    8    25.25    21.88
1978    9    56.04    17.22
1978   10    21.25    12.25
1978   11    33.73     5.31
1978   12    49.13    -1.31
1979    1    21.80    -3.86
1979    2    17.28    -1.72
1979    3    47.64     1.58
1979    4    34.52    10.10
1979    5   146.78    13.10
1979    6   133.75    18.93
1979    7    11.26    21.75
1979    8    18.01    20.37
1979    9    58.39    15.77
1979   10    18.85     9.59
1979   11    32.51     3.50
1979   12    36.77    -0.90
1980    1    15.39    -2.82
1980    2    19.83    -1.71
1980    3    32.86     4.34
1980    4    99.89     8.97
1980    5    95.50    16.28
1980    6    29.61    21.89
1980    7    13.13    23.40
1980    8     9.07    23.50
1980    9    36.45    18.14
1980   10    28.04    10.75
1980   11    82.29     2.90
1980   12    34.52     0.74
1981    1    21.24    -1.57
1981    2    25.43    -2.46
1981    3    50.82     5.25
1981    4    76.97     9.87
1981    5    67.74    13.99
1981    6    48.22    20.09
1981    7    47.33    22.28
1981    8    53.02    21.39
1981    9    81.96    14.62
1981   10    17.15    10.73
1981   11    50.44     3.95
1981   12    34.31    -0.35
1982    1     9.40    -2.15
1982    2    26.22    -0.95
1982    3    78.93     6.63
1982    4    70.82    12.29
1982    5   140.33    12.48
1982    6    66.53    18.47
1982    7    27.75    21.51
1982    8    19.28    21.78
1982    9    78.48    15.62
1982   10    95.30     9.99
1982   11    35.42     5.02
1982   12    25.34    -0.23
1983    1    33.14    -4.96
1983    2    33.74    -3.76
1983    3    21.40     4.77
1983    4    51.60    13.26
1983    5    88.49    15.28
1983    6    59.32    18.58
1983    7    40.17    20.34
1983    8    25.17    22.87
1983    9   117.09    15.25
1983   10    64.87    10.05
1983   11    56.02     5.52
1983   12    25.09    -0.13
1984    1     9.97    -0.93
1984    2    44.83     1.07
1984    3    18.18     8.29
1984    4    39.01    11.02
1984    5   136.91    13.71
1984    6    67.91    19.39
1984    7    21.08    22.94
1984    8    73.68    20.61
1984    9    41.60    15.06
1984   10    83.74    11.35
1984   11    17.04     4.85
1984   12    17.83    -0.07
1985    1    15.50    -2.58
1985    2    15.11     0.63
1985    3    36.72     5.19
1985    4   126.35     8.96
1985    5   110.54    17.62
1985    6    42.13    20.40
1985    7    31.54    23.02
1985    8    20.81    22.19
1985    9    50.11    16.66
1985   10    40.22     9.79
1985   11    81.37     5.81
1985   12    20.02    -0.94
1986    1    17.28    -2.22
1986    2    49.03     1.50
1986    3    56.84     5.66
1986    4    83.87    10.55
1986    5   137.34    13.74
1986    6    91.03    19.52
1986    7    20.74    21.25
1986    8     3.78    23.98
1986    9    63.50    16.22
1986   10    13.99    12.14
1986   11    31.32     4.71
1986   12    14.34    -0.31
1987    1    18.60     0.87
1987    2    28.82     2.16
1987    3    47.18     6.43
1987    4    72.73    10.06
1987    5   122.42    14.68
1987    6    72.98    19.58
1987    7    36.65    22.81
1987    8    29.60    22.17
1987    9    67.67    16.42
1987   10    36.27     9.76
1987   11    22.85     4.11
1987   12    30.97     0.34
1988    1    27.79    -2.27
1988    2    34.72    -3.36
1988    3    52.46     3.11
1988    4   137.93     9.69
1988    5   125.88    13.76
1988    6    77.47    19.60
1988    7    67.28    21.05
1988    8    46.07    21.26
1988    9    37.87    15.12
1988   10    31.79    10.04
1988   11    27.72     4.94
1988   12    14.34     0.23
1989    1    11.39    -1.88
1989    2    32.10    -1.64
1989    3    32.51     6.98
1989    4    85.42     9.16
1989    5    87.75    15.09
1989    6    61.43    19.27
1989    7    72.27    20.96
1989    8    39.82    21.14
1989    9    21.16    16.18
1989   10    77.04    10.00
1989   11    11.04     3.43
1989   12     9.12     0.95
1990    1    11.21     0.11
1990    2    22.93     0.35
1990    3    49.36     5.69
1990    4    39.64    12.21
1990    5    95.44    16.77
1990    6    43.61    18.98
1990    7    47.89    23.17
1990    8    49.56    21.96
1990    9    33.57    17.22
1990   10    42.74    10.23
1990   11    38.84     4.15
1990   12    17.15    -0.04
1991    1    25.05    -1.68
1991    2    36.84     1.55
1991    3    83.42     4.34
1991    4    37.26     9.21
1991    5   156.12    13.35
1991    6    43.53    19.66
1991    7    36.61    22.48
1991    8    25.61    21.65
1991    9    35.20    16.95
1991   10    38.33    10.44
1991   11    56.37     4.91
1991   12    16.34    -0.12
1992    1    21.24    -0.76
1992    2    24.94    -2.25
1992    3    33.42     5.24
1992    4    68.63     9.90
1992    5   150.17    13.81
1992    6    43.17    18.93
1992    7    44.58    20.56
1992    8    18.31    21.14
1992    9     7.67    18.65
1992   10    29.73     9.80
1992   11    76.16     1.86
1992   12     9.19    -1.32
1993    1    25.32    -4.30
1993    2    19.09     0.59
1993    3    29.18     6.02
1993    4   113.63    11.58
1993    5    96.18    14.29
1993    6    71.69    20.03
1993    7    42.41    23.22
1993    8    31.82    21.74
1993    9    36.06    15.92
1993   10    40.07     7.21
1993   11    33.83     4.47
1993   12     9.70     0.34
1994    1    22.52    -3.46
1994    2    17.12     0.37
1994    3    30.04     6.56
1994    4   103.04    10.76
1994    5    94.22    14.42
1994    6    74.44    19.57
1994    7    74.79    20.72
1994    8     8.88    22.74
1994    9   135.42    15.93
1994   10    23.07    11.31
1994   11    10.63     4.43
1994   12    22.62     0.73
1995    1    19.57    -0.58
1995    2    40.19     1.78
1995    3    58.48     3.25
1995    4    80.63    10.12
1995    5    81.22    15.78
1995    6    89.75    18.68
1995    7    99.93    21.06
1995    8    18.98    20.99
1995    9   143.83    16.68
1995   10    69.31    11.64
1995   11     9.45     3.71
1995   12    57.29    -0.84
1996    1     9.64    -2.03
1996    2    35.91    -3.16
1996    3    66.97     3.49
1996    4    77.94     9.86
1996    5   164.08    12.69
1996    6    69.46    18.91
1996    7    50.78    21.62
1996    8    49.61    20.83
1996    9    43.00    16.36
1996   10    29.78    10.37
1996   11    61.29     4.75
1996   12    28.82     0.37
1997    1    28.64    -1.77
1997    2    28.31    -0.02
1997    3    89.20     6.89
1997    4    98.84    10.26
1997    5    81.20    14.53
1997    6    32.13    19.69
1997    7    23.52    23.42
1997    8    20.21    22.33
1997    9    85.27    15.41
1997   10     9.12    11.99
1997   11    22.66     4.67
1997   12    30.97    -0.21
1998    1    26.72    -2.15
1998    2    28.06    -0.11
1998    3    34.14     5.96
1998    4    54.08    11.27
1998    5   112.41    16.11
1998    6    34.21    19.69
1998    7    42.47    21.97
1998    8    31.42    21.79
1998    9   112.56    16.21
1998   10    62.93     8.29
1998   11    30.09     3.02
1998   12    14.74    -1.23
1999    1    16.73    -2.71
1999    2    31.56    -0.75
1999    3    52.47     3.28
1999    4    85.52    11.92
1999    5   116.27    14.71
1999    6    42.47    20.09
1999    7    56.46    22.08
1999    8    14.80    23.11
1999    9    27.72    15.39
1999   10    40.78     9.19
1999   11    39.82     4.43
1999   12    46.14     1.50
2000    1    29.42     0.37
2000    2    16.16     2.58
2000    3    78.48     8.32
2000    4    78.64    10.56
2000    5    77.41    15.21
2000    6    32.88    21.19
2000    7    44.23    22.24
2000    8    27.60    21.69
2000    9    77.60    16.58
2000   10    33.82    12.92
2000   11    32.98     4.19
2000   12    28.34     0.32
2001    1     7.43    -0.72
2001    2    42.79     0.07
2001    3    29.45     5.08
2001    4    22.03    13.61
2001    5    90.83    15.16
2001    6    57.95    19.84
2001    7    19.61    24.63
2001    8    35.51    22.19
2001    9    68.48    15.42
2001   10    40.71    11.11
2001   11    71.91     5.14
2001   12    24.60     1.24
2002    1    24.23    -0.36
2002    2    39.62     1.32
2002    3    44.12     4.45
2002    4    51.57     9.46
2002    5    76.71    14.94
2002    6    59.30    20.05
2002    7    20.89    23.78
2002    8    45.14    22.10
2002    9    51.18    16.95
2002   10    26.23    10.98
2002   11    22.22     4.12
2002   12    34.53     1.03
2003    1    18.91    -1.92
2003    2     7.29     2.94
2003    3    71.28     4.30
2003    4   124.06     8.25
2003    5    90.40    14.49
2003    6    73.52    19.15
2003    7    36.14    22.26
2003    8    13.50    23.83
2003    9    10.04    14.77
2003   10    38.49    10.76
2003   11     9.98     3.98
2003   12    33.22    -2.16
2004    1    25.16    -3.68
2004    2    18.79     0.02
2004    3    48.24     2.74
2004    4    79.37     9.59
2004    5    66.57    15.16
2004    6    52.64    19.32
2004    7    58.09    23.06
2004    8    23.78    22.32
2004    9     6.92    19.77
2004   10    19.15    11.66
2004   11    10.43     5.25
2004   12    12.38     0.23
2005    1    22.74    -0.62
2005    2    38.22     3.29
2005    3    64.55     4.28
2005    4    77.63    11.11
2005    5    88.94    15.61
2005    6    61.13    20.78
2005    7    35.64    25.21
2005    8    39.64    23.16
2005    9    55.67    17.47
2005   10    11.78    10.73
2005   11    19.17     5.49
2005   12    23.37    -0.61
