1950    1    26.08    -8.67
1950    2    15.27    -5.13
1950    3    42.45     0.16
1950    4   113.59     6.95
1950    5   164.45    12.55
1950    6   162.56    16.72
1950    7    83.45    16.85
1950    8    37.16    16.63
1950    9    25.06    14.09
1950   10    24.50     6.18
1950   11    48.59    -0.05
1950   12    23.20    -1.44
1951    1    34.55    -6.18
1951    2    34.73    -5.84
1951    3    45.86    -1.09
1951    4   109.25     3.74
1951    5   134.51    11.87
1951    6    71.92    15.78
1951    7     9.57    19.50
1951    8    29.27    19.95
1951    9    64.91    12.40
1951   10    45.59     6.16
1951   11    36.86     3.49
1951   12     6.30    -2.54
1952    1    35.91    -4.37
1952    2    15.15    -2.25
1952    3    21.70     3.17
1952    4    80.19     9.18
1952    5   161.46    13.11
1952    6   121.33    15.84
1952    7    34.05    19.33
1952    8    55.61    17.96
1952    9    41.05    13.93
1952   10    38.68     6.75
1952   11     7.53     2.47
1952   12    53.72    -3.01
1953    1    15.95    -6.78
1953    2     9.80    -6.05
1953    3    45.94    -0.86
1953    4   101.48     7.67
1953    5    99.76    12.99
1953    6    73.31    15.92
1953    7   103.09    17.66
1953    8    71.46    16.58
1953    9    35.97    12.51
1953   10    34.86     8.01
1953   11    48.32    -0.29
1953   12    22.71    -4.68
1954    1    13.37    -7.06
1954    2    20.11    -3.70
1954    3    41.31     4.14
1954    4    95.55     8.24
1954    5   127.20    10.30
1954    6    57.95    15.15
1954    7    51.93    18.79
1954    8    23.42    17.22
1954    9    31.08    16.09
1954   10    53.91     7.41
1954   11    19.75    -0.21
1954   12    17.13    -4.11
1955    1    11.79    -6.02
1955    2     9.69    -2.89
1955    3    87.84     0.28
1955    4    69.01     5.07
1955    5   195.71    13.20
1955    6    55.84    16.91
1955    7    68.33    17.49
1955    8    29.52    17.69
1955    9    79.48    12.58
1955   10    25.76     6.85
1955   11    38.12     1.11
1955   12    17.60    -4.21
1956    1    55.98    -5.47
1956    2    24.10    -7.32
1956    3    37.45     1.19
1956    4    62.24     5.22
1956    5   103.42    11.65
1956    6   103.68    17.38
1956    7    81.86    17.31
1956    8    49.53    18.20
1956    9    52.32    14.50
1956   10    51.62     5.56
1956   11    42.47     0.40
1956   12    12.18    -3.87
1957    1    23.67    -6.46
1957    2    28.90    -4.10
1957    3    62.67    -1.82
1957    4    87.55     6.89
1957    5   108.38    12.25
1957    6    95.76    15.43
1957    7    73.40    18.86
1957    8    33.77    17.17
1957    9    23.98    15.17
1957   10    28.82     9.19
1957   11    25.46     2.31
1957   12    24.01    -2.62
1958    1    25.75    -6.04
1958    2    37.11    -3.45
1958    3    48.27    -1.67
1958    4   105.13     8.24
1958    5    83.56    10.95
1958    6   120.64    16.25
1958    7    35.41    18.99
1958    8    51.02    16.69
1958    9    20.01    11.65
1958   10    12.92     8.35
1958   11    11.74     1.19
1958   12    35.19    -4.71
1959    1    40.17    -8.27
1959    2    33.90    -4.45
1959    3    34.14     1.44
1959    4    96.35     7.94
1959    5   112.62    11.33
1959    6    87.98    16.70
1959    7    72.70    18.76
1959    8    57.20    16.89
1959    9    69.62    13.42
1959   10    27.44     8.08
1959   11    11.01     1.07
1959   12    25.50    -3.68
1960    1    27.00    -5.55
1960    2    72.85    -4.52
1960    3    58.90     0.35
1960    4    81.75     6.82
1960    5    75.33    11.99
1960    6   130.81    15.30
1960    7    12.52    19.59
1960    8   134.03    16.66
1960    9    81.76    11.81
1960   10    40.35     8.21
1960   11    54.59     1.09
1960   12    19.26    -3.71
1961    1    33.91    -3.13
1961    2    31.86    -3.39
1961    3    68.79     2.33
1961    4    62.49     7.70
1961    5    63.90    13.16
1961    6   105.86    17.14
1961    7    91.20    17.03
1961    8    46.25    17.73
1961    9    24.25    13.98
1961   10    29.63     8.68
1961   11    31.16     0.94
1961   12    32.62    -1.94
1962    1    24.42    -5.49
1962    2    24.92    -4.38
1962    3    29.50     0.69
1962    4    83.82     7.59
1962    5   183.98    10.85
1962    6    72.24    15.78
1962    7   106.25    17.54
1962    8    73.83    16.58
1962    9    44.04    12.95
1962   10    63.24     6.27
1962   11    20.48     1.84
1962   12    17.76    -2.47
1963    1    19.79    -5.69
1963    2    37.01    -5.06
1963    3    32.96     1.82
1963    4    51.01     8.57
1963    5   179.66    12.10
1963    6    83.78    16.05
1963    7    30.29    18.03
1963    8    56.75    16.97
1963    9    59.55    11.15
1963   10    42.57     6.48
1963   11    19.48     0.14
1963   12    19.43    -2.85
1964    1    37.17    -6.32
1964    2    21.26    -3.94
1964    3    45.93     2.67
1964    4    63.13     8.65
1964    5   175.32    11.21
1964    6   107.93    15.93
1964    7    44.71    19.11
1964    8    91.73    16.93
1964    9   106.19    12.06
1964   10    21.70     7.93
1964   11    28.24     2.34
1964   12    47.60    -5.45
1965    1    29.72    -5.64
1965    2    19.09    -3.05
1965    3    76.39     0.03
1965    4   126.31     7.06
1965    5    99.15    11.96
1965    6    99.22    16.29
1965    7    82.04    17.31
1965    8    52.46    15.63
1965    9    57.65    12.06
1965   10    57.00     6.93
1965   11    29.44     2.42
1965   12     6.96    -1.42
1966    1    16.76    -2.64
1966    2    30.03    -3.57
1966    3    32.00     1.20
1966    4    97.68     6.32
1966    5   140.19    12.03
1966    6    98.87    15.86
1966    7    69.68    17.35
1966    8    73.61    16.00
1966    9    59.47    11.65
1966   10    37.61     7.09
1966   11    41.81     1.38
1966   12    37.35    -2.39
1967    1    26.62    -6.69
1967    2    19.37    -3.09
1967    3    38.29     2.46
1967    4    88.97     8.18
1967    5   132.24    11.95
1967    6   134.99    14.62
1967    7    45.39    16.96
1967    8    57.36    16.25
1967    9    70.64    11.50
1967   10    53.92     7.65
1967   11    22.60     1.64
1967   12    17.48    -5.92
1968    1    14.63    -6.00
1968    2    38.89    -3.88
1968    3    66.84     1.50
1968    4    76.76     6.13
1968    5    78.92    11.28
1968    6    77.82    15.98
1968    7   113.71    16.51
1968    8    48.43    15.01
1968    9    85.58    10.63
1968   10    37.56     4.45
1968   11    34.05     0.74
1968   12    34.10    -2.17
1969    1    30.53    -5.44
1969    2    12.89    -5.38
1969    3    41.20    -0.90
1969    4    39.27     8.20
1969    5   131.65    10.90
1969    6   130.42    15.04
1969    7    50.48    17.51
1969    8    14.79    18.16
1969    9    30.14    11.90
1969   10    68.62     7.63
1969   11    26.61    -0.18
1969   12    35.19    -4.45
1970    1    25.64    -6.83
1970    2    44.00    -5.61
1970    3    36.51    -6.15
1970    4   107.71     2.20
1970    5   107.63    11.17
1970    6   130.34    13.99
1970    7    67.27    17.15
1970    8    34.70    16.57
1970    9    31.54    11.60
1970   10    24.69     7.73
1970   11    47.52     0.39
1970   12    25.60    -4.50
1971    1     8.39    -8.64
1971    2    35.83    -4.84
1971    3    48.67    -0.90
1971    4    81.44     6.96
1971    5    71.10    10.54
1971    6    91.27    15.64
1971    7    60.36    17.25
1971    8    14.54    17.76
1971    9    92.13    13.00
1971   10    37.00     4.51
1971   11    50.00     1.08
1971   12    20.64    -4.88
1972    1    24.99    -6.80
1972    2    26.72    -6.68
1972    3    55.13     2.07
1972    4    74.79     8.63
1972    5   120.09    10.06
1972    6    48.47    14.36
1972    7    66.10    17.77
1972    8    34.53    17.33
1972    9    31.75    12.00
1972   10    21.90     7.48
1972   11    17.27     1.78
1972   12    21.03    -3.88
1973    1    28.61    -6.16
1973    2    33.37    -4.82
1973    3    42.68    -0.36
1973    4    93.71     7.96
1973    5   112.96    10.58
1973    6   126.10    14.61
1973    7    20.41    19.38
1973    8    96.72    16.62
1973    9    38.30    12.23
1973   10    26.88     7.80
1973   11    36.38     1.82
1973   12    34.08    -4.04
1974    1    27.90    -8.06
1974    2    14.17    -5.65
1974    3    50.71     1.17
1974    4    31.86    10.06
1974    5   122.06    11.06
1974    6   118.25    16.62
1974    7    75.33    17.41
1974    8    53.98    16.71
1974    9    60.65    13.27
1974   10    34.69     7.79
1974   11    55.23     3.25
1974   12    14.23    -4.10
1975    1    34.67    -5.96
1975    2    13.92    -6.12
1975    3    27.37     1.15
1975    4    94.31     6.68
1975    5   174.88     9.74
1975    6   116.54    16.01
1975    7    57.04    17.14
1975    8    22.55    17.36
1975    9   119.86    11.36
1975   10    36.76     5.41
1975   11    32.01    -0.06
1975   12    13.48    -5.02
1976    1    45.46    -6.12
1976    2    27.26    -6.72
1976    3    38.16    -2.12
1976    4    81.17     5.62
1976    5    96.52    12.51
1976    6    59.10    15.30
1976    7    61.03    17.57
1976    8    40.58    18.36
1976    9    78.91    13.86
1976   10    57.03     7.41
1976   11    33.25     1.29
1976   12    67.19    -4.65
1977    1    34.62    -7.69
1977    2    15.95    -6.66
1977    3    48.25    -1.37
1977    4    76.06     7.68
1977    5   149.82    12.20
1977    6   106.33    15.79
1977    7    41.22    18.19
1977    8    77.63    16.33
1977    9    70.11    11.08
1977   10    36.55     5.28
1977   11    24.69     2.89
1977   12    54.97    -4.12
1978    1    37.48    -8.33
1978    2    13.37    -4.82
1978    3    61.82     2.06
1978    4    66.65     6.56
1978    5    95.67    13.31
1978    6   186.19    15.46
1978    7    63.67    18.06
1978    8    37.71    17.33
1978    9    63.60    13.62
1978   10    17.94     9.48
1978   11    50.43     2.22
1978   12    61.14    -4.63
1979    1    23.95    -7.97
1979    2    27.59    -6.24
1979    3    45.27    -4.15
1979    4    43.63     5.52
1979    5   142.10    10.69
1979    6   178.34    15.86
1979    7    14.43    17.49
1979    8    27.02    16.64
1979    9    72.00    12.25
1979   10    20.77     6.40
1979   11    24.63     0.66
1979   12    46.70    -3.64
1980    1    18.14    -6.22
1980    2    22.66    -5.66
1980    3    40.17    -1.32
1980    4    99.53     6.40
1980    5   102.10    13.10
1980    6    55.52    17.67
1980    7    14.82    19.02
1980    8    10.59    19.28
1980    9    48.60    14.57
1980   10    33.00     7.51
1980   11    54.14     0.19
1980   12    30.36    -1.96
1981    1    40.28    -5.59
1981    2    24.50    -6.23
1981    3    52.85     1.33
1981    4    75.93     7.27
1981    5    98.59    11.44
1981    6    74.93    16.76
1981    7    64.72    18.50
1981    8    50.57    17.52
1981    9    56.33    12.19
1981   10    19.70     7.47
1981   11    38.31     1.40
1981   12    19.27    -2.81
1982    1    11.14    -5.11
1982    2    23.68    -4.37
1982    3    70.06     3.49
1982    4    67.23     9.01
1982    5   112.70    10.45
1982    6    87.74    15.62
1982    7    72.51    17.65
1982    8    22.11    17.49
1982    9    60.28    11.98
1982   10    59.80     6.75
1982   11    42.89     2.32
1982   12    34.05    -2.77
1983    1    29.62    -8.13
1983    2    29.77    -6.40
1983    3    23.34     1.89
1983    4    54.83    10.83
1983    5   116.52    12.38
1983    6    79.98    15.18
1983    7    83.36    16.21
1983    8    19.51    18.63
1983    9    98.09    11.91
1983   10    49.15     7.18
1983   11    38.57     2.83
1983   12    33.22    -2.54
1984    1    21.80    -4.91
1984    2    36.26    -2.49
1984    3    29.64     4.52
1984    4    44.73     8.68
1984    5   129.78    10.89
1984    6   121.47    16.19
1984    7    84.00    18.71
1984    8    86.16    17.00
1984    9    38.32    12.00
1984   10    42.24     8.92
1984   11    23.91     1.79
1984   12    17.07    -2.91
1985    1    16.19    -6.40
1985    2    22.89    -2.98
1985    3    30.42     2.09
1985    4   123.67     6.76
1985    5   105.70    15.02
1985    6    87.26    17.00
1985    7    51.00    19.11
1985    8    60.12    17.81
1985    9    53.37    13.48
1985   10    31.64     6.66
1985   11    81.65     3.17
1985   12    24.09    -3.91
1986    1    21.45    -5.54
1986    2    43.30    -1.74
1986    3    46.92     2.02
1986    4    95.62     8.68
1986    5   105.93    11.25
1986    6    41.44    16.39
1986    7    22.73    18.05
1986    8     1.03    20.53
1986    9    51.59    13.14
1986   10     4.20     9.20
1986   11    34.37     1.67
1986   12    16.39    -3.09
1987    1    25.14    -2.85
1987    2    21.11    -2.27
1987    3    65.35     2.71
1987    4    76.49     7.30
1987    5   132.97    11.76
1987    6   122.44    16.24
1987    7    51.17    18.62
1987    8    59.94    17.78
1987    9    42.69    12.89
1987   10    27.94     6.80
1987   11    36.03     1.16
1987   12    45.66    -2.99
1988    1    27.24    -6.25
1988    2    35.92    -7.33
1988    3    45.78    -2.02
1988    4    84.27     6.27
1988    5   106.87    10.84
1988    6   103.75    16.13
1988    7    92.83    17.63
1988    8   108.63    17.20
1988    9    50.05    12.18
1988   10    30.80     6.94
1988   11    33.34     2.02
1988   12    22.63    -2.61
1989    1    19.70    -5.51
1989    2    32.10    -6.00
1989    3    28.96     2.42
1989    4    73.31     6.87
1989    5   123.88    12.66
1989    6   135.63    15.95
1989    7   127.40    16.80
1989    8    61.94    16.80
1989    9    16.37    12.22
1989   10    64.90     6.59
1989   11    19.24     0.65
1989   12    12.54    -1.51
1990    1    12.20    -3.14
1990    2    21.91    -3.77
1990    3    52.17     1.86
1990    4    42.82     8.80
1990    5   123.61    13.87
1990    6    67.93    14.75
1990    7    91.70    18.71
1990    8    93.01    17.42
1990    9    28.38    13.57
1990   10    20.06     7.24
1990   11    34.68     1.57
1990   12    20.96    -3.02
1991    1    21.71    -4.75
1991    2    35.81    -2.09
1991    3    71.73     0.16
1991    4    64.53     6.67
1991    5   110.33    10.21
1991    6    84.01    16.56
1991    7    92.38    18.57
1991    8    43.34    17.67
1991    9    34.27    13.38
1991   10    79.81     7.23
1991   11    33.94     2.32
1991   12    29.31    -3.14
1992    1    29.80    -4.47
1992    2    32.70    -7.00
1992    3    31.12     1.12
1992    4    44.13     7.60
1992    5   151.91    11.38
1992    6    95.09    15.54
1992    7    70.65    16.73
1992    8    67.36    16.53
1992    9    30.67    14.09
1992   10    44.43     6.22
1992   11    59.84    -0.99
1992   12    32.67    -4.47
1993    1    32.41    -8.29
1993    2    35.49    -3.78
1993    3    36.29     0.81
1993    4    94.56     8.39
1993    5   134.19    11.56
1993    6    75.94    16.11
1993    7   150.02    18.26
1993    8    49.42    17.19
1993    9    72.47    12.15
1993   10    22.45     4.33
1993   11    24.47     1.41
1993   12    15.40    -2.05
1994    1    28.35    -7.23
1994    2    17.12    -3.10
1994    3    35.40     3.34
1994    4    88.24     8.06
1994    5   108.35    11.53
1994    6   100.36    15.95
1994    7    90.02    16.94
1994    8    28.86    17.64
1994    9    84.46    12.67
1994   10    14.80     8.24
1994   11    16.14     1.78
1994   12    19.19    -1.55
1995    1    17.68    -3.08
1995    2    49.79    -2.43
1995    3    38.65    -0.69
1995    4    68.03     7.26
1995    5   117.00    12.95
1995    6   155.77    15.78
1995    7    93.78    17.12
1995    8    78.68    16.82
1995    9    91.11    12.80
1995   10    49.61     8.66
1995   11    10.07     1.31
1995   12    74.04    -3.88
1996    1    19.28    -5.86
1996    2    35.31    -7.80
1996    3    50.41    -1.33
1996    4    69.46     6.47
1996    5   157.35    10.02
1996    6   137.24    16.40
1996    7   102.62    17.83
1996    8    40.59    16.92
1996    9    66.99    12.79
1996   10    18.72     7.69
1996   11    62.50     2.13
1996   12    34.40    -2.98
1997    1    27.10    -5.75
1997    2    18.37    -3.43
1997    3   106.44     2.04
1997    4    85.22     7.51
1997    5    89.28    11.22
1997    6    59.33    16.10
1997    7    42.86    19.00
1997    8    68.80    17.65
1997    9    94.50    12.20
1997   10    13.85     8.69
1997   11    29.87     2.09
1997   12    27.84    -2.90
1998    1    36.35    -5.55
1998    2    32.57    -5.10
1998    3    42.52    -0.31
1998    4    55.00     8.50
1998    5   142.21    12.98
1998    6    82.77    15.62
1998    7    78.35    17.94
1998    8    44.32    17.27
1998    9   139.63    12.99
1998   10    45.51     5.26
1998   11    48.89    -0.12
1998   12    22.96    -4.55
1999    1    12.65    -6.41
1999    2    24.64    -4.48
1999    3    58.41    -1.82
1999    4    75.90     8.43
1999    5   194.46    11.56
1999    6    95.22    16.58
1999    7    85.90    18.09
1999    8    27.12    18.19
1999    9    27.36    11.71
1999   10    35.24     5.99
1999   11    35.01     1.72
1999   12    53.16    -1.63
2000    1    27.00    -3.08
2000    2    22.22    -2.06
2000    3    68.30     4.06
2000    4    95.76     7.91
2000    5    76.75    12.10
2000    6   100.23    17.41
2000    7    66.51    18.33
2000    8    75.62    17.45
2000    9   123.99    13.10
2000   10    39.31     9.90
2000   11    35.31     1.26
2000   12    31.10    -2.45
2001    1    14.60    -4.52
2001    2    28.70    -4.07
2001    3    35.88    -0.39
2001    4    23.93     9.80
2001    5    82.25    11.75
2001    6    79.73    16.24
2001    7    83.49    19.56
2001    8    58.38    18.22
2001    9    75.18    12.01
2001   10    50.07     8.19
2001   11    52.88     2.15
2001   12    37.64    -1.76
2002    1    36.61    -4.45
2002    2    26.74    -3.85
2002    3    45.85    -0.52
2002    4    40.08     6.76
2002    5   118.18    11.63
2002    6   103.12    16.04
2002    7    33.37    18.98
2002    8   108.16    17.64
2002    9    48.50    13.42
2002   10    22.55     8.03
2002   11    21.15     1.28
2002   12    54.45    -2.12
2003    1    16.21    -6.14
2003    2    11.23    -1.61
2003    3    46.03     1.39
2003    4   119.42     5.59
2003    5    80.88    12.08
2003    6   103.52    16.17
2003    7    94.78    17.99
2003    8    23.55    19.41
2003    9    24.95    10.61
2003   10    31.72     7.36
2003   11    12.09     1.54
2003   12    26.58    -5.27
2004    1    33.44    -6.87
2004    2    19.67    -3.26
2004    3    27.80    -0.88
2004    4    59.76     6.15
2004    5    85.09    12.54
2004    6    56.72    16.38
2004    7   148.53    19.30
2004    8    96.58    17.63
2004    9     6.92    15.11
2004   10    11.42     8.58
2004   11    21.53     2.04
2004   12    13.69    -2.49
2005    1    31.54    -4.07
2005    2    30.91    -0.87
2005    3    59.42     0.90
2005    4    83.29     8.10
2005    5   108.13    13.03
2005    6    88.76    16.89
2005    7    70.89    20.84
2005    8    65.10    18.67
2005    9    40.02    13.89
2005   10    26.26     7.12
2005   11    12.45     2.93
2005   12    24.27    -2.98
