1950    1   150.52    -5.76
1950    2    66.37    -2.59
1950    3    45.32    -0.46
1950    4   170.61     4.77
1950    5   166.01    11.23
1950    6   136.32    15.64
1950    7    45.02    16.06
1950    8    59.68    17.28
1950    9   130.02    13.08
1950   10    53.26     6.53
1950   11    65.31     1.85
1950   12    94.06     0.56
1951    1   168.76    -6.41
1951    2    73.11    -4.94
1951    3   117.49    -3.14
1951    4   128.84     1.48
1951    5    98.74    10.76
1951    6   113.26    15.93
1951    7    64.31    17.91
1951    8    76.67    18.33
1951    9   110.39    13.31
1951   10    93.81     6.88
1951   11    27.47     6.80
1951   12    82.86     1.78
1952    1   150.46    -2.40
1952    2    44.57     0.54
1952    3   120.89     2.69
1952    4   144.63     7.24
1952    5   144.51    13.84
1952    6   144.83    14.82
1952    7   112.09    18.13
1952    8    70.56    15.87
1952    9    46.43    15.24
1952   10    99.15     8.38
1952   11    26.18     5.80
1952   12   131.63    -2.09
1953    1   114.50    -4.42
1953    2    36.49    -5.09
1953    3    99.41    -3.21
1953    4   103.17     5.97
1953    5   102.03    12.55
1953    6   168.66    14.10
1953    7   127.54    16.63
1953    8   129.05    15.11
1953    9   110.11    11.72
1953   10    52.12     9.27
1953   11    70.45    -0.65
1953   12   119.08    -1.26
1954    1    73.12    -3.54
1954    2    49.08    -2.45
1954    3    97.25     1.85
1954    4    94.51     8.49
1954    5   109.89     8.76
1954    6   139.06    15.05
1954    7   165.69    18.52
1954    8    51.53    16.57
1954    9    45.90    15.39
1954   10    58.85    10.03
1954   11    35.69     0.88
1954   12    65.11    -2.29
1955    1    42.75    -3.01
1955    2    71.19    -3.04
1955    3    99.33    -1.64
1955    4   135.68     5.50
1955    5   221.12    11.57
1955    6    78.96    17.93
1955    7    80.24    17.49
1955    8    64.70    15.94
1955    9   155.25    12.38
1955   10    89.87     7.15
1955   11   112.24     3.42
1955   12   118.71    -4.05
1956    1   166.38    -3.57
1956    2    90.03    -6.25
1956    3   110.58     0.21
1956    4   146.30     4.69
1956    5   200.54    10.63
1956    6   154.06    15.77
1956    7   147.69    15.34
1956    8   145.93    17.07
1956    9    76.89    14.31
1956   10    55.37     5.82
1956   11   114.76     1.11
1956   12    69.84    -1.97
1957    1   173.11    -3.89
1957    2   101.90    -4.85
1957    3    88.69    -3.12
1957    4   122.81     3.89
1957    5   148.09    12.50
1957    6   148.05    16.25
1957    7    69.80    18.59
1957    8   100.21    15.62
1957    9    62.77    12.69
1957   10    54.67     9.88
1957   11    36.16     4.15
1957   12    60.01    -0.66
1958    1    65.92    -3.57
1958    2    46.23    -0.12
1958    3   152.45    -1.36
1958    4   135.62     4.23
1958    5   207.17    10.80
1958    6   118.45    16.81
1958    7   104.61    17.99
1958    8   161.57    15.26
1958    9   102.77     9.97
1958   10    14.12     9.79
1958   11    41.69     4.37
1958   12   182.16    -4.09
1959    1   154.36    -7.24
1959    2   110.69    -2.87
1959    3    63.11     0.67
1959    4   134.87     7.42
1959    5   151.24    11.67
1959    6   271.70    15.87
1959    7   246.93    17.34
1959    8   140.44    17.81
1959    9   197.52    14.19
1959   10    45.14     9.32
1959   11    24.20     1.99
1959   12    85.10    -0.49
1960    1    96.69    -1.53
1960    2   112.87    -2.09
1960    3   122.53     1.74
1960    4   170.62     3.35
1960    5   175.12    12.09
1960    6   120.01    16.14
1960    7   170.18    17.93
1960    8    55.48    15.95
1960    9   102.77    11.66
1960   10    95.71     9.50
1960   11    81.89     2.46
1960   12   116.71    -0.82
1961    1   147.04    -0.93
1961    2    63.00    -0.89
1961    3   123.04     1.98
1961    4   134.00     6.31
1961    5   112.19    12.12
1961    6    46.62    16.63
1961    7    75.75    16.52
1961    8   147.07    16.56
1961    9    41.62    14.48
1961   10    35.36     9.09
1961   11    46.57     2.43
1961   12   209.59     0.95
1962    1   164.09    -3.42
1962    2   107.66    -4.85
1962    3    68.44    -1.40
1962    4   146.26     6.28
1962    5   210.81     9.52
1962    6   112.16    15.68
1962    7   125.57    16.22
1962    8   113.16    16.06
1962    9    89.71    12.80
1962   10    63.96     7.69
1962   11    96.54     3.82
1962   12   135.20    -1.30
1963    1    52.33    -2.32
1963    2    40.35    -3.93
1963    3    53.27     4.03
1963    4   109.06     7.94
1963    5   140.95    12.01
1963    6   109.10    16.52
1963    7    81.11    16.51
1963    8    42.19    17.17
1963    9   102.86    10.95
1963   10    71.62     7.47
1963   11   106.53     0.35
1963   12    62.49    -0.04
1964    1   128.11    -4.79
1964    2    64.58    -2.49
1964    3    57.28     2.20
1964    4   162.86     6.01
1964    5   221.03    10.51
1964    6   118.77    15.51
1964    7    71.68    17.76
1964    8   299.31    15.90
1964    9    75.56    11.36
1964   10    72.20     7.36
1964   11    71.64     3.58
1964   12   153.80    -3.23
1965    1    99.61    -1.82
1965    2    64.42     0.52
1965    3    97.51     1.42
1965    4   140.03     8.06
1965    5   129.53    12.78
1965    6   224.34    15.48
1965    7   212.06    17.16
1965    8   116.78    15.57
1965    9    88.92    11.15
1965   10    86.54     7.32
1965   11    37.20     5.31
1965   12    63.18     0.86
1966    1   136.62    -0.18
1966    2    55.49    -5.76
1966    3    49.58    -0.06
1966    4   134.70     5.37
1966    5   178.96     9.56
1966    6    84.23    16.01
1966    7   193.52    17.09
1966    8   128.81    15.84
1966    9   128.85    12.00
1966   10    57.27     7.62
1966   11    37.47     2.39
1966   12   142.06    -0.88
1967    1    76.72    -4.77
1967    2    54.61    -0.96
1967    3    51.18     2.77
1967    4   133.76     5.87
1967    5   337.02    11.40
1967    6   270.86    14.88
1967    7   106.19    16.24
1967    8    64.88    17.04
1967    9    88.14    11.10
1967   10    79.53     9.27
1967   11    53.04     2.21
1967   12   103.85    -5.59
1968    1   140.68    -4.24
1968    2   121.80    -3.40
1968    3    79.63    -0.15
1968    4   106.79     2.21
1968    5    89.50    10.16
1968    6   137.77    14.63
1968    7   125.43    17.08
1968    8    79.56    14.60
1968    9   200.83     9.35
1968   10    43.34     4.93
1968   11   114.38     1.28
1968   12    71.42     0.18
1969    1   127.53    -3.18
1969    2   138.57    -3.88
1969    3   108.46    -1.70
1969    4   130.54     5.00
1969    5   229.81    10.70
1969    6   224.00    15.30
1969    7   145.89    15.10
1969    8    41.28    17.63
1969    9    15.44    12.25
1969   10   124.00     8.28
1969   11    59.50     1.80
1969   12   152.65    -1.97
1970    1   175.60    -4.90
1970    2   105.16    -4.37
1970    3   151.91    -6.54
1970    4   106.57     0.04
1970    5   206.86     9.28
1970    6    86.40    14.46
1970    7   168.71    17.15
1970    8   261.58    15.04
1970    9    96.56    10.39
1970   10    43.63    10.00
1970   11   119.99     0.49
1970   12   137.98    -4.07
1971    1    18.88    -7.23
1971    2   162.24    -5.54
1971    3    90.11    -1.43
1971    4   116.81     4.32
1971    5    93.96     9.34
1971    6   109.46    15.38
1971    7   110.22    15.95
1971    8    74.69    18.18
1971    9   104.55    13.65
1971   10   135.54     3.98
1971   11    77.22     2.07
1971   12    82.88    -2.75
1972    1   104.06    -3.85
1972    2    83.39    -6.26
1972    3   101.44     0.75
1972    4   125.72     6.88
1972    5   180.49     8.62
1972    6    83.28    12.23
1972    7   228.42    16.98
1972    8    12.95    17.68
1972    9    98.63    12.50
1972   10   131.00     7.39
1972   11    88.33     3.88
1972   12    83.49    -2.16
1973    1   200.25    -4.59
1973    2   132.89    -5.55
1973    3    64.17    -0.67
1973    4   188.16     7.49
1973    5   155.62     9.43
1973    6    77.82    13.69
1973    7   183.72    17.59
1973    8   144.10    16.67
1973    9    95.40    11.87
1973   10    72.27     9.82
1973   11    65.25     3.61
1973   12   128.26    -1.68
1974    1    98.69    -6.85
1974    2    55.28    -3.72
1974    3    60.73     0.95
1974    4    64.73     8.12
1974    5   160.67    11.42
1974    6    62.21    17.04
1974    7    43.33    18.17
1974    8   116.09    17.21
1974    9   158.97    13.02
1974   10   101.45     7.34
1974   11    89.18     4.01
1974   12    92.32    -0.95
1975    1   136.00    -5.09
1975    2    78.22    -4.64
1975    3    71.78    -0.79
1975    4   100.24     5.05
1975    5   151.01     9.23
1975    6   251.89    16.47
1975    7    83.68    17.61
1975    8    89.85    16.67
1975    9   130.32    10.81
1975   10   123.89     4.52
1975   11    84.18    -0.25
1975   12    17.96    -2.36
1976    1   148.60    -4.62
1976    2    75.82    -4.92
1976    3    84.80    -1.54
1976    4    62.67     3.76
1976    5   156.45    10.42
1976    6    90.82    16.04
1976    7   104.26    18.04
1976    8   109.72    17.24
1976    9    53.09    14.24
1976   10    96.83     7.20
1976   11   118.50     2.90
1976   12   117.02    -3.40
1977    1   101.72    -6.35
1977    2    58.72    -4.13
1977    3    60.78    -0.32
1977    4   116.05     5.94
1977    5   157.34    11.54
1977    6   265.30    14.73
1977    7   123.29    18.45
1977    8    95.49    17.12
1977    9    78.92     9.98
1977   10    17.63     7.60
1977   11    57.11     5.20
1977   12   149.52    -2.57
1978    1   168.00    -5.39
1978    2    29.27    -2.10
1978    3    73.25     2.06
1978    4    77.98     5.83
1978    5    60.82    14.00
1978    6   120.42    16.18
1978    7    87.92    16.85
1978    8   219.33    16.01
1978    9   189.77    13.76
1978   10    56.67    11.17
1978   11   149.45     2.22
1978   12   152.48    -4.07
1979    1    79.34    -5.09
1979    2    90.86    -4.20
1979    3   108.79    -4.98
1979    4    76.52     2.29
1979    5    98.30    11.63
1979    6   254.13    15.71
1979    7   109.98    17.44
1979    8    24.44    15.67
1979    9   126.46    13.42
1979   10    78.47     7.17
1979   11    81.01     2.58
1979   12   111.78    -2.77
1980    1    34.69    -3.40
1980    2    85.82    -3.36
1980    3    76.68    -2.13
1980    4   127.50     6.40
1980    5   191.87    12.91
1980    6   153.97    17.51
1980    7    29.22    15.99
1980    8    82.04    15.63
1980    9    55.78    12.85
1980   10    40.45     9.06
1980   11    93.24     0.44
1980   12    49.70     0.17
1981    1   272.30    -4.91
1981    2    96.47    -6.86
1981    3   145.33    -1.47
1981    4    86.73     4.56
1981    5    54.21    11.19
1981    6    83.60    17.70
1981    7   244.71    18.76
1981    8   130.57    17.82
1981    9    33.80    13.03
1981   10   160.49     8.59
1981   11    85.71     3.37
1981   12   103.68    -1.32
1982    1    75.15    -1.51
1982    2    18.89    -3.96
1982    3    44.04     2.57
1982    4   162.70     6.21
1982    5    84.64    10.19
1982    6    73.92    16.35
1982    7    48.83    16.99
1982    8   146.56    17.59
1982    9   128.52    11.98
1982   10    57.24     8.27
1982   11    38.19     4.06
1982   12    98.99    -0.67
1983    1    69.78    -6.33
1983    2    96.76    -5.55
1983    3    96.13     1.06
1983    4    24.04    10.64
1983    5   105.71    12.73
1983    6   184.16    14.15
1983    7    86.08    16.32
1983    8   126.48    18.11
1983    9    97.75    11.51
1983   10    80.60     7.73
1983   11    85.71     4.06
1983   12   102.46    -1.64
1984    1   106.49    -1.91
1984    2    59.67    -1.21
1984    3    67.66     4.88
1984    4   102.99     6.94
1984    5   136.91    10.64
1984    6   167.86    16.59
1984    7   197.13    18.00
1984    8   176.22    16.94
1984    9    32.48    11.60
1984   10    50.02    10.92
1984   11   169.05     2.70
1984   12    27.70    -0.51
1985    1   102.32    -3.96
1985    2   130.84    -3.76
1985    3    46.74     0.54
1985    4   134.69     5.66
1985    5   118.48    13.59
1985    6   222.07    16.85
1985    7   133.93    18.58
1985    8   109.06    17.30
1985    9   138.62    14.02
1985   10   117.98     7.09
1985   11   113.36     4.36
1985   12   174.55    -3.63
1986    1   102.19    -3.65
1986    2    77.30    -1.15
1986    3    85.40     0.67
1986    4    53.08     7.48
1986    5   131.95    11.59
1986    6   180.02    16.18
1986    7    45.06    17.84
1986    8   134.57    17.24
1986    9    68.66    12.85
1986   10    46.99    10.09
1986   11    98.54     2.29
1986   12    80.89    -1.52
1987    1   186.93    -1.38
1987    2    20.44    -1.77
1987    3   140.95     1.30
1987    4    87.79     6.57
1987    5   155.89    10.36
1987    6   198.44    14.34
1987    7   202.51    16.58
1987    8   133.77    15.80
1987    9   117.94    12.05
1987   10    62.25     8.61
1987   11   111.28     3.02
1987   12   263.99    -2.82
1988    1    91.71    -5.44
1988    2    95.78    -7.66
1988    3   138.00    -2.42
1988    4    52.83     4.49
1988    5   188.03     8.75
1988    6   296.03    15.63
1988    7   205.58    17.63
1988    8    85.60    18.52
1988    9    52.30    13.82
1988   10   130.14     7.65
1988   11    90.29     3.35
1988   12    90.11    -1.12
1989    1   104.64    -3.80
1989    2    60.00    -6.48
1989    3    77.21     1.89
1989    4   104.07     6.87
1989    5    88.47    13.83
1989    6    63.90    17.26
1989    7   120.32    17.77
1989    8   141.92    17.56
1989    9    74.66    14.03
1989   10   123.52     7.49
1989   11   134.67     0.01
1989   12    74.01     0.19
1990    1    28.14    -0.38
1990    2    39.99    -2.58
1990    3   121.82     0.86
1990    4   104.71     5.25
1990    5   161.02    12.62
1990    6    88.38    15.46
1990    7   109.71    18.45
1990    8   173.80    16.84
1990    9   140.88    12.87
1990   10   102.49     7.95
1990   11   159.15     3.56
1990   12   123.19    -2.80
1991    1   103.81    -4.36
1991    2    68.78    -2.01
1991    3    99.74    -2.49
1991    4   105.24     3.84
1991    5   205.66     9.22
1991    6   100.98    16.71
1991    7    81.77    16.69
1991    8   193.07    16.88
1991    9    74.72    11.48
1991   10    83.58     7.14
1991   11    46.33     4.44
1991   12   157.91    -2.01
1992    1   191.79    -3.71
1992    2   155.38    -7.58
1992    3    57.00    -0.31
1992    4    59.48     4.52
1992    5   203.71    11.28
1992    6   225.19    14.21
1992    7   173.42    17.56
1992    8    72.60    16.58
1992    9   118.44    14.62
1992   10    57.45     6.65
1992   11    72.96     0.51
1992   12   187.19    -3.98
1993    1   137.75    -8.66
1993    2   143.18    -2.29
1993    3   113.36    -0.59
1993    4   109.51     6.25
1993    5   100.34    11.51
1993    6   163.95    15.75
1993    7   227.57    17.49
1993    8    82.74    16.83
1993    9   143.87    11.70
1993   10    77.37     6.34
1993   11    93.56     2.51
1993   12    33.65     0.08
1994    1   116.17    -5.61
1994    2   108.71    -3.48
1994    3   107.63     0.67
1994    4   142.32     5.08
1994    5   145.45    10.99
1994    6   280.71    14.19
1994    7    70.73    17.58
1994    8    30.71    17.28
1994    9   111.40    12.17
1994   10    68.51     9.29
1994   11   112.51     2.96
1994   12    75.40     0.77
1995    1    54.28    -0.06
1995    2   129.91    -2.77
1995    3    81.40    -3.78
1995    4   134.98     4.55
1995    5   162.42    11.50
1995    6   117.39    15.62
1995    7    73.49    16.86
1995    8   194.97    16.82
1995    9   140.16    11.73
1995   10    78.06     9.47
1995   11    87.58     3.04
1995   12   151.09    -1.12
1996    1    72.63    -1.10
1996    2    97.92    -5.72
1996    3    94.19    -0.02
1996    4    66.85     4.03
1996    5   180.06     9.87
1996    6   335.16    17.00
1996    7   373.31    16.61
1996    8   112.00    15.68
1996    9    78.83    12.34
1996   10    30.34     9.36
1996   11   105.97     2.30
1996   12   155.23    -2.50
1997    1   160.11    -5.06
1997    2    63.56    -3.24
1997    3   143.31     1.74
1997    4   103.91     5.60
1997    5   237.63    10.71
1997    6   114.53    15.17
1997    7   182.42    17.80
1997    8   146.82    17.13
1997    9    61.82    12.15
1997   10   134.39     9.37
1997   11    87.90     3.79
1997   12    41.17    -1.12
1998    1   181.10    -3.52
1998    2    91.69    -4.22
1998    3   124.97    -0.97
1998    4    47.01     7.50
1998    5   281.16    12.27
1998    6   138.68    14.00
1998    7   118.51    16.63
1998    8   103.19    16.97
1998    9   303.14    13.60
1998   10   124.67     4.87
1998   11   137.90     1.01
1998   12   145.14    -2.57
1999    1    43.66    -4.46
1999    2    38.76    -4.03
1999    3    61.22    -1.10
1999    4    90.71     7.07
1999    5   210.27    10.92
1999    6   377.76    16.63
1999    7   227.36    17.83
1999    8    86.66    17.49
1999    9   109.79    11.28
1999   10    69.68     6.82
1999   11    53.82     4.05
1999   12   211.12    -0.17
2000    1   113.87     0.87
2000    2    76.73     0.21
2000    3   137.48     1.88
2000    4   107.41     4.66
2000    5   125.66    10.54
2000    6   165.58    17.77
2000    7    51.54    18.64
2000    8    96.04    18.34
2000    9    92.79    13.90
2000   10   121.72    10.92
2000   11   141.91     1.58
2000   12   112.16    -1.87
2001    1   130.07    -4.40
2001    2   125.74    -4.92
2001    3   114.06    -2.21
2001    4    82.78     6.22
2001    5   184.52     9.97
2001    6   161.47    14.94
2001    7    87.94    17.52
2001    8    31.07    17.40
2001    9    94.17    12.21
2001   10    63.49     9.65
2001   11   121.61     3.08
2001   12   113.99     0.07
2002    1   122.97    -3.58
2002    2    94.71    -2.07
2002    3    68.77     0.12
2002    4   133.82     6.14
2002    5   211.10    10.69
2002    6   134.92    15.05
2002    7   244.48    16.50
2002    8   183.60    17.24
2002    9    77.53    11.63
2002   10    85.57     8.50
2002   11   119.71     1.57
2002   12   205.18    -1.97
2003    1    77.66    -3.48
2003    2    92.56    -0.03
2003    3   130.73    -0.07
2003    4   106.82     5.30
2003    5   159.22    10.35
2003    6   190.56    15.28
2003    7   331.55    18.57
2003    8   127.24    18.72
2003    9   116.63     9.20
2003   10    53.82     8.16
2003   11    25.37     3.41
2003   12   116.92    -4.02
2004    1   138.65    -6.64
2004    2    52.25    -2.47
2004    3    44.41    -1.90
2004    4   117.07     3.17
2004    5   109.89    10.60
2004    6   148.39    15.48
2004    7    98.52    18.20
2004    8   147.44    16.26
2004    9   111.19    12.76
2004   10    62.23     8.58
2004   11   147.70     2.86
2004   12    76.25    -0.93
2005    1   158.05    -2.19
2005    2    87.67    -0.09
2005    3    87.29    -1.37
2005    4   142.33     6.69
2005    5   203.61    13.41
2005    6   103.83    17.09
2005    7   197.05    18.96
2005    8   124.02    16.56
2005    9    73.42    13.36
2005   10   104.04     7.74
2005   11    32.62     5.49
2005   12   102.04    -1.46
