1850    1   348.78    -2.66
1850    2   151.66    -3.62
1850    3   150.97    -1.53
1850    4    85.56     3.43
1850    5    88.98    10.63
1850    6   131.39    14.11
1850    7    33.55    19.25
1850    8    25.18    18.18
1850    9    86.41    10.88
1850   10   175.83     6.13
1850   11    59.13     3.06
1850   12   162.03     0.01
1851    1    82.86    -5.97
1851    2    98.50    -5.11
1851    3   114.30    -1.96
1851    4    80.28     7.58
1851    5   163.04    11.54
1851    6    46.68    13.31
1851    7    34.29    16.80
1851    8    29.58    17.57
1851    9   109.08    11.98
1851   10   168.38     4.73
1851   11   162.96    -1.32
1851   12   145.08    -5.20
1852    1   332.23    -4.53
1852    2   199.40    -3.00
1852    3   147.91    -0.75
1852    4    38.63     4.30
1852    5   113.95    10.51
1852    6   163.27    13.35
1852    7    45.76    21.28
1852    8    97.84    17.42
1852    9    31.44    12.63
1852   10    55.66     6.89
1852   11   125.10     2.44
1852   12   118.89    -1.79
1853    1   216.74    -3.09
1853    2    79.65    -5.07
1853    3   182.84    -4.94
1853    4    62.90     3.21
1853    5   117.51    10.07
1853    6   141.97    12.92
1853    7    49.76    15.45
1853    8    79.97    19.72
1853    9    95.52    10.64
1853   10   134.17     5.90
1853   11   144.91     1.35
1853   12   107.27    -1.46
1854    1   193.04    -3.23
1854    2   163.36    -3.11
1854    3    69.03    -0.36
1854    4   172.71     1.83
1854    5   175.23     8.91
1854    6   137.94    14.49
1854    7    28.89    17.65
1854    8    52.53    16.48
1854    9    46.11    12.25
1854   10    61.66     7.58
1854   11   170.18     2.96
1854   12   253.67    -1.02
1855    1   199.00    -6.78
1855    2   268.10    -6.69
1855    3   208.39    -3.86
1855    4   112.78     0.09
1855    5    82.61     8.25
1855    6   137.30    12.52
1855    7    61.05    18.05
1855    8    75.89    16.18
1855    9   137.39    11.26
1855   10   121.82     6.55
1855   11   142.48     0.41
1855   12    77.03    -1.86
1856    1    74.52    -5.06
1856    2   206.51    -1.78
1856    3   125.63    -1.57
1856    4    56.14     2.54
1856    5   127.06     9.62
1856    6   171.34    14.50
1856    7    61.85    17.84
1856    8    55.82    17.07
1856    9    86.85     9.05
1856   10   123.29     4.43
1856   11   233.05     0.52
1856   12   193.96    -4.46
1857    1   147.53    -3.34
1857    2    97.18    -5.18
1857    3    74.11    -2.89
1857    4   145.43     1.65
1857    5   106.27     8.85
1857    6    70.50    15.47
1857    7    66.82    18.22
1857    8    22.09    19.63
1857    9    26.93    12.57
1857   10    81.83     5.38
1857   11   183.22     2.70
1857   12   216.13     0.10
1858    1   311.44    -3.65
1858    2   150.39    -5.07
1858    3   241.06    -2.45
1858    4   123.47     2.27
1858    5   177.18    11.15
1858    6   158.22    15.41
1858    7    92.44    15.71
1858    8    60.03    16.43
1858    9    22.79    13.12
1858   10    37.58     7.58
1858   11   121.00     4.04
1858   12   186.43    -1.79
1859    1   110.35    -2.53
1859    2    84.20    -1.51
1859    3   133.78     0.13
1859    4    92.34     5.02
1859    5   140.10    10.70
1859    6   135.19    15.45
1859    7    57.91    18.97
1859    8    26.79    17.13
1859    9   103.66    11.59
1859   10    21.13     8.85
1859   11   116.00     1.22
1859   12   221.32    -4.33
1860    1   149.08    -7.33
1860    2   200.16    -4.75
1860    3    90.28    -2.03
1860    4   116.46     2.13
1860    5   171.03    10.19
1860    6    63.16    17.76
1860    7    33.45    17.97
1860    8    52.47    18.30
1860    9   120.40    12.17
1860   10   225.27     4.03
1860   11    46.51     0.97
1860   12   301.74    -1.79
1861    1   143.21    -6.71
1861    2    69.28    -3.25
1861    3    88.68    -2.86
1861    4    84.59     6.28
1861    5   146.00     7.16
1861    6   155.26    14.21
1861    7   137.82    16.13
1861    8    64.16    16.49
1861    9    62.78    12.75
1861   10    91.07     8.72
1861   11   211.49     0.83
1861   12    50.23    -1.43
1862    1   216.54    -3.29
1862    2   144.84    -3.74
1862    3    76.75    -0.85
1862    4   137.35     2.92
1862    5   141.81    10.91
1862    6   137.84    14.53
1862    7    55.47    18.32
1862    8    48.87    16.22
1862    9    90.54    10.71
1862   10   116.52     5.07
1862   11    98.47     1.42
1862   12   107.68    -4.39
1863    1   230.60    -3.13
1863    2   135.74    -2.82
1863    3   115.34     0.73
1863    4    98.69     5.30
1863    5   167.49    11.61
1863    6   101.92    12.37
1863    7     8.40    21.80
1863    8    49.01    18.82
1863    9    49.23    12.09
1863   10    96.79     7.32
1863   11   200.94     1.03
1863   12   160.45    -0.28
1864    1   103.85    -1.03
1864    2   175.66    -4.67
1864    3   168.10    -3.07
1864    4    66.88     2.27
1864    5   182.89    10.45
1864    6   137.41    15.11
1864    7   103.90    16.94
1864    8    24.49    18.37
1864    9   181.00    10.98
1864   10   128.82     5.10
1864   11   205.37     0.11
1864   12   317.22    -0.43
1865    1   274.38    -4.42
1865    2   115.14    -2.39
1865    3   180.73    -2.51
1865    4   120.90     4.45
1865    5   167.43     8.53
1865    6   125.85    13.72
1865    7    55.75    18.00
1865    8    56.34    16.87
1865    9    85.97    11.77
1865   10    44.72     7.53
1865   11   189.07    -1.58
1865   12   175.51    -3.79
1866    1    91.47    -3.56
1866    2   219.45    -3.47
1866    3    42.87     2.51
1866    4   158.29     0.68
1866    5   146.81     7.68
1866    6   103.77    13.15
1866    7    54.80    18.78
1866    8    64.08    16.88
1866    9    60.14    11.52
1866   10    80.65     6.30
1866   11    51.06     2.28
1866   12    84.72    -0.31
1867    1   180.40    -2.52
1867    2   288.61    -5.28
1867    3   167.67    -2.50
1867    4   120.25     3.96
1867    5    94.78     6.92
1867    6   136.66    16.11
1867    7    56.14    17.36
1867    8    26.55    17.79
1867    9    45.22    14.07
1867   10    84.14     8.72
1867   11   155.03     4.93
1867   12   104.17    -2.35
1868    1   122.49    -4.84
1868    2    69.42    -3.98
1868    3   148.50    -0.02
1868    4    94.01     4.76
1868    5   147.79    10.72
1868    6    86.10    17.60
1868    7    15.73    22.80
1868    8    73.89    20.28
1868    9   130.84    10.61
1868   10   159.81     4.57
1868   11   210.60     2.45
1868   12    69.76    -0.79
1869    1    57.39    -4.26
1869    2   184.51    -3.02
1869    3   108.65     1.00
1869    4    75.38     6.65
1869    5    98.66    13.82
1869    6    96.36    13.67
1869    7    57.45    18.85
1869    8    55.45    18.44
1869    9    38.03    12.93
1869   10   110.96     6.08
1869   11   105.18     1.38
1869   12   171.24    -0.78
1870    1   211.81    -4.58
1870    2   206.72    -5.46
1870    3   102.87    -0.77
1870    4   142.62     2.49
1870    5   188.38     9.27
1870    6   115.98    14.84
1870    7    41.64    19.46
1870    8    73.10    18.90
1870    9   135.44    11.11
1870   10   172.53     6.47
1870   11   160.60     0.45
1870   12   392.68    -2.05
1871    1   256.37    -4.70
1871    2    96.44    -4.58
1871    3   207.33    -4.96
1871    4   155.77     3.99
1871    5   117.05    10.75
1871    6    45.06    17.30
1871    7    28.24    16.50
1871    8    23.38    21.45
1871    9    38.40    14.45
1871   10    89.19     8.48
1871   11   194.69     0.26
1871   12    85.40     0.58
1872    1   180.42    -7.22
1872    2   165.27    -1.95
1872    3    97.24     1.61
1872    4   166.74     4.39
1872    5   132.95    10.28
1872    6    66.30    13.24
1872    7    78.86    19.43
1872    8    37.03    18.85
1872    9    33.22     8.34
1872   10   178.35     5.78
1872   11   105.25     2.68
1872   12    94.07    -2.27
1873    1   344.76    -4.28
1873    2   113.93    -4.13
1873    3    73.74    -3.26
1873    4   131.93     4.35
1873    5   185.66     8.98
1873    6    98.57    16.98
1873    7    42.19    21.23
1873    8    35.39    19.10
1873    9   105.47    10.54
1873   10    85.00     4.84
1873   11    99.48     2.51
1873   12   181.19    -3.31
1874    1   185.20    -3.96
1874    2   231.31    -4.53
1874    3    42.86    -0.21
1874    4   128.70     9.40
1874    5   175.10    12.79
1874    6    66.63    14.00
1874    7    61.99    17.67
1874    8    68.42    16.76
1874    9   100.54    11.04
1874   10   137.67     3.27
1874   11    45.78     4.34
1874   12    48.28    -3.72
1875    1   104.47    -3.53
1875    2   141.71    -2.36
1875    3   125.50     0.45
1875    4   150.16     3.82
1875    5   166.50     8.78
1875    6   117.25    13.55
1875    7    79.16    18.82
1875    8    48.73    17.37
1875    9    92.22    12.62
1875   10   158.30     6.28
1875   11   253.94    -0.16
1875   12    98.82    -0.33
1876    1   177.69    -0.62
1876    2   147.16     0.20
1876    3   117.18     1.51
1876    4    89.20     4.71
1876    5   116.40    10.11
1876    6    52.99    11.88
1876    7    64.46    15.78
1876    8    34.52    17.12
1876    9    66.50     8.84
1876   10    30.87     6.86
1876   11    78.28     3.61
1876   12   324.09    -0.31
1877    1   136.38    -5.32
1877    2   164.74    -3.91
1877    3   101.24     0.51
1877    4   126.60     6.27
1877    5   228.90     8.69
1877    6    76.53    10.87
1877    7    15.52    19.21
1877    8    86.59    16.77
1877    9   107.99    13.50
1877   10    88.31     7.52
1877   11   218.53     2.63
1877   12   164.08    -2.93
1878    1   150.91    -5.48
1878    2   150.19    -0.56
1878    3    76.00     0.77
1878    4    95.31     6.68
1878    5   124.98     8.12
1878    6   234.66    14.51
1878    7    62.32    15.25
1878    8    64.26    14.45
1878    9    72.88    11.29
1878   10    85.94     9.52
1878   11   109.93     1.88
1878   12   222.06    -2.15
1879    1   290.54    -3.70
1879    2    81.88    -5.19
1879    3   101.81    -0.92
1879    4   157.68     1.68
1879    5   144.76     9.32
1879    6   156.61    13.94
1879    7    66.57    17.85
1879    8    53.58    17.11
1879    9   112.33     9.78
1879   10   123.67     2.93
1879   11   125.14     3.30
1879   12   160.19    -0.48
1880    1   150.85    -4.95
1880    2   161.19    -2.28
1880    3   131.64    -1.15
1880    4   143.99     4.31
1880    5   131.43     9.76
1880    6    93.15    11.64
1880    7    59.60    16.45
1880    8    88.52    16.43
1880    9   138.35    11.51
1880   10   115.33     6.90
1880   11   208.06     0.59
1880   12   173.51    -1.26
1881    1   241.89    -4.28
1881    2   204.34    -4.47
1881    3   169.64    -1.29
1881    4   107.90     1.86
1881    5   210.19     7.90
1881    6   163.14    13.80
1881    7    64.93    17.42
1881    8    67.49    14.56
1881    9   102.99    12.20
1881   10    93.77     3.67
1881   11   155.92    -0.89
1881   12    81.22    -3.72
1882    1   184.74    -4.43
1882    2   158.87    -4.42
1882    3    41.19    -0.52
1882    4   136.56     5.51
1882    5   158.54    10.63
1882    6    63.83    15.32
1882    7    61.98    16.92
1882    8    87.89    16.09
1882    9    89.36     9.36
1882   10   168.78     3.94
1882   11   145.13     1.52
1882   12   140.31    -3.61
1883    1   271.49    -3.70
1883    2   133.13    -2.94
1883    3    82.71    -0.82
1883    4    64.40     7.11
1883    5    84.80    13.43
1883    6   120.78    15.37
1883    7   132.85    17.49
1883    8    82.97    17.00
1883    9    48.40    13.07
1883   10    93.86     6.76
1883   11   101.86     3.66
1883   12   133.76    -4.03
1884    1   155.39    -4.86
1884    2   332.79    -4.54
1884    3    61.59    -2.12
1884    4    79.99     1.69
1884    5   134.50     7.02
1884    6    87.31    11.37
1884    7    65.94    14.37
1884    8    86.70    14.19
1884    9    76.22     9.33
1884   10    64.20     7.16
1884   11   210.15     0.19
1884   12   115.44    -2.71
1885    1    86.46    -4.55
1885    2    76.40    -3.69
1885    3   100.51    -3.43
1885    4    84.91     1.58
1885    5   120.72     7.28
1885    6   151.12    12.82
1885    7    87.69    15.61
1885    8    84.30    15.48
1885    9    82.65    10.98
1885   10   168.31     5.21
1885   11   174.32    -1.47
1885   12   233.96    -2.98
1886    1   197.60    -5.43
1886    2    36.09    -5.78
1886    3   135.76    -0.96
1886    4    89.66     2.63
1886    5   156.42     9.29
1886    6    71.99    12.97
1886    7    40.78    19.61
1886    8    37.95    16.10
1886    9    84.04    12.64
1886   10   112.88     4.41
1886   11   169.70     2.67
1886   12   228.57    -3.50
1887    1   175.80    -3.52
1887    2    94.73    -4.37
1887    3    67.35    -0.77
1887    4   107.69     4.67
1887    5   177.58     9.11
1887    6   108.20    15.24
1887    7    46.53    19.04
1887    8    13.39    20.50
1887    9    77.29    11.35
1887   10   101.66     6.25
1887   11   140.92     2.61
1887   12    54.02    -1.37
1888    1   260.12    -4.83
1888    2   107.54    -3.19
1888    3   143.42     0.01
1888    4   118.54     4.97
1888    5   160.19    11.56
1888    6   139.34    15.87
1888    7    80.18    17.25
1888    8   111.81    16.04
1888    9    57.90    13.50
1888   10   108.56     8.98
1888   11   133.50     3.41
1888   12   232.41    -1.20
1889    1   117.42    -1.60
1889    2    71.96    -5.10
1889    3   122.39    -0.29
1889    4   180.55     4.31
1889    5    86.89    10.93
1889    6   139.04    15.36
1889    7    82.79    17.21
1889    8    60.70    16.82
1889    9    82.01    10.38
1889   10    51.12     7.03
1889   11   173.64    -0.59
1889   12   221.48    -3.72
1890    1   156.79    -3.90
1890    2   144.00    -3.74
1890    3   209.59    -4.03
1890    4   118.33     0.78
1890    5   107.91     9.95
1890    6    79.35    13.44
1890    7    41.20    18.11
1890    8    53.05    17.28
1890    9    79.79    10.67
1890   10   147.56     3.86
1890   11   179.70     0.07
1890   12   156.68    -2.61
1891    1   234.17    -4.18
1891    2   108.39    -6.95
1891    3    69.66    -0.41
1891    4    94.02     5.96
1891    5   134.04     9.72
1891    6   160.78    13.43
1891    7    81.23    16.71
1891    8    78.93    19.10
1891    9    98.17    13.17
1891   10   179.54     4.02
1891   11    52.10    -0.06
1891   12   172.16    -5.97
1892    1   174.75    -3.83
1892    2    68.26    -5.77
1892    3   219.11    -2.36
1892    4    67.26     3.31
1892    5   126.78    13.51
1892    6   197.02    13.66
1892    7    88.02    15.82
1892    8    88.21    17.35
1892    9    84.78    12.85
1892   10    39.47     6.73
1892   11   155.62     0.28
1892   12   181.83    -0.34
1893    1   193.11    -5.04
1893    2    85.40    -2.25
1893    3    92.29    -2.32
1893    4   119.30     2.47
1893    5   165.37     7.70
1893    6   120.82    13.41
1893    7    68.55    17.59
1893    8    80.32    15.93
1893    9    72.62    12.18
1893   10    83.25     7.99
1893   11   174.91     1.72
1893   12   170.23    -0.59
1894    1    98.70    -3.62
1894    2   107.43    -3.53
1894    3    62.05     0.58
1894    4   100.77     4.89
1894    5   107.44    10.35
1894    6   116.61    12.71
1894    7    23.11    18.56
1894    8    52.51    15.11
1894    9    55.88    12.20
1894   10   232.93     3.94
1894   11    91.92     2.22
1894   12   224.42    -1.58
1895    1   166.63    -3.22
1895    2    72.61    -2.94
1895    3   178.38     0.16
1895    4   152.58     5.49
1895    5   114.32     9.02
1895    6    96.46    16.48
1895    7    94.98    16.78
1895    8    61.49    14.64
1895    9   108.34    10.83
1895   10   123.22     5.07
1895   11   201.64    -0.30
1895   12   217.86    -1.08
1896    1   211.79    -4.24
1896    2    65.17    -4.25
1896    3   154.11    -3.96
1896    4    42.95     0.87
1896    5   161.90     7.87
1896    6   162.56    13.29
1896    7   100.44    16.25
1896    8   165.97    15.62
1896    9    24.67    13.19
1896   10   196.91     5.55
1896   11   136.88     0.99
1896   12   171.27    -1.40
1897    1   265.30    -5.23
1897    2   213.28    -4.74
1897    3   149.88    -3.15
1897    4   107.02     0.24
1897    5   146.01     9.50
1897    6   163.27    14.52
1897    7    80.26    17.22
1897    8    69.38    15.82
1897    9   104.91    12.82
1897   10    48.72     8.04
1897   11   175.81     1.59
1897   12   184.88    -2.35
1898    1   274.39    -2.89
1898    2    71.36    -3.72
1898    3   156.46    -3.71
1898    4    94.32     3.87
1898    5   176.57     9.19
1898    6   123.12    13.40
1898    7    34.15    17.74
1898    8    53.25    16.89
1898    9    80.56     9.37
1898   10    54.22     7.92
1898   11   144.44     1.29
1898   12   105.99     0.17
1899    1   192.82    -2.71
1899    2   113.16    -3.17
1899    3   133.99    -2.12
1899    4    87.06     3.28
1899    5   154.58     9.18
1899    6    81.18    13.38
1899    7    96.00    16.58
1899    8    92.42    18.00
1899    9    54.30    11.59
1899   10    58.58     7.69
1899   11    98.92     2.53
1899   12   105.13     0.74
1900    1    63.33    -0.92
1900    2   196.13    -2.32
1900    3    61.48    -0.35
1900    4   133.15     4.87
1900    5   162.57     7.66
1900    6   105.95    14.20
1900    7   110.79    17.25
1900    8    43.66    17.06
1900    9   102.09    10.90
1900   10   113.99     7.58
1900   11   170.14     1.91
1900   12   256.18    -2.23
1901    1   197.74    -2.82
1901    2   114.08    -3.40
1901    3    71.47    -2.03
1901    4   125.53     4.40
1901    5   103.68    10.40
1901    6    56.79    14.82
1901    7    23.29    20.28
1901    8    77.62    18.84
1901    9    58.94    11.32
1901   10    99.64     6.08
1901   11   135.44     1.17
1901   12    64.76    -0.92
1902    1   146.79    -0.04
1902    2   119.27    -9.49
1902    3    72.48     2.14
1902    4   103.28     5.74
1902    5   157.76     8.54
1902    6   121.55    13.78
1902    7    29.23    19.53
1902    8    61.54    17.00
1902    9    71.58    10.90
1902   10    72.95     6.35
1902   11    59.86    -1.62
1902   12    94.03    -4.22
1903    1    98.68    -8.14
1903    2   223.81    -5.53
1903    3   173.14    -1.02
1903    4   144.72     1.88
1903    5   142.41     9.57
1903    6   124.18    14.16
1903    7   111.87    16.44
1903    8    84.76    14.58
1903    9   126.89    12.59
1903   10    90.25     6.27
1903   11    88.27    -0.42
1903   12   212.80    -3.29
1904    1   158.47    -2.17
1904    2   150.54    -5.04
1904    3   207.21    -5.90
1904    4   132.54     2.98
1904    5   127.94    12.24
1904    6    90.06    11.75
1904    7    96.18    15.46
1904    8    55.25    17.95
1904    9    64.63    13.63
1904   10    30.12     5.36
1904   11   135.94     0.41
1904   12    53.65     0.41
1905    1   154.22    -2.84
1905    2   108.67    -4.00
1905    3   203.26    -4.59
1905    4    94.88     1.74
1905    5   165.95     8.71
1905    6    83.62    11.84
1905    7   104.51    17.39
1905    8    97.71    14.75
1905    9    71.55    12.10
1905   10   106.49     6.94
1905   11   140.56     3.18
1905   12   252.60    -3.42
1906    1   264.50    -2.43
1906    2   174.12    -5.32
1906    3   122.12    -2.01
1906    4    87.66     4.02
1906    5   154.52     9.82
1906    6   115.01    13.14
1906    7   116.72    17.99
1906    8    70.64    15.12
1906    9    81.82     9.60
1906   10   132.07     4.88
1906   11    65.78     0.62
1906   12   164.78    -1.68
1907    1   169.11    -3.01
1907    2   168.98    -1.16
1907    3   107.41     2.09
1907    4   155.41     5.59
1907    5   188.11     8.49
1907    6    86.68    13.07
1907    7    29.52    19.27
1907    8    74.18    15.19
1907    9   112.94     9.69
1907   10    83.88     7.72
1907   11    88.75     1.96
1907   12   158.14    -0.31
1908    1   127.85    -0.72
1908    2   139.71     2.12
1908    3   172.11     2.08
1908    4   132.87     4.43
1908    5   191.70     7.69
1908    6   117.67    12.37
1908    7    87.06    16.39
1908    8    34.49    16.86
1908    9    53.68    11.08
1908   10    80.28     4.32
1908   11   171.98     2.11
1908   12    53.07    -4.51
1909    1   251.51    -3.33
1909    2   169.55    -2.37
1909    3   131.59    -1.65
1909    4    73.40     5.87
1909    5   127.39     6.28
1909    6    65.51    13.59
1909    7    77.25    18.90
1909    8   131.77    16.04
1909    9    73.43    11.33
1909   10    52.87     7.73
1909   11    32.82     1.72
1909   12    57.09    -2.18
1910    1    89.92    -3.73
1910    2   193.74    -3.67
1910    3   120.14    -0.47
1910    4    90.97     3.44
1910    5   115.76    12.60
1910    6   135.87    12.01
1910    7    51.14    16.73
1910    8    19.96    19.42
1910    9    82.95    13.73
1910   10    88.56     7.18
1910   11   216.64    -0.29
1910   12   207.65    -1.87
1911    1    93.45    -5.74
1911    2   132.22    -4.29
1911    3    79.87     0.63
1911    4    80.65     5.05
1911    5   166.65     8.66
1911    6   139.86    14.68
1911    7    62.37    19.03
1911    8    81.63    16.87
1911    9    46.76    11.65
1911   10   128.04     4.77
1911   11   169.02     0.75
1911   12   228.12    -0.86
1912    1   192.22    -3.25
1912    2   146.60    -2.85
1912    3   162.58    -2.44
1912    4    96.63     4.17
1912    5   140.70     8.92
1912    6    86.82    13.41
1912    7    39.52    16.88
1912    8    53.34    15.72
1912    9    83.34     9.81
1912   10    54.63     6.89
1912   11   112.51     2.30
1912   12    59.25    -2.72
1913    1   140.40    -4.30
1913    2   189.87    -4.62
1913    3   177.80    -3.83
1913    4   137.97     1.88
1913    5   142.05     8.67
1913    6   104.44    10.97
1913    7    46.33    17.09
1913    8    49.29    16.80
1913    9    39.72    15.19
1913   10    89.94     7.83
1913   11   144.64    -0.90
1913   12    47.84    -3.17
1914    1   159.21    -2.61
1914    2   103.94    -2.91
1914    3    79.25     1.89
1914    4   158.98     4.20
1914    5   154.95    10.67
1914    6    85.53    14.00
1914    7    54.60    20.03
1914    8    24.42    19.14
1914    9    48.54    12.28
1914   10    69.10     7.13
1914   11   118.94     3.84
1914   12   134.76    -2.24
1915    1   110.58    -2.14
1915    2   154.36    -3.25
1915    3    88.75    -1.27
1915    4    80.79     6.23
1915    5   190.17     9.08
1915    6   114.41    15.35
1915    7    43.43    16.93
1915    8    61.77    15.53
1915    9    36.66    12.66
1915   10    49.56     6.42
1915   11   194.44    -0.82
1915   12   162.07    -3.93
1916    1   102.24    -4.41
1916    2   112.28    -3.64
1916    3   139.90    -2.37
1916    4    91.00     5.60
1916    5   164.84    10.59
1916    6   157.83    15.71
1916    7    89.78    17.79
1916    8    21.26    17.30
1916    9    44.68    11.90
1916   10   143.38     5.58
1916   11   180.30     4.04
1916   12   356.50    -1.90
1917    1   309.45    -2.94
1917    2   140.97    -1.89
1917    3   101.88    -1.99
1917    4    98.36     2.34
1917    5   167.29     8.87
1917    6    92.57    13.25
1917    7   116.13    16.26
1917    8   106.47    17.09
1917    9    85.30    11.12
1917   10   121.01     6.23
1917   11    95.27     2.32
1917   12    52.33    -0.62
1918    1   243.45    -4.16
1918    2    50.85    -2.77
1918    3    96.74    -0.01
1918    4    79.75     9.24
1918    5   142.27    10.43
1918    6   127.80    14.13
1918    7    76.67    18.91
1918    8    24.25    17.94
1918    9    50.67    12.48
1918   10    70.19     6.16
1918   11   131.79     2.15
1918   12   294.98    -2.92
1919    1   209.11    -4.45
1919    2   206.66    -3.38
1919    3    98.50    -1.79
1919    4    95.78     4.17
1919    5   142.72    12.18
1919    6   132.59    14.00
1919    7    43.06    18.40
1919    8    56.82    17.83
1919    9    47.00    12.30
1919   10    91.85     8.14
1919   11   109.10     1.99
1919   12   145.40    -1.96
1920    1    50.03    -3.67
1920    2   111.68    -4.29
1920    3   132.81    -3.20
1920    4   101.57     4.89
1920    5   133.50    11.94
1920    6   121.01    15.85
1920    7    62.85    16.95
1920    8    70.58    16.27
1920    9    51.93    11.40
1920   10   134.90     7.38
1920   11   102.11     1.89
1920   12   182.53    -1.74
1921    1    84.33    -3.88
1921    2   178.20    -3.53
1921    3   107.18    -1.17
1921    4    83.10     5.27
1921    5   155.95    11.47
1921    6   161.75    13.60
1921    7    74.71    17.72
1921    8    29.46    16.02
1921    9    37.75    11.68
1921   10   131.52     7.80
1921   11    94.47     1.27
1921   12   180.88    -1.71
1922    1    64.73    -4.08
1922    2   100.16    -4.84
1922    3    41.05    -0.51
1922    4    84.78     4.48
1922    5   111.69    10.44
1922    6   107.23    13.57
1922    7    74.80    16.62
1922    8    57.46    18.10
1922    9    28.24    13.66
1922   10   122.67     7.55
1922   11   167.97     1.45
1922   12   182.58    -4.35
1923    1   170.42    -6.92
1923    2   302.77    -5.03
1923    3   188.90    -2.13
1923    4   178.66     2.87
1923    5   118.27    11.44
1923    6    69.75    15.24
1923    7    31.02    20.39
1923    8    76.31    15.41
1923    9   100.90    11.01
1923   10    82.45     7.17
1923   11   114.01     2.57
1923   12   142.49    -4.75
1924    1   170.55    -4.60
1924    2   152.74    -2.40
1924    3   171.26    -2.33
1924    4   112.70     4.89
1924    5   210.92     8.09
1924    6   203.89    12.80
1924    7   100.43    17.65
1924    8    29.17    19.55
1924    9    45.66    12.47
1924   10    60.82     7.83
1924   11   119.12     3.98
1924   12   328.38    -1.23
1925    1   119.32    -5.60
1925    2   204.39    -2.66
1925    3    66.51    -1.11
1925    4   165.67     2.64
1925    5   145.90     9.05
1925    6   170.34    14.14
1925    7    88.61    18.36
1925    8    82.46    18.02
1925    9    53.99    11.09
1925   10   105.30     5.70
1925   11    61.69     3.80
1925   12   283.79     0.33
1926    1   203.11    -2.80
1926    2   111.25    -3.72
1926    3   197.62    -3.12
1926    4    78.31     5.73
1926    5    53.88     7.64
1926    6    92.06    14.93
1926    7     7.50    19.79
1926    8   111.65    17.89
1926    9    63.08    12.81
1926   10    66.47     6.27
1926   11    87.54    -0.14
1926   12   138.54    -2.18
1927    1   219.35    -5.90
1927    2   151.08    -2.48
1927    3   130.14     0.44
1927    4   140.91     6.60
1927    5   164.93     8.24
1927    6   118.11    13.89
1927    7    65.12    15.04
1927    8    50.81    19.33
1927    9    37.23    13.01
1927   10    82.15    10.68
1927   11    61.50     4.12
1927   12   183.03    -1.74
1928    1   100.57    -5.03
1928    2   125.92    -3.60
1928    3    90.15     0.02
1928    4   118.73     1.68
1928    5   195.44    10.45
1928    6   131.26    15.26
1928    7    98.80    18.67
1928    8    37.82    17.22
1928    9    54.49    11.84
1928   10   100.53     7.53
1928   11   340.41    -0.15
1928   12   182.28    -1.48
1929    1   145.60    -3.59
1929    2   142.35    -3.37
1929    3   137.32    -2.98
1929    4    77.97     4.65
1929    5   170.97    10.68
1929    6   178.05    15.47
1929    7    49.82    18.70
1929    8    52.02    15.37
1929    9    68.56     9.33
1929   10   171.53     4.47
1929   11   173.92     2.07
1929   12    99.55    -1.79
1930    1   144.12    -4.39
1930    2   194.19    -4.50
1930    3   173.69    -1.62
1930    4   131.98     5.06
1930    5   145.26    10.00
1930    6   119.30    12.99
1930    7    15.76    20.40
1930    8    37.68    16.95
1930    9    86.15    12.27
1930   10    61.89     8.21
1930   11    28.38     3.65
1930   12   113.17    -0.42
1931    1   104.75    -2.93
1931    2    82.57    -1.47
1931    3   107.34    -0.13
1931    4   142.93     4.01
1931    5   145.18     9.67
1931    6    91.79    16.59
1931    7    76.38    16.78
1931    8    56.12    16.97
1931    9    67.70    11.78
1931   10    51.43     7.96
1931   11    72.96    -0.05
1931   12   126.75    -1.74
1932    1    71.80    -2.68
1932    2   212.82    -2.43
1932    3   181.88    -3.37
1932    4    97.90     5.03
1932    5   119.81     7.92
1932    6   102.30    16.61
1932    7    78.55    17.40
1932    8    71.59    17.02
1932    9    32.97    11.71
1932   10    85.15     5.59
1932   11   164.93     1.64
1932   12    69.46    -1.64
1933    1    98.97    -6.37
1933    2   265.27    -4.44
1933    3   121.70    -0.25
1933    4   108.46     8.36
1933    5   173.15     8.29
1933    6   113.40    15.56
1933    7    16.07    19.71
1933    8    12.82    20.18
1933    9    81.43    12.07
1933   10    43.72     6.11
1933   11    63.09     4.29
1933   12    89.55     0.19
1934    1   150.22    -3.40
1934    2   119.05     0.40
1934    3   196.96    -0.80
1934    4   144.35     5.98
1934    5   113.36    10.93
1934    6    64.27    15.01
1934    7    25.48    18.50
1934    8   107.24    17.04
1934    9    44.84     8.25
1934   10    66.44     6.23
1934   11   121.55     2.07
1934   12   204.58    -2.30
1935    1   167.77    -6.11
1935    2   109.70    -2.73
1935    3   136.18    -1.56
1935    4   172.34     6.30
1935    5   186.60     7.73
1935    6    99.71    13.90
1935    7   178.54    15.94
1935    8    55.78    16.15
1935    9    90.39    10.77
1935   10    88.57     5.73
1935   11   100.46     3.18
1935   12    80.70    -1.20
1936    1   158.74    -3.42
1936    2    71.92    -3.16
1936    3    87.93    -3.99
1936    4   120.07     3.86
1936    5   163.64    10.07
1936    6   178.89    13.77
1936    7    68.45    18.06
1936    8   108.94    16.74
1936    9    98.84    11.30
1936   10   180.80     6.24
1936   11    82.24     1.46
1936   12    69.10    -0.73
1937    1   151.99    -1.78
1937    2    97.44    -3.41
1937    3    79.28     0.31
1937    4   144.25     3.45
1937    5   157.00    12.02
1937    6   138.23    14.84
1937    7    40.44    18.51
1937    8    54.55    19.17
1937    9    51.03    12.73
1937   10    78.96     8.68
1937   11   137.10     2.38
1937   12   146.36    -5.03
1938    1   109.34    -3.09
1938    2   155.64    -3.57
1938    3    81.51    -1.11
1938    4    93.32     4.54
1938    5   168.17    10.73
1938    6    56.24    12.45
1938    7    39.16    20.14
1938    8    50.40    19.24
1938    9    36.42    13.32
1938   10    60.60     6.96
1938   11    19.81     2.95
1938   12   157.88    -2.35
1939    1   102.98    -3.13
1939    2   168.64    -5.45
1939    3   162.40    -5.40
1939    4   174.82     1.35
1939    5   114.50    10.96
1939    6   111.08    15.40
1939    7    49.30    18.64
1939    8    14.76    18.38
1939    9    54.26    13.78
1939   10   102.58     7.48
1939   11    79.54     1.52
1939   12   169.83    -0.18
1940    1   160.47    -4.75
1940    2   207.55    -5.14
1940    3   125.97    -2.54
1940    4   115.39     4.25
1940    5   192.19    10.27
1940    6   109.34    14.21
1940    7    44.94    16.96
1940    8    79.61    14.95
1940    9    33.03    13.95
1940   10    71.98     8.62
1940   11    68.01     4.44
1940   12   305.32    -1.68
1941    1    93.02    -5.81
1941    2   172.40    -3.58
1941    3   128.02    -2.25
1941    4    63.40     4.28
1941    5   161.64     9.25
1941    6   130.13    13.70
1941    7    36.16    18.60
1941    8    73.92    16.90
1941    9    42.42    12.02
1941   10    48.59     9.46
1941   11   160.65     1.02
1941   12   124.14    -1.04
1942    1   159.86    -2.97
1942    2   241.84    -4.05
1942    3    76.43    -3.19
1942    4   173.73     7.81
1942    5   190.43    10.94
1942    6   149.61    12.22
1942    7    77.51    17.21
1942    8    46.23    17.21
1942    9    88.22    12.12
1942   10   105.28     5.31
1942   11   196.96     0.81
1942   12   380.01    -1.82
1943    1   213.71    -3.13
1943    2   128.66    -2.73
1943    3    86.55    -5.36
1943    4    72.60     2.67
1943    5   147.43    10.51
1943    6   221.53    13.82
1943    7    17.25    17.31
1943    8    40.79    16.67
1943    9    71.01    10.97
1943   10   114.92     6.41
1943   11   179.39     3.03
1943   12    35.99    -2.08
1944    1   167.80    -4.76
1944    2   126.50    -2.92
1944    3   131.84     0.27
1944    4   112.55     7.00
1944    5   158.01    11.47
1944    6   108.20    13.72
1944    7    21.77    17.55
1944    8    31.50    22.15
1944    9    53.82    12.19
1944   10   102.98     7.91
1944   11   168.62     0.56
1944   12    91.40    -5.51
1945    1   108.17    -6.21
1945    2   110.97    -3.86
1945    3   115.03    -0.10
1945    4    54.27     7.44
1945    5   140.08    11.52
1945    6    80.17    11.43
1945    7    47.59    15.69
1945    8    26.73    19.36
1945    9    62.70    13.53
1945   10   105.94     4.25
1945   11   147.20     3.06
1945   12   153.21    -3.68
1946    1   227.35    -3.88
1946    2   129.91    -4.70
1946    3   177.08    -1.27
1946    4    61.48     8.08
1946    5   170.27     9.55
1946    6   131.10    13.87
1946    7    71.88    18.18
1946    8    44.66    17.00
1946    9    56.35    12.36
1946   10   100.70     7.23
1946   11    62.81     1.33
1946   12    69.22    -0.30
1947    1   174.60    -4.77
1947    2   145.01    -4.11
1947    3   104.68     1.44
1947    4   105.72     4.52
1947    5   159.57     8.35
1947    6   116.01    14.81
1947    7    51.80    16.64
1947    8    75.69    16.09
1947    9    65.01    14.36
1947   10    27.30     9.78
1947   11   216.48     2.59
1947   12   225.68    -1.26
1948    1   248.56    -4.20
1948    2    90.86    -2.15
1948    3    73.15    -0.07
1948    4   124.55     4.79
1948    5   152.77     8.09
1948    6    90.51    13.00
1948    7    80.79    18.43
1948    8    51.75    16.87
1948    9    34.76     9.53
1948   10    79.70     6.21
1948   11   170.73     4.03
1948   12   288.14    -1.26
1949    1   125.61    -4.57
1949    2   125.68    -2.11
1949    3    96.24     0.88
1949    4    91.69     4.28
1949    5   167.56     8.30
1949    6   157.29    15.27
1949    7    86.22    15.50
1949    8    82.88    19.94
1949    9   100.54    10.36
1949   10    90.53     5.65
1949   11   123.04     1.44
1949   12   216.22    -5.18
1950    1    75.27    -7.32
1950    2    71.19    -5.42
1950    3   227.99     0.16
1950    4    51.99    10.56
1950    5   135.30    10.01
1950    6    94.37    12.23
1950    7    34.27    17.74
1950    8    94.22    17.18
1950    9    57.25    11.58
1950   10    87.40     5.12
1950   11   146.27     3.56
1950   12   295.90    -4.46
1951    1   165.03    -3.15
1951    2   121.60    -1.69
1951    3   154.69     0.35
1951    4   124.72     1.72
1951    5   137.94     9.63
1951    6   174.01    15.19
1951    7    72.81    16.80
1951    8    43.99    17.47
1951    9    63.42    12.65
1951   10    84.47     4.78
1951   11    82.71     1.36
1951   12   229.23    -1.57
1952    1    45.65    -4.79
1952    2    42.29    -7.19
1952    3    65.36    -3.18
1952    4   139.13     3.20
1952    5   142.43     9.15
1952    6   104.27    15.80
1952    7    47.18    20.28
1952    8    79.06    17.31
1952    9    66.21    10.60
1952   10    40.63     8.39
1952   11   178.59     4.03
1952   12    68.57    -0.14
1953    1   313.24    -3.02
1953    2   117.59    -1.85
1953    3    74.26     1.90
1953    4   210.31     4.61
1953    5   107.88    12.18
1953    6   130.24    13.43
1953    7   158.81    16.52
1953    8    79.80    15.48
1953    9    63.53    12.94
1953   10    63.75     5.82
1953   11    61.07    -0.77
1953   12    36.69     1.65
1954    1    27.57    -2.27
1954    2    59.75    -3.11
1954    3   118.44    -0.77
1954    4    28.97     8.12
1954    5   158.86    11.56
1954    6   128.47    15.54
1954    7    38.43    15.60
1954    8   128.87    16.83
1954    9    32.29    15.25
1954   10   159.49     6.98
1954   11   124.75     1.34
1954   12   115.18    -3.10
1955    1   196.37    -2.76
1955    2    74.19    -5.61
1955    3   196.04    -1.63
1955    4   118.35     4.24
1955    5    76.59     9.16
1955    6    76.55    14.88
1955    7   143.64    16.86
1955    8    41.07    16.44
1955    9    61.37    11.27
1955   10   112.58     9.23
1955   11   100.15     2.93
1955   12   125.34    -0.56
1956    1   228.57    -2.70
1956    2   205.46    -3.47
1956    3   123.53    -1.76
1956    4   130.53     0.25
1956    5   197.04     8.66
1956    6   264.77    13.85
1956    7    34.79    18.29
1956    8    42.10    18.10
1956    9   157.35     8.53
1956   10    40.49     6.37
1956   11    65.75     2.40
1956   12    74.82    -3.71
1957    1    53.36    -3.98
1957    2    99.99    -0.42
1957    3   157.18    -0.32
1957    4   130.94     7.27
1957    5   111.22    11.30
1957    6   190.88    14.87
1957    7    33.22    17.65
1957    8    74.05    19.65
1957    9    87.94    13.74
1957   10    64.66     6.10
1957   11    55.27     0.75
1957   12   160.42    -4.58
1958    1   122.74    -4.72
1958    2   210.95    -2.95
1958    3    82.96    -0.29
1958    4   110.53     4.29
1958    5   140.45     8.87
1958    6    65.45    13.31
1958    7    66.98    16.06
1958    8    38.14    17.25
1958    9    51.19    11.20
1958   10    86.72     4.66
1958   11   109.97     2.12
1958   12   225.11    -0.38
1959    1   138.37    -2.14
1959    2   180.26    -5.27
1959    3   150.33    -1.23
1959    4   116.43     4.24
1959    5   136.56     8.54
1959    6   180.53    13.68
1959    7    78.12    17.24
1959    8    30.90    16.60
1959    9    42.34    12.29
1959   10   157.82     6.29
1959   11    27.74     0.58
1959   12   120.10    -0.51
1960    1   110.99    -2.22
1960    2   302.85    -2.44
1960    3   157.24    -0.57
1960    4   105.64     3.91
1960    5   185.06     7.92
1960    6   133.71    15.90
1960    7    38.10    20.34
1960    8    98.88    19.05
1960    9    70.48    12.32
1960   10    32.44    10.14
1960   11   210.18     1.32
1960   12   116.05    -1.58
1961    1   218.87    -2.38
1961    2   137.56    -3.38
1961    3    36.27    -0.42
1961    4   116.84     7.02
1961    5   149.92    13.30
1961    6   191.25    14.32
1961    7    33.30    17.60
1961    8    27.12    18.15
1961    9    38.47    12.63
1961   10    76.21     7.60
1961   11   182.75     2.35
1961   12   258.94    -3.00
1962    1   234.81    -3.78
1962    2   203.53    -3.73
1962    3   163.36    -5.10
1962    4    78.02     1.20
1962    5    98.98    11.52
1962    6   128.27    16.60
1962    7    40.07    18.84
1962    8    43.46    17.87
1962    9    68.98    13.51
1962   10   111.46     8.17
1962   11   110.67     0.42
1962   12   294.77    -2.86
1963    1    84.11    -3.16
1963    2   188.99    -2.80
1963    3   159.55    -2.77
1963    4   129.68     4.00
1963    5    97.33     8.44
1963    6   133.53    12.65
1963    7   149.46    14.68
1963    8    78.59    15.17
1963    9    36.81    11.73
1963   10   130.82     4.38
1963   11   123.30    -1.38
1963   12   124.73    -2.17
1964    1   157.58    -4.93
1964    2    92.76    -6.32
1964    3   111.34    -4.38
1964    4   117.37     2.51
1964    5    60.50    11.56
1964    6    90.18    13.71
1964    7   111.83    15.57
1964    8    25.05    16.96
1964    9    69.87    13.79
1964   10    48.86     9.34
1964   11    51.65    -0.68
1964   12   238.88    -1.09
1965    1   161.38    -4.07
1965    2   214.14    -4.52
1965    3    95.32    -0.48
1965    4    63.70     5.96
1965    5   175.07     6.81
1965    6    64.33    14.02
1965    7    41.38    19.20
1965    8    25.78    16.99
1965    9    72.87    11.22
1965   10    35.71     5.05
1965   11   110.53     2.90
1965   12   315.75    -1.81
1966    1   126.70    -6.38
1966    2   137.45    -5.61
1966    3   138.07    -2.84
1966    4    92.34     0.24
1966    5    79.18     7.50
1966    6   142.38    13.21
1966    7    70.77    17.11
1966    8    64.87    15.53
1966    9    49.02    10.87
1966   10    71.76     9.60
1966   11    98.32    -0.12
1966   12   238.07    -1.71
1967    1   132.06    -3.03
1967    2   108.06    -2.74
1967    3   158.14    -2.96
1967    4   102.10     4.90
1967    5   106.26     8.77
1967    6   102.06    14.04
1967    7   167.59    16.46
1967    8    73.53    16.28
1967    9    46.97    12.23
1967   10    38.98     5.89
1967   11    75.96     0.76
1967   12   126.11    -2.40
1968    1    86.58    -4.97
1968    2   117.46    -2.37
1968    3   122.78    -0.39
1968    4   114.15     5.36
1968    5    98.30    11.11
1968    6   105.24    14.55
1968    7    65.12    16.80
1968    8    38.98    17.02
1968    9    51.71    10.11
1968   10    97.65     6.30
1968   11   104.93     3.34
1968   12   325.80    -1.16
1969    1   172.25    -3.65
1969    2   301.98    -4.57
1969    3   163.49    -4.18
1969    4    87.51     1.42
1969    5   129.04    10.38
1969    6    51.51    14.78
1969    7    24.78    20.08
1969    8    35.42    17.58
1969    9   106.67    12.45
1969   10   155.01     7.11
1969   11   104.87     2.70
1969   12    74.49    -0.12
1970    1   199.60    -2.50
1970    2   114.67    -1.54
1970    3    85.26     3.84
1970    4   168.65     2.35
1970    5   210.32    10.61
1970    6   175.22    14.72
1970    7    83.34    18.60
1970    8    44.95    17.62
1970    9    57.24    14.59
1970   10    39.88     5.96
1970   11    34.80     3.58
1970   12   227.98    -1.67
1971    1   156.79    -1.85
1971    2    22.71    -1.71
1971    3    88.14     1.05
1971    4   105.99     7.84
1971    5   136.41     9.14
1971    6    95.83    13.22
1971    7    45.58    18.27
1971    8    67.16    14.08
1971    9    57.18    10.50
1971   10    65.25     7.26
1971   11    91.37     2.22
1971   12   217.80     0.14
1972    1   141.51    -1.87
1972    2   107.96    -2.74
1972    3    98.45     2.68
1972    4   115.44     4.98
1972    5   176.24     8.78
1972    6    86.09    15.07
1972    7    20.63    18.62
1972    8    72.66    16.74
1972    9    72.18    10.86
1972   10    70.01     7.35
1972   11   152.03     2.22
1972   12   178.77    -3.21
1973    1   106.57    -2.11
1973    2   186.32    -3.32
1973    3    67.53     0.69
1973    4   130.34     6.24
1973    5   178.26    10.96
1973    6   143.47    14.17
1973    7    27.23    19.01
1973    8    78.05    19.13
1973    9    14.64    13.48
1973   10    78.43     7.25
1973   11    59.15     4.26
1973   12   290.00    -1.45
1974    1   188.78    -1.73
1974    2    49.59     1.21
1974    3    96.91     1.40
1974    4   152.16     0.74
1974    5    45.38     9.84
1974    6    77.13    14.35
1974    7    74.67    18.44
1974    8    45.77    18.12
1974    9    74.21    13.23
1974   10   101.60     7.95
1974   11   126.62     1.52
1974   12   117.79    -1.29
1975    1   187.26    -2.35
1975    2    54.56    -2.03
1975    3    97.81    -0.88
1975    4    92.11     5.65
1975    5   193.69     9.90
1975    6   116.46    12.91
1975    7    71.64    17.00
1975    8    47.74    18.99
1975    9    38.84    13.08
1975   10   174.04     7.78
1975   11   122.73     2.50
1975   12   138.37    -2.59
1976    1   103.15    -2.37
1976    2   123.15     0.49
1976    3   142.72     0.30
1976    4    95.36     5.17
1976    5   125.94     6.06
1976    6    37.17    15.46
1976    7    72.20    16.14
1976    8    37.14    16.92
1976    9    57.22    15.69
1976   10   118.49     5.09
1976   11   198.40     3.48
1976   12   384.99    -0.45
1977    1   144.70    -0.92
1977    2    77.13    -1.42
1977    3    99.76     0.76
1977    4   102.61     3.67
1977    5   160.15     9.51
1977    6   127.18    13.46
1977    7   100.30    16.90
1977    8    81.50    18.01
1977    9    61.05    12.56
1977   10    29.21     8.26
1977   11   148.55     2.87
1977   12   254.58    -1.54
1978    1    68.81    -2.07
1978    2   120.54    -3.00
1978    3   140.06    -2.01
1978    4   118.86     5.65
1978    5    71.62    11.15
1978    6    88.11    14.33
1978    7    29.59    21.93
1978    8    60.19    20.22
1978    9   136.12    12.92
1978   10    51.18     9.17
1978   11    75.26     2.80
1978   12   101.45     1.22
1979    1   158.35    -1.90
1979    2   144.55    -4.86
1979    3   148.34     2.95
1979    4   143.23     5.77
1979    5   197.16    10.44
1979    6   153.22    15.08
1979    7    42.59    17.54
1979    8    16.15    21.52
1979    9    56.45    11.71
1979   10   119.98     8.01
1979   11   162.14     0.45
1979   12   243.62    -4.19
1980    1   444.66    -2.18
1980    2   117.62    -2.48
1980    3    50.83    -1.19
1980    4   161.26     4.99
1980    5   185.21     6.87
1980    6    60.45    12.93
1980    7    43.66    18.70
1980    8     7.49    18.85
1980    9    70.56    10.94
1980   10    30.29     4.96
1980   11   140.09     2.14
1980   12   254.91    -3.35
1981    1   207.44    -3.53
1981    2    54.99    -4.46
1981    3   121.65    -3.41
1981    4   164.21     1.04
1981    5    89.29    14.87
1981    6   159.97    15.68
1981    7   137.97    18.05
1981    8    55.50    17.77
1981    9    39.22    11.10
1981   10    43.65    10.36
1981   11    35.97     4.10
1981   12   192.86     0.40
1982    1   336.67    -2.21
1982    2   113.33    -0.77
1982    3   148.34    -1.84
1982    4   129.84     7.74
1982    5   133.06     9.68
1982    6   136.90    13.49
1982    7    53.42    17.54
1982    8    21.32    21.18
1982    9    58.89    11.27
1982   10   153.40     6.61
1982   11    77.51     3.03
1982   12   154.90     0.89
1983    1   218.40    -2.06
1983    2   144.71    -2.96
1983    3   111.74    -0.73
1983    4   152.24     3.80
1983    5   101.01    11.63
1983    6   211.48    15.66
1983    7    72.66    18.77
1983    8    41.02    16.07
1983    9   101.02    11.26
1983   10   133.92     5.90
1983   11   167.88    -0.01
1983   12   147.73    -2.05
1984    1   224.38    -6.70
1984    2   160.39    -2.99
1984    3   102.40    -4.12
1984    4   129.87     1.39
1984    5   155.92     7.89
1984    6    81.89    14.29
1984    7    33.24    17.86
1984    8    46.56    18.76
1984    9    34.73    12.42
1984   10   134.38     5.17
1984   11    73.68    -1.09
1984   12   194.35    -1.31
1985    1   156.63    -5.16
1985    2    92.98    -5.03
1985    3   153.85    -0.66
1985    4    91.70     6.83
1985    5   153.47    10.63
1985    6   101.80    14.13
1985    7     5.19    23.13
1985    8    68.42    18.53
1985    9   107.38    13.08
1985   10   103.49     8.02
1985   11   143.68     0.38
1985   12   120.05    -0.12
1986    1    56.41    -0.64
1986    2   170.67    -3.67
1986    3   113.33    -0.34
1986    4    62.78     5.69
1986    5   213.56     9.29
1986    6   152.59    16.78
1986    7    48.52    21.02
1986    8    64.17    17.67
1986    9   119.24    11.06
1986   10   156.02     8.67
1986   11   112.44     3.79
1986   12   223.53    -4.32
1987    1   176.80    -3.97
1987    2   148.07    -2.62
1987    3    47.27     1.38
1987    4   162.44     4.28
1987    5   187.26    10.51
1987    6    84.99    14.66
1987    7    50.22    18.36
1987    8    38.75    18.89
1987    9    63.99    12.24
1987   10    87.90     6.96
1987   11   150.94     0.79
1987   12   296.52    -2.46
1988    1   158.45    -3.77
1988    2   164.99    -1.55
1988    3   201.80     1.13
1988    4   183.65     2.66
1988    5   135.09     8.89
1988    6   173.96    15.72
1988    7    63.28    16.59
1988    8    63.45    15.42
1988    9    30.39    10.38
1988   10    95.53     5.81
1988   11   132.17     3.94
1988   12   243.36    -0.39
1989    1   132.32    -2.83
1989    2   130.55    -3.58
1989    3    92.71    -2.56
1989    4   100.72     4.50
1989    5   156.84    10.36
1989    6   142.68    14.80
1989    7    54.92    17.42
1989    8    90.10    19.03
1989    9    55.39    10.88
1989   10   170.44     5.88
1989   11   110.98     2.43
1989   12    85.81    -0.56
1990    1   140.09    -4.13
1990    2   263.25    -2.62
1990    3   118.85    -1.19
1990    4    86.44     2.47
1990    5   137.09    10.03
1990    6   166.16    14.42
1990    7    51.95    19.68
1990    8    62.97    18.41
1990    9   100.11    12.60
1990   10   121.20     5.49
1990   11   108.57     2.42
1990   12   143.56    -0.38
1991    1   100.52    -0.87
1991    2   191.99    -3.60
1991    3   152.86    -1.47
1991    4   108.51     6.70
1991    5   160.31    13.05
1991    6   147.71    15.33
1991    7    90.17    17.69
1991    8    37.37    18.67
1991    9    66.87    11.94
1991   10    91.80     7.45
1991   11    51.98     3.35
1991   12   119.91    -0.10
1992    1    37.92    -1.48
1992    2   103.40    -0.82
1992    3   145.09    -2.13
1992    4   127.18     5.05
1992    5   166.16     9.58
1992    6   116.39    12.48
1992    7   118.67    15.80
1992    8   102.22    15.22
1992    9    71.98    10.84
1992   10    83.95     4.72
1992   11   191.21     1.10
1992   12   140.86    -1.82
1993    1   373.80    -3.93
1993    2   122.06    -4.87
1993    3    41.88     0.69
1993    4   132.55     1.98
1993    5   136.60     9.11
1993    6   154.95    14.12
1993    7    26.75    19.45
1993    8    60.53    18.13
1993    9    62.31    13.61
1993   10    63.58     7.99
1993   11   132.64     1.66
1993   12   280.79    -2.01
1994    1    93.79    -5.41
1994    2   159.36    -3.21
1994    3   150.71     1.68
1994    4   122.33     6.13
1994    5   124.68     9.83
1994    6    53.29    16.78
1994    7    22.16    20.47
1994    8    31.85    19.43
1994    9    51.38    14.42
1994   10   101.40     9.08
1994   11   209.87     1.73
1994   12   209.46    -0.84
1995    1   163.05    -4.91
1995    2   126.92    -2.82
1995    3   150.63    -2.28
1995    4   144.60     7.17
1995    5   116.62    10.98
1995    6   152.04    15.73
1995    7    85.18    19.13
1995    8    57.34    19.96
1995    9    57.35    13.25
1995   10   139.08     9.05
1995   11   116.09     1.03
1995   12   245.76    -4.30
1996    1   298.58    -3.70
1996    2   178.87    -2.05
1996    3   209.68    -2.56
1996    4    90.49     0.68
1996    5    81.51    12.17
1996    6   147.00    13.76
1996    7    95.37    19.61
1996    8    70.45    17.67
1996    9    47.11    11.04
1996   10    56.74     8.22
1996   11   164.63     1.76
1996   12   102.54    -3.44
1997    1   109.04    -3.37
1997    2    62.38    -2.38
1997    3    85.02     1.31
1997    4    55.41     6.69
1997    5   172.66     8.50
1997    6   200.90    16.19
1997    7   104.77    16.00
1997    8    29.04    17.48
1997    9   111.76    11.00
1997   10   103.70     6.46
1997   11   204.96     2.86
1997   12   200.84     0.52
1998    1   109.54    -0.47
1998    2    59.72     0.79
1998    3    53.55     1.17
1998    4    83.41     8.28
1998    5   173.64    10.41
1998    6   129.68    14.31
1998    7    56.30    18.41
1998    8    60.46    19.27
1998    9    32.46    13.31
1998   10    58.16     5.44
1998   11    46.28     3.26
1998   12    40.62    -0.25
1999    1   160.87     0.73
1999    2   116.48     2.26
1999    3   124.12     2.48
1999    4   100.40     5.24
1999    5   103.61    10.60
1999    6    57.51    19.98
1999    7    30.82    21.60
1999    8    82.71    18.93
1999    9    70.90    13.92
1999   10    69.22     7.28
1999   11   136.33     5.03
1999   12   106.97     0.69
2000    1   218.39    -3.41
2000    2   159.27    -2.86
2000    3    59.51     2.45
2000    4    93.65     6.43
2000    5    73.19     8.20
2000    6   122.53    14.59
2000    7    92.99    17.34
2000    8    39.12    19.23
2000    9    93.80    12.88
2000   10   114.88     7.93
2000   11   130.59     1.27
2000   12   156.84    -2.68
2001    1   317.24    -2.72
2001    2   135.68    -2.45
2001    3   119.78     1.31
2001    4    98.49     8.75
2001    5   175.71    11.58
2001    6    61.99    15.16
2001    7    27.42    19.91
2001    8    60.84    17.22
2001    9    67.62    15.99
2001   10   154.01     6.95
2001   11    55.54     3.21
2001   12   183.94    -0.12
2002    1    55.46     0.31
2002    2   159.31     0.23
2002    3   145.41    -0.70
2002    4   207.64     1.21
2002    5   132.55    12.10
2002    6    78.99    13.90
2002    7    43.40    18.58
2002    8    55.55    18.56
2002    9    75.74    12.26
2002   10   100.98     9.47
2002   11   152.71     2.36
2002   12    99.05    -0.00
2003    1   251.13    -0.89
2003    2   204.94    -0.59
2003    3   183.13    -0.27
2003    4   102.31     7.94
2003    5   132.94    11.97
2003    6   106.63    13.51
2003    7    80.22    18.16
2003    8    12.74    18.37
2003    9   131.75    11.79
2003   10   116.31     7.18
2003   11   139.82     4.58
2003   12   197.85    -0.28
2004    1   322.83    -3.93
2004    2   152.22    -2.74
2004    3   149.15    -1.75
2004    4   187.79     2.51
2004    5   160.64    12.48
2004    6    59.28    14.87
2004    7     6.60    23.25
2004    8     8.93    21.59
2004    9    58.29    12.42
2004   10    87.61     6.26
2004   11    55.14     4.64
2004   12   223.20    -1.36
2005    1   248.40    -2.42
2005    2   139.18    -4.74
2005    3   146.00    -2.06
2005    4   136.60     2.98
2005    5   172.06    13.98
2005    6   137.86    15.85
2005    7    60.22    18.58
2005    8    63.26    19.20
2005    9    62.43    12.27
2005   10    96.02     8.64
2005   11   102.99     1.80
2005   12   234.32    -1.01
