2006    1    43.14     4.53
2006    2    56.03     4.47
2006    3    40.51     7.61
2006    4     5.92    11.84
2006    5     3.74    18.10
2006    6     1.87    24.17
2006    7     0.13    27.97
2006    8     4.27    24.70
2006    9     7.79    20.48
2006   10    92.09    13.10
2006   11     3.98    10.98
2006   12    35.70     6.23
2007    1    20.16     4.26
2007    2    39.55     3.18
2007    3    85.51     6.76
2007    4     9.69    14.03
2007    5    14.27    17.27
2007    6     8.99    23.06
2007    7     0.13    26.18
2007    8     0.91    23.81
2007    9     0.10    22.84
2007   10    60.32    16.36
2007   11    36.65     9.40
2007   12    38.87     3.92
2008    1     1.89     7.31
2008    2    12.34     7.52
2008    3    31.14     7.74
2008    4    48.64    11.89
2008    5    13.28    17.27
2008    6     2.34    25.36
2008    7    11.21    26.41
2008    8     2.92    23.96
2008    9     3.36    21.27
2008   10    14.85    15.98
2008   11    31.88     9.22
2008   12    17.09     7.26
2009    1    45.90     2.99
2009    2    38.22     3.76
2009    3    42.29     8.03
2009    4    40.68    12.16
2009    5    23.33    16.00
2009    6    41.37    20.14
2009    7     0.08    25.82
2009    8    19.50    23.87
2009    9     0.55    23.21
2009   10    20.22    16.10
2009   11    50.51    10.10
2009   12    36.42     6.14
2010    1   102.70     1.39
2010    2    21.46     4.04
2010    3    79.03     4.64
2010    4     7.82    13.47
2010    5    29.98    18.02
2010    6    20.31    22.69
2010    7    10.63    26.00
2010    8     0.04    25.30
2010    9    30.58    18.24
2010   10    24.76    16.62
2010   11    83.67     8.33
2010   12    13.60     4.85
2011    1    27.93     4.67
2011    2    39.06     4.49
2011    3    31.09     5.27
2011    4    22.03     8.92
2011    5     8.23    17.09
2011    6    10.44    22.46
2011    7     1.12    25.88
2011    8     9.19    22.90
2011    9     2.68    21.14
2011   10    61.55    14.31
2011   11     6.12    10.02
2011   12    15.36     5.44
2012    1    62.78     2.23
2012    2     3.72     6.50
2012    3    81.18     7.52
2012    4     5.63    12.85
2012    5    18.80    18.79
2012    6     3.29    23.90
2012    7     0.19    27.78
2012    8     6.40    24.35
2012    9     7.18    20.41
2012   10    65.06    16.59
2012   11     9.48    10.83
2012   12    66.26     6.40
2013    1    33.72     4.85
2013    2    42.52     3.63
2013    3    53.48     5.93
2013    4    10.91    10.52
2013    5    52.24    13.89
2013    6    11.01    19.24
2013    7     5.24    26.00
2013    8     9.01    23.92
2013    9     8.31    21.59
2013   10    43.64    15.58
2013   11    33.00     9.22
2013   12    37.43     6.09
2014    1    17.59     5.00
2014    2    68.27     4.66
2014    3    22.74     8.02
2014    4    11.06    12.06
2014    5    26.36    17.03
2014    6    13.48    23.59
2014    7     0.00    28.08
2014    8     0.00    27.00
2014    9     1.29    21.43
2014   10    51.33    14.42
2014   11   110.20     5.74
2014   12    15.22     6.54
2015    1    39.85     5.55
2015    2    46.88     4.23
2015    3    13.95     9.03
2015    4     5.98    13.18
2015    5    31.86    17.36
2015    6    38.58    21.84
2015    7     0.00    26.47
2015    8     0.03    26.91
2015    9    22.47    20.58
2015   10    15.11    17.25
2015   11    17.95    10.87
2015   12    10.96     6.75
2016    1    21.22     5.95
2016    2    35.58     5.31
2016    3    45.91     6.49
2016    4    91.73     9.30
2016    5    15.20    16.10
2016    6    21.83    22.45
2016    7     4.25    27.82
2016    8     5.11    26.79
2016    9     0.00    22.57
2016   10    59.32    16.87
2016   11    30.79    10.51
2016   12    15.72     8.16
2017    1    67.92     3.82
2017    2    30.33     2.45
2017    3    12.49    10.66
2017    4    32.71    12.70
2017    5    20.58    16.55
2017    6    11.69    23.29
2017    7     1.54    27.41
2017    8     2.66    25.35
2017    9     0.99    23.62
2017   10    35.48    16.45
2017   11    28.69     8.71
2017   12     8.75     8.01
2018    1    30.91     2.98
2018    2    31.23     5.53
2018    3    48.03     6.48
2018    4    15.06    13.12
2018    5    12.82    17.87
2018    6    24.46    23.39
2018    7     0.25    25.33
2018    8     0.00    27.38
2018    9     3.63    24.06
2018   10    28.03    15.36
2018   11    34.16     9.64
2018   12     2.49     7.29
2019    1    61.03     6.10
2019    2     3.90     6.49
2019    3    37.70    10.98
2019    4    24.58    14.14
2019    5     8.75    19.38
2019    6     4.64    23.64
2019    7     4.68    26.76
2019    8     0.46    27.16
2019    9     0.04    22.80
2019   10    42.25    14.49
2019   11    44.53    10.61
2019   12    11.22     7.92
2020    1    24.73     8.04
2020    2    68.19     4.66
2020    3    33.24     8.55
2020    4    39.94    11.35
2020    5     3.19    18.92
2020    6    17.31    23.55
2020    7     0.03    27.42
2020    8     0.01    26.45
2020    9    13.40    19.64
2020   10    90.38    12.33
2020   11    19.96    11.03
2020   12     7.46     6.61
2021    1     6.41     8.51
2021    2    25.20     5.47
2021    3    57.98     8.14
2021    4    74.83     7.43
2021    5    34.96    14.63
2021    6     7.47    23.48
2021    7     3.04    24.30
2021    8     6.11    24.26
2021    9     9.22    20.13
2021   10    17.05    15.78
2021   11    50.94     8.10
2021   12    23.24     7.35
2022    1     9.51     3.12
2022    2    19.01     4.74
2022    3    69.58     6.98
2022    4     4.69    11.43
2022    5    34.97    14.84
2022    6    15.79    23.19
2022    7     8.65    27.65
2022    8     5.37    26.77
2022    9     0.00    25.43
2022   10    72.80    15.40
2022   11    56.64     8.98
2022   12    65.21     4.45
2023    1    53.40     5.00
2023    2    47.19     6.23
2023    3    68.55     6.35
2023    4    16.81    14.13
2023    5    34.15    15.91
2023    6    78.68    21.33
2023    7    66.72    24.42
2023    8     1.21    22.87
2023    9     0.00    20.10
2023   10    31.22    16.54
2023   11    45.56    12.32
2023   12     9.41     8.55
2024    1    33.05     5.18
2024    2    43.93     6.31
2024    3    42.80     6.57
2024    4    11.42    13.12
2024    5    17.62    16.08
2024    6     0.21    25.53
2024    7     0.01    29.21
2024    8     1.95    25.74
2024    9    10.82    20.77
2024   10    32.55    18.05
2024   11    13.80    11.34
2024   12    60.16     6.75
2025    1    37.05     6.22
2025    2    23.84     3.82
2025    3    41.46     8.51
2025    4    17.86    11.76
2025    5    33.88    16.83
2025    6    22.58    21.76
2025    7     2.01    27.21
2025    8     2.13    27.58
2025    9    14.77    21.75
2025   10    46.67    15.59
2025   11     5.94    12.31
2025   12     5.09     8.99
2026    1    73.33     4.32
2026    2    56.16     7.15
2026    3    17.65     9.46
2026    4    25.83    12.72
2026    5    46.12    16.74
2026    6     7.64    21.30
2026    7     0.00    26.81
2026    8     0.00    28.41
2026    9     1.85    23.66
2026   10    52.22    17.11
2026   11    38.82    11.19
2026   12    42.32     4.82
2027    1    73.67     1.67
2027    2    20.62     5.15
2027    3    40.76     6.57
2027    4    26.54    13.37
2027    5    10.22    17.81
2027    6     6.60    24.92
2027    7    15.21    26.15
2027    8     0.63    24.12
2027    9     3.87    24.70
2027   10    51.45    17.72
2027   11    87.94     8.22
2027   12    45.26     4.22
2028    1     7.49     7.77
2028    2    14.00     7.52
2028    3    64.92     6.77
2028    4    54.39     8.69
2028    5    37.21    16.44
2028    6     2.34    22.83
2028    7     0.23    27.78
2028    8     0.00    26.54
2028    9     5.06    21.33
2028   10    10.73    18.18
2028   11   103.80    10.61
2028   12    31.88     5.77
2029    1    23.11     5.08
2029    2    12.96     6.49
2029    3    72.02     6.22
2029    4    22.38    14.13
2029    5    42.08    16.44
2029    6     1.02    24.88
2029    7    13.51    26.18
2029    8     3.35    25.41
2029    9     0.83    22.01
2029   10    66.15    16.74
2029   11   116.30     9.70
2029   12    32.46     7.93
2030    1    65.25     4.09
2030    2    27.48     5.08
2030    3    51.56     6.96
2030    4    34.33    11.35
2030    5     9.83    17.78
2030    6    34.47    22.53
2030    7     5.15    25.56
2030    8    11.94    24.36
2030    9    17.59    23.58
2030   10    32.19    16.74
2030   11    47.49    10.11
2030   12    37.77     7.50
2031    1    18.96     7.23
2031    2    38.93     6.88
2031    3    35.83     8.76
2031    4   111.02     8.75
2031    5    26.72    17.31
2031    6     7.31    23.81
2031    7    24.38    27.10
2031    8    36.63    25.37
2031    9     4.93    22.63
2031   10   136.29    14.58
2031   11    16.12    11.97
2031   12    14.72     8.09
2032    1    27.37     7.38
2032    2    30.43     8.49
2032    3    18.01     9.46
2032    4    14.63    14.52
2032    5    88.23    15.18
2032    6    29.78    20.92
2032    7     0.03    28.28
2032    8     6.25    28.65
2032    9     6.87    21.66
2032   10    30.65    17.53
2032   11    47.26     8.69
2032   12    26.59     6.57
2033    1    41.91     4.59
2033    2    17.13     6.23
2033    3    51.88     8.69
2033    4    44.29    11.71
2033    5    19.82    17.24
2033    6    24.36    22.12
2033    7     5.93    25.61
2033    8     2.48    24.81
2033    9     0.00    23.94
2033   10    90.50    14.80
2033   11    18.89     9.12
2033   12    17.85     7.95
2034    1    88.13     4.84
2034    2    23.73     4.79
2034    3    44.07     8.73
2034    4    33.39    10.81
2034    5    47.28    16.22
2034    6     0.25    23.26
2034    7     2.68    25.52
2034    8    13.90    27.23
2034    9    31.90    21.25
2034   10    15.96    19.03
2034   11    57.03    12.52
2034   12    35.00     7.63
2035    1    65.78     3.75
2035    2    18.45     7.35
2035    3    18.20     7.85
2035    4    91.26    12.96
2035    5    35.37    16.55
2035    6    12.49    22.48
2035    7     2.10    26.56
2035    8    13.05    25.68
2035    9     7.51    21.98
2035   10    28.23    16.42
2035   11    22.93    11.36
2035   12    11.68     8.76
2036    1     9.70     7.73
2036    2    30.34     8.76
2036    3    28.57     8.31
2036    4    23.85    13.91
2036    5    13.45    17.95
2036    6     3.06    26.08
2036    7     3.28    28.00
2036    8     0.00    30.05
2036    9     0.00    25.63
2036   10    20.37    18.21
2036   11    43.33    11.62
2036   12    18.77     5.34
2037    1    31.32     6.16
2037    2    11.94     8.17
2037    3    43.96     8.38
2037    4    21.72    10.55
2037    5    40.34    16.31
2037    6     2.60    23.95
2037    7     2.05    28.25
2037    8    13.21    24.72
2037    9     0.65    22.51
2037   10    55.16    16.80
2037   11     0.46    13.81
2037   12    27.64     7.00
2038    1   139.43     2.09
2038    2    70.25     5.32
2038    3    15.84    10.44
2038    4    28.09    12.49
2038    5    74.69    16.19
2038    6     3.38    24.45
2038    7     7.45    27.03
2038    8    22.54    24.07
2038    9     5.96    23.43
2038   10    40.91    17.68
2038   11    29.72    12.32
2038   12     2.46     9.14
2039    1    25.22     6.10
2039    2    28.16     8.12
2039    3    68.44     6.43
2039    4    31.27    11.44
2039    5    13.22    18.66
2039    6     6.65    22.69
2039    7     0.00    28.43
2039    8     0.00    30.26
2039    9     0.00    25.29
2039   10    75.87    15.57
2039   11    19.35    11.94
2039   12    54.98     7.83
2040    1   113.12     2.42
2040    2    29.30     4.29
2040    3    37.50     7.30
2040    4    40.79    10.73
2040    5     8.18    17.78
2040    6     0.07    25.56
2040    7     5.93    27.21
2040    8     0.00    28.00
2040    9     0.00    26.55
2040   10    53.08    15.75
2040   11    19.71    10.67
2040   12    51.01     5.90
2041    1    62.24     4.73
2041    2    68.66     5.16
2041    3    41.47     6.29
2041    4     7.03    11.42
2041    5     7.21    19.14
2041    6    21.84    23.33
2041    7     1.05    28.34
2041    8     0.00    28.50
2041    9    21.61    23.19
2041   10    30.59    14.36
2041   11    60.21    10.29
2041   12    75.21     4.30
2042    1    63.92     4.44
2042    2    47.38     4.73
2042    3    60.42    10.61
2042    4    14.63    13.39
2042    5     7.78    20.35
2042    6     1.85    25.15
2042    7     0.92    28.77
2042    8     0.00    29.52
2042    9     9.49    23.00
2042   10    54.35    17.08
2042   11   116.14    10.91
2042   12    47.90     6.32
2043    1    25.26     3.86
2043    2     3.82     8.85
2043    3    36.12     6.87
2043    4    16.89    13.83
2043    5    21.00    17.41
2043    6     0.51    24.19
2043    7     0.89    28.81
2043    8     0.07    29.93
2043    9    15.81    23.28
2043   10    14.17    20.27
2043   11    20.49    12.08
2043   12    40.42     7.38
2044    1    22.37     7.73
2044    2    70.30     4.23
2044    3    32.69     7.48
2044    4    35.99    10.86
2044    5    62.27    16.07
2044    6     1.82    24.94
2044    7    23.25    27.78
2044    8     0.22    27.88
2044    9     0.12    23.45
2044   10    33.87    17.62
2044   11    82.15     9.22
2044   12   121.91     5.31
2045    1    26.86     6.33
2045    2    32.40     8.40
2045    3    16.56    10.84
2045    4    11.99    14.17
2045    5    47.31    18.92
2045    6    16.24    24.87
2045    7     2.11    28.00
2045    8     0.29    27.01
2045    9     4.04    23.03
2045   10    54.80    18.14
2045   11    47.34    11.33
2045   12    52.46     6.36
2046    1    40.78     3.80
2046    2    24.72     7.89
2046    3    38.17    10.09
2046    4    32.70    13.30
2046    5    16.20    20.82
2046    6     4.93    26.49
2046    7    14.29    28.01
2046    8     0.00    28.00
2046    9     1.77    23.77
2046   10     4.69    20.68
2046   11    16.92    11.52
2046   12    27.86     9.42
2047    1    34.63     5.33
2047    2    30.66     8.34
2047    3    17.49    12.00
2047    4    16.21    13.77
2047    5    14.14    18.90
2047    6     1.61    25.12
2047    7     0.00    30.76
2047    8    27.49    27.07
2047    9     9.27    19.94
2047   10     4.80    18.05
2047   11    31.53    13.39
2047   12    18.39     8.83
2048    1    42.08     7.11
2048    2    37.08     9.70
2048    3    53.46     8.76
2048    4    16.95    13.11
2048    5    28.25    18.69
2048    6    63.71    22.30
2048    7     0.01    28.97
2048    8     0.00    30.87
2048    9     1.28    23.00
2048   10    61.88    16.33
2048   11     3.29    13.20
2048   12    25.24     7.29
2049    1    34.17     3.69
2049    2    31.99     5.97
2049    3    92.27     5.05
2049    4    26.32    13.95
2049    5     9.63    19.04
2049    6     7.63    25.12
2049    7    11.01    28.13
2049    8     0.00    30.46
2049    9     2.07    25.71
2049   10     7.67    18.63
2049   11    24.40    12.57
2049   12    19.52     7.61
2050    1    23.20     6.17
2050    2     9.68     7.72
2050    3    69.02     7.27
2050    4    15.45    12.91
2050    5    38.88    19.43
2050    6     5.10    27.32
2050    7     0.00    30.04
2050    8     9.66    27.60
2050    9     4.33    23.89
2050   10    31.87    18.62
2050   11     6.70    12.54
2050   12    40.31     8.13
2051    1    73.72     5.14
2051    2    45.95     5.66
2051    3    28.70     9.19
2051    4    29.62    12.96
2051    5    47.42    16.58
2051    6    10.03    23.55
2051    7     0.00    31.02
2051    8     0.00    29.44
2051    9     0.00    26.23
2051   10   111.03    17.79
2051   11    75.69     9.84
2051   12    24.28     8.74
2052    1    45.17     6.80
2052    2    71.70     5.95
2052    3    26.52    10.93
2052    4    47.42    13.90
2052    5    26.69    20.04
2052    6    12.97    23.34
2052    7     0.58    28.74
2052    8     0.03    27.77
2052    9     0.00    26.26
2052   10    25.11    20.16
2052   11    12.67    13.31
2052   12   132.13     6.06
2053    1    41.09     5.92
2053    2    20.97     7.14
2053    3    42.88     7.96
2053    4    26.71    14.19
2053    5    28.56    18.07
2053    6    17.48    24.85
2053    7    10.85    26.52
2053    8     6.28    27.43
2053    9     2.20    25.25
2053   10     2.61    18.24
2053   11    35.84    13.42
2053   12    48.69     7.98
2054    1    15.53     7.38
2054    2    20.90     4.70
2054    3    26.67     7.92
2054    4    25.34    12.91
2054    5    17.19    18.01
2054    6     7.00    24.50
2054    7     1.08    32.21
2054    8    29.82    27.61
2054    9    21.48    24.51
2054   10    16.14    19.09
2054   11    10.54    14.17
2054   12    30.40     8.25
2055    1    58.74     6.89
2055    2    37.47     7.37
2055    3    40.03    11.64
2055    4    18.12    14.89
2055    5     9.77    18.65
2055    6    10.60    24.65
2055    7     3.96    31.09
2055    8     3.71    28.87
2055    9    15.02    23.21
2055   10     7.38    19.64
2055   11    10.22    12.70
2055   12    60.11     7.72
2056    1    22.43     6.31
2056    2    41.03     9.13
2056    3    52.44     8.21
2056    4    22.55    14.92
2056    5     8.38    17.70
2056    6     8.56    27.21
2056    7     5.31    30.25
2056    8     2.55    28.48
2056    9     3.49    25.50
2056   10    14.57    19.52
2056   11    68.27     9.77
2056   12    40.61     6.00
2057    1    19.91     6.95
2057    2    23.97     5.94
2057    3    35.25    11.24
2057    4    19.27    13.95
2057    5     3.71    21.65
2057    6    18.94    27.12
2057    7     0.00    31.18
2057    8     0.07    29.17
2057    9     1.03    25.31
2057   10    36.39    18.60
2057   11    50.35    12.64
2057   12    62.48     7.21
2058    1    17.59     6.84
2058    2    35.05     7.94
2058    3    53.04     9.14
2058    4    24.63    15.68
2058    5     2.63    21.05
2058    6     7.32    25.51
2058    7     0.77    30.19
2058    8     0.00    30.38
2058    9    30.23    23.43
2058   10    34.40    17.91
2058   11     6.11    13.42
2058   12    54.73     7.65
2059    1    67.76     3.50
2059    2    53.91     8.31
2059    3    28.60     9.78
2059    4    14.68    15.29
2059    5    17.79    19.71
2059    6    11.23    25.19
2059    7     0.00    29.62
2059    8     0.37    29.35
2059    9     0.00    25.11
2059   10    28.51    18.93
2059   11    83.68    11.35
2059   12    19.32    10.35
2060    1    16.51     6.26
2060    2    37.04     7.69
2060    3     2.43    13.83
2060    4    11.72    16.49
2060    5    69.19    17.69
2060    6    25.19    23.20
2060    7     0.00    27.86
2060    8     0.00    30.84
2060    9     3.64    25.15
2060   10    25.44    17.63
2060   11     5.51    14.84
2060   12    74.50     9.25
2061    1   120.48     3.93
2061    2    52.00     4.38
2061    3    33.47    10.46
2061    4    18.26    11.97
2061    5    12.18    17.09
2061    6     9.45    25.41
2061    7     3.26    28.32
2061    8     0.21    30.06
2061    9    10.83    26.58
2061   10    69.47    17.20
2061   11    48.27    12.04
2061   12    25.34    10.49
2062    1    15.69     7.65
2062    2     9.94     9.52
2062    3    45.69    11.19
2062    4    30.00    12.08
2062    5    47.56    19.41
2062    6    17.31    25.68
2062    7    14.10    29.11
2062    8     0.09    27.79
2062    9    19.00    23.96
2062   10     5.14    18.92
2062   11     7.37    13.60
2062   12    54.21     7.97
2063    1    46.19     6.04
2063    2    28.41     6.17
2063    3    11.52    10.60
2063    4    70.48    10.84
2063    5    35.72    17.13
2063    6    17.09    24.49
2063    7     0.00    30.69
2063    8     0.00    32.13
2063    9     0.73    26.26
2063   10    34.55    17.76
2063   11    60.64    11.35
2063   12    43.49     7.70
2064    1    13.80     8.94
2064    2    65.97     7.26
2064    3    24.82    11.53
2064    4    35.15    14.30
2064    5     1.99    19.03
2064    6    31.23    24.86
2064    7     0.00    29.65
2064    8     0.00    28.65
2064    9     0.55    24.94
2064   10    48.65    18.84
2064   11     0.11    14.01
2064   12    26.04     8.75
2065    1    21.85     8.58
2065    2     7.70     8.67
2065    3    22.72    12.40
2065    4    28.34    14.39
2065    5    13.76    17.28
2065    6     0.00    27.13
2065    7     0.00    30.66
2065    8     0.13    29.38
2065    9     0.00    26.69
2065   10     9.03    20.56
2065   11    48.69    12.13
2065   12    33.19     9.88
2066    1    43.55     7.68
2066    2    57.48     5.04
2066    3     4.96    14.13
2066    4    28.98    15.14
2066    5    12.48    20.41
2066    6     1.37    28.35
2066    7     0.00    30.32
2066    8    10.66    29.80
2066    9     3.62    22.98
2066   10    22.28    20.01
2066   11    42.90    11.46
2066   12    56.78     7.52
2067    1    29.63     4.74
2067    2     9.04    10.45
2067    3    32.23    11.29
2067    4    23.89    13.84
2067    5    21.03    18.81
2067    6     0.00    27.30
2067    7     0.00    31.41
2067    8     0.00    30.54
2067    9    19.56    24.30
2067   10    22.72    18.53
2067   11     0.00    15.50
2067   12    10.23    11.57
2068    1    59.73     6.26
2068    2    22.24    10.07
2068    3    93.07     8.42
2068    4    22.39    15.49
2068    5    21.63    19.06
2068    6     7.20    25.66
2068    7     1.04    30.43
2068    8     4.73    29.56
2068    9     4.42    25.83
2068   10     6.93    19.12
2068   11    23.61    14.86
2068   12    57.89     9.37
2069    1    19.56     9.27
2069    2    40.91     7.21
2069    3    31.37    10.82
2069    4    54.98    13.89
2069    5    27.09    20.12
2069    6     3.28    26.92
2069    7     0.00    31.26
2069    8     0.00    31.90
2069    9     0.00    28.64
2069   10     7.98    20.98
2069   11    34.40    10.49
2069   12   103.19     7.45
2070    1    28.02     6.83
2070    2    10.56     8.70
2070    3    21.75    10.63
2070    4    13.70    16.90
2070    5    13.81    19.55
2070    6     1.78    27.90
2070    7    30.57    30.43
2070    8     8.47    29.74
2070    9    17.37    27.85
2070   10    37.20    18.85
2070   11    33.58    12.12
2070   12    29.33     9.24
2071    1    13.40     5.07
2071    2    32.03     9.19
2071    3    10.75    11.24
2071    4    14.03    14.38
2071    5     8.12    22.11
2071    6    18.53    26.29
2071    7     0.96    30.54
2071    8     0.00    27.70
2071    9     2.16    26.73
2071   10    33.38    18.65
2071   11    10.28    14.68
2071   12    91.83     8.47
2072    1    46.91     8.69
2072    2    54.79     5.54
2072    3    55.75     4.32
2072    4    27.42    15.58
2072    5    17.51    21.58
2072    6     0.13    27.46
2072    7    21.03    27.88
2072    8     0.00    30.48
2072    9     0.00    27.52
2072   10    36.82    17.89
2072   11    17.54    12.65
2072   12     1.94     9.77
2073    1    24.59     7.17
2073    2    25.91     6.48
2073    3    17.22    11.49
2073    4    42.40    14.02
2073    5     3.56    19.89
2073    6     6.04    26.85
2073    7     0.01    31.71
2073    8     0.00    33.31
2073    9     5.76    26.51
2073   10    27.15    20.04
2073   11    15.35    13.63
2073   12    44.71     5.62
2074    1    27.21     7.66
2074    2    35.72     5.67
2074    3    32.13    10.27
2074    4    61.32    15.21
2074    5    15.70    20.56
2074    6     6.94    27.22
2074    7     0.00    33.27
2074    8     0.00    32.81
2074    9     1.71    27.07
2074   10    28.25    20.43
2074   11     2.51    16.55
2074   12    29.93     9.91
2075    1    46.86     6.03
2075    2    66.97     6.59
2075    3    76.89     7.87
2075    4     8.62    14.22
2075    5    19.65    20.22
2075    6    12.67    26.44
2075    7     2.18    29.26
2075    8     2.03    29.05
2075    9     0.60    26.01
2075   10    27.60    20.65
2075   11    19.75    13.26
2075   12    11.69     9.20
2076    1    17.03     7.29
2076    2    18.39    10.64
2076    3    34.77     9.67
2076    4    42.19    14.87
2076    5    18.32    21.47
2076    6     6.61    27.91
2076    7    64.48    27.39
2076    8     0.02    31.89
2076    9     0.03    27.02
2076   10    52.85    18.59
2076   11    15.21    12.52
2076   12    19.42     9.94
2077    1     5.11     8.33
2077    2    61.78    10.43
2077    3    12.25    12.29
2077    4    12.58    15.85
2077    5    47.03    19.73
2077    6     0.26    28.63
2077    7    10.62    32.28
2077    8     3.06    30.76
2077    9     0.97    26.78
2077   10    21.29    21.11
2077   11    29.97    13.93
2077   12    15.07    12.26
2078    1    56.93     7.24
2078    2    38.74     7.28
2078    3    18.79    13.16
2078    4    21.15    13.40
2078    5    22.44    21.35
2078    6     4.80    27.88
2078    7    33.33    30.62
2078    8     0.00    31.29
2078    9    14.31    27.20
2078   10     1.26    20.07
2078   11    35.77    13.80
2078   12    27.67    10.03
2079    1    21.92     9.52
2079    2     4.12    12.56
2079    3    19.83    11.55
2079    4     5.59    15.52
2079    5    10.82    22.49
2079    6    15.42    25.92
2079    7     3.76    30.30
2079    8     0.00    31.63
2079    9    21.18    25.48
2079   10    32.55    18.17
2079   11    38.47    13.94
2079   12    37.01     7.68
2080    1    19.12     7.43
2080    2    32.66     9.76
2080    3     9.97    12.67
2080    4    87.45    14.05
2080    5    23.81    19.15
2080    6     9.37    24.82
2080    7     7.37    30.68
2080    8     8.20    30.41
2080    9    13.19    26.01
2080   10    11.88    18.36
2080   11    70.69    12.26
2080   12    36.38     9.85
2081    1    57.50     5.74
2081    2    59.35     5.67
2081    3    51.73     9.40
2081    4    11.65    15.05
2081    5     0.27    21.95
2081    6     5.04    25.71
2081    7     0.00    31.98
2081    8     0.00    30.76
2081    9     0.00    28.91
2081   10    10.19    21.69
2081   11    53.47    15.03
2081   12    59.39     7.93
2082    1    31.32     7.71
2082    2     1.09    12.08
2082    3    16.82    12.35
2082    4     4.12    16.12
2082    5     0.81    22.76
2082    6     4.44    29.52
2082    7     0.00    32.29
2082    8     6.15    32.57
2082    9     2.26    26.31
2082   10     1.48    22.56
2082   11    43.00    13.40
2082   12    10.89     8.96
2083    1    55.79     6.97
2083    2    41.49     7.19
2083    3    47.11     9.81
2083    4     2.83    16.91
2083    5    29.87    19.28
2083    6     0.61    28.13
2083    7     0.00    31.45
2083    8     0.00    30.65
2083    9     4.56    26.59
2083   10    19.67    21.13
2083   11     6.92    16.53
2083   12    14.01    12.90
2084    1    13.81     7.70
2084    2    12.04    11.46
2084    3    30.79    11.04
2084    4    16.01    15.78
2084    5    12.78    20.66
2084    6    10.67    27.44
2084    7     3.99    32.82
2084    8     0.44    29.94
2084    9    14.54    27.45
2084   10    46.93    20.05
2084   11    56.43    12.27
2084   12    25.56     7.86
2085    1    30.69     7.81
2085    2    23.68     8.77
2085    3     9.58    11.69
2085    4    44.12    14.12
2085    5    16.45    20.90
2085    6     1.73    28.16
2085    7     0.25    32.88
2085    8     1.25    32.93
2085    9     0.44    28.15
2085   10    27.31    20.01
2085   11    27.26    14.37
2085   12     0.19    11.77
2086    1    38.70     6.51
2086    2    28.39     9.12
2086    3     7.53    13.35
2086    4    17.74    14.48
2086    5     7.33    21.51
2086    6     0.05    28.44
2086    7     0.00    33.34
2086    8     1.90    32.42
2086    9     0.77    29.16
2086   10    21.39    21.50
2086   11    92.49    11.94
2086   12    14.51    11.13
2087    1    12.28     7.53
2087    2     2.50    12.17
2087    3     9.50    16.28
2087    4     9.42    19.44
2087    5    26.09    21.77
2087    6     0.08    29.92
2087    7     0.00    33.96
2087    8     0.00    32.79
2087    9    13.13    27.52
2087   10    21.09    19.50
2087   11    19.10    14.82
2087   12    13.23    12.01
2088    1    10.19    10.94
2088    2    47.82     9.55
2088    3     6.93    13.66
2088    4    12.09    17.09
2088    5     9.25    23.09
2088    6    14.60    25.71
2088    7     1.62    31.12
2088    8    12.98    30.88
2088    9     3.96    25.49
2088   10    19.11    21.57
2088   11    47.49    13.96
2088   12     3.14    11.89
2089    1    25.40     9.03
2089    2    37.00     7.65
2089    3    66.80    12.51
2089    4    10.29    16.44
2089    5     0.75    23.06
2089    6     0.85    28.23
2089    7     2.86    31.41
2089    8     0.00    32.48
2089    9     0.11    28.71
2089   10    24.02    20.65
2089   11    68.84    12.40
2089   12     8.15    10.20
2090    1    46.62     8.33
2090    2    36.83     9.74
2090    3    58.26    11.28
2090    4    30.10    15.47
2090    5    17.23    20.49
2090    6     4.04    28.74
2090    7     0.09    33.51
2090    8    16.45    30.11
2090    9     0.16    29.02
2090   10    47.95    18.69
2090   11    68.93    13.23
2090   12    74.93     8.78
2091    1    49.02     6.31
2091    2    84.81     4.66
2091    3    45.81    10.87
2091    4    42.96    14.10
2091    5    14.73    18.98
2091    6     0.69    28.05
2091    7     0.00    31.79
2091    8     0.00    33.44
2091    9     3.90    27.79
2091   10     4.72    22.05
2091   11    87.88    13.45
2091   12    38.43    10.43
2092    1    72.14     7.73
2092    2     3.04    12.77
2092    3    61.47     8.51
2092    4    18.99    16.07
2092    5     2.66    21.92
2092    6    13.65    27.54
2092    7     6.56    31.70
2092    8     0.00    32.37
2092    9     4.19    28.12
2092   10    14.26    21.91
2092   11     9.73    18.11
2092   12    20.82    12.53
2093    1    26.26     7.92
2093    2    45.44    10.10
2093    3    18.08    12.79
2093    4     7.79    16.65
2093    5    17.32    20.62
2093    6     0.00    27.19
2093    7     2.91    30.97
2093    8    15.63    30.25
2093    9     0.02    28.69
2093   10    77.85    18.74
2093   11    11.86    14.28
2093   12    17.77    10.15
2094    1    66.37     7.63
2094    2    20.07     8.32
2094    3     5.60    14.48
2094    4    26.20    15.49
2094    5    14.81    21.84
2094    6     0.00    28.78
2094    7     0.86    31.87
2094    8     0.12    32.93
2094    9    12.09    25.99
2094   10    33.14    19.63
2094   11    44.64    13.80
2094   12    70.23    11.32
2095    1    80.96     9.15
2095    2    59.38     5.56
2095    3    32.55    12.42
2095    4    35.16    17.32
2095    5     7.75    20.83
2095    6     3.60    29.09
2095    7    11.50    31.45
2095    8     0.00    35.06
2095    9     1.06    27.57
2095   10    20.21    21.12
2095   11     0.62    17.16
2095   12     8.35    12.94
2096    1     2.60    11.96
2096    2    33.18     9.79
2096    3    37.56    11.71
2096    4    30.25    17.09
2096    5    10.03    22.40
2096    6    22.98    28.66
2096    7    23.08    31.84
2096    8     2.07    30.31
2096    9    25.29    26.26
2096   10    14.73    21.66
2096   11     2.53    16.59
2096   12    25.92    10.36
2097    1    16.72    10.17
2097    2    55.12    10.43
2097    3    15.23    15.04
2097    4    70.46    13.63
2097    5     7.64    21.26
2097    6     7.95    30.77
2097    7     0.00    33.67
2097    8     0.19    33.30
2097    9     8.49    26.74
2097   10     0.06    22.86
2097   11    34.60    16.53
2097   12    10.99    12.19
2098    1    42.82     9.30
2098    2    53.66     8.83
2098    3    28.96    13.06
2098    4     7.24    19.29
2098    5    13.83    22.72
2098    6     1.40    29.40
2098    7     0.75    33.14
2098    8     0.00    33.86
2098    9     0.03    29.79
2098   10     1.09    23.54
2098   11    44.36    14.82
2098   12    54.24    10.16
2099    1    29.69     7.36
2099    2    49.75     7.80
2099    3    63.50     9.33
2099    4    32.05    14.62
2099    5    39.09    19.77
2099    6     4.70    29.39
2099    7     2.88    34.89
2099    8     0.00    35.12
2099    9    24.40    25.73
2099   10    17.04    19.89
2099   11    23.52    16.06
2099   12     7.25    12.56
2100    1    29.23     9.20
2100    2    20.70    10.31
2100    3    33.13    13.03
2100    4    41.21    15.00
2100    5     3.23    21.71
2100    6     9.62    28.99
2100    7     0.92    31.56
2100    8     0.00    33.54
2100    9     0.22    29.48
2100   10    97.76    19.72
2100   11    31.13    15.54
2100   12    46.92    11.10
2101    1     4.89    10.75
2101    2    95.79     9.80
2101    3    77.02     9.05
2101    4    23.29    16.30
2101    5    10.54    20.84
2101    6    30.04    26.30
2101    7    14.27    31.94
2101    8     0.00    32.33
2101    9     0.00    28.63
2101   10    35.85    22.64
2101   11    49.20    15.30
2101   12    29.62    12.29
2102    1    11.01    11.21
2102    2     6.00    13.57
2102    3    10.29    13.48
2102    4     6.70    16.53
2102    5     0.50    25.93
2102    6     1.10    30.16
2102    7     2.13    31.51
2102    8     0.00    35.46
2102    9     2.46    28.45
2102   10    58.30    20.95
2102   11     4.04    16.17
2102   12     1.71    12.60
2103    1     8.66    12.03
2103    2    22.78    11.47
2103    3    33.10    12.14
2103    4    32.36    14.47
2103    5     0.19    23.34
2103    6     0.00    29.70
2103    7     6.18    31.36
2103    8     0.00    33.05
2103    9     0.00    29.23
2103   10     0.00    23.04
2103   11    28.73    18.02
2103   12    42.44    11.25
2104    1    12.50    11.48
2104    2     8.21    12.49
2104    3    26.19    13.77
2104    4    27.01    16.00
2104    5     0.00    24.08
2104    6     0.04    31.02
2104    7     6.78    33.70
2104    8     0.00    33.23
2104    9     0.00    30.18
2104   10    11.02    24.54
2104   11   160.59    13.58
2104   12    39.14    11.34
2105    1     9.43    12.27
2105    2    66.18     6.69
2105    3    15.89    10.63
2105    4    32.41    13.36
2105    5     2.84    23.13
2105    6     0.52    30.19
2105    7     3.58    32.58
2105    8     0.00    34.91
2105    9     0.00    29.28
2105   10    17.07    23.20
2105   11   142.93    12.73
2105   12    23.13    10.75
2106    1    24.68     9.92
2106    2     9.05    11.04
2106    3    23.90    13.67
2106    4    28.39    15.95
2106    5    16.66    20.54
2106    6     3.07    29.06
2106    7     0.00    32.27
2106    8     0.00    33.72
2106    9     0.00    30.06
2106   10     1.76    22.94
2106   11    21.19    16.63
2106   12    12.18    13.34
2107    1    29.80    11.59
2107    2     5.57    13.51
2107    3     9.15    14.79
2107    4    20.92    18.10
2107    5    42.97    22.03
2107    6     0.00    30.39
2107    7     0.00    35.46
2107    8     1.22    35.63
2107    9    11.41    28.49
2107   10    98.13    22.78
2107   11    18.93    15.33
2107   12    16.85    13.42
2108    1    42.83     8.91
2108    2    31.62    12.32
2108    3    19.77    14.49
2108    4    59.79    17.59
2108    5    19.11    22.33
2108    6     2.06    28.23
2108    7     2.34    32.80
2108    8     0.00    33.51
2108    9     0.44    29.17
2108   10     5.87    22.75
2108   11    83.64    14.03
2108   12    36.40    10.67
2109    1    51.94    10.91
2109    2    30.22    12.92
2109    3     3.41    15.77
2109    4    26.13    17.50
2109    5     0.33    23.28
2109    6     0.12    29.51
2109    7     0.00    34.78
2109    8     0.18    33.89
2109    9     0.00    28.52
2109   10     0.14    23.08
2109   11    81.62    16.21
2109   12     4.78    10.46
2110    1    15.12     8.92
2110    2     2.96    13.96
2110    3    22.39    13.74
2110    4    18.85    15.46
2110    5    13.52    22.68
2110    6     1.40    27.71
2110    7     0.00    33.51
2110    8     0.00    34.48
2110    9    23.96    28.02
2110   10    65.57    19.72
2110   11    26.68    16.73
2110   12    18.17    11.62
2111    1    63.96     9.54
2111    2    16.57    11.06
2111    3    41.67    11.87
2111    4    49.11    16.28
2111    5     9.44    21.38
2111    6     1.96    29.66
2111    7     7.39    34.01
2111    8     0.00    33.40
2111    9     1.20    28.07
2111   10    46.19    22.15
2111   11    50.80    15.37
2111   12    33.96    11.17
2112    1    12.69     8.21
2112    2    41.59     9.03
2112    3    40.43    12.95
2112    4    25.00    17.39
2112    5     1.96    24.93
2112    6     2.12    30.33
2112    7     0.04    35.97
2112    8     4.84    32.86
2112    9     0.00    29.67
2112   10    14.03    21.01
2112   11    14.36    14.56
2112   12    42.82     7.25
2113    1    15.11     8.63
2113    2     1.45    14.84
2113    3    35.56    12.59
2113    4    27.21    16.20
2113    5     0.22    25.46
2113    6     0.00    32.52
2113    7     0.00    35.40
2113    8     0.02    32.97
2113    9     0.00    29.72
2113   10    17.28    22.69
2113   11   102.34    13.64
2113   12    28.03    12.02
2114    1     3.28    12.14
2114    2    50.14     8.08
2114    3    22.18    11.01
2114    4     3.79    19.14
2114    5    15.71    23.66
2114    6     0.38    32.06
2114    7     1.50    32.74
2114    8     0.00    34.44
2114    9    22.60    28.14
2114   10    67.86    22.69
2114   11    79.31    12.87
2114   12     4.25    12.26
2115    1    48.89    11.07
2115    2    28.59     7.77
2115    3     8.53    14.69
2115    4     5.89    19.91
2115    5    19.65    23.05
2115    6    16.84    28.23
2115    7     0.01    34.16
2115    8     0.00    33.91
2115    9     0.00    30.76
2115   10    23.79    23.05
2115   11    24.96    15.62
2115   12    61.75    11.84
2116    1     9.31    11.26
2116    2    37.86     7.21
2116    3    12.41    12.89
2116    4     9.45    19.41
2116    5     5.01    24.46
2116    6     0.00    33.06
2116    7     0.00    37.05
2116    8    10.23    31.97
2116    9     1.25    27.48
2116   10    42.33    21.50
2116   11    25.30    16.12
2116   12    24.85    11.49
2117    1    32.54    11.27
2117    2    41.30    12.25
2117    3    69.96    13.82
2117    4     9.96    18.85
2117    5     1.35    25.22
2117    6     1.98    29.63
2117    7     0.00    35.02
2117    8     1.94    35.50
2117    9     8.69    29.87
2117   10     3.30    23.86
2117   11    26.33    15.61
2117   12    12.79    13.86
2118    1    58.29    11.08
2118    2    14.91    11.83
2118    3    51.25    10.06
2118    4    82.01    12.88
2118    5     8.75    21.23
2118    6     5.56    29.57
2118    7     0.00    36.15
2118    8     6.27    35.23
2118    9     2.14    29.79
2118   10     1.46    24.71
2118   11    77.88    16.04
2118   12    13.55    13.15
2119    1    33.96     9.46
2119    2    44.05     7.71
2119    3    12.29    15.55
2119    4     2.58    20.05
2119    5    25.69    22.18
2119    6     0.12    30.34
2119    7     0.00    35.67
2119    8     0.00    35.58
2119    9    19.92    29.77
2119   10    13.45    22.62
2119   11    49.54    15.35
2119   12     3.45    13.57
2120    1     0.33    13.71
2120    2    21.13    11.25
2120    3     8.80    17.22
2120    4   118.26    13.81
2120    5     2.90    20.92
2120    6     0.19    29.84
2120    7     0.00    34.05
2120    8     0.00    34.90
2120    9     0.00    30.69
2120   10    16.22    23.03
2120   11    14.23    16.93
2120   12     3.73    14.04
2121    1    34.64    10.41
2121    2     3.06    12.91
2121    3    10.62    15.11
2121    4    14.85    17.94
2121    5    10.32    23.00
2121    6     1.02    30.41
2121    7     1.39    36.24
2121    8     1.32    34.69
2121    9     3.79    29.03
2121   10     0.31    24.11
2121   11    72.33    14.78
2121   12   100.64     9.86
2122    1     6.66     8.86
2122    2    18.11    14.50
2122    3    33.82    12.93
2122    4     2.01    19.96
2122    5    32.32    24.04
2122    6     1.30    30.01
2122    7     0.00    36.45
2122    8     2.97    34.82
2122    9     0.00    31.18
2122   10    37.90    24.12
2122   11    84.06    16.95
2122   12     0.97    10.77
2123    1    14.10    13.21
2123    2     8.51    11.76
2123    3    23.28     9.94
2123    4     3.02    17.96
2123    5     4.55    24.24
2123    6     9.66    30.71
2123    7     0.00    34.06
2123    8     0.00    37.67
2123    9    13.95    29.12
2123   10    25.11    22.67
2123   11    21.42    18.02
2123   12    25.20    13.39
2124    1    83.25     9.65
2124    2    64.58     9.10
2124    3    75.14    12.00
2124    4    17.73    17.76
2124    5    27.83    23.78
2124    6     5.29    29.86
2124    7     0.03    36.07
2124    8     4.37    34.65
2124    9     0.00    33.66
2124   10     8.57    25.67
2124   11    23.87    15.68
2124   12    66.45    11.55
2125    1    29.67     9.89
2125    2     7.97    13.43
2125    3    47.47    12.65
2125    4     5.06    19.57
2125    5    10.91    24.25
2125    6     4.23    30.13
2125    7     0.00    34.42
2125    8     0.00    36.29
2125    9    13.77    29.85
2125   10    14.62    25.12
2125   11     1.92    19.09
2125   12    36.91    10.82
2126    1    24.14    14.10
2126    2     5.41    11.06
2126    3   108.78    12.52
2126    4     6.71    14.90
2126    5     5.57    23.77
2126    6    10.30    30.05
2126    7     0.00    34.04
2126    8     0.00    35.57
2126    9     0.00    32.24
2126   10    14.30    22.19
2126   11    23.15    16.62
2126   12    36.95    13.17
2127    1    16.89    11.63
2127    2    23.48    12.16
2127    3    79.17    12.51
2127    4    34.52    16.86
2127    5     6.21    23.17
2127    6     0.00    31.10
2127    7     0.00    34.90
2127    8     0.00    35.36
2127    9     0.71    29.35
2127   10     4.28    24.13
2127   11    32.77    14.95
2127   12    34.33    11.06
2128    1     2.62    10.46
2128    2    22.25    14.33
2128    3    17.79    11.21
2128    4     5.15    17.13
2128    5     8.45    24.75
2128    6    27.23    29.81
2128    7     0.40    32.65
2128    8     0.00    34.89
2128    9    18.51    29.04
2128   10    31.87    22.58
2128   11    13.89    18.55
2128   12    13.81    13.00
2129    1    14.80    10.91
2129    2     1.95     8.82
2129    3    13.82    11.72
2129    4    51.59    17.31
2129    5     0.17    26.31
2129    6     0.00    33.88
2129    7     0.35    36.92
2129    8     0.17    35.13
2129    9    39.56    28.78
2129   10    30.21    22.07
2129   11    21.84    17.19
2129   12    85.74    11.74
2130    1     8.94    13.29
2130    2     8.19    11.77
2130    3    23.85    15.04
2130    4    48.31    16.73
2130    5     7.49    24.75
2130    6     1.42    30.90
2130    7     0.07    35.12
2130    8     0.23    32.89
2130    9     0.05    29.11
2130   10    26.90    22.29
2130   11    28.77    16.93
2130   12    36.07    12.33
2131    1    44.56     7.20
2131    2    40.87     8.84
2131    3     1.09    17.81
2131    4    16.42    19.84
2131    5    25.38    24.99
2131    6     8.10    30.22
2131    7     0.00    36.04
2131    8     1.07    35.60
2131    9     0.43    31.26
2131   10     5.76    24.70
2131   11    30.22    18.92
2131   12    57.55    12.48
2132    1    26.37    10.12
2132    2    13.23    13.90
2132    3    57.22    10.66
2132    4    37.18    16.81
2132    5    20.18    22.84
2132    6     0.08    31.98
2132    7     5.53    35.03
2132    8     0.00    36.05
2132    9     0.00    32.57
2132   10   108.60    22.19
2132   11    38.76    17.20
2132   12     5.18    12.86
2133    1    13.44    13.02
2133    2     2.09    14.13
2133    3     8.67    17.96
2133    4    35.32    18.95
2133    5    10.71    22.81
2133    6     0.53    33.41
2133    7     0.00    35.89
2133    8     0.61    35.39
2133    9     0.00    31.98
2133   10   119.06    23.87
2133   11    68.44    17.25
2133   12    46.38    14.08
2134    1   101.01     9.97
2134    2    11.88    14.41
2134    3    39.61    14.91
2134    4    32.97    17.83
2134    5    19.18    22.31
2134    6     0.24    31.01
2134    7     0.00    34.00
2134    8     0.00    35.08
2134    9     0.00    31.14
2134   10    53.40    23.36
2134   11    43.98    16.61
2134   12    85.18     8.65
2135    1    35.17    11.05
2135    2     8.57    14.75
2135    3    15.59    15.41
2135    4    56.54    18.09
2135    5    30.57    21.52
2135    6     0.00    31.50
2135    7     0.00    35.44
2135    8     0.61    34.18
2135    9     0.00    33.24
2135   10    15.35    22.73
2135   11    14.85    18.32
2135   12    29.13    13.47
2136    1    30.74    11.77
2136    2    25.81    13.77
2136    3    21.82    13.98
2136    4     5.84    19.68
2136    5    16.83    22.05
2136    6     0.00    31.46
2136    7     1.84    33.94
2136    8     0.00    34.53
2136    9     1.31    31.23
2136   10    46.92    23.59
2136   11    30.92    16.69
2136   12    28.97    11.34
2137    1    10.31    12.32
2137    2    97.02    10.61
2137    3    45.04    14.43
2137    4    47.12    16.52
2137    5     0.14    24.98
2137    6     0.01    31.58
2137    7     0.00    35.82
2137    8     0.00    34.16
2137    9     0.41    29.37
2137   10    15.83    24.01
2137   11    55.54    14.74
2137   12    17.87    12.86
2138    1    20.26    12.07
2138    2    22.05    11.04
2138    3    37.23    15.78
2138    4    39.91    17.42
2138    5    27.38    22.93
2138    6     0.41    32.55
2138    7    46.72    33.93
2138    8     0.00    35.51
2138    9     0.00    31.04
2138   10     0.87    26.30
2138   11    26.75    16.72
2138   12    19.06    14.09
2139    1    28.31     7.81
2139    2    13.97    14.08
2139    3    38.05    15.32
2139    4    31.65    18.36
2139    5     9.47    23.09
2139    6     0.00    32.31
2139    7     2.98    34.96
2139    8    11.03    37.04
2139    9    12.40    30.86
2139   10    20.50    24.52
2139   11     0.05    19.67
2139   12     3.90    17.45
2140    1    24.70    12.40
2140    2     5.28    15.32
2140    3    12.22    18.79
2140    4    12.13    20.08
2140    5     7.56    25.55
2140    6     0.00    31.72
2140    7     6.83    35.59
2140    8     0.00    35.83
2140    9     0.00    30.27
2140   10    56.56    23.96
2140   11    39.93    16.80
2140   12    20.57    13.61
2141    1    18.55    13.42
2141    2     8.78    15.51
2141    3     1.23    18.76
2141    4    17.92    17.95
2141    5    14.94    25.57
2141    6     0.20    33.26
2141    7     2.59    34.21
2141    8     1.01    34.29
2141    9     0.62    32.19
2141   10    12.75    24.31
2141   11    30.55    16.53
2141   12    11.37    12.91
2142    1    10.25    12.39
2142    2    22.33     9.60
2142    3     4.63    16.88
2142    4    21.82    16.68
2142    5    65.67    21.70
2142    6     0.60    31.61
2142    7     0.07    34.94
2142    8     0.00    33.99
2142    9     1.07    31.45
2142   10    26.24    24.09
2142   11    41.86    16.27
2142   12     6.86    13.27
2143    1     3.31    13.85
2143    2     9.33    14.74
2143    3    30.03    13.70
2143    4     8.05    18.22
2143    5    12.81    23.24
2143    6     0.67    31.56
2143    7     0.00    35.11
2143    8     0.00    36.22
2143    9    27.35    29.35
2143   10    33.38    20.27
2143   11    39.74    16.53
2143   12    64.88    13.82
2144    1    53.56     9.43
2144    2    19.48    13.44
2144    3    57.27    16.06
2144    4     9.51    19.94
2144    5    15.48    22.04
2144    6     4.16    29.98
2144    7     0.00    35.02
2144    8     8.93    34.91
2144    9    15.60    30.09
2144   10    51.42    23.30
2144   11    15.06    17.10
2144   12     6.64    13.74
2145    1    43.17    12.55
2145    2     5.34    14.92
2145    3    33.08    13.28
2145    4     9.01    19.47
2145    5     0.03    26.47
2145    6     0.00    33.21
2145    7     1.28    33.72
2145    8     0.00    36.61
2145    9     1.33    29.97
2145   10    17.02    24.02
2145   11    68.10    18.36
2145   12    40.95    13.45
2146    1     0.70    14.85
2146    2     4.22    17.81
2146    3    47.15    17.62
2146    4     1.17    20.65
2146    5     1.10    24.73
2146    6     1.74    32.00
2146    7     0.01    37.04
2146    8     0.00    35.25
2146    9     9.48    30.70
2146   10    21.11    22.69
2146   11     3.58    19.46
2146   12    10.58    13.92
2147    1     0.23    15.85
2147    2    11.98    14.54
2147    3    22.59    16.91
2147    4     7.48    17.89
2147    5     0.60    28.43
2147    6     5.13    34.54
2147    7     0.00    38.28
2147    8     0.00    38.50
2147    9     0.00    32.91
2147   10    67.41    23.28
2147   11     0.23    18.43
2147   12    16.91    15.21
2148    1    58.83     9.32
2148    2    35.84    13.45
2148    3    46.99    14.11
2148    4    12.93    17.05
2148    5     3.90    25.02
2148    6     0.97    32.21
2148    7     1.74    36.79
2148    8     2.20    35.69
2148    9     0.00    33.62
2148   10    15.37    26.26
2148   11    19.13    18.98
2148   12   127.02    13.03
2149    1     2.89     9.81
2149    2    24.33    10.77
2149    3    28.45    13.31
2149    4     8.97    18.03
2149    5     0.42    24.24
2149    6     0.00    33.33
2149    7     1.36    35.39
2149    8     0.00    35.11
2149    9     0.88    31.42
2149   10     3.13    24.34
2149   11    75.83    17.32
2149   12    31.17    13.06
2150    1    12.01    13.48
2150    2     7.38    17.80
2150    3    43.63    15.75
2150    4    20.07    19.05
2150    5    43.22    22.41
2150    6     8.30    29.84
2150    7     0.00    37.55
2150    8     0.00    37.40
2150    9     0.00    32.38
2150   10    50.56    25.32
2150   11    29.05    19.23
2150   12    19.67    14.05
2151    1    18.81    13.46
2151    2    27.39    16.82
2151    3    74.10    12.70
2151    4     8.05    18.17
2151    5     1.81    25.77
2151    6     1.56    30.91
2151    7     0.67    36.37
2151    8     0.00    37.14
2151    9     0.81    32.87
2151   10     6.74    25.50
2151   11    13.14    17.12
2151   12    23.23    13.95
2152    1     7.34    12.68
2152    2    78.32     7.53
2152    3    38.75    11.36
2152    4     8.43    21.42
2152    5    12.85    23.63
2152    6     0.10    32.49
2152    7     4.10    35.39
2152    8     0.00    36.61
2152    9    15.58    30.19
2152   10    85.42    24.19
2152   11    88.39    16.08
2152   12     7.00    15.10
2153    1     2.08    14.48
2153    2    27.18    15.47
2153    3    29.18    18.21
2153    4    39.80    19.16
2153    5     0.00    27.28
2153    6     0.00    34.95
2153    7    23.73    36.38
2153    8     1.68    37.58
2153    9     5.32    32.78
2153   10     0.98    25.72
2153   11    13.06    21.29
2153   12    29.77    14.23
2154    1    32.40    13.15
2154    2     5.73    10.19
2154    3    20.05    15.71
2154    4    49.69    19.33
2154    5    37.30    22.69
2154    6    10.80    29.07
2154    7     0.00    36.08
2154    8     1.65    36.69
2154    9     0.00    33.17
2154   10    29.22    25.73
2154   11    73.33    17.85
2154   12    40.66    12.10
2155    1    32.64    14.17
2155    2     0.59    16.12
2155    3    49.09    16.40
2155    4    17.51    18.31
2155    5     2.12    25.16
2155    6     2.84    31.43
2155    7     0.00    36.78
2155    8     0.00    36.97
2155    9     6.73    33.26
2155   10     4.84    26.61
2155   11    13.84    20.47
2155   12    92.58    13.63
2156    1    60.96    11.15
2156    2    92.06     8.82
2156    3     5.02    17.97
2156    4     9.38    21.65
2156    5     1.09    27.46
2156    6     0.00    34.25
2156    7     2.83    36.70
2156    8     0.00    37.15
2156    9     0.00    31.90
2156   10    11.17    25.47
2156   11     5.82    20.23
2156   12     7.47    16.57
2157    1    42.09    11.67
2157    2     2.42    16.48
2157    3    36.29    18.11
2157    4     6.43    20.49
2157    5    10.72    25.20
2157    6     0.03    32.70
2157    7     3.41    36.07
2157    8     0.01    37.10
2157    9     0.00    33.96
2157   10     2.53    26.93
2157   11    19.27    18.93
2157   12     2.13    15.30
2158    1    23.27    15.61
2158    2    39.24    14.66
2158    3    73.35    14.32
2158    4     0.11    20.27
2158    5     5.51    23.94
2158    6     1.78    32.70
2158    7     0.00    38.09
2158    8     0.00    38.65
2158    9     0.00    31.38
2158   10    14.16    25.66
2158   11     0.77    18.32
2158   12    12.55    14.36
2159    1    17.40    14.29
2159    2     6.67    14.48
2159    3    11.04    16.66
2159    4    56.84    17.96
2159    5     8.10    25.36
2159    6     0.43    34.72
2159    7     0.00    40.07
2159    8     3.67    37.85
2159    9     0.04    32.98
2159   10    21.21    26.05
2159   11     3.82    19.16
2159   12    63.76    11.62
2160    1    12.11    14.25
2160    2     1.01    16.42
2160    3    21.18    16.82
2160    4     5.01    19.85
2160    5     2.96    25.51
2160    6     0.03    34.05
2160    7     0.00    36.37
2160    8     0.01    34.83
2160    9     0.81    31.91
2160   10    30.62    24.96
2160   11     1.67    20.42
2160   12    38.80    14.40
2161    1    15.69    13.61
2161    2    34.52    15.37
2161    3    14.05    18.15
2161    4    16.93    19.42
2161    5    19.64    26.13
2161    6     1.48    31.87
2161    7     0.08    35.37
2161    8     0.00    35.22
2161    9     0.00    34.21
2161   10    32.08    26.77
2161   11     0.82    17.49
2161   12    49.28    14.10
2162    1     6.25    15.55
2162    2    11.85    15.38
2162    3    40.51    13.95
2162    4    10.48    20.55
2162    5     0.47    24.86
2162    6     0.00    33.36
2162    7     0.00    36.24
2162    8     0.00    36.22
2162    9     6.13    32.57
2162   10     0.38    25.66
2162   11    31.31    20.20
2162   12    17.04    14.71
2163    1    64.79    13.84
2163    2    26.30    12.95
2163    3    10.03    14.29
2163    4    10.06    19.83
2163    5     6.05    26.33
2163    6     0.00    32.50
2163    7     0.93    37.09
2163    8     1.16    37.32
2163    9     0.00    33.65
2163   10    96.79    24.72
2163   11    36.68    15.34
2163   12    54.56    14.46
2164    1    35.36    11.12
2164    2    68.00    12.24
2164    3    38.46    13.72
2164    4     2.52    20.99
2164    5     4.09    27.15
2164    6     0.02    32.97
2164    7     0.95    37.49
2164    8     0.00    37.37
2164    9    22.88    29.32
2164   10    43.82    22.66
2164   11    16.59    18.12
2164   12     5.84    15.17
2165    1    60.25    10.31
2165    2    14.40    13.09
2165    3    22.16    18.15
2165    4    48.72    17.17
2165    5     3.97    25.28
2165    6     1.58    33.31
2165    7     0.00    38.27
2165    8     0.00    37.48
2165    9     0.00    33.97
2165   10    28.98    27.46
2165   11    32.83    18.84
2165   12    39.42    15.72
2166    1    23.57    15.16
2166    2     0.27    16.58
2166    3    43.03    16.16
2166    4     7.81    20.81
2166    5    16.71    26.17
2166    6     0.82    33.50
2166    7     1.59    36.45
2166    8     0.00    36.10
2166    9     0.00    33.43
2166   10     1.79    27.57
2166   11    46.01    19.82
2166   12     4.73    17.52
2167    1    31.26    12.89
2167    2    55.33    11.97
2167    3    21.08    14.94
2167    4    19.27    17.96
2167    5     4.62    28.27
2167    6     0.00    35.41
2167    7     2.36    38.34
2167    8     0.00    39.08
2167    9     2.46    32.24
2167   10     1.63    28.08
2167   11   119.35    20.00
2167   12     0.79    17.41
2168    1    47.78    12.16
2168    2     5.59    15.94
2168    3     3.72    16.51
2168    4     2.02    20.68
2168    5     4.97    27.16
2168    6     0.97    32.57
2168    7     0.00    38.43
2168    8     0.00    37.96
2168    9     1.05    32.68
2168   10    17.04    25.48
2168   11     7.40    19.60
2168   12    70.10    13.48
2169    1    16.95    14.29
2169    2     0.69    15.39
2169    3    53.65    16.68
2169    4     9.10    20.26
2169    5     6.52    25.54
2169    6     2.55    33.71
2169    7     0.00    39.90
2169    8     0.00    38.17
2169    9     0.02    34.55
2169   10    26.20    27.13
2169   11    14.93    19.75
2169   12    27.92    14.17
2170    1    29.59     9.96
2170    2     9.20    15.70
2170    3    24.73    15.72
2170    4    10.80    21.36
2170    5     2.92    26.45
2170    6     2.51    33.34
2170    7     0.00    39.12
2170    8     0.00    38.68
2170    9     0.42    32.20
2170   10     4.26    24.18
2170   11    20.72    20.07
2170   12    47.42    14.38
2171    1    17.52    13.52
2171    2    27.41    15.55
2171    3     8.73    16.16
2171    4     1.42    21.33
2171    5    14.56    25.79
2171    6    22.39    31.24
2171    7     0.06    36.72
2171    8     0.00    37.01
2171    9     0.00    34.87
2171   10     0.00    26.13
2171   11    28.55    18.25
2171   12    19.13    13.90
2172    1    48.84    14.14
2172    2     6.84    17.62
2172    3    11.36    16.69
2172    4     6.24    22.30
2172    5    52.78    26.31
2172    6     0.03    33.40
2172    7     0.00    36.33
2172    8     0.00    37.18
2172    9    40.87    31.00
2172   10    31.11    23.43
2172   11    21.59    20.63
2172   12    29.44    12.87
2173    1    18.48    13.78
2173    2    11.13    17.91
2173    3     9.74    19.67
2173    4     2.23    20.90
2173    5     0.00    29.24
2173    6     0.00    36.72
2173    7     0.04    37.73
2173    8     0.00    37.49
2173    9     0.14    31.60
2173   10    36.89    27.19
2173   11     3.52    20.17
2173   12    65.07    14.94
2174    1    47.05     9.95
2174    2    21.96    14.26
2174    3    11.07    16.90
2174    4    34.64    18.93
2174    5    12.60    25.15
2174    6     0.00    33.80
2174    7     0.00    38.36
2174    8     0.00    38.33
2174    9     0.00    32.66
2174   10    14.87    27.00
2174   11   110.66    15.91
2174   12    42.38    13.99
2175    1    90.46    11.46
2175    2     2.04    14.85
2175    3    27.74    17.32
2175    4    24.04    21.26
2175    5     0.14    27.43
2175    6     0.38    33.24
2175    7     0.00    37.55
2175    8     0.00    36.18
2175    9     0.00    34.23
2175   10    99.89    26.55
2175   11    39.87    18.02
2175   12    46.87    12.94
2176    1     0.06    16.01
2176    2     8.84    15.52
2176    3    60.01    14.43
2176    4     3.65    19.20
2176    5     0.09    26.51
2176    6     0.00    34.58
2176    7     0.01    37.70
2176    8     0.00    36.04
2176    9    25.75    34.41
2176   10     1.51    25.99
2176   11     6.74    21.86
2176   12     5.09    18.02
2177    1    67.25    10.99
2177    2    35.89    14.82
2177    3    18.62    18.97
2177    4    26.38    18.02
2177    5    16.29    24.13
2177    6     5.52    32.23
2177    7     0.00    37.52
2177    8     0.62    36.97
2177    9     0.00    33.07
2177   10     6.21    24.51
2177   11    24.16    20.69
2177   12    19.05    14.50
2178    1    23.05    13.52
2178    2     4.31    15.13
2178    3    25.79    16.70
2178    4     9.90    22.11
2178    5    30.85    26.35
2178    6     2.02    34.18
2178    7     0.00    38.13
2178    8     0.00    36.67
2178    9    13.59    28.04
2178   10    29.87    23.80
2178   11    42.09    18.84
2178   12    22.50    16.33
2179    1    24.21    13.89
2179    2     8.69    14.57
2179    3    24.84    16.41
2179    4     4.56    20.09
2179    5     8.63    25.75
2179    6     0.00    35.40
2179    7     0.00    38.70
2179    8     0.00    37.58
2179    9     0.00    33.77
2179   10     0.82    28.10
2179   11    29.27    19.77
2179   12    18.92    14.53
2180    1    46.69    11.14
2180    2    10.47    14.41
2180    3    25.10    17.09
2180    4    24.15    18.61
2180    5     8.40    24.73
2180    6     0.00    34.86
2180    7     0.01    39.32
2180    8     0.00    41.06
2180    9     0.00    36.56
2180   10   110.59    26.35
2180   11   142.90    15.84
2180   12    86.64    15.75
2181    1    20.36    13.88
2181    2    35.24    13.08
2181    3   125.65    14.21
2181    4    19.57    20.68
2181    5    77.83    23.51
2181    6     0.04    32.84
2181    7     0.00    37.47
2181    8     0.00    38.57
2181    9     0.00    34.76
2181   10    37.47    24.88
2181   11    14.66    19.81
2181   12    50.78    14.08
2182    1     2.99    17.62
2182    2    60.45    13.98
2182    3    58.09    12.63
2182    4     1.83    20.69
2182    5     0.00    28.23
2182    6     0.00    33.86
2182    7     0.12    37.86
2182    8     0.36    37.44
2182    9     0.05    34.31
2182   10     9.07    29.07
2182   11    60.86    17.41
2182   12    48.32    13.15
2183    1    37.14    12.27
2183    2    33.57    12.04
2183    3    10.89    18.07
2183    4    63.15    19.42
2183    5    11.72    25.29
2183    6     3.72    33.80
2183    7     0.00    37.10
2183    8     0.00    39.02
2183    9     0.01    32.57
2183   10     0.00    28.17
2183   11    20.18    20.44
2183   12     1.32    16.15
2184    1     3.29    16.87
2184    2    11.75    17.17
2184    3    39.33    18.84
2184    4    13.97    23.26
2184    5     0.00    27.99
2184    6     0.00    34.27
2184    7     3.98    37.72
2184    8     0.00    39.14
2184    9     0.06    31.19
2184   10     7.04    26.12
2184   11    42.32    20.07
2184   12    42.17    13.44
2185    1    15.09    14.59
2185    2    27.62    13.41
2185    3    15.17    17.59
2185    4     0.00    22.19
2185    5     0.00    27.20
2185    6     1.18    34.77
2185    7     0.00    39.24
2185    8     0.00    37.68
2185    9     0.00    34.12
2185   10     9.95    27.92
2185   11    59.70    18.70
2185   12    18.84    15.17
2186    1     5.31    15.67
2186    2    57.88    12.64
2186    3    35.02    18.15
2186    4    13.84    19.95
2186    5     8.59    26.04
2186    6     0.00    34.60
2186    7     0.00    38.18
2186    8     0.00    40.03
2186    9     0.00    32.15
2186   10    27.07    25.47
2186   11    97.11    19.29
2186   12    36.83    14.25
2187    1    45.21    13.54
2187    2     2.00    18.25
2187    3    70.63    16.24
2187    4    17.52    20.19
2187    5     7.36    24.79
2187    6     7.23    33.04
2187    7     0.90    36.71
2187    8     0.00    37.34
2187    9    25.61    32.00
2187   10    53.17    25.23
2187   11    40.78    17.16
2187   12     4.60    18.03
2188    1    25.30    15.17
2188    2    20.80    16.14
2188    3     3.75    18.78
2188    4    56.07    17.57
2188    5     0.00    28.45
2188    6     0.00    36.21
2188    7     0.00    39.03
2188    8     0.00    38.99
2188    9     0.00    33.28
2188   10    27.49    27.30
2188   11    22.66    19.77
2188   12    11.15    15.32
2189    1    30.10    14.82
2189    2     0.85    17.23
2189    3     1.90    18.10
2189    4     0.82    23.86
2189    5     3.82    26.57
2189    6     0.00    35.44
2189    7     0.00    37.71
2189    8     0.00    37.89
2189    9     0.00    32.29
2189   10     1.18    27.35
2189   11    34.56    19.56
2189   12     3.82    17.47
2190    1    27.78    13.56
2190    2    39.16    13.60
2190    3    49.28    14.73
2190    4    11.75    22.14
2190    5     7.01    28.63
2190    6     0.76    36.11
2190    7     0.11    38.42
2190    8     0.00    39.66
2190    9     0.00    35.83
2190   10     2.69    30.07
2190   11    53.23    22.35
2190   12    55.68    13.69
2191    1    29.08    12.33
2191    2    48.62    14.01
2191    3    21.84    16.81
2191    4     2.86    21.20
2191    5    25.00    25.38
2191    6     0.00    34.94
2191    7     0.00    40.29
2191    8     0.00    39.96
2191    9     2.34    33.98
2191   10    31.28    27.83
2191   11     0.00    19.71
2191   12    40.04    16.63
2192    1     2.87    15.75
2192    2    65.10    17.89
2192    3    45.70    16.18
2192    4     4.44    20.33
2192    5    16.64    26.42
2192    6     0.00    34.39
2192    7     0.00    37.63
2192    8     0.00    37.96
2192    9     0.00    34.43
2192   10     0.00    28.38
2192   11   119.69    18.64
2192   12    11.81    15.73
2193    1    11.79    16.01
2193    2     7.21    16.21
2193    3    26.04    15.48
2193    4    48.99    19.02
2193    5    24.78    27.96
2193    6    14.06    33.20
2193    7     0.00    38.97
2193    8     0.00    38.99
2193    9     0.00    36.73
2193   10     7.90    28.98
2193   11    29.16    18.15
2193   12     4.81    16.87
2194    1    53.27    13.16
2194    2    25.56    16.57
2194    3    22.69    16.54
2194    4    21.11    20.27
2194    5     7.59    26.30
2194    6     0.84    34.68
2194    7     0.24    39.73
2194    8     0.00    39.45
2194    9    11.47    34.72
2194   10    18.17    26.88
2194   11    31.50    18.84
2194   12     3.51    15.81
2195    1     4.55    16.95
2195    2     7.96    15.61
2195    3     2.36    22.11
2195    4     0.88    22.44
2195    5     3.30    29.13
2195    6     8.41    33.25
2195    7     0.00    39.97
2195    8     0.05    39.30
2195    9     0.00    36.64
2195   10    40.77    28.88
2195   11     0.01    23.37
2195   12    48.82    18.76
2196    1    57.04    13.85
2196    2     9.96    16.42
2196    3    12.13    17.96
2196    4    13.60    21.96
2196    5     0.89    27.93
2196    6     0.00    36.60
2196    7     0.00    40.17
2196    8     0.19    37.71
2196    9     0.00    34.50
2196   10    20.36    27.51
2196   11     3.83    21.45
2196   12    28.16    16.58
2197    1    21.75    15.93
2197    2    23.00    15.86
2197    3    14.23    17.78
2197    4     9.30    23.72
2197    5    32.57    27.84
2197    6     0.00    35.51
2197    7     0.00    39.02
2197    8     2.95    38.17
2197    9     0.00    34.74
2197   10     2.37    29.20
2197   11    40.66    21.20
2197   12    95.62    12.53
2198    1    11.62    15.02
2198    2    11.76    14.88
2198    3     0.58    21.05
2198    4    54.68    20.84
2198    5     3.87    27.00
2198    6     0.00    35.82
2198    7     0.00    38.73
2198    8     0.00    39.58
2198    9     2.22    34.69
2198   10     2.96    29.12
2198   11     1.34    22.43
2198   12    37.97    16.30
2199    1    11.56    13.69
2199    2    37.84    13.70
2199    3     7.02    20.22
2199    4    16.70    24.10
2199    5     1.89    28.69
2199    6     0.41    37.21
2199    7     0.00    39.80
2199    8     0.00    40.89
2199    9     0.00    35.49
2199   10    35.24    28.01
2199   11    38.39    20.63
2199   12    35.48    15.80
2200    1     1.73    17.12
2200    2     6.74    17.38
2200    3    12.75    20.19
2200    4    93.77    20.17
2200    5     0.04    29.35
2200    6     2.04    33.61
2200    7     0.00    39.39
2200    8     0.09    40.00
2200    9     0.35    34.39
2200   10    20.66    28.84
2200   11    29.42    22.38
2200   12     3.39    16.68
2201    1    44.29    17.31
2201    2    83.35    14.74
2201    3    32.49    15.94
2201    4     7.47    23.60
2201    5     0.34    30.16
2201    6     0.00    35.74
2201    7     0.00    38.62
2201    8     0.00    39.61
2201    9     0.00    36.35
2201   10     1.74    29.42
2201   11    16.72    21.67
2201   12    62.51    15.29
2202    1    59.04    13.37
2202    2    43.64    14.53
2202    3    39.34    16.44
2202    4    66.66    19.32
2202    5    25.19    25.55
2202    6     1.58    33.63
2202    7     0.00    38.88
2202    8     0.00    41.26
2202    9     1.77    37.45
2202   10     0.03    30.04
2202   11    45.46    19.15
2202   12     4.18    17.26
2203    1     8.84    14.87
2203    2     9.26    17.75
2203    3    10.60    15.58
2203    4    15.15    20.33
2203    5     0.37    29.76
2203    6     0.00    36.92
2203    7     0.00    39.98
2203    8     0.00    40.43
2203    9     0.00    33.84
2203   10     0.00    29.55
2203   11    34.02    18.90
2203   12    14.57    14.48
2204    1     6.90    13.20
2204    2    13.24    17.98
2204    3    19.04    17.79
2204    4    25.15    22.70
2204    5     6.29    26.46
2204    6     0.45    36.29
2204    7     4.70    40.17
2204    8     1.50    39.79
2204    9     0.77    35.02
2204   10    37.18    27.02
2204   11    67.61    21.18
2204   12     1.23    18.10
2205    1    21.21    15.74
2205    2    30.93    13.16
2205    3    40.48    15.32
2205    4     2.81    23.70
2205    5    14.84    27.53
2205    6     2.99    34.60
2205    7     0.52    37.97
2205    8     0.00    39.37
2205    9     0.00    35.70
2205   10    15.14    26.29
2205   11    18.98    20.22
2205   12    76.63    14.44
2206    1    12.04    15.65
2206    2    26.99    13.39
2206    3    12.51    18.66
2206    4     3.98    23.19
2206    5     1.01    28.24
2206    6     8.51    33.86
2206    7     0.00    39.41
2206    8     2.20    39.53
2206    9     7.93    32.55
2206   10    25.18    25.22
2206   11    21.02    21.55
2206   12     2.52    19.36
2207    1     6.11    16.27
2207    2     2.15    18.83
2207    3    23.07    15.95
2207    4     9.09    19.02
2207    5     0.48    29.05
2207    6     4.91    36.48
2207    7     0.00    38.22
2207    8     0.00    38.79
2207    9     0.02    35.02
2207   10    22.26    29.07
2207   11    23.78    19.99
2207   12    54.15    16.14
2208    1    18.44    14.10
2208    2    28.04    15.79
2208    3    37.53    15.81
2208    4    28.70    18.59
2208    5     4.70    26.88
2208    6     0.00    35.83
2208    7     0.00    39.86
2208    8     0.00    40.65
2208    9     0.00    35.39
2208   10     4.92    28.14
2208   11    48.73    19.48
2208   12     1.63    18.05
2209    1    40.44    15.89
2209    2    23.38    11.94
2209    3     2.32    17.22
2209    4    77.07    20.57
2209    5    11.17    26.90
2209    6     0.00    37.10
2209    7     0.00    39.12
2209    8     0.00    41.32
2209    9     0.35    36.43
2209   10    32.89    30.13
2209   11    80.93    19.21
2209   12    90.27    16.13
2210    1     8.16    13.17
2210    2    26.95    13.44
2210    3    10.46    15.79
2210    4    37.04    19.01
2210    5    25.67    26.92
2210    6     1.22    33.48
2210    7     0.00    39.17
2210    8     0.00    39.70
2210    9     0.00    34.67
2210   10    30.11    29.44
2210   11     9.44    20.54
2210   12     6.68    17.01
2211    1    15.38    16.47
2211    2     5.39    18.23
2211    3    14.37    18.11
2211    4     8.81    25.00
2211    5     5.63    28.50
2211    6     0.16    36.39
2211    7     0.00    41.24
2211    8     0.00    40.18
2211    9     0.00    35.42
2211   10     8.07    28.63
2211   11    14.33    21.35
2211   12    41.33    15.26
2212    1    15.37    14.64
2212    2    14.99    18.50
2212    3    23.34    17.58
2212    4     3.82    22.21
2212    5     0.00    28.86
2212    6     0.40    34.43
2212    7     0.00    39.82
2212    8     0.00    39.25
2212    9     0.00    33.86
2212   10    26.53    26.69
2212   11     0.33    22.44
2212   12    38.43    16.13
2213    1    74.99    14.40
2213    2     5.11    18.18
2213    3     2.22    20.92
2213    4     5.78    24.27
2213    5     0.00    30.96
2213    6    11.38    33.88
2213    7     0.00    41.36
2213    8     0.00    38.58
2213    9    23.88    30.87
2213   10    68.94    26.81
2213   11    56.23    19.93
2213   12     2.31    16.94
2214    1    44.42    12.32
2214    2     4.24    18.35
2214    3    51.49    20.80
2214    4    23.90    22.72
2214    5    90.29    25.45
2214    6     0.00    34.73
2214    7     0.00    39.66
2214    8     0.00    41.35
2214    9     0.00    35.57
2214   10    64.73    30.76
2214   11    72.88    18.45
2214   12    14.99    16.21
2215    1     9.74    17.75
2215    2    88.80    13.36
2215    3     3.16    18.69
2215    4    64.78    20.95
2215    5    50.85    26.81
2215    6     9.76    34.35
2215    7     0.00    39.38
2215    8     0.00    40.13
2215    9     0.49    37.14
2215   10    29.84    28.59
2215   11    48.18    21.81
2215   12    15.05    18.40
2216    1    27.91    15.80
2216    2    46.54    15.69
2216    3    23.66    16.93
2216    4    27.18    21.83
2216    5    17.99    27.69
2216    6     0.00    35.41
2216    7     0.00    38.86
2216    8     0.00    38.74
2216    9     0.00    35.98
2216   10    38.67    28.01
2216   11    69.27    21.11
2216   12   109.03    17.72
2217    1     7.81    16.20
2217    2     6.43    17.73
2217    3     0.73    21.68
2217    4    26.32    20.33
2217    5    14.31    27.86
2217    6     0.00    35.58
2217    7     0.08    40.41
2217    8    12.15    37.40
2217    9     0.00    35.26
2217   10    25.67    28.79
2217   11     5.99    21.51
2217   12    14.97    16.62
2218    1     7.50    15.83
2218    2     6.10    17.02
2218    3   147.41    16.48
2218    4    15.95    21.37
2218    5    21.03    25.17
2218    6     0.64    36.45
2218    7     0.00    42.12
2218    8     0.00    41.81
2218    9    13.26    34.94
2218   10    32.69    27.39
2218   11    75.15    20.74
2218   12    24.16    17.76
2219    1     1.96    18.47
2219    2    57.25    13.38
2219    3    53.90    16.19
2219    4    14.84    21.40
2219    5    14.06    28.14
2219    6     0.00    35.59
2219    7     0.00    39.91
2219    8     0.61    40.65
2219    9     0.00    34.82
2219   10    19.38    26.39
2219   11    15.86    23.05
2219   12    11.33    17.42
2220    1    24.08    16.41
2220    2    24.08    18.14
2220    3    17.03    18.02
2220    4     8.96    23.51
2220    5     3.62    29.56
2220    6     4.87    33.92
2220    7     0.00    39.72
2220    8     0.00    40.58
2220    9     0.00    37.08
2220   10     0.09    29.88
2220   11    27.23    18.08
2220   12    91.26    15.93
2221    1    17.14    14.65
2221    2     1.46    18.26
2221    3    62.20    16.96
2221    4    25.40    22.19
2221    5     5.97    26.86
2221    6     5.31    33.11
2221    7     0.00    40.04
2221    8     0.00    39.25
2221    9     0.00    36.23
2221   10     7.45    29.82
2221   11   102.46    17.04
2221   12    27.90    17.86
2222    1    13.08    16.11
2222    2    42.90    17.38
2222    3    44.30    16.93
2222    4    52.83    21.25
2222    5    29.17    24.29
2222    6     0.00    34.01
2222    7     0.00    39.45
2222    8     0.00    40.99
2222    9    37.52    33.33
2222   10    21.98    28.59
2222   11    10.40    22.90
2222   12    33.37    15.98
2223    1     3.64    16.83
2223    2    44.43    17.03
2223    3     1.09    21.12
2223    4     2.22    24.06
2223    5     0.00    30.16
2223    6     0.70    35.31
2223    7     7.06    39.09
2223    8     0.00    37.48
2223    9     0.00    36.66
2223   10     5.26    30.25
2223   11    58.14    21.52
2223   12    14.15    17.58
2224    1    40.45    16.30
2224    2    12.19    17.49
2224    3    50.91    18.50
2224    4    69.39    20.53
2224    5     7.66    25.84
2224    6     0.08    35.01
2224    7     0.00    39.67
2224    8     0.00    41.83
2224    9     0.00    36.45
2224   10   109.51    26.92
2224   11    70.04    19.07
2224   12     3.49    16.90
2225    1    36.44    16.85
2225    2    27.31    15.10
2225    3    17.87    17.27
2225    4     5.18    22.01
2225    5     0.27    29.51
2225    6    13.78    35.81
2225    7     2.52    37.27
2225    8     0.13    39.14
2225    9     2.03    34.20
2225   10    36.24    28.42
2225   11    40.59    21.10
2225   12     2.78    18.58
2226    1     7.94    16.61
2226    2     8.35    17.74
2226    3    33.46    20.37
2226    4     6.50    24.72
2226    5     0.00    29.76
2226    6     0.00    37.84
2226    7     0.00    39.84
2226    8     6.49    39.74
2226    9     0.59    34.09
2226   10    12.38    29.16
2226   11    71.94    19.65
2226   12    86.56    15.70
2227    1     0.85    18.54
2227    2     6.02    19.34
2227    3   107.02    17.91
2227    4    10.15    22.63
2227    5     8.84    29.28
2227    6    41.17    33.09
2227    7     1.80    40.56
2227    8    47.95    39.66
2227    9     0.00    35.74
2227   10     0.10    31.13
2227   11     1.94    24.39
2227   12    58.35    17.78
2228    1    38.75    16.40
2228    2    65.19    15.79
2228    3    15.15    19.08
2228    4    26.98    20.19
2228    5     0.64    27.65
2228    6     0.00    35.04
2228    7     0.02    38.84
2228    8     0.00    40.97
2228    9     1.97    37.41
2228   10    30.61    29.05
2228   11    25.05    24.02
2228   12     8.48    17.80
2229    1     3.79    17.27
2229    2    32.12    19.34
2229    3    22.81    19.36
2229    4     7.44    22.33
2229    5     5.21    29.16
2229    6     0.00    37.40
2229    7     0.00    40.48
2229    8     0.00    40.36
2229    9     0.00    35.81
2229   10    24.43    26.53
2229   11    23.74    20.83
2229   12    39.82    15.94
2230    1    13.97    15.95
2230    2    39.39    15.92
2230    3    43.12    19.29
2230    4    22.03    20.84
2230    5     0.93    28.58
2230    6     0.00    36.78
2230    7     0.00    42.61
2230    8     0.00    40.72
2230    9     0.00    35.47
2230   10     2.40    27.57
2230   11    27.45    21.77
2230   12    18.84    17.63
2231    1    27.86    14.50
2231    2    37.11    13.75
2231    3    33.30    18.01
2231    4    10.17    22.60
2231    5     6.80    29.37
2231    6     0.33    36.51
2231    7     1.65    39.83
2231    8     0.00    41.74
2231    9     0.46    36.30
2231   10   138.19    27.19
2231   11    24.83    22.04
2231   12    22.68    17.82
2232    1    40.06    16.76
2232    2    51.06    16.72
2232    3    50.75    20.00
2232    4    40.32    18.65
2232    5    10.89    30.01
2232    6     0.00    36.20
2232    7     0.00    40.52
2232    8     0.00    41.19
2232    9     0.00    37.62
2232   10    44.01    28.69
2232   11    30.59    22.65
2232   12    78.86    14.92
2233    1     2.40    17.22
2233    2    12.17    17.49
2233    3     3.49    20.60
2233    4     7.40    23.69
2233    5    26.69    28.82
2233    6     0.00    35.58
2233    7     3.45    40.82
2233    8     0.00    40.28
2233    9     0.00    37.13
2233   10     1.30    30.22
2233   11    45.13    21.08
2233   12    37.48    15.59
2234    1    41.26    15.68
2234    2    90.59    13.48
2234    3    23.98    17.71
2234    4    18.09    24.47
2234    5     4.71    27.65
2234    6     3.31    35.04
2234    7     0.00    41.80
2234    8     0.00    39.21
2234    9     0.00    36.17
2234   10     0.12    31.34
2234   11    70.91    20.08
2234   12    47.68    14.94
2235    1    10.99    16.22
2235    2    35.06    14.29
2235    3    10.63    18.72
2235    4    31.89    23.31
2235    5     0.00    30.88
2235    6     1.45    37.41
2235    7     0.00    40.96
2235    8     3.88    40.20
2235    9     0.00    37.24
2235   10    16.82    28.85
2235   11    16.14    23.64
2235   12    53.93    15.20
2236    1    17.74    14.33
2236    2     8.04    19.65
2236    3    41.65    16.03
2236    4    10.88    21.71
2236    5     9.90    26.45
2236    6     0.00    36.21
2236    7     0.00    42.01
2236    8     0.00    40.51
2236    9     0.00    36.95
2236   10    14.92    30.09
2236   11    16.21    23.08
2236   12    34.83    15.12
2237    1     8.23    15.78
2237    2     4.65    20.62
2237    3    34.68    19.50
2237    4    42.08    23.06
2237    5     2.55    29.05
2237    6     0.00    37.09
2237    7     0.00    40.74
2237    8     0.00    40.08
2237    9    23.26    35.56
2237   10    20.78    25.97
2237   11     1.42    20.96
2237   12     1.51    17.53
2238    1    11.77    16.93
2238    2   117.34    13.77
2238    3    38.15    17.95
2238    4     9.34    23.46
2238    5     0.00    28.91
2238    6     1.10    36.77
2238    7     0.00    42.60
2238    8     0.00    39.29
2238    9     0.00    36.21
2238   10     5.72    29.06
2238   11    83.24    22.52
2238   12    57.66    15.23
2239    1    55.82    15.00
2239    2     3.00    17.25
2239    3     2.61    24.22
2239    4    22.93    22.23
2239    5     7.60    29.31
2239    6     0.00    36.99
2239    7     0.00    40.22
2239    8     0.00    39.54
2239    9     7.53    34.76
2239   10    75.53    25.65
2239   11    49.52    22.07
2239   12    71.89    16.31
2240    1     0.67    15.94
2240    2    67.15    14.28
2240    3    99.26    17.17
2240    4    27.67    23.06
2240    5     5.37    27.50
2240    6    10.05    36.68
2240    7     0.80    39.64
2240    8     0.87    40.17
2240    9     0.00    36.57
2240   10     4.76    30.48
2240   11     5.72    23.25
2240   12    66.54    18.07
2241    1    36.94    12.69
2241    2     8.28    17.22
2241    3    15.71    21.63
2241    4    30.99    18.87
2241    5    10.99    26.85
2241    6     0.00    36.61
2241    7     0.00    40.45
2241    8     0.00    41.47
2241    9     0.00    36.25
2241   10     0.80    30.46
2241   11    69.93    21.15
2241   12     8.06    16.33
2242    1     3.56    17.19
2242    2    21.51    16.63
2242    3    19.41    18.87
2242    4    23.99    23.17
2242    5    11.10    28.62
2242    6     0.10    35.37
2242    7     0.00    41.38
2242    8     0.00    42.22
2242    9     0.06    37.33
2242   10    70.64    28.12
2242   11    34.94    21.73
2242   12     1.55    17.34
2243    1    21.60    12.09
2243    2    13.87    16.76
2243    3    11.42    16.75
2243    4    15.15    21.74
2243    5    17.28    28.58
2243    6     5.26    36.59
2243    7     0.00    40.29
2243    8     0.22    39.22
2243    9     0.00    35.50
2243   10     0.76    29.97
2243   11    20.28    21.87
2243   12     4.86    17.47
2244    1     8.22    16.57
2244    2    10.38    19.34
2244    3    12.88    18.81
2244    4    47.63    21.72
2244    5     9.18    27.06
2244    6     0.00    35.89
2244    7     0.00    41.25
2244    8     0.00    42.04
2244    9     2.20    36.43
2244   10     7.87    30.02
2244   11    46.02    20.55
2244   12    31.12    16.04
2245    1     9.17    17.74
2245    2    15.19    17.20
2245    3     2.22    19.79
2245    4     3.28    25.13
2245    5    14.38    28.39
2245    6     0.00    38.99
2245    7     0.78    42.01
2245    8     0.00    41.86
2245    9     0.00    36.98
2245   10    52.77    29.39
2245   11   128.78    21.24
2245   12    12.23    19.49
2246    1    19.10    14.34
2246    2    15.65    16.68
2246    3    75.94    18.50
2246    4    16.84    23.38
2246    5    10.92    29.71
2246    6     0.00    36.76
2246    7     0.00    41.32
2246    8     0.04    41.29
2246    9     0.15    35.71
2246   10    63.59    25.64
2246   11   111.74    18.55
2246   12    53.99    16.17
2247    1    35.08    12.34
2247    2    17.90    14.14
2247    3     8.78    17.84
2247    4     4.90    23.52
2247    5     0.47    29.64
2247    6     0.33    35.45
2247    7     0.00    40.87
2247    8     1.63    41.11
2247    9     1.16    37.59
2247   10     2.68    30.85
2247   11    20.31    23.48
2247   12    62.11    16.66
2248    1    10.55    16.29
2248    2     0.00    19.79
2248    3    21.72    17.77
2248    4    17.47    23.54
2248    5    39.55    25.37
2248    6     0.00    37.09
2248    7     0.00    41.58
2248    8     2.70    39.61
2248    9     3.10    36.40
2248   10    42.81    26.89
2248   11    72.40    22.65
2248   12     8.24    19.32
2249    1    16.99    18.66
2249    2    82.75    13.28
2249    3    20.08    18.29
2249    4     6.29    25.87
2249    5     3.07    30.15
2249    6     0.00    37.18
2249    7     0.00    40.85
2249    8     3.29    39.46
2249    9     0.20    36.01
2249   10    59.03    29.69
2249   11    88.49    20.84
2249   12    37.46    19.02
2250    1    35.46    15.03
2250    2    20.79    16.79
2250    3    56.28    18.60
2250    4    13.47    22.81
2250    5    60.51    26.62
2250    6     0.00    35.90
2250    7     0.00    40.53
2250    8     0.00    41.18
2250    9     1.21    36.80
2250   10     7.74    30.23
2250   11     0.01    24.37
2250   12    14.33    19.39
2251    1     1.00    19.71
2251    2     1.62    19.78
2251    3     0.80    22.96
2251    4    44.64    24.03
2251    5    82.45    26.17
2251    6    15.30    34.00
2251    7     0.82    39.51
2251    8     0.00    41.61
2251    9     0.25    38.22
2251   10     4.03    31.18
2251   11    14.58    23.41
2251   12    75.04    16.72
2252    1    23.83    16.46
2252    2     8.29    20.00
2252    3    12.38    22.13
2252    4    39.08    20.16
2252    5     2.19    28.80
2252    6     0.07    37.71
2252    7     0.00    42.77
2252    8     0.00    42.10
2252    9     1.66    33.12
2252   10     9.71    28.55
2252   11    73.32    22.06
2252   12    35.33    17.67
2253    1    30.93    15.14
2253    2    14.66    17.54
2253    3    93.42    19.58
2253    4    60.24    21.71
2253    5     0.23    28.41
2253    6     0.00    35.28
2253    7     0.00    41.97
2253    8     0.00    40.46
2253    9     0.00    36.19
2253   10    15.49    30.50
2253   11    47.77    22.18
2253   12     4.98    17.96
2254    1     8.49    18.18
2254    2     0.82    22.18
2254    3    22.71    20.06
2254    4     6.07    22.86
2254    5     3.48    29.11
2254    6     0.00    38.54
2254    7     0.00    42.37
2254    8     6.32    39.56
2254    9     0.00    35.59
2254   10    32.18    29.99
2254   11    26.11    21.29
2254   12    80.04    16.53
2255    1    18.46    15.62
2255    2    32.29    15.61
2255    3    20.98    20.75
2255    4    19.76    22.36
2255    5    32.34    26.73
2255    6     1.05    37.40
2255    7     0.00    40.64
2255    8     0.00    40.74
2255    9     0.00    35.68
2255   10    38.32    29.11
2255   11    10.94    23.18
2255   12    54.09    18.15
2256    1    22.57    16.62
2256    2     0.23    19.92
2256    3     3.25    23.20
2256    4     6.59    25.61
2256    5     1.99    30.13
2256    6     2.07    38.74
2256    7     0.01    42.38
2256    8     0.00    40.53
2256    9     0.00    36.14
2256   10     6.66    28.57
2256   11    68.71    21.20
2256   12     0.55    20.01
2257    1    12.02    16.26
2257    2    39.27    12.73
2257    3   103.98    14.62
2257    4    58.34    18.20
2257    5     1.31    28.17
2257    6    10.08    35.15
2257    7     0.00    40.77
2257    8     1.71    40.46
2257    9    14.03    36.02
2257   10     1.44    30.28
2257   11     7.12    24.06
2257   12    37.01    17.08
2258    1     6.87    19.21
2258    2    50.98    16.58
2258    3    19.08    16.63
2258    4    31.04    20.27
2258    5    15.12    24.97
2258    6    26.35    33.57
2258    7     0.00    40.47
2258    8     0.00    41.61
2258    9     0.00    37.33
2258   10    37.12    30.70
2258   11    79.64    22.46
2258   12    38.75    17.57
2259    1    32.80    16.30
2259    2    16.03    18.11
2259    3     2.17    20.56
2259    4    49.76    22.17
2259    5    19.12    26.09
2259    6     0.00    36.80
2259    7     0.00    40.40
2259    8     0.00    41.04
2259    9     0.00    38.15
2259   10    36.61    29.74
2259   11   125.76    20.10
2259   12    34.11    16.30
2260    1     0.27    18.64
2260    2    38.55    16.23
2260    3    44.03    16.39
2260    4    37.19    21.20
2260    5     5.24    26.95
2260    6     0.00    36.79
2260    7     1.61    41.56
2260    8     0.00    40.84
2260    9    63.65    36.20
2260   10    80.87    27.90
2260   11    32.83    21.26
2260   12    25.59    14.95
2261    1     2.62    18.11
2261    2    19.13    18.23
2261    3    35.55    19.01
2261    4     3.69    21.58
2261    5    10.70    28.06
2261    6    16.10    34.06
2261    7     0.00    41.74
2261    8     0.00    42.05
2261    9     0.00    38.01
2261   10     7.25    32.68
2261   11     1.77    25.41
2261   12    41.02    18.84
2262    1    55.02    14.85
2262    2    15.09    19.82
2262    3     8.74    22.56
2262    4    17.71    26.74
2262    5    50.95    28.64
2262    6     5.62    35.32
2262    7     0.00    42.68
2262    8     0.00    41.37
2262    9     0.00    37.51
2262   10     0.01    32.11
2262   11    74.19    24.11
2262   12    93.73    18.29
2263    1     1.72    18.08
2263    2    21.99    17.94
2263    3    11.27    21.72
2263    4    62.00    21.41
2263    5     0.56    30.16
2263    6    10.52    37.42
2263    7     0.00    42.83
2263    8     0.00    40.83
2263    9     0.00    38.64
2263   10    26.29    31.62
2263   11    79.06    23.28
2263   12    63.99    16.92
2264    1    27.76    16.81
2264    2     9.35    18.88
2264    3    38.26    18.52
2264    4    13.38    23.79
2264    5    19.59    27.60
2264    6     0.00    37.95
2264    7     0.02    41.99
2264    8     2.12    39.73
2264    9     2.50    37.32
2264   10     0.45    32.04
2264   11    36.88    22.03
2264   12    10.51    18.32
2265    1    91.68    17.00
2265    2    21.59    17.05
2265    3    20.81    20.55
2265    4    62.16    20.65
2265    5    12.04    27.45
2265    6     0.17    37.05
2265    7     0.00    41.85
2265    8     0.00    42.20
2265    9     0.00    36.32
2265   10     7.67    26.70
2265   11    31.62    20.58
2265   12     9.26    17.54
2266    1     3.91    17.91
2266    2     2.83    19.91
2266    3    27.76    16.99
2266    4   104.38    19.42
2266    5    21.68    27.06
2266    6     0.00    36.49
2266    7     0.00    40.56
2266    8     0.00    44.37
2266    9     4.45    38.74
2266   10     4.50    32.12
2266   11     9.36    23.63
2266   12    22.71    18.12
2267    1    96.75    17.03
2267    2    27.62    17.62
2267    3     0.09    23.15
2267    4    36.65    22.06
2267    5     1.98    31.04
2267    6     0.00    40.26
2267    7     2.66    41.61
2267    8     0.00    42.75
2267    9     0.00    38.55
2267   10    13.76    31.10
2267   11    68.51    20.50
2267   12    56.02    17.59
2268    1    22.65    17.49
2268    2    66.00    17.28
2268    3     1.33    20.88
2268    4    67.56    25.68
2268    5     9.62    30.18
2268    6     0.00    35.65
2268    7     0.14    41.20
2268    8     0.00    42.58
2268    9     0.09    37.92
2268   10     9.82    29.87
2268   11    23.83    21.52
2268   12     9.76    18.70
2269    1    13.47    16.09
2269    2    26.49    17.47
2269    3    64.38    17.45
2269    4    11.10    21.94
2269    5     6.70    30.69
2269    6     5.95    36.82
2269    7     0.00    43.06
2269    8     0.00    40.88
2269    9     0.00    36.78
2269   10     5.36    29.15
2269   11    74.53    21.04
2269   12    20.81    18.65
2270    1     8.39    17.84
2270    2     5.33    17.28
2270    3    11.48    19.58
2270    4    14.80    23.51
2270    5    28.90    26.83
2270    6     0.00    38.39
2270    7     0.00    42.84
2270    8     0.00    43.47
2270    9     0.20    37.36
2270   10    51.75    31.44
2270   11    17.69    24.78
2270   12    40.98    19.33
2271    1    36.77    16.13
2271    2    10.79    19.42
2271    3    34.48    20.72
2271    4    33.79    22.53
2271    5     9.82    29.22
2271    6     0.00    36.55
2271    7     0.00    41.54
2271    8     0.00    42.36
2271    9     0.00    35.73
2271   10    24.87    27.71
2271   11    14.24    25.30
2271   12     0.74    18.77
2272    1     2.97    18.74
2272    2     1.94    20.04
2272    3     4.05    20.25
2272    4    30.58    21.50
2272    5    28.30    29.16
2272    6     4.31    35.50
2272    7     0.00    40.63
2272    8     0.00    41.62
2272    9     0.00    37.58
2272   10     0.22    31.16
2272   11   167.61    21.32
2272   12    32.41    17.10
2273    1     3.34    18.63
2273    2     9.84    18.14
2273    3    22.65    21.29
2273    4    27.90    22.85
2273    5    14.94    28.87
2273    6     0.39    37.81
2273    7     7.39    40.70
2273    8     0.00    41.23
2273    9    15.00    35.85
2273   10    39.77    28.17
2273   11    19.44    22.56
2273   12    90.06    18.34
2274    1    23.88    16.09
2274    2    42.53    17.20
2274    3     9.70    21.21
2274    4    24.46    26.01
2274    5     0.01    29.84
2274    6     5.29    37.41
2274    7     0.00    42.10
2274    8     0.00    44.37
2274    9     0.00    39.08
2274   10     6.51    30.33
2274   11    21.97    22.24
2274   12    20.97    17.00
2275    1     0.84    18.22
2275    2    17.81    18.74
2275    3    63.61    17.54
2275    4     4.97    23.37
2275    5    11.00    29.50
2275    6    10.54    37.03
2275    7     0.00    41.48
2275    8    17.31    40.51
2275    9     0.00    36.50
2275   10    35.54    29.24
2275   11    70.16    19.44
2275   12     4.37    19.82
2276    1     3.12    17.47
2276    2     0.02    21.32
2276    3    11.31    24.10
2276    4    13.03    22.71
2276    5     8.26    28.91
2276    6     0.45    35.98
2276    7     0.00    40.30
2276    8     0.00    40.52
2276    9    42.23    33.34
2276   10    14.53    29.45
2276   11    61.02    23.84
2276   12    23.32    18.88
2277    1    25.87    17.12
2277    2    10.84    19.17
2277    3    43.90    17.37
2277    4     0.10    24.71
2277    5     1.19    30.95
2277    6     0.00    37.83
2277    7     0.00    43.06
2277    8     0.00    42.99
2277    9    45.92    36.23
2277   10     0.02    29.21
2277   11     4.33    23.64
2277   12     1.70    21.04
2278    1    12.94    18.72
2278    2    24.24    20.08
2278    3    13.44    22.00
2278    4    46.34    21.70
2278    5     5.27    29.25
2278    6     0.32    36.50
2278    7     0.56    40.60
2278    8     0.00    39.93
2278    9     0.00    37.62
2278   10     0.00    30.55
2278   11    55.66    22.17
2278   12    25.09    18.55
2279    1    44.07    18.30
2279    2     6.46    20.30
2279    3    53.46    18.92
2279    4     3.47    22.96
2279    5     0.11    31.02
2279    6     0.00    35.66
2279    7     0.00    41.05
2279    8     0.00    41.26
2279    9     0.00    37.84
2279   10    30.42    29.67
2279   11     6.15    23.50
2279   12    10.70    19.07
2280    1     3.05    19.40
2280    2     4.72    20.64
2280    3    51.94    18.73
2280    4     3.62    23.99
2280    5    10.29    30.36
2280    6     0.00    37.98
2280    7     4.37    41.25
2280    8     0.00    40.49
2280    9     0.00    37.22
2280   10    30.45    28.55
2280   11    63.66    20.31
2280   12    11.21    16.73
2281    1     3.72    17.97
2281    2    27.44    18.44
2281    3    17.76    20.32
2281    4     0.79    22.02
2281    5     0.02    29.48
2281    6     1.06    36.56
2281    7     0.00    39.69
2281    8     0.00    40.61
2281    9     0.10    36.72
2281   10     5.04    28.13
2281   11     5.62    22.80
2281   12    10.15    19.96
2282    1    83.42    16.67
2282    2     3.63    19.20
2282    3    17.41    19.07
2282    4    16.00    21.89
2282    5     5.65    30.10
2282    6     0.00    38.97
2282    7     0.36    42.32
2282    8     0.00    42.06
2282    9     1.36    38.26
2282   10     5.66    31.44
2282   11    25.56    22.56
2282   12   117.89    18.80
2283    1     1.80    18.10
2283    2     2.96    16.66
2283    3    12.47    22.97
2283    4    84.00    18.96
2283    5    33.09    28.24
2283    6     0.00    37.82
2283    7     1.75    40.28
2283    8     0.57    40.89
2283    9     6.05    34.54
2283   10    24.86    29.97
2283   11    28.32    22.62
2283   12   102.41    15.38
2284    1   105.35    15.92
2284    2    15.10    17.28
2284    3     4.55    20.75
2284    4     9.74    25.22
2284    5    23.64    28.41
2284    6     0.00    37.38
2284    7     0.00    40.96
2284    8     0.00    41.03
2284    9     0.00    39.37
2284   10    19.16    30.28
2284   11    38.14    24.85
2284   12    18.02    19.21
2285    1    74.05    16.25
2285    2     6.22    19.14
2285    3     6.00    23.94
2285    4    35.75    26.29
2285    5    19.05    28.34
2285    6     0.75    36.18
2285    7     0.00    42.00
2285    8     0.00    41.97
2285    9     0.00    39.05
2285   10    68.40    30.62
2285   11   103.57    23.09
2285   12    14.35    19.79
2286    1    21.84    19.04
2286    2     6.60    20.11
2286    3   107.77    15.96
2286    4    26.57    21.89
2286    5     0.37    28.52
2286    6     0.00    35.88
2286    7     0.00    40.69
2286    8     2.32    41.31
2286    9     0.00    36.67
2286   10    45.28    30.39
2286   11    11.48    22.68
2286   12    36.52    17.49
2287    1     8.11    16.69
2287    2    48.41    17.09
2287    3    69.48    16.76
2287    4     2.54    24.97
2287    5     0.00    31.36
2287    6     7.73    36.51
2287    7     0.57    40.61
2287    8     0.00    42.52
2287    9     2.12    35.67
2287   10     3.09    31.98
2287   11    13.86    24.30
2287   12    37.15    15.44
2288    1     7.68    16.56
2288    2    14.26    18.83
2288    3     3.78    21.33
2288    4    14.11    26.13
2288    5    43.90    27.33
2288    6     0.00    37.09
2288    7     0.00    43.11
2288    8     0.00    42.90
2288    9     1.68    38.31
2288   10    48.05    30.50
2288   11     2.55    25.15
2288   12    34.82    18.64
2289    1    13.02    17.79
2289    2     9.95    19.70
2289    3    43.75    19.55
2289    4    14.79    21.64
2289    5     4.52    30.59
2289    6     0.00    38.00
2289    7     0.00    43.93
2289    8     0.00    41.01
2289    9     0.00    37.61
2289   10    36.00    29.78
2289   11    86.78    23.42
2289   12     0.57    19.29
2290    1     3.54    19.47
2290    2     8.20    18.88
2290    3    27.19    19.23
2290    4     3.07    24.59
2290    5    18.05    28.12
2290    6     0.00    37.68
2290    7     0.00    42.57
2290    8     0.00    43.63
2290    9     0.08    36.76
2290   10    51.54    29.10
2290   11    25.77    20.68
2290   12    18.31    16.81
2291    1    25.73    16.19
2291    2     1.60    16.67
2291    3    13.81    17.90
2291    4     8.50    26.15
2291    5    67.70    26.80
2291    6     0.00    36.31
2291    7     0.00    41.73
2291    8     9.58    40.58
2291    9     0.82    36.55
2291   10   161.12    30.57
2291   11    26.50    23.62
2291   12    36.57    17.83
2292    1    38.27    14.61
2292    2    30.55    18.34
2292    3    70.10    19.99
2292    4     4.69    24.36
2292    5     1.00    29.30
2292    6     4.59    36.21
2292    7     7.95    40.76
2292    8     4.89    39.51
2292    9     0.00    37.10
2292   10     0.05    32.18
2292   11    35.81    22.40
2292   12    12.66    17.86
2293    1    16.70    15.75
2293    2    50.38    16.87
2293    3    38.67    19.76
2293    4     9.81    21.33
2293    5    25.25    26.37
2293    6     0.00    36.56
2293    7     0.11    42.75
2293    8     0.00    41.93
2293    9     1.31    37.45
2293   10    45.14    29.60
2293   11    47.58    22.59
2293   12    50.81    18.36
2294    1     0.29    19.69
2294    2     2.65    21.61
2294    3     1.44    23.32
2294    4    51.84    19.93
2294    5    35.87    26.36
2294    6     0.48    36.07
2294    7     0.00    41.34
2294    8     2.94    38.51
2294    9     0.00    37.74
2294   10    26.51    31.60
2294   11    28.47    25.20
2294   12    15.43    19.80
2295    1    17.00    17.61
2295    2    32.48    19.95
2295    3    23.19    19.82
2295    4     3.53    25.44
2295    5    13.14    28.78
2295    6     1.98    35.43
2295    7    15.22    39.58
2295    8     0.00    41.91
2295    9     0.94    37.41
2295   10    61.52    29.36
2295   11    80.46    21.23
2295   12    32.71    16.16
2296    1    43.64    13.74
2296    2     0.27    21.61
2296    3    17.28    19.48
2296    4    37.95    23.16
2296    5    25.01    27.30
2296    6     0.00    38.66
2296    7     0.00    42.87
2296    8     0.93    41.79
2296    9     4.62    38.49
2296   10    13.39    31.61
2296   11    19.05    24.70
2296   12    27.91    17.01
2297    1    47.90    15.46
2297    2    46.69    19.19
2297    3    30.51    18.62
2297    4    22.54    21.38
2297    5     4.63    30.88
2297    6    13.28    34.64
2297    7     0.00    41.40
2297    8     0.00    42.83
2297    9     0.00    37.56
2297   10    46.45    29.92
2297   11    89.26    21.60
2297   12    50.79    18.17
2298    1    64.96    16.38
2298    2    70.81    16.03
2298    3     5.48    19.52
2298    4    29.21    21.38
2298    5     0.36    29.32
2298    6     0.00    36.08
2298    7     0.00    43.26
2298    8     0.00    42.54
2298    9     0.00    39.40
2298   10    28.53    32.91
2298   11    44.01    21.85
2298   12     4.64    19.49
2299    1    39.02    18.12
2299    2    35.34    16.88
2299    3     9.59    19.54
2299    4     4.27    24.41
2299    5     4.09    31.59
2299    6     0.04    36.77
2299    7     0.30    41.76
2299    8     0.00    41.84
2299    9     0.00    37.62
2299   10    14.86    29.91
2299   11    44.44    22.21
2299   12    27.44    19.26
2300    1     2.62    17.16
2300    2    31.42    19.24
2300    3    51.14    16.32
2300    4     9.28    22.19
2300    5     0.00    30.85
2300    6     0.02    38.06
2300    7     0.00    42.09
2300    8     0.00    42.19
2300    9     0.00    38.10
2300   10     0.03    31.41
2300   11     3.44    24.48
2300   12    25.09    16.05
