2006    1    30.18    -1.47
2006    2    49.85     4.46
2006    3    77.98     7.29
2006    4   123.75     9.99
2006    5   121.63    16.74
2006    6   128.26    22.88
2006    7   145.12    20.96
2006    8    41.42    24.21
2006    9    26.64    17.47
2006   10   105.24     8.46
2006   11    61.09     3.14
2006   12    25.16     1.04
2007    1    33.56     0.88
2007    2    45.15    -2.06
2007    3    82.74     3.99
2007    4   132.83     9.76
2007    5   123.76    15.99
2007    6   155.27    22.29
2007    7    67.99    23.54
2007    8    74.26    19.71
2007    9   142.41    14.64
2007   10   121.79     8.22
2007   11    57.68     3.65
2007   12    60.69    -0.11
2008    1    58.29    -0.18
2008    2    44.45     1.54
2008    3   110.32     6.57
2008    4    92.93    11.56
2008    5   185.91    16.94
2008    6   110.14    22.16
2008    7    60.78    22.89
2008    8    78.13    24.15
2008    9    70.84    16.27
2008   10    18.27     8.64
2008   11    17.11     5.60
2008   12    35.22     0.06
2009    1    65.11    -0.17
2009    2    62.44     0.78
2009    3    83.53     5.74
2009    4   141.65    11.02
2009    5   106.60    16.79
2009    6   121.65    24.30
2009    7    48.97    26.24
2009    8    58.37    25.99
2009    9    39.72    15.98
2009   10   103.95     9.58
2009   11    42.41     6.27
2009   12    48.97    -2.86
2010    1    42.46    -3.76
2010    2    68.83     0.35
2010    3    33.61     3.46
2010    4   170.48    10.54
2010    5   145.15    15.61
2010    6   155.98    23.01
2010    7    96.78    23.74
2010    8    87.07    22.53
2010    9   102.98    15.03
2010   10    16.88     7.76
2010   11    53.25     1.84
2010   12    43.31     4.44
2011    1    35.66     1.73
2011    2    45.80     2.13
2011    3    65.13     4.26
2011    4   192.61    11.59
2011    5   112.31    17.46
2011    6   144.28    24.07
2011    7    57.67    25.72
2011    8    72.76    25.15
2011    9    75.01    15.38
2011   10    24.65    11.22
2011   11    67.10     5.96
2011   12    15.65     0.29
2012    1    26.99    -0.81
2012    2    39.56     2.50
2012    3   110.58     4.81
2012    4   110.53    10.26
2012    5   107.46    15.74
2012    6    37.43    27.27
2012    7   106.30    26.95
2012    8    80.43    25.43
2012    9    74.17    14.55
2012   10    38.52     9.30
2012   11    44.53     5.43
2012   12    42.75     2.13
2013    1    93.41     0.24
2013    2    46.34     3.04
2013    3    86.98     8.25
2013    4    98.48     9.21
2013    5   151.37    16.09
2013    6   132.97    24.77
2013    7    46.63    26.74
2013    8   154.91    22.44
2013    9   128.22    15.37
2013   10    17.43     9.46
2013   11    47.67     2.10
2013   12    38.40    -2.71
2014    1    32.08    -3.94
2014    2    44.51    -5.45
2014    3    64.86     2.46
2014    4   137.03    11.28
2014    5    86.63    18.01
2014    6    95.50    22.15
2014    7    52.47    27.01
2014    8    45.41    27.61
2014    9    44.52    17.49
2014   10    66.15     8.88
2014   11    97.77     1.82
2014   12    26.06    -0.80
2015    1    12.77     0.48
2015    2    43.27    -0.58
2015    3   131.40     2.93
2015    4    90.78    11.90
2015    5   225.46    15.79
2015    6   215.24    21.13
2015    7    51.78    25.07
2015    8    93.39    23.47
2015    9     8.52    18.13
2015   10    57.97    10.67
2015   11    17.68     5.13
2015   12    63.73    -3.81
2016    1    48.80    -3.96
2016    2    47.48     1.32
2016    3    79.23     6.58
2016    4    74.88    11.99
2016    5   111.03    18.98
2016    6    83.81    23.58
2016    7    35.33    26.73
2016    8     8.48    27.11
2016    9    45.92    17.74
2016   10    20.57     9.09
2016   11    79.23     3.58
2016   12    37.67    -1.19
2017    1    25.64    -2.49
2017    2    54.56     2.79
2017    3   120.18     6.95
2017    4    94.01     8.64
2017    5   144.35    17.75
2017    6   186.66    22.87
2017    7    84.37    24.05
2017    8    69.31    21.31
2017    9    43.55    18.60
2017   10    74.45    10.14
2017   11    18.45     6.29
2017   12     7.98    -0.52
2018    1    53.03    -1.06
2018    2    39.61     0.30
2018    3    84.18     4.96
2018    4    75.14    10.19
2018    5   110.30    19.21
2018    6   120.99    23.76
2018    7    42.94    27.44
2018    8    41.62    25.67
2018    9    54.20    18.62
2018   10    13.43    11.20
2018   11     7.35     0.99
2018   12    65.05    -0.53
2019    1    13.71    -2.32
2019    2    41.52     0.26
2019    3    60.38     3.33
2019    4    51.41    11.97
2019    5   183.49    16.83
2019    6   174.90    23.81
2019    7   110.55    24.25
2019    8    64.32    23.87
2019    9    19.62    20.74
2019   10   109.88     8.69
2019   11    85.85     0.45
2019   12    48.49     0.88
2020    1    68.09     0.45
2020    2    39.92     2.89
2020    3    66.69     6.97
2020    4   204.06     8.06
2020    5    99.47    19.21
2020    6   226.72    21.97
2020    7   143.66    22.96
2020    8   122.31    21.06
2020    9    46.05    15.37
2020   10    29.75    12.87
2020   11    26.07     2.80
2020   12    35.86    -0.62
2021    1    39.04    -0.11
2021    2    73.07    -0.24
2021    3    77.45     4.88
2021    4   164.13    11.16
2021    5   160.93    16.17
2021    6    81.84    24.05
2021    7    84.79    26.26
2021    8   218.09    20.76
2021    9    51.64    16.75
2021   10    65.69    12.12
2021   11    45.58     2.36
2021   12    28.70    -4.04
2022    1    84.01    -1.49
2022    2    70.61     1.63
2022    3   117.84     0.12
2022    4   139.97     9.30
2022    5   137.13    15.73
2022    6   152.07    23.57
2022    7    87.70    25.89
2022    8    30.37    22.53
2022    9    17.00    19.61
2022   10    10.75    13.72
2022   11    71.90     1.69
2022   12    45.86    -2.19
2023    1    38.45    -2.19
2023    2    49.37    -1.86
2023    3    84.14     8.68
2023    4   186.83    10.39
2023    5   152.29    17.43
2023    6   118.32    24.13
2023    7   119.44    25.59
2023    8    29.48    23.32
2023    9   118.65    17.61
2023   10    19.63     7.45
2023   11    43.02     3.96
2023   12    15.22     4.81
2024    1     9.14     3.99
2024    2    29.83     1.72
2024    3    82.88     7.38
2024    4   207.27    12.65
2024    5   138.85    18.44
2024    6    61.30    23.56
2024    7    35.28    27.95
2024    8    91.93    23.69
2024    9    10.03    18.24
2024   10    76.76    11.32
2024   11    63.88     5.31
2024   12    37.79     0.80
2025    1    47.30     2.05
2025    2    34.33     0.70
2025    3   122.25     7.03
2025    4   162.89    12.05
2025    5   199.96    18.96
2025    6   164.87    22.92
2025    7    84.26    23.61
2025    8    16.96    23.43
2025    9    84.51    18.74
2025   10    78.44     9.57
2025   11    62.16     4.72
2025   12    25.50     2.16
2026    1    21.76     2.08
2026    2    34.10     4.18
2026    3    51.72     4.65
2026    4   131.56    10.93
2026    5   125.91    18.72
2026    6    49.56    25.46
2026    7    36.33    25.95
2026    8    97.04    24.70
2026    9    55.49    15.99
2026   10    65.59     8.34
2026   11    38.81     4.52
2026   12    44.37     0.97
2027    1    26.63    -1.57
2027    2    35.12    -3.26
2027    3    25.85     7.13
2027    4   170.08     8.50
2027    5    78.97    16.63
2027    6   187.73    22.23
2027    7    77.80    26.15
2027    8   102.73    23.18
2027    9   105.50    17.60
2027   10    40.11     7.17
2027   11    38.33     1.05
2027   12    49.69     1.20
2028    1    26.23    -4.42
2028    2    30.57    -2.25
2028    3    58.85     2.35
2028    4   115.75    12.59
2028    5   268.21    17.41
2028    6   174.63    23.66
2028    7    54.03    25.11
2028    8    17.13    27.20
2028    9    63.03    16.49
2028   10    21.25    11.37
2028   11    30.19     4.27
2028   12    45.43    -1.69
2029    1    38.69    -2.35
2029    2    29.18     0.40
2029    3   135.01     8.03
2029    4    95.62    11.53
2029    5    80.55    21.88
2029    6   142.30    24.82
2029    7   148.32    25.70
2029    8    64.10    23.20
2029    9    60.16    17.63
2029   10   106.92     9.05
2029   11    74.92    -2.69
2029   12    91.45    -2.34
2030    1    73.32    -4.21
2030    2    31.54    -3.54
2030    3    60.39     2.47
2030    4   157.71    11.72
2030    5   218.22    17.05
2030    6    94.24    25.19
2030    7    93.18    26.36
2030    8    67.34    23.34
2030    9   136.01    15.88
2030   10    96.76     7.46
2030   11    34.09     4.56
2030   12    48.89     2.63
2031    1    25.55     0.72
2031    2    29.25     2.92
2031    3    96.57     3.44
2031    4    79.69    11.51
2031    5   142.48    18.07
2031    6   120.70    22.41
2031    7    95.32    27.01
2031    8    25.49    26.87
2031    9    29.46    15.74
2031   10    68.53     9.67
2031   11    22.06     8.55
2031   12    43.33     1.37
2032    1    54.50     0.93
2032    2    73.44     1.26
2032    3   120.88     3.32
2032    4   133.47    11.24
2032    5   230.61    16.63
2032    6   105.86    22.37
2032    7    70.80    24.69
2032    8    82.32    23.09
2032    9    97.36    16.47
2032   10    25.36    12.18
2032   11     8.38     3.24
2032   12    42.51     0.93
2033    1    60.66    -1.86
2033    2    75.81     0.12
2033    3    48.17     6.61
2033    4   163.61    16.05
2033    5   211.36    17.11
2033    6   174.10    24.92
2033    7    41.11    26.21
2033    8    86.26    23.06
2033    9    45.06    19.99
2033   10    59.17    13.56
2033   11    88.17     1.62
2033   12    58.80    -4.03
2034    1    72.48     0.44
2034    2    42.71     2.40
2034    3    71.00     6.17
2034    4   184.00    11.35
2034    5    72.81    15.67
2034    6    63.45    25.33
2034    7    64.65    27.39
2034    8    88.11    24.87
2034    9    42.01    18.25
2034   10    85.26    10.30
2034   11    64.29     4.01
2034   12    43.09    -3.60
2035    1    28.96    -8.48
2035    2    32.32    -0.72
2035    3    61.03     4.28
2035    4   134.28    11.69
2035    5   206.00    18.17
2035    6   147.87    21.60
2035    7    95.19    24.29
2035    8    63.30    24.57
2035    9    58.02    18.81
2035   10    44.00    12.41
2035   11    30.46     7.31
2035   12    38.54    -4.40
2036    1    31.16    -3.13
2036    2    25.31    -1.03
2036    3    71.74     6.29
2036    4   106.89    14.61
2036    5   138.26    18.07
2036    6   214.13    24.68
2036    7    82.90    26.50
2036    8    40.64    25.96
2036    9    63.12    16.18
2036   10    33.02    10.93
2036   11    23.29     3.70
2036   12    13.53     0.84
2037    1     9.09     1.62
2037    2    93.96     0.14
2037    3   111.60     2.15
2037    4   124.14    11.31
2037    5   195.77    18.54
2037    6   112.26    24.71
2037    7   179.97    26.42
2037    8    57.87    25.10
2037    9    48.04    19.16
2037   10    22.12    11.02
2037   11    41.40     3.65
2037   12    52.15    -1.50
2038    1    41.93    -0.56
2038    2    68.42     1.69
2038    3    46.32     4.35
2038    4    47.01     9.88
2038    5   199.21    19.02
2038    6   107.60    24.95
2038    7    86.20    28.16
2038    8    41.42    25.97
2038    9    97.25    18.20
2038   10    71.99     9.30
2038   11    61.55     5.26
2038   12    40.03     2.95
2039    1    53.00     1.01
2039    2    60.17    -0.12
2039    3    74.64     6.56
2039    4   156.74    15.15
2039    5   277.58    17.37
2039    6    78.09    26.27
2039    7    72.66    25.99
2039    8    88.52    23.88
2039    9    40.34    18.63
2039   10    68.75    10.09
2039   11    34.41     3.00
2039   12    19.49     1.50
2040    1    34.06     0.07
2040    2    32.89     3.23
2040    3    65.83     6.68
2040    4    98.29    10.14
2040    5   149.61    19.74
2040    6   113.75    23.39
2040    7    88.73    25.40
2040    8    33.65    26.02
2040    9    42.90    16.71
2040   10    36.33    14.07
2040   11   128.65     1.09
2040   12    69.50     2.65
2041    1    11.50    -0.21
2041    2    55.12     1.37
2041    3    74.05     0.81
2041    4    54.84    10.46
2041    5   134.68    18.52
2041    6    70.33    24.75
2041    7    16.60    28.63
2041    8    47.13    27.09
2041    9    96.81    17.54
2041   10    49.15    11.56
2041   11    14.71     1.96
2041   12    25.30    -0.28
2042    1    30.66     1.30
2042    2    40.71     4.95
2042    3    98.63     9.04
2042    4   169.17    12.96
2042    5   249.84    15.38
2042    6   168.23    23.16
2042    7   100.94    25.54
2042    8    82.94    22.20
2042    9    66.91    18.87
2042   10     5.68    12.28
2042   11    41.46     5.30
2042   12    56.46     0.37
2043    1    29.34    -0.14
2043    2    41.51    -1.66
2043    3    36.91     3.98
2043    4   104.97    11.56
2043    5   152.34    18.31
2043    6    81.50    26.08
2043    7   127.01    27.19
2043    8    17.50    27.13
2043    9   115.64    19.64
2043   10   102.64     9.29
2043   11    25.95     1.61
2043   12    40.84    -0.88
2044    1    53.30    -0.67
2044    2    43.09    -3.20
2044    3    67.83     6.15
2044    4   111.17    11.58
2044    5   172.89    17.20
2044    6   167.28    25.08
2044    7    66.27    26.65
2044    8    40.81    26.99
2044    9    70.13    18.66
2044   10    69.63     8.33
2044   11     5.07     4.71
2044   12    71.13    -0.01
2045    1    44.35    -3.32
2045    2    34.04     1.21
2045    3   113.05     4.69
2045    4   118.74     8.30
2045    5   235.82    16.08
2045    6   167.14    23.39
2045    7   109.83    24.02
2045    8    82.48    22.89
2045    9    26.01    17.22
2045   10    32.14    10.53
2045   11    81.83     2.80
2045   12    69.29    -0.22
2046    1    49.30    -0.43
2046    2    32.59    -1.25
2046    3    95.33     5.35
2046    4    95.19     9.94
2046    5    94.98    19.09
2046    6   169.33    25.59
2046    7    62.22    27.34
2046    8    53.16    24.17
2046    9    62.21    17.19
2046   10    82.85     9.75
2046   11   110.55     3.68
2046   12    49.86    -0.45
2047    1    92.23     0.83
2047    2    47.74     5.76
2047    3   117.42     5.81
2047    4   196.93    12.29
2047    5   158.59    18.48
2047    6   142.89    23.54
2047    7    49.49    29.36
2047    8    75.73    22.23
2047    9   106.68    21.52
2047   10   139.42     7.48
2047   11    58.15     4.75
2047   12    31.94    -2.32
2048    1    56.42     0.28
2048    2    67.40     1.40
2048    3   116.91     6.00
2048    4   149.15    12.78
2048    5   157.13    18.98
2048    6   160.78    26.49
2048    7   123.00    25.14
2048    8   173.80    22.26
2048    9    35.37    17.47
2048   10    77.40     9.07
2048   11    33.65     5.36
2048   12    41.25    -1.76
2049    1     6.64    -3.77
2049    2    48.92    -1.06
2049    3    82.05     7.44
2049    4   182.72    10.49
2049    5   190.41    18.31
2049    6   197.43    23.73
2049    7    44.97    26.70
2049    8    46.34    24.22
2049    9    19.03    19.42
2049   10    31.75    15.39
2049   11    41.14     7.03
2049   12    40.45     2.32
2050    1    44.81    -1.37
2050    2    64.79     2.76
2050    3    98.02     8.07
2050    4    32.62    11.50
2050    5   123.48    20.88
2050    6   183.60    26.17
2050    7    76.20    26.47
2050    8    50.17    26.43
2050    9    91.06    17.00
2050   10   108.07     6.90
2050   11    23.31     4.18
2050   12    54.95     3.26
2051    1    44.51    -1.21
2051    2    41.90     0.21
2051    3   101.92     8.70
2051    4   167.17    10.92
2051    5   222.17    18.19
2051    6    55.93    25.09
2051    7    93.58    26.07
2051    8    74.43    24.15
2051    9    40.08    18.85
2051   10    99.73    10.56
2051   11    16.20     5.82
2051   12    45.82     3.88
2052    1    32.02     1.13
2052    2    22.95     2.54
2052    3   155.44     7.85
2052    4   143.08    11.58
2052    5   317.31    19.72
2052    6   126.48    22.04
2052    7    18.43    29.30
2052    8    50.03    26.96
2052    9    93.96    16.96
2052   10    76.22    11.86
2052   11    47.84     5.24
2052   12    38.15     0.55
2053    1    33.25     2.59
2053    2    48.52     4.01
2053    3   115.66     6.60
2053    4   177.85    13.98
2053    5   151.18    15.84
2053    6    60.16    23.17
2053    7   122.54    25.87
2053    8    81.11    22.64
2053    9     0.65    20.73
2053   10     9.56    12.70
2053   11    37.60     2.64
2053   12    50.42     0.07
2054    1    48.47    -5.58
2054    2    30.92    -0.83
2054    3    70.36     3.20
2054    4   167.16     8.78
2054    5    85.90    16.97
2054    6   122.06    26.40
2054    7   107.06    25.36
2054    8   156.23    20.67
2054    9    31.14    17.67
2054   10    45.95    12.10
2054   11    59.31     7.06
2054   12    58.50    -4.40
2055    1    43.41    -2.08
2055    2    59.87     0.43
2055    3   148.54     6.32
2055    4    82.66    12.47
2055    5   166.21    18.39
2055    6    79.81    27.09
2055    7    33.49    28.04
2055    8    38.95    29.75
2055    9    39.14    20.46
2055   10    65.10    13.41
2055   11    64.85     6.80
2055   12    13.12     0.98
2056    1    28.80     1.57
2056    2    36.69     0.82
2056    3   112.19     8.42
2056    4   101.44     9.35
2056    5   209.88    18.56
2056    6    96.44    22.96
2056    7    76.83    27.44
2056    8    88.51    23.88
2056    9    44.21    18.54
2056   10    51.84    10.34
2056   11    30.77     4.07
2056   12    62.09     0.45
2057    1    69.17     0.07
2057    2    62.03     4.23
2057    3    94.60     3.55
2057    4   197.53    13.02
2057    5   172.53    20.17
2057    6    92.09    25.05
2057    7   108.50    26.65
2057    8    22.51    23.89
2057    9    25.12    19.58
2057   10    98.26    11.86
2057   11    62.39     1.34
2057   12    40.90     3.43
2058    1    51.63    -1.08
2058    2    32.89     3.52
2058    3    81.59     3.79
2058    4   209.42    13.41
2058    5   175.00    16.08
2058    6   108.19    25.53
2058    7    41.83    27.52
2058    8    70.76    27.44
2058    9   101.00    16.99
2058   10    73.64     9.33
2058   11    88.85     1.39
2058   12    18.26     1.72
2059    1    44.29    -0.08
2059    2    20.43     2.22
2059    3    92.38     8.03
2059    4   187.24    11.68
2059    5   136.85    20.37
2059    6   186.00    25.27
2059    7    89.94    26.85
2059    8   161.84    23.66
2059    9    46.63    22.93
2059   10    37.82    14.74
2059   11    30.08     8.27
2059   12    49.81     3.73
2060    1    59.88     2.09
2060    2    54.04     4.61
2060    3   167.01     5.49
2060    4   205.26    10.14
2060    5   267.78    17.18
2060    6   153.51    24.00
2060    7   152.46    24.67
2060    8    97.22    25.34
2060    9    17.51    18.74
2060   10    75.61    13.68
2060   11    43.99     7.07
2060   12    47.60     2.75
2061    1    35.03     3.64
2061    2    50.82     0.45
2061    3    70.66    10.29
2061    4   120.08    13.04
2061    5   161.92    18.22
2061    6    72.62    27.33
2061    7   133.52    28.39
2061    8    35.32    27.24
2061    9     4.56    20.31
2061   10    65.88    10.61
2061   11    40.16     4.14
2061   12    29.51     1.30
2062    1    56.04     0.29
2062    2    42.76     1.65
2062    3   130.05     4.25
2062    4   130.48    11.96
2062    5   171.60    18.27
2062    6    84.62    25.27
2062    7    92.07    27.54
2062    8    49.80    24.91
2062    9    36.53    22.01
2062   10    41.63    14.98
2062   11    63.43     6.82
2062   12    46.91     2.15
2063    1    43.62     1.66
2063    2    28.54    -1.26
2063    3    73.64     7.63
2063    4   140.38    12.71
2063    5   240.59    18.49
2063    6   127.50    26.84
2063    7    60.50    29.64
2063    8    55.27    24.88
2063    9    65.93    18.68
2063   10    74.96    10.09
2063   11    52.59     1.77
2063   12    26.89    -5.09
2064    1    46.64     0.12
2064    2    25.02     0.83
2064    3    76.48     7.83
2064    4   196.09     8.76
2064    5   197.64    18.68
2064    6   134.24    22.49
2064    7    85.22    26.21
2064    8    37.48    27.21
2064    9    57.03    19.90
2064   10    85.06    12.60
2064   11    76.35     4.45
2064   12    14.63     3.81
2065    1    32.63    -0.71
2065    2    62.96     3.04
2065    3    95.55     7.79
2065    4    93.58    10.18
2065    5    89.49    17.59
2065    6   169.71    23.12
2065    7    67.15    28.11
2065    8    78.57    26.83
2065    9    93.42    17.83
2065   10    72.49    10.90
2065   11    18.67     4.15
2065   12    25.66     1.72
2066    1    25.37    -0.06
2066    2    32.59     4.35
2066    3    42.92     8.06
2066    4   127.57    15.15
2066    5    80.41    18.64
2066    6   124.91    28.16
2066    7    14.77    34.59
2066    8    41.33    31.36
2066    9    92.79    19.92
2066   10    84.05     8.51
2066   11    93.29     3.16
2066   12    32.35     1.68
2067    1    36.27    -3.11
2067    2    39.55     3.23
2067    3   116.44     8.28
2067    4   144.20    10.38
2067    5   237.58    19.67
2067    6   156.73    22.89
2067    7    65.51    24.62
2067    8    65.26    26.34
2067    9     7.18    18.54
2067   10    61.78     9.78
2067   11    39.17     5.57
2067   12    64.90     1.27
2068    1    50.03     0.11
2068    2    44.76     3.94
2068    3    41.80     8.17
2068    4    82.11    14.38
2068    5    81.40    20.46
2068    6   169.71    25.55
2068    7    18.87    30.01
2068    8    62.25    26.64
2068    9    13.52    22.74
2068   10     6.76    13.40
2068   11    23.36     1.96
2068   12    42.75     3.65
2069    1    39.89     1.07
2069    2    37.14     3.12
2069    3    97.88     4.37
2069    4    32.45    14.86
2069    5   106.44    19.88
2069    6   149.30    24.96
2069    7    91.39    28.48
2069    8   101.69    27.36
2069    9    40.91    23.52
2069   10    53.47    12.85
2069   11    48.74     5.11
2069   12    41.98     3.38
2070    1    50.80     0.42
2070    2    70.80     2.81
2070    3    34.03     5.05
2070    4   108.07    15.32
2070    5   210.79    19.68
2070    6    99.21    26.36
2070    7   138.75    28.48
2070    8   124.97    25.06
2070    9   113.70    16.31
2070   10    96.86     9.82
2070   11    82.07     6.81
2070   12    46.62     1.05
2071    1    25.71     0.27
2071    2    53.10     3.27
2071    3   154.40     4.24
2071    4    72.05    12.06
2071    5   139.88    19.41
2071    6    35.21    26.51
2071    7    26.73    31.19
2071    8    54.98    28.19
2071    9    44.53    19.25
2071   10    68.93     9.98
2071   11    25.00     5.01
2071   12    26.99     2.06
2072    1    38.12     0.77
2072    2    35.68     1.34
2072    3    82.37     3.40
2072    4   105.37    12.89
2072    5    71.76    20.64
2072    6   172.94    25.62
2072    7    71.06    30.77
2072    8    87.67    26.49
2072    9   123.79    16.40
2072   10    43.52     7.83
2072   11    17.03     3.93
2072   12    45.22     1.28
2073    1    41.13    -0.98
2073    2    33.24     5.98
2073    3    81.23     6.57
2073    4   148.28    11.19
2073    5   210.17    18.04
2073    6   145.15    24.55
2073    7    87.04    29.83
2073    8    91.06    24.99
2073    9    87.53    16.61
2073   10    40.39    11.00
2073   11    88.99     1.20
2073   12    29.56    -0.64
2074    1    22.59     0.64
2074    2    44.21     2.14
2074    3   100.11     7.45
2074    4   185.58    12.83
2074    5   230.41    18.39
2074    6    74.23    26.66
2074    7   113.33    27.40
2074    8    76.96    25.17
2074    9    35.67    19.96
2074   10    71.77     9.80
2074   11    22.71     2.78
2074   12    45.37     1.82
2075    1    56.78    -1.69
2075    2    59.06     3.00
2075    3    81.97     6.15
2075    4   190.33    10.56
2075    5   190.10    18.64
2075    6   145.89    23.81
2075    7    67.28    26.61
2075    8    92.80    27.16
2075    9    33.45    18.47
2075   10    41.65    14.13
2075   11    23.10     4.88
2075   12    25.59     4.81
2076    1    61.83     5.88
2076    2    38.04     2.05
2076    3   133.94     3.04
2076    4    87.86    11.14
2076    5   249.75    18.15
2076    6   234.17    25.10
2076    7    53.96    27.93
2076    8    28.74    26.64
2076    9    91.54    20.53
2076   10    67.56    10.13
2076   11    41.38     5.59
2076   12    27.81     2.39
2077    1    25.60     4.34
2077    2    56.89     2.24
2077    3   112.36     3.59
2077    4   105.14    11.40
2077    5   227.30    18.33
2077    6   171.39    24.47
2077    7    41.91    27.95
2077    8   116.39    26.06
2077    9    58.08    21.94
2077   10     5.24    15.08
2077   11    89.30     5.14
2077   12    24.25     2.46
2078    1    56.94    -0.08
2078    2    57.17    -1.46
2078    3    95.30     8.44
2078    4   217.43    11.37
2078    5   185.09    17.78
2078    6   118.70    25.11
2078    7   118.75    25.53
2078    8    89.44    27.34
2078    9    39.01    19.23
2078   10    28.21    12.15
2078   11   100.23     5.80
2078   12    95.18     0.04
2079    1    55.94    -0.10
2079    2    24.92     3.30
2079    3   118.97     7.40
2079    4   135.36    13.32
2079    5   147.31    16.45
2079    6   149.09    25.99
2079    7    34.73    28.64
2079    8    26.93    27.45
2079    9    78.27    18.87
2079   10    21.36    10.96
2079   11    73.51     3.14
2079   12    30.16    -0.80
2080    1    55.69     0.23
2080    2    64.65     0.85
2080    3    47.14     7.17
2080    4    70.55    10.96
2080    5   122.55    16.34
2080    6   143.00    24.04
2080    7   133.62    26.99
2080    8    51.02    26.34
2080    9    27.04    18.98
2080   10    81.31    12.31
2080   11    86.15     9.47
2080   12    42.48     3.06
2081    1    13.10    -0.10
2081    2    50.55     2.30
2081    3   101.22     8.31
2081    4   106.98    12.95
2081    5    78.99    24.12
2081    6    77.10    26.43
2081    7    97.71    25.75
2081    8    23.90    28.21
2081    9    41.38    24.21
2081   10    42.96    13.88
2081   11    56.61     5.74
2081   12    78.69    -0.43
2082    1   106.13     2.07
2082    2    56.86     3.53
2082    3    82.94     3.66
2082    4    90.47    13.79
2082    5   160.87    21.14
2082    6   205.90    23.42
2082    7    46.98    28.24
2082    8    98.04    29.87
2082    9   114.76    16.07
2082   10    45.36    10.69
2082   11    37.10     8.95
2082   12     7.22     2.40
2083    1    93.23     1.15
2083    2   109.68     0.02
2083    3    74.30     6.21
2083    4    94.47    12.49
2083    5    76.80    20.01
2083    6   164.48    24.41
2083    7   113.63    26.89
2083    8    61.20    25.43
2083    9    38.31    18.71
2083   10    33.65    14.87
2083   11    55.24     7.23
2083   12    38.33     2.66
2084    1    77.46     2.37
2084    2    86.46     2.38
2084    3    97.89     8.79
2084    4    49.19    14.82
2084    5    97.94    20.37
2084    6   197.42    24.75
2084    7    62.46    27.65
2084    8    84.02    26.83
2084    9    21.31    20.04
2084   10    34.45    12.18
2084   11    19.52     4.75
2084   12     9.99     2.06
2085    1    26.83    -2.53
2085    2    26.87     6.71
2085    3   117.12     6.21
2085    4   136.58    13.85
2085    5   123.50    18.51
2085    6   157.11    26.31
2085    7    68.67    28.08
2085    8    29.71    30.77
2085    9    28.03    23.39
2085   10    70.09    11.38
2085   11    64.16     8.26
2085   12    81.73     0.78
2086    1    38.73     1.39
2086    2    73.86     2.75
2086    3    51.79     8.06
2086    4    52.43    10.72
2086    5   159.02    19.74
2086    6   175.85    24.06
2086    7    77.06    26.54
2086    8    98.12    27.61
2086    9    42.67    19.30
2086   10    59.91    13.81
2086   11    43.23     5.27
2086   12    43.59     0.93
2087    1    29.75     3.22
2087    2    67.98     6.06
2087    3   124.38     9.80
2087    4    71.50    10.37
2087    5   139.11    19.18
2087    6   108.37    24.46
2087    7    42.42    29.40
2087    8    36.93    26.97
2087    9    54.98    16.78
2087   10    25.81    13.46
2087   11   108.15     3.71
2087   12    52.26     1.38
2088    1    32.01     2.51
2088    2    47.36    -0.13
2088    3    52.45     8.27
2088    4   246.59    11.37
2088    5   219.33    20.69
2088    6   203.06    25.49
2088    7    65.38    30.93
2088    8   102.17    23.23
2088    9    74.66    18.26
2088   10    21.84     7.79
2088   11    25.49     7.83
2088   12    63.45    -0.46
2089    1    62.72     0.19
2089    2    48.46     1.92
2089    3   147.69     5.84
2089    4    78.58    12.96
2089    5   157.74    20.56
2089    6   125.59    24.99
2089    7    99.63    27.17
2089    8    89.38    25.56
2089    9    64.37    19.06
2089   10    89.83    12.09
2089   11    32.64     5.80
2089   12    27.85    -0.40
2090    1    53.03     2.81
2090    2    67.59     0.62
2090    3    76.88     6.68
2090    4   158.78    13.95
2090    5   191.20    19.04
2090    6   172.79    24.67
2090    7    85.89    26.72
2090    8    84.12    25.87
2090    9    28.46    19.95
2090   10   107.31    10.01
2090   11    42.55     2.78
2090   12    34.87    -1.40
2091    1    38.42    -2.33
2091    2    31.55    -2.70
2091    3   106.57     7.15
2091    4   146.20    10.44
2091    5   155.17    19.65
2091    6   181.09    28.32
2091    7    75.49    27.52
2091    8    29.49    29.54
2091    9    18.88    21.29
2091   10    65.48    13.95
2091   11    45.69     5.98
2091   12    56.60    -2.04
2092    1    45.09    -4.60
2092    2    59.03     3.33
2092    3    98.93     5.44
2092    4   113.20    13.79
2092    5   209.76    19.58
2092    6   169.56    23.45
2092    7    46.02    28.36
2092    8    28.51    28.23
2092    9    86.40    19.93
2092   10    87.73    10.23
2092   11    23.75     4.61
2092   12    19.88     0.66
2093    1    62.26    -0.30
2093    2    52.15     4.13
2093    3    97.76     8.18
2093    4    49.92    10.28
2093    5   120.22    17.60
2093    6   118.52    25.90
2093    7   104.82    27.64
2093    8    20.28    29.53
2093    9    53.84    23.50
2093   10    16.21    15.28
2093   11    15.82     7.73
2093   12    59.20     1.76
2094    1    34.79     3.10
2094    2    44.04     4.40
2094    3   129.72     7.12
2094    4    90.80    12.63
2094    5   118.66    20.27
2094    6    58.87    28.80
2094    7   109.95    28.36
2094    8    84.37    28.17
2094    9   120.47    15.97
2094   10    46.84     7.09
2094   11    56.96     4.45
2094   12    34.07     1.53
2095    1   101.59    -0.07
2095    2    44.34     4.26
2095    3    85.58     5.43
2095    4   133.07     9.75
2095    5   271.77    20.28
2095    6   154.08    27.50
2095    7    30.54    28.28
2095    8    36.74    26.89
2095    9    31.22    21.19
2095   10    35.21    12.06
2095   11    56.10     8.83
2095   12    21.56     2.79
2096    1    72.31     0.41
2096    2    67.26     0.91
2096    3   126.47    10.58
2096    4   143.04    12.59
2096    5    94.50    20.95
2096    6   207.75    25.92
2096    7    85.69    26.93
2096    8    49.88    25.11
2096    9    84.59    19.97
2096   10    14.80    10.04
2096   11    60.62     5.98
2096   12    29.07     1.55
2097    1    49.41    -2.81
2097    2    46.23     2.61
2097    3   100.13     9.15
2097    4   135.84    14.43
2097    5   118.31    19.89
2097    6    91.93    27.84
2097    7    76.22    29.23
2097    8   103.99    26.70
2097    9     4.82    23.39
2097   10    71.76     8.58
2097   11    34.11     3.74
2097   12    52.63    -6.08
2098    1    63.49    -4.02
2098    2    46.88     3.87
2098    3    87.98    10.84
2098    4   197.07    13.35
2098    5   187.06    21.26
2098    6    91.99    29.22
2098    7   103.37    27.50
2098    8    52.41    28.94
2098    9    31.60    20.29
2098   10    38.77     8.83
2098   11    60.04     4.53
2098   12    47.51    -4.02
2099    1    36.34    -3.24
2099    2    37.55     3.62
2099    3   100.61     5.54
2099    4   153.93    12.54
2099    5   252.31    19.61
2099    6    61.39    27.18
2099    7   115.34    26.18
2099    8    93.06    24.71
2099    9    61.40    18.98
2099   10    67.32    10.11
2099   11    96.40     5.73
2099   12    12.40     2.69
2100    1    31.07     0.42
2100    2    41.02     3.73
2100    3   123.93     2.68
2100    4    99.77    12.48
2100    5   168.99    19.11
2100    6    73.29    28.01
2100    7    96.98    27.60
2100    8    50.56    28.55
2100    9   107.00    18.41
2100   10   107.95    10.95
2100   11    39.77     5.92
2100   12    68.77    -0.43
