1850    1    37.33    -1.75
1850    2    71.99    -6.86
1850    3    21.00     0.72
1850    4    96.62     7.16
1850    5   133.24     9.31
1850    6   194.62    14.50
1850    7    81.18    16.13
1850    8    54.72    16.51
1850    9    72.89    11.30
1850   10    21.68     9.13
1850   11    49.62    -2.22
1850   12    37.25    -3.70
1851    1    20.25    -2.36
1851    2    27.67    -1.24
1851    3    63.44     0.96
1851    4   138.83     5.59
1851    5   139.08     9.06
1851    6   181.98    14.52
1851    7    66.67    16.85
1851    8    52.21    15.21
1851    9    59.48    10.33
1851   10    34.18     8.90
1851   11    35.17     4.92
1851   12    57.11    -2.32
1852    1    65.74    -2.43
1852    2    56.24    -5.21
1852    3    29.68    -0.19
1852    4    66.04     9.25
1852    5    78.08    11.49
1852    6    89.37    13.87
1852    7   120.23    17.35
1852    8    61.11    17.63
1852    9    42.27    12.15
1852   10    72.68     6.05
1852   11    68.11    -1.24
1852   12    78.04    -3.79
1853    1    25.12    -5.41
1853    2    48.22    -2.52
1853    3    33.48     3.34
1853    4   118.04     6.56
1853    5   111.28    11.78
1853    6    93.44    13.65
1853    7   104.11    17.37
1853    8   139.32    15.43
1853    9    82.62    12.28
1853   10    63.09     6.23
1853   11    51.97     2.65
1853   12    58.59    -5.87
1854    1    85.08    -4.84
1854    2    33.84    -3.53
1854    3    59.79     2.07
1854    4    59.16     7.55
1854    5   137.59     8.87
1854    6   119.72    13.70
1854    7    83.00    15.68
1854    8    80.61    15.16
1854    9   100.69    10.24
1854   10    40.35     5.52
1854   11    42.31     0.20
1854   12    79.90    -2.52
1855    1    42.90    -5.78
1855    2    37.97    -6.51
1855    3    31.57    -0.17
1855    4    86.10     4.00
1855    5    83.27     9.01
1855    6   112.22    14.72
1855    7    45.79    18.35
1855    8    87.99    16.32
1855    9    53.45    11.86
1855   10   107.31     3.59
1855   11    55.66    -0.08
1855   12    35.05    -3.83
1856    1    35.29    -4.79
1856    2    60.10    -4.72
1856    3    50.49    -4.68
1856    4    84.61     4.59
1856    5   113.64    10.93
1856    6   102.86    15.71
1856    7    67.61    16.74
1856    8    37.89    17.36
1856    9    40.50    11.53
1856   10    26.70     8.59
1856   11    25.72     0.64
1856   12    48.14    -3.44
1857    1    36.45    -5.87
1857    2    56.17    -5.98
1857    3    80.64     0.30
1857    4    65.44     6.03
1857    5   140.22     8.16
1857    6   198.15    14.45
1857    7    86.26    16.34
1857    8    48.74    17.36
1857    9    73.68    10.65
1857   10   109.32     6.34
1857   11    44.18     2.78
1857   12    49.88    -5.21
1858    1    52.58    -2.01
1858    2    85.43    -6.98
1858    3    53.51     0.39
1858    4    75.77     6.11
1858    5   167.65    10.94
1858    6   111.40    13.58
1858    7    75.87    16.36
1858    8    91.49    15.48
1858    9    66.17    10.86
1858   10    71.80     4.24
1858   11    42.42     0.57
1858   12    60.12    -1.57
1859    1    47.90    -4.80
1859    2    26.88    -3.30
1859    3    52.30     2.90
1859    4    82.52     5.78
1859    5   135.15     9.07
1859    6    82.38    13.27
1859    7   120.65    15.25
1859    8    85.82    15.15
1859    9    52.54    13.61
1859   10    68.66     5.14
1859   11    64.09    -4.54
1859   12    17.68    -1.92
1860    1    60.44    -3.48
1860    2    23.68    -3.14
1860    3    56.51     1.51
1860    4   116.67     5.68
1860    5   136.16    10.83
1860    6   169.84    15.24
1860    7   121.53    15.28
1860    8    46.76    16.15
1860    9    45.20    13.14
1860   10    39.03     8.02
1860   11    77.62     3.16
1860   12    55.15     0.93
1861    1    63.08    -0.38
1861    2    39.57    -5.61
1861    3    86.24    -2.56
1861    4    75.56     7.42
1861    5   137.44    10.09
1861    6   110.48    14.32
1861    7    84.19    16.72
1861    8    73.26    16.82
1861    9    78.76    12.04
1861   10    22.58     6.08
1861   11    79.66     0.07
1861   12    30.98    -2.71
1862    1    56.48    -4.65
1862    2    37.41    -8.23
1862    3    44.72     2.05
1862    4    87.32     8.13
1862    5   125.78     9.17
1862    6   135.42    13.99
1862    7   108.21    15.83
1862    8    85.89    15.27
1862    9    33.44    11.95
1862   10    61.54     6.54
1862   11    55.01     2.85
1862   12    48.53    -0.16
1863    1    56.66    -6.88
1863    2    38.97    -8.42
1863    3    54.11    -0.33
1863    4    79.72     7.15
1863    5   147.62     9.23
1863    6   134.53    15.32
1863    7    26.38    16.88
1863    8    70.88    15.67
1863    9   103.15    12.69
1863   10    66.84     8.47
1863   11    46.26     0.01
1863   12    69.41    -2.63
1864    1    40.68    -2.37
1864    2    63.75    -8.46
1864    3    46.51     1.96
1864    4    60.91     7.70
1864    5   113.83    12.63
1864    6    76.72    16.49
1864    7    39.79    18.00
1864    8    34.41    15.02
1864    9    66.97    11.12
1864   10    50.97     5.99
1864   11    56.62     2.34
1864   12    45.95    -0.60
1865    1    38.99    -5.08
1865    2    51.51    -1.27
1865    3    59.15    -0.69
1865    4   103.58     6.37
1865    5    91.11    12.26
1865    6   105.52    15.56
1865    7    27.75    19.78
1865    8    55.69    16.64
1865    9    66.28    11.34
1865   10    84.89     6.85
1865   11    56.34     2.70
1865   12    69.17    -6.93
1866    1    35.45    -8.99
1866    2    25.76    -5.14
1866    3    41.14    -0.01
1866    4    70.66     8.58
1866    5   108.28    10.49
1866    6    98.83    15.13
1866    7    50.22    18.18
1866    8    34.99    19.41
1866    9    60.96     9.99
1866   10    66.11     6.12
1866   11    35.11     2.13
1866   12    27.60    -1.41
1867    1    57.35    -3.34
1867    2    37.61    -1.52
1867    3    46.26     2.67
1867    4    81.57     4.27
1867    5   103.46    11.01
1867    6   137.39    15.22
1867    7    78.81    16.56
1867    8    58.58    17.33
1867    9   129.33    11.49
1867   10    28.36     7.65
1867   11    34.43     2.87
1867   12    46.81    -0.43
1868    1    48.45    -2.00
1868    2    62.09    -3.70
1868    3    84.68    -3.72
1868    4    99.41     6.59
1868    5   147.34    11.95
1868    6   125.01    14.01
1868    7   133.22    16.57
1868    8    62.11    16.41
1868    9    94.54    10.33
1868   10    26.73     6.57
1868   11    46.43     4.06
1868   12   108.39     0.64
1869    1    49.52    -2.50
1869    2    42.81    -6.94
1869    3    31.24     0.67
1869    4    64.01     4.35
1869    5   126.55     9.27
1869    6   208.92    14.78
1869    7   156.83    17.30
1869    8    60.66    14.83
1869    9    30.47     9.10
1869   10    70.78     3.83
1869   11    59.74    -2.45
1869   12    39.68    -3.41
1870    1    14.63    -3.35
1870    2    44.03    -2.73
1870    3    69.73    -2.33
1870    4    96.26     4.68
1870    5   158.10    10.22
1870    6    85.90    15.17
1870    7    70.70    15.69
1870    8    50.91    15.13
1870    9    41.41    11.41
1870   10    42.63     4.52
1870   11    85.01    -0.39
1870   12    44.81    -0.67
1871    1    52.63    -5.74
1871    2    74.03    -1.13
1871    3    60.16     0.07
1871    4    48.81     8.66
1871    5   105.59     9.34
1871    6    84.70    15.40
1871    7    65.85    16.86
1871    8    49.25    16.92
1871    9   131.45    11.64
1871   10    73.03     5.96
1871   11    62.56     1.32
1871   12    67.76    -1.66
1872    1    44.36    -4.74
1872    2    53.42     1.87
1872    3    67.32     2.14
1872    4   138.66     7.57
1872    5   213.19     8.80
1872    6   137.82    15.34
1872    7    92.43    18.09
1872    8    69.65    16.37
1872    9    71.69    12.16
1872   10   109.89     7.13
1872   11    80.33     1.10
1872   12    43.14    -2.01
1873    1    48.90    -8.48
1873    2    39.94    -3.59
1873    3    45.47     0.80
1873    4   102.64     5.92
1873    5   180.85    11.05
1873    6   115.07    14.33
1873    7    60.08    17.05
1873    8    73.93    15.66
1873    9    48.58    12.45
1873   10    57.48     6.59
1873   11    69.95    -2.30
1873   12    38.18    -1.69
1874    1    64.27    -5.06
1874    2    26.40    -4.58
1874    3    45.00     0.38
1874    4    56.68     8.21
1874    5   166.97    11.16
1874    6   138.25    15.97
1874    7    45.90    17.06
1874    8    86.59    15.41
1874    9    43.92    12.06
1874   10    68.94     6.00
1874   11    26.21     1.15
1874   12    36.70    -0.96
1875    1    47.70    -5.01
1875    2    13.07    -8.15
1875    3    54.76    -2.29
1875    4    67.11     6.90
1875    5   133.75    12.31
1875    6   143.15    14.54
1875    7   112.02    16.16
1875    8    88.82    16.06
1875    9   127.53    12.17
1875   10    69.97     8.29
1875   11    40.74     4.61
1875   12    43.61    -1.93
1876    1    70.09    -6.61
1876    2    68.92    -3.23
1876    3    55.95    -0.78
1876    4    78.51     5.27
1876    5   100.75    11.52
1876    6   107.85    13.89
1876    7    42.70    16.22
1876    8    92.07    15.69
1876    9    71.56    10.47
1876   10    49.83     4.23
1876   11    61.84     1.34
1876   12    47.42    -1.67
1877    1    52.50    -5.09
1877    2    48.79    -3.90
1877    3    72.86     2.33
1877    4    63.19     8.91
1877    5    94.36    11.53
1877    6    87.86    13.72
1877    7    88.77    16.38
1877    8    71.74    15.86
1877    9    68.29    10.86
1877   10    59.63     7.17
1877   11    32.65     3.08
1877   12    42.01    -5.24
1878    1    16.41    -7.56
1878    2    37.69    -5.76
1878    3    49.03    -2.92
1878    4    65.77     8.92
1878    5    98.43     8.83
1878    6    98.22    14.32
1878    7    77.01    15.75
1878    8    39.00    15.80
1878    9    72.58    10.28
1878   10    40.51     8.27
1878   11    46.45     4.45
1878   12    52.64    -0.79
1879    1    43.73    -2.00
1879    2    46.81    -0.95
1879    3    60.91    -3.15
1879    4   128.25     5.08
1879    5   113.53    12.02
1879    6   123.24    15.03
1879    7    68.85    17.13
1879    8    34.68    16.24
1879    9    92.90    11.70
1879   10    80.61     8.51
1879   11    43.82     0.00
1879   12    60.33    -1.26
1880    1    52.88    -5.00
1880    2    40.90    -1.87
1880    3    47.65     2.79
1880    4    69.70     4.86
1880    5   119.56     8.39
1880    6   116.83    13.62
1880    7    79.97    16.43
1880    8    67.10    16.60
1880    9   105.92    11.06
1880   10    59.43     5.69
1880   11    39.86     1.89
1880   12    46.05    -2.38
1881    1    19.70    -5.10
1881    2    57.58    -3.07
1881    3    57.28     0.01
1881    4   102.24    10.24
1881    5   117.02    12.05
1881    6   124.62    15.59
1881    7    55.47    15.51
1881    8    24.84    15.95
1881    9    53.50    11.47
1881   10   100.78     6.69
1881   11    80.94     2.19
1881   12    43.39    -2.90
1882    1    37.12    -8.92
1882    2    25.68    -2.21
1882    3    71.89    -4.18
1882    4    77.17     3.05
1882    5    83.75    11.17
1882    6   129.80    14.08
1882    7    73.31    17.77
1882    8   173.70    15.29
1882    9    82.66    10.73
1882   10    50.99     6.66
1882   11    78.40    -0.89
1882   12    46.33    -1.15
1883    1    50.63    -2.77
1883    2    30.10    -2.82
1883    3    53.61     1.14
1883    4   103.56     5.09
1883    5   110.62     8.83
1883    6    89.30    15.73
1883    7    72.81    17.81
1883    8    89.53    15.86
1883    9   106.40    11.09
1883   10    34.73     6.33
1883   11    43.67     0.90
1883   12    43.83     0.05
1884    1    56.74    -3.44
1884    2    34.61     0.31
1884    3    38.53    -0.15
1884    4    52.08     8.81
1884    5   178.58    11.43
1884    6   186.39    12.38
1884    7    66.83    15.24
1884    8    68.16    15.75
1884    9    68.45    11.51
1884   10    78.92     5.69
1884   11    76.00    -0.19
1884   12    37.21    -3.03
1885    1    19.92    -6.03
1885    2    34.85    -4.49
1885    3    25.23    -1.54
1885    4   131.19     9.71
1885    5   132.95     9.91
1885    6   113.43    12.92
1885    7    63.52    17.52
1885    8    33.08    15.83
1885    9    94.52    11.03
1885   10    33.43     4.88
1885   11    48.53     2.36
1885   12    27.29    -0.37
1886    1    22.51    -0.94
1886    2    26.92    -4.77
1886    3    60.22     2.51
1886    4    90.42     5.16
1886    5   111.03     8.49
1886    6    95.57    12.56
1886    7   125.12    16.42
1886    8    82.66    14.66
1886    9   109.57    11.80
1886   10    41.82     8.36
1886   11    94.02     2.42
1886   12    63.86    -4.42
1887    1    91.40    -7.57
1887    2    25.95    -5.37
1887    3    51.08    -4.29
1887    4    55.40     4.68
1887    5   110.65     9.34
1887    6   123.27    14.07
1887    7    54.03    16.42
1887    8    78.01    14.98
1887    9    78.17    10.22
1887   10    39.94     4.86
1887   11    33.98     0.89
1887   12    26.23    -4.71
1888    1    23.88    -4.58
1888    2    23.43    -2.33
1888    3    56.34     0.72
1888    4    74.29     4.55
1888    5    86.24    10.37
1888    6   102.24    15.05
1888    7    77.72    16.73
1888    8    53.71    15.19
1888    9    35.54    10.68
1888   10    46.90     4.89
1888   11    50.01    -2.25
1888   12    64.85    -2.08
1889    1    47.09    -5.42
1889    2    19.57    -2.61
1889    3    50.32    -4.90
1889    4    87.13     6.62
1889    5    79.32    10.23
1889    6    89.94    16.54
1889    7    53.91    16.49
1889    8    78.94    16.41
1889    9    39.46    11.31
1889   10    78.68     7.07
1889   11    54.45     2.47
1889   12    18.85    -0.81
1890    1    20.21     0.23
1890    2    53.48     0.81
1890    3    80.98     3.95
1890    4   119.19     5.66
1890    5   144.91    11.37
1890    6   137.65    13.80
1890    7    72.46    15.78
1890    8    86.33    16.04
1890    9    78.28    12.12
1890   10    50.50     5.06
1890   11    68.50     2.87
1890   12    28.81    -2.68
1891    1    56.01    -5.21
1891    2    75.37    -6.13
1891    3    67.65    -3.11
1891    4   130.35     6.16
1891    5   107.31     9.68
1891    6   107.36    14.83
1891    7    58.02    15.67
1891    8    91.78    15.63
1891    9    59.39     9.40
1891   10    57.43     8.32
1891   11    59.07     1.54
1891   12    33.95    -1.09
1892    1    82.15    -6.51
1892    2    37.02    -3.22
1892    3   100.26    -0.60
1892    4    73.23     4.41
1892    5   125.15    10.19
1892    6   199.05    14.62
1892    7    40.23    16.07
1892    8    73.41    15.43
1892    9   123.51    12.24
1892   10    28.88     5.02
1892   11    79.76     0.62
1892   12    30.24    -1.40
1893    1    66.18    -4.56
1893    2    37.73    -5.99
1893    3    80.65    -1.87
1893    4    75.99     5.39
1893    5   110.95     9.32
1893    6    84.83    14.38
1893    7   131.05    16.50
1893    8    89.78    16.32
1893    9    67.78    13.67
1893   10    31.42     4.93
1893   11    40.07     0.39
1893   12    34.73    -0.15
1894    1    26.81    -1.03
1894    2    20.46    -1.20
1894    3    51.90     2.83
1894    4    78.63     5.62
1894    5   142.28     9.67
1894    6   114.03    16.36
1894    7    63.23    16.49
1894    8    35.57    14.80
1894    9    23.60    10.29
1894   10    60.66     6.08
1894   11    41.98     0.95
1894   12   101.94    -3.77
1895    1    43.37    -6.40
1895    2    20.47    -8.01
1895    3    37.34     3.99
1895    4    80.15     7.00
1895    5    62.27    10.53
1895    6   142.16    15.70
1895    7    32.66    17.27
1895    8    52.36    15.36
1895    9    38.81     8.72
1895   10    48.92     3.59
1895   11    54.68     3.44
1895   12    39.58    -3.12
1896    1    79.81    -3.88
1896    2    37.70    -2.94
1896    3    44.09    -2.85
1896    4    84.02     7.92
1896    5   147.15    11.02
1896    6   139.23    14.77
1896    7    53.93    19.14
1896    8    62.19    16.14
1896    9    43.15    13.05
1896   10    65.98     6.31
1896   11    48.95     1.45
1896   12    54.72    -3.16
1897    1    57.89    -2.32
1897    2    42.59    -2.24
1897    3    24.96     2.23
1897    4    81.83     3.41
1897    5   142.82     8.65
1897    6    98.81    13.11
1897    7    62.92    16.22
1897    8    49.77    14.22
1897    9    60.62    10.70
1897   10    24.29     9.56
1897   11    26.69     4.19
1897   12    72.53    -0.68
1898    1    62.13    -6.87
1898    2    19.30    -9.87
1898    3    63.09     1.64
1898    4    51.54     6.06
1898    5   107.95    10.01
1898    6    83.89    12.11
1898    7    57.96    18.30
1898    8    45.30    16.00
1898    9    92.12    12.02
1898   10    99.87     6.69
1898   11    37.34     3.93
1898   12    82.22    -1.27
1899    1    63.15    -4.71
1899    2    59.79    -7.28
1899    3    88.29     0.32
1899    4   113.97     3.39
1899    5   127.98    10.57
1899    6   156.12    13.50
1899    7    37.33    16.41
1899    8    30.97    15.50
1899    9    24.45    12.65
1899   10    26.91     8.41
1899   11    63.96     0.70
1899   12    54.73    -4.61
1900    1    24.27    -3.16
1900    2    58.37    -3.86
1900    3    36.81     0.76
1900    4    67.79     5.61
1900    5   116.05    10.54
1900    6   122.91    15.87
1900    7    69.81    17.22
1900    8    59.72    16.50
1900    9    59.77    12.98
1900   10    92.79     6.32
1900   11    61.49     1.28
1900   12    57.50    -1.74
1901    1    31.40    -5.31
1901    2    42.84    -3.29
1901    3    72.90    -6.14
1901    4    67.81     7.75
1901    5   145.95    10.60
1901    6   125.03    15.23
1901    7    43.73    18.13
1901    8    21.54    17.82
1901    9    71.67    13.13
1901   10    66.44     6.65
1901   11    38.90     0.48
1901   12    52.12    -3.75
1902    1    17.79    -1.94
1902    2    37.35    -0.30
1902    3    73.95    -2.41
1902    4   111.21     7.48
1902    5   132.20     9.93
1902    6    69.24    16.08
1902    7    84.02    17.62
1902    8    49.60    16.38
1902    9    34.45    13.46
1902   10    56.79     3.46
1902   11    47.76    -0.20
1902   12    17.30    -3.66
1903    1    35.41   -10.09
1903    2    51.37    -4.60
1903    3    36.13     2.18
1903    4    54.17     7.60
1903    5   161.20    11.62
1903    6    94.83    15.14
1903    7    77.33    15.22
1903    8    69.76    15.00
1903    9    61.51     9.46
1903   10    77.23     4.49
1903   11    85.76     0.32
1903   12    39.20    -4.50
1904    1    28.29    -4.52
1904    2    34.40    -0.99
1904    3    52.42    -0.14
1904    4    76.25     4.02
1904    5   121.96     8.41
1904    6   124.51    14.27
1904    7    80.78    16.58
1904    8    42.37    15.13
1904    9    48.79    10.81
1904   10    65.95     2.94
1904   11    42.27     2.31
1904   12    54.45    -2.75
1905    1    33.95    -8.16
1905    2    44.44    -5.01
1905    3    91.07    -0.97
1905    4   133.32     4.24
1905    5   105.33     9.24
1905    6   210.45    14.36
1905    7   112.45    16.65
1905    8    64.08    15.65
1905    9    42.73    12.58
1905   10    73.17     7.31
1905   11    77.76     3.11
1905   12    48.81    -6.16
1906    1    52.95    -3.92
1906    2    30.34    -2.60
1906    3    63.05     1.34
1906    4   126.09     1.72
1906    5   126.21     8.81
1906    6   132.02    14.12
1906    7    72.43    15.13
1906    8    92.22    14.68
1906    9    43.04    12.40
1906   10    51.07     4.75
1906   11    40.63     2.24
1906   12    16.79    -1.28
1907    1    37.61    -3.93
1907    2    78.14    -4.36
1907    3    47.83     2.61
1907    4    74.10     4.73
1907    5    92.76    10.48
1907    6   173.30    13.11
1907    7    75.02    15.45
1907    8    74.26    14.49
1907    9    98.03    11.50
1907   10    39.43     6.63
1907   11    38.61     4.77
1907   12    23.77     0.68
1908    1    66.09    -1.32
1908    2    36.14     0.07
1908    3    33.61     0.30
1908    4    73.20     5.14
1908    5   157.36    12.47
1908    6    77.20    12.14
1908    7    73.77    17.65
1908    8    64.81    16.47
1908    9    49.02    11.66
1908   10    52.38     4.06
1908   11    37.93     1.82
1908   12    15.45    -1.69
1909    1    54.55    -4.76
1909    2    50.46    -7.38
1909    3    51.16    -0.62
1909    4    75.29     4.41
1909    5   118.66     9.93
1909    6   116.72    13.61
1909    7    63.31    17.03
1909    8    56.74    15.75
1909    9    48.95    14.55
1909   10    83.07     6.69
1909   11    49.10    -1.61
1909   12    45.80    -3.17
1910    1    45.17    -4.09
1910    2    27.95    -2.50
1910    3    59.92     3.90
1910    4    95.63     7.93
1910    5   131.33     8.88
1910    6   102.75    16.18
1910    7    79.40    15.99
1910    8    42.55    17.61
1910    9    30.81    12.83
1910   10    40.58     7.79
1910   11   102.78    -0.91
1910   12    23.00    -2.73
1911    1    69.73    -4.28
1911    2    19.49    -4.19
1911    3    51.67     2.04
1911    4    81.34     7.01
1911    5   151.53     9.45
1911    6    99.71    13.35
1911    7    68.29    17.89
1911    8    67.25    17.44
1911    9    79.15     9.95
1911   10    34.01     6.42
1911   11    76.06    -0.96
1911   12    55.26    -4.70
1912    1    61.72    -4.63
1912    2    15.23    -0.39
1912    3   109.65     0.93
1912    4    79.91     1.52
1912    5   136.93     9.48
1912    6    69.92    13.38
1912    7    70.73    16.51
1912    8    48.12    16.28
1912    9    77.07    11.43
1912   10    63.25     6.21
1912   11    66.14     3.51
1912   12    32.07    -0.93
1913    1    51.50    -3.89
1913    2    46.36    -2.66
1913    3    46.43     2.25
1913    4    91.06     4.94
1913    5   172.19    10.29
1913    6   141.57    13.11
1913    7    73.04    16.35
1913    8    47.26    14.13
1913    9    71.85    10.40
1913   10    48.33     7.55
1913   11    52.78    -1.02
1913   12    56.53    -3.59
1914    1    41.95    -4.38
1914    2    28.55    -0.08
1914    3    46.39     2.56
1914    4    78.59     7.53
1914    5   109.90    10.94
1914    6    91.64    14.20
1914    7    94.34    16.67
1914    8    73.09    17.24
1914    9    68.29    13.03
1914   10    60.91     5.21
1914   11    33.72    -0.84
1914   12    38.68    -1.03
1915    1    58.94    -6.01
1915    2    29.77    -3.59
1915    3    27.35     1.24
1915    4    34.55     7.21
1915    5   136.71    11.71
1915    6   103.45    14.00
1915    7    59.67    17.91
1915    8    58.81    15.89
1915    9    63.22    13.04
1915   10    50.91     6.01
1915   11    37.36     4.03
1915   12    93.69    -2.80
1916    1    33.11    -1.86
1916    2    55.07    -2.57
1916    3    91.37    -4.50
1916    4    81.33     5.06
1916    5   159.37    10.09
1916    6    92.45    14.99
1916    7    52.34    16.54
1916    8    53.10    16.27
1916    9   116.49     9.68
1916   10    20.68     7.63
1916   11    63.80     3.46
1916   12    55.21    -0.84
1917    1    51.49    -4.36
1917    2    83.73    -5.91
1917    3    20.56     1.09
1917    4   124.38     7.51
1917    5   191.56     8.90
1917    6   154.50    14.44
1917    7    84.20    16.93
1917    8    57.57    16.11
1917    9    53.31    11.95
1917   10    90.26     4.60
1917   11    30.06     0.53
1917   12    83.61    -2.89
1918    1    26.78    -7.32
1918    2    19.34    -1.38
1918    3    63.58    -0.08
1918    4   104.55     4.17
1918    5   125.63     8.99
1918    6   110.64    14.55
1918    7    54.10    17.49
1918    8    26.60    17.14
1918    9    45.18    12.02
1918   10    85.93     6.47
1918   11    76.70     0.80
1918   12    27.38    -1.92
1919    1    48.81    -5.22
1919    2    51.40    -0.55
1919    3    66.48    -0.90
1919    4    47.40     4.54
1919    5    73.00    11.02
1919    6    95.47    14.45
1919    7    94.89    15.72
1919    8    43.43    16.79
1919    9    33.60    12.01
1919   10    57.09     6.46
1919   11    29.41     3.04
1919   12    26.95    -0.48
1920    1    25.19     0.15
1920    2    44.39    -2.32
1920    3    41.27     0.64
1920    4    75.03     7.24
1920    5    76.94     9.65
1920    6   126.11    15.58
1920    7   109.13    17.09
1920    8   108.57    15.77
1920    9    33.38    10.74
1920   10    44.75     4.42
1920   11    90.08     1.31
1920   12    30.75    -2.91
1921    1    51.94    -4.51
1921    2    47.83    -5.77
1921    3    69.87     1.62
1921    4    70.57     7.11
1921    5   135.37    12.96
1921    6   163.56    16.67
1921    7    80.59    17.46
1921    8    59.11    15.71
1921    9    46.60    13.64
1921   10    34.63     6.78
1921   11    35.77     3.35
1921   12    39.45    -2.45
1922    1    91.57    -4.12
1922    2    46.76    -8.39
1922    3    30.21     5.09
1922    4   109.86     4.63
1922    5   135.95     9.98
1922    6   127.81    14.94
1922    7    86.52    16.56
1922    8    81.53    17.03
1922    9    56.96    10.62
1922   10    39.19     7.67
1922   11    23.59     0.67
1922   12    44.92    -0.09
1923    1    76.81    -5.86
1923    2    41.37    -4.70
1923    3    49.22    -1.06
1923    4    83.93     8.37
1923    5   106.52    10.11
1923    6   129.40    15.74
1923    7   115.19    16.70
1923    8    40.58    15.15
1923    9    40.42    11.53
1923   10    54.08     5.20
1923   11    87.35     2.51
1923   12    57.77    -2.83
1924    1    57.24    -3.71
1924    2    33.37    -1.04
1924    3    51.31     0.45
1924    4    90.37     6.31
1924    5   144.05     8.53
1924    6    83.96    14.10
1924    7    27.66    17.44
1924    8    46.49    16.97
1924    9    84.01    11.36
1924   10    27.65     7.48
1924   11    69.03     0.62
1924   12    41.54    -5.38
1925    1    43.00    -7.22
1925    2    28.86    -1.90
1925    3    51.34     4.04
1925    4    45.05    10.52
1925    5   148.58    10.31
1925    6    81.52    15.64
1925    7    96.92    16.76
1925    8    26.67    16.31
1925    9   105.01    12.99
1925   10    50.60     7.74
1925   11     8.67     4.65
1925   12    47.95    -1.04
1926    1    32.71    -4.23
1926    2    41.56    -1.70
1926    3    42.45     2.84
1926    4    72.45     7.06
1926    5   171.14     9.22
1926    6   109.65    14.83
1926    7    53.84    17.46
1926    8    43.63    17.24
1926    9    54.98    13.79
1926   10    65.04     3.24
1926   11    40.34     4.13
1926   12    72.78    -6.73
1927    1    16.85    -2.93
1927    2    47.96    -3.32
1927    3    36.07     2.26
1927    4    98.87     2.82
1927    5   161.09    10.55
1927    6   191.02    15.81
1927    7    42.85    15.77
1927    8    24.24    15.50
1927    9   119.75    10.87
1927   10    47.88     8.21
1927   11   117.32     3.18
1927   12    64.11    -5.78
1928    1    52.91    -7.51
1928    2    26.28    -6.19
1928    3    71.73    -0.65
1928    4    85.43     6.15
1928    5   119.32    11.52
1928    6   127.45    14.93
1928    7    46.38    16.87
1928    8    52.79    16.47
1928    9    91.50    12.94
1928   10    80.27     6.18
1928   11    24.97     3.11
1928   12    72.42    -3.11
1929    1    41.97    -6.29
1929    2    50.76    -3.60
1929    3    70.82     0.36
1929    4    62.67     5.40
1929    5   141.37    10.96
1929    6   170.20    14.64
1929    7    78.92    17.90
1929    8    50.71    15.09
1929    9    71.22    12.08
1929   10    36.09     6.89
1929   11    66.66     1.44
1929   12    62.98    -3.41
1930    1    36.58    -4.03
1930    2    31.94    -3.84
1930    3    41.01    -1.33
1930    4    95.43     6.57
1930    5   136.53    10.42
1930    6   129.61    13.12
1930    7    69.04    16.93
1930    8    49.41    15.56
1930    9    73.44    10.15
1930   10    56.44     6.43
1930   11    95.82     1.11
1930   12    45.63    -3.85
1931    1    48.39    -4.76
1931    2    53.34    -6.06
1931    3    43.58    -0.74
1931    4    94.87     4.70
1931    5   101.82    12.00
1931    6   149.27    14.75
1931    7    88.40    17.33
1931    8    65.73    17.25
1931    9    60.80    12.52
1931   10    52.89     4.14
1931   11    26.26     3.86
1931   12    67.62    -0.41
1932    1    61.01    -4.24
1932    2    31.77    -2.72
1932    3    36.84     3.87
1932    4    52.40     9.44
1932    5    88.14    12.31
1932    6    63.19    14.11
1932    7    38.95    16.33
1932    8    42.14    17.10
1932    9    26.46    12.85
1932   10    44.49     5.72
1932   11    60.39     1.14
1932   12    82.36    -3.09
1933    1    53.90    -6.59
1933    2    62.95    -2.77
1933    3    87.91    -2.49
1933    4    78.17     5.05
1933    5   117.44    11.83
1933    6    72.53    12.72
1933    7    57.66    15.56
1933    8    69.42    16.40
1933    9    46.44    11.80
1933   10    77.31     8.18
1933   11    42.29     3.56
1933   12    55.30    -2.79
1934    1    30.80    -2.02
1934    2    32.22     1.01
1934    3    43.93    -1.50
1934    4    78.01     7.24
1934    5   100.64     9.31
1934    6   107.60    13.94
1934    7    83.38    15.94
1934    8    60.35    14.99
1934    9    63.56    13.67
1934   10    54.78     7.48
1934   11    50.89     4.04
1934   12    38.13    -1.54
1935    1    85.63    -1.73
1935    2    34.26    -2.42
1935    3    66.30    -2.22
1935    4   107.09     3.79
1935    5   147.40    10.41
1935    6    89.60    14.96
1935    7    69.06    17.64
1935    8    97.73    16.26
1935    9   110.46    12.80
1935   10    35.68     7.86
1935   11    60.54     1.90
1935   12    41.56    -5.85
1936    1    52.36    -6.59
1936    2    27.10    -3.53
1936    3    86.97    -3.60
1936    4   131.99     6.73
1936    5   109.68    10.04
1936    6    99.85    15.11
1936    7    57.86    18.67
1936    8    31.66    19.21
1936    9    35.55    14.81
1936   10    73.57     7.79
1936   11    30.81     3.43
1936   12    73.18    -3.14
1937    1    47.76    -9.19
1937    2    32.13    -3.65
1937    3    65.97     2.38
1937    4    85.73     9.82
1937    5    87.22    12.07
1937    6   100.23    14.02
1937    7    46.82    18.25
1937    8    38.85    17.28
1937    9    38.09    13.60
1937   10    78.48     8.73
1937   11    58.32     1.55
1937   12    50.93    -2.09
1938    1    80.50    -6.03
1938    2    40.85    -3.31
1938    3    35.34     2.30
1938    4    72.42     5.83
1938    5   110.02    11.95
1938    6   111.04    14.27
1938    7    27.37    18.18
1938    8    53.54    16.51
1938    9    21.88    12.92
1938   10    27.72     6.29
1938   11    54.22     1.04
1938   12    50.94    -1.35
1939    1    38.16    -3.77
1939    2    27.48    -1.58
1939    3    52.52     0.48
1939    4   105.01    10.42
1939    5   101.26    12.13
1939    6   150.75    16.84
1939    7    73.63    16.89
1939    8    71.40    15.77
1939    9    77.28    12.97
1939   10    58.87     5.09
1939   11    39.10     2.68
1939   12    47.39    -3.16
1940    1    38.51    -2.95
1940    2    35.43    -5.71
1940    3    33.27     3.45
1940    4   105.82     3.91
1940    5   127.41    12.77
1940    6    94.92    13.83
1940    7    51.78    17.22
1940    8    52.92    15.21
1940    9    89.92    12.53
1940   10    53.41     8.16
1940   11    46.59     2.72
1940   12    30.83    -3.26
1941    1    62.93    -2.65
1941    2    45.02    -7.14
1941    3    50.61     0.12
1941    4    52.33     8.34
1941    5   179.97    10.93
1941    6    71.50    15.60
1941    7    49.46    18.37
1941    8    48.64    16.27
1941    9    67.39    11.95
1941   10    46.16     5.82
1941   11    52.12     2.96
1941   12    63.85    -0.84
1942    1    45.82    -3.51
1942    2    40.21    -3.12
1942    3    63.44    -1.51
1942    4    60.93     4.57
1942    5    97.24    10.25
1942    6   126.30    13.58
1942    7    60.78    17.26
1942    8    66.50    17.02
1942    9    52.14    10.86
1942   10    43.19     5.99
1942   11    57.96     2.21
1942   12    59.68    -5.46
1943    1    26.92    -5.79
1943    2    47.45    -4.56
1943    3    46.29     2.19
1943    4    47.00     7.88
1943    5   110.16     8.30
1943    6   121.46    12.56
1943    7    72.33    16.51
1943    8    22.47    14.82
1943    9    60.11    13.42
1943   10    58.29     8.22
1943   11    48.17    -1.41
1943   12    86.92    -2.60
1944    1    49.44    -2.62
1944    2    37.81    -6.61
1944    3    66.77    -0.31
1944    4   120.57     4.32
1944    5    89.27     8.70
1944    6   102.49    14.79
1944    7    80.72    17.59
1944    8    47.84    17.57
1944    9    77.50    10.98
1944   10    85.84     6.27
1944   11    56.27    -0.50
1944   12    63.14    -2.65
1945    1    47.11    -5.56
1945    2    25.24    -6.86
1945    3    78.92    -6.16
1945    4    49.08     3.19
1945    5   111.10    10.77
1945    6   188.66    15.11
1945    7    88.89    16.66
1945    8    72.85    16.43
1945    9    60.48    12.02
1945   10    46.14     5.78
1945   11    49.41     3.02
1945   12   114.58    -1.64
1946    1    23.96    -7.72
1946    2    33.25    -2.84
1946    3    62.52    -0.03
1946    4    64.82     6.26
1946    5    78.06     9.95
1946    6    77.56    13.49
1946    7    45.60    17.65
1946    8    40.00    17.37
1946    9    36.89    10.43
1946   10    47.85     5.98
1946   11    58.76     0.36
1946   12    40.73    -5.00
1947    1    40.08    -1.91
1947    2    54.15    -0.52
1947    3    68.10     2.02
1947    4    46.81     8.66
1947    5   103.77    11.41
1947    6    56.04    14.20
1947    7    55.71    17.77
1947    8    55.41    18.21
1947    9    79.47    10.94
1947   10    50.53     5.28
1947   11    17.43    -0.79
1947   12    62.12    -3.67
1948    1    38.56    -8.31
1948    2    69.51    -4.67
1948    3    54.59    -0.47
1948    4   118.85     6.86
1948    5   183.71     9.72
1948    6    92.64    13.24
1948    7    68.20    16.98
1948    8    56.30    15.28
1948    9    60.75    13.18
1948   10    77.18     7.15
1948   11    58.11     2.29
1948   12    55.58    -2.25
1949    1    52.48    -2.95
1949    2    39.35     0.38
1949    3    52.50     2.03
1949    4    79.40     6.40
1949    5    74.22     8.40
1949    6   142.23    14.98
1949    7    54.91    17.15
1949    8    33.53    17.72
1949    9    50.09    12.49
1949   10    60.63     7.80
1949   11    30.64     0.48
1949   12    66.33    -0.01
1950    1    27.09    -5.93
1950    2    30.20    -0.24
1950    3    70.55     2.02
1950    4    65.08     6.04
1950    5   158.92    11.42
1950    6   126.53    13.96
1950    7    54.93    14.56
1950    8    74.37    16.37
1950    9    76.25    12.35
1950   10    81.87     7.62
1950   11    59.90    -0.38
1950   12    66.26    -1.46
1951    1    41.86    -4.34
1951    2    39.60    -1.84
1951    3    67.23    -4.82
1951    4    85.21     1.93
1951    5   165.15    10.52
1951    6   108.01    14.68
1951    7    73.69    16.42
1951    8    39.75    15.80
1951    9    54.03    12.48
1951   10    83.64     6.11
1951   11    59.71    -2.24
1951   12    22.83    -3.70
1952    1    27.04    -2.84
1952    2    34.85    -6.38
1952    3    41.94    -1.70
1952    4    74.98     8.03
1952    5   121.16     9.90
1952    6    79.58    14.89
1952    7    40.27    17.60
1952    8    51.39    18.21
1952    9    68.85    12.10
1952   10    81.47     4.88
1952   11    34.62     1.07
1952   12    65.66    -5.26
1953    1    48.39    -5.20
1953    2    45.85    -4.88
1953    3    49.56     3.64
1953    4    30.94    10.10
1953    5   105.29    10.79
1953    6    80.16    14.38
1953    7    65.43    18.09
1953    8    58.04    15.55
1953    9    90.60    12.87
1953   10    54.82     7.49
1953   11    35.43     2.88
1953   12    57.05    -0.91
1954    1    48.70    -1.96
1954    2    28.34    -2.23
1954    3    50.14     2.38
1954    4    54.29     3.30
1954    5   190.56    10.46
1954    6   110.57    13.56
1954    7    66.65    16.64
1954    8    35.84    17.20
1954    9    32.70    11.77
1954   10    75.13     6.80
1954   11    81.73     4.27
1954   12    95.76    -2.67
1955    1    56.12    -3.72
1955    2    55.62    -1.62
1955    3    49.88    -0.89
1955    4    60.89     3.71
1955    5   109.23     9.71
1955    6   108.66    14.51
1955    7    39.24    16.95
1955    8    37.15    18.36
1955    9    32.99    13.38
1955   10    62.16     6.74
1955   11    20.24     4.98
1955   12    43.23    -0.46
1956    1    38.79    -1.75
1956    2    46.01    -7.41
1956    3    34.09     0.37
1956    4    94.12     5.21
1956    5    93.33    10.14
1956    6   106.76    12.99
1956    7    38.42    16.36
1956    8    57.13    16.37
1956    9    62.35    12.10
1956   10    33.70     5.96
1956   11    50.43     2.12
1956   12    58.18    -2.02
1957    1    26.67    -1.99
1957    2    27.80    -1.48
1957    3    45.58     1.03
1957    4    30.84     8.42
1957    5   118.68    12.12
1957    6   118.78    13.54
1957    7    66.08    17.55
1957    8    84.17    15.79
1957    9    32.92    10.90
1957   10    38.61     3.33
1957   11    25.52    -0.01
1957   12    34.06     0.36
1958    1    21.47     0.25
1958    2    43.23    -6.02
1958    3    34.61     0.80
1958    4    97.63     9.06
1958    5   125.12     8.87
1958    6    90.78    14.96
1958    7    48.78    17.56
1958    8    59.82    14.85
1958    9   121.32    11.60
1958   10    49.97     5.98
1958   11    21.52     5.36
1958   12    33.22     0.64
1959    1    59.39    -3.47
1959    2    48.40    -1.05
1959    3    64.60    -0.27
1959    4    61.11     5.55
1959    5   107.16     9.53
1959    6   117.49    12.99
1959    7   109.13    15.29
1959    8    58.95    14.35
1959    9    34.45    13.35
1959   10    26.39     9.85
1959   11    16.68     3.37
1959   12    73.01    -1.07
1960    1    32.33    -2.58
1960    2    41.47    -5.56
1960    3    87.45     1.91
1960    4    85.35     5.90
1960    5    90.51     9.35
1960    6   141.25    16.30
1960    7    24.69    18.06
1960    8    42.19    17.26
1960    9    60.18    13.84
1960   10   108.99     5.89
1960   11    62.54     0.99
1960   12    64.11    -2.58
1961    1    43.68    -8.08
1961    2    35.89    -6.09
1961    3    59.36    -5.19
1961    4    62.70     7.63
1961    5   140.82     9.61
1961    6    84.02    15.09
1961    7    71.12    16.16
1961    8    48.58    15.13
1961    9    83.97    10.35
1961   10    55.02     6.45
1961   11    21.48     1.73
1961   12    39.43    -4.10
1962    1    34.39    -3.48
1962    2    49.40    -3.87
1962    3    54.34    -1.70
1962    4    63.17     4.47
1962    5   102.68     9.51
1962    6    63.50    16.16
1962    7    31.86    18.30
1962    8    48.49    18.20
1962    9    27.84    11.82
1962   10    72.39     5.29
1962   11    30.04     4.00
1962   12    23.27    -3.46
1963    1    61.17    -6.04
1963    2    21.07    -7.00
1963    3    64.49     3.34
1963    4    99.06     6.26
1963    5   121.60     8.20
1963    6   120.52    14.76
1963    7    98.61    16.97
1963    8   102.77    16.37
1963    9    83.07    13.27
1963   10    20.82     5.29
1963   11    37.91     3.91
1963   12    32.74    -2.41
1964    1    70.72    -2.34
1964    2    43.13    -3.94
1964    3    41.59    -0.92
1964    4    57.06     2.73
1964    5   102.18     9.85
1964    6   168.80    14.61
1964    7    95.77    15.42
1964    8    53.81    17.02
1964    9    64.85    11.03
1964   10    63.52     8.91
1964   11    29.38     3.57
1964   12    28.18    -1.82
1965    1    57.38    -2.07
1965    2    65.64    -5.79
1965    3    62.79     1.74
1965    4   105.01     7.29
1965    5   126.78     7.76
1965    6    90.45    15.21
1965    7    42.06    17.34
1965    8    50.68    15.70
1965    9    81.26    10.92
1965   10    48.02     5.63
1965   11    91.11     2.41
1965   12    55.10    -3.67
1966    1    36.41    -8.44
1966    2    28.43    -3.40
1966    3    38.74     0.05
1966    4    57.91     8.03
1966    5   145.44     9.18
1966    6   120.38    13.26
1966    7   100.31    16.49
1966    8    84.18    15.13
1966    9    63.35    13.15
1966   10    34.34     5.42
1966   11    87.27     1.58
1966   12    76.95    -1.95
1967    1    55.79    -7.83
1967    2    21.33    -4.51
1967    3    69.45     2.09
1967    4    54.35     6.51
1967    5   156.80    11.75
1967    6   152.27    14.01
1967    7   104.61    16.53
1967    8    57.33    15.97
1967    9    46.83    11.76
1967   10    48.01     4.96
1967   11    55.84     0.72
1967   12    26.13    -5.19
1968    1    46.71    -7.55
1968    2    59.39    -9.09
1968    3    50.49    -0.96
1968    4    66.39     7.80
1968    5    70.18    10.42
1968    6    80.45    13.96
1968    7    86.91    17.22
1968    8    44.14    17.09
1968    9    51.41    11.74
1968   10    53.10     7.44
1968   11    87.00     0.86
1968   12    57.76    -3.23
1969    1    24.92    -4.13
1969    2    41.34    -2.55
1969    3    67.93    -0.55
1969    4    41.53     7.35
1969    5   112.12     9.45
1969    6    75.78    14.63
1969    7   144.73    15.43
1969    8    44.29    16.34
1969    9    15.34    12.88
1969   10    54.92     3.81
1969   11    49.08     2.29
1969   12    64.39    -5.29
1970    1    38.03    -1.83
1970    2    33.34     0.23
1970    3    40.25     3.54
1970    4    88.43     3.65
1970    5   106.94    13.06
1970    6    88.41    15.34
1970    7    76.45    15.51
1970    8    28.40    17.34
1970    9    65.22    11.76
1970   10    43.26     7.96
1970   11    56.98     3.48
1970   12    20.02     0.11
1971    1    28.87    -2.45
1971    2    73.54    -2.42
1971    3    66.17     0.54
1971    4    79.15     3.97
1971    5   135.29     7.74
1971    6   123.47    13.84
1971    7    75.55    16.00
1971    8    82.01    15.55
1971    9    35.90    10.89
1971   10    53.00     7.35
1971   11    15.33     2.47
1971   12    22.24    -0.86
1972    1    74.26    -4.26
1972    2    28.98    -2.94
1972    3    38.83     0.62
1972    4   129.01     4.83
1972    5   173.53    10.50
1972    6   145.65    12.80
1972    7    49.90    18.14
1972    8    79.92    16.16
1972    9    42.97    12.84
1972   10    40.53     6.27
1972   11    11.17     3.48
1972   12    45.02     0.85
1973    1    51.02    -1.71
1973    2    46.53    -5.40
1973    3    96.73    -0.24
1973    4   108.81     6.84
1973    5   109.78    11.05
1973    6   178.35    14.52
1973    7    84.70    16.74
1973    8    42.25    16.13
1973    9    71.62    10.58
1973   10    54.85     5.53
1973   11    60.01     0.22
1973   12    77.63    -0.38
1974    1    34.70    -4.55
1974    2    36.88    -3.39
1974    3    46.09     2.61
1974    4    99.11     6.68
1974    5   144.30    10.77
1974    6   107.87    13.57
1974    7    72.76    17.50
1974    8    32.48    17.07
1974    9    54.30    14.96
1974   10    74.34     7.12
1974   11    67.42     1.31
1974   12    36.51    -4.21
1975    1    34.08    -7.21
1975    2    26.58   -10.26
1975    3    22.28     1.46
1975    4   137.77     6.34
1975    5   191.22     8.73
1975    6    94.93    13.83
1975    7    35.35    17.74
1975    8    27.09    16.29
1975    9    64.68    13.24
1975   10    43.66     6.79
1975   11    55.27     3.62
1975   12    61.30    -1.27
1976    1    39.77    -2.55
1976    2    42.28    -3.12
1976    3    59.75     1.51
1976    4    55.43     6.55
1976    5   127.68    11.86
1976    6    99.84    14.67
1976    7    57.55    18.23
1976    8    34.62    18.98
1976    9    77.67    12.47
1976   10    80.68     6.05
1976   11    45.04     0.63
1976   12    37.95    -1.11
1977    1    60.39    -4.03
1977    2    26.66    -0.93
1977    3    65.13    -0.86
1977    4    86.09     4.76
1977    5   156.04    12.54
1977    6    58.89    14.68
1977    7    35.12    18.05
1977    8    24.47    19.67
1977    9    40.83    14.30
1977   10    36.03     5.88
1977   11    57.80     2.12
1977   12    49.32    -1.16
1978    1    38.06    -4.88
1978    2    33.84    -0.28
1978    3    84.94     1.42
1978    4    77.70     5.59
1978    5   106.61    10.67
1978    6    56.16    15.55
1978    7    53.71    19.55
1978    8    70.83    16.48
1978    9    98.49    10.56
1978   10    11.49     6.19
1978   11    51.52     3.96
1978   12    37.45    -3.92
1979    1    52.45    -3.88
1979    2    46.08    -5.82
1979    3    20.78     2.12
1979    4    94.66     6.73
1979    5   182.85    12.03
1979    6    94.50    14.67
1979    7    69.66    16.94
1979    8    34.33    17.05
1979    9    41.40    10.95
1979   10    30.62     8.52
1979   11    48.08     2.61
1979   12    42.61    -0.21
1980    1    66.63    -1.12
1980    2    24.13     0.73
1980    3    57.33     2.80
1980    4    83.40     7.00
1980    5    87.26    10.93
1980    6    93.72    12.61
1980    7    88.26    16.95
1980    8    74.59    16.47
1980    9    27.68    13.94
1980   10    31.49     8.70
1980   11    50.59     2.89
1980   12    74.58    -2.54
1981    1    68.44    -5.95
1981    2    32.14    -2.80
1981    3    60.08    -0.59
1981    4    81.51     2.86
1981    5   132.75    10.66
1981    6   116.41    14.29
1981    7    22.01    18.41
1981    8    32.38    17.65
1981    9    39.89    14.36
1981   10    76.95     9.02
1981   11    49.97    -0.16
1981   12    68.45    -1.65
1982    1    50.18    -1.06
1982    2    41.03    -1.45
1982    3    54.90     4.52
1982    4    68.21     8.10
1982    5    92.79    10.45
1982    6    90.89    13.40
1982    7    56.32    16.72
1982    8   114.11    16.13
1982    9    87.01    11.12
1982   10    65.39     6.66
1982   11    30.71     2.43
1982   12    63.64    -6.39
1983    1     5.14    -2.50
1983    2    15.43     0.81
1983    3    49.90     0.98
1983    4    86.29     5.33
1983    5    89.87     9.20
1983    6   135.38    15.17
1983    7    84.11    16.37
1983    8    70.52    16.13
1983    9    46.78    12.79
1983   10    17.11     9.85
1983   11   108.09     0.61
1983   12    53.15    -4.41
1984    1    34.04    -5.06
1984    2    46.27    -2.30
1984    3    66.13    -1.02
1984    4    57.58     7.51
1984    5   108.82    10.93
1984    6   171.64    14.23
1984    7    80.34    15.99
1984    8    27.86    17.51
1984    9    32.39    12.88
1984   10    34.04     6.60
1984   11    85.54     0.59
1984   12    59.36    -2.32
1985    1    59.43    -5.16
1985    2    29.66    -7.66
1985    3    59.42    -1.46
1985    4    83.56     2.32
1985    5   132.00     9.16
1985    6    91.30    13.98
1985    7    71.25    16.84
1985    8    44.56    16.73
1985    9    89.17    13.04
1985   10    63.55     5.94
1985   11    48.55     2.26
1985   12    69.18    -0.67
1986    1    36.18    -3.73
1986    2    34.98    -3.55
1986    3    49.78     0.04
1986    4    45.01     9.28
1986    5   175.45    11.49
1986    6    94.85    14.54
1986    7    92.09    16.67
1986    8    56.02    16.08
1986    9    50.84    11.76
1986   10    43.76     5.44
1986   11    35.13     2.95
1986   12    45.72     0.90
1987    1    86.14    -2.54
1987    2    55.59    -4.01
1987    3    60.81     1.51
1987    4   115.77     5.86
1987    5   152.88    10.71
1987    6   154.63    15.83
1987    7   101.95    17.07
1987    8    34.72    15.78
1987    9    42.18    15.14
1987   10    96.44     8.16
1987   11    55.76     3.34
1987   12    72.97    -3.92
1988    1    43.34    -5.62
1988    2    30.31    -6.13
1988    3    39.04    -0.57
1988    4   110.39     2.62
1988    5   107.96     9.77
1988    6   108.24    15.40
1988    7    95.54    17.18
1988    8    45.52    15.81
1988    9    93.72    12.48
1988   10    35.38     5.17
1988   11    37.05     1.01
1988   12    32.80    -4.94
1989    1    47.48    -6.28
1989    2    61.38    -6.56
1989    3    41.71     6.34
1989    4    37.06     5.90
1989    5    93.39     8.85
1989    6    79.23    15.68
1989    7    42.95    18.57
1989    8    10.85    20.06
1989    9    35.71    14.54
1989   10    76.96     8.93
1989   11    51.57     1.83
1989   12    40.71    -1.50
1990    1    33.02    -1.64
1990    2    37.77    -0.80
1990    3    67.04     2.67
1990    4   115.72     5.58
1990    5    86.60    13.54
1990    6   117.96    15.91
1990    7    85.45    17.64
1990    8    57.09    17.44
1990    9    74.93    11.01
1990   10    50.64     6.08
1990   11    59.26     0.55
1990   12    53.10    -4.96
1991    1    25.27    -6.90
1991    2    28.48    -0.46
1991    3    56.45     1.10
1991    4    49.10     7.26
1991    5   116.99    12.05
1991    6   141.24    15.24
1991    7    53.27    18.37
1991    8    73.79    15.67
1991    9    52.22    12.25
1991   10    53.73     7.62
1991   11    38.04     1.65
1991   12    76.87    -3.44
1992    1    32.83    -2.66
1992    2    32.02    -0.97
1992    3    73.87     1.41
1992    4    71.83     6.37
1992    5    89.86    12.25
1992    6   144.45    15.20
1992    7    64.75    15.20
1992    8    23.10    15.58
1992    9   140.33    12.56
1992   10    47.58     8.30
1992   11    43.55     2.01
1992   12    49.96     0.07
1993    1    32.65    -9.66
1993    2    26.19    -3.32
1993    3    87.11    -3.50
1993    4    84.02     3.94
1993    5    98.93     8.95
1993    6   100.73    15.22
1993    7    46.59    18.44
1993    8    25.06    17.80
1993    9    53.74    13.67
1993   10    70.53     7.03
1993   11    35.32     2.95
1993   12    42.84    -2.11
1994    1    44.69    -2.59
1994    2    54.59    -0.43
1994    3    65.43     1.05
1994    4    62.18     7.45
1994    5   150.14     8.70
1994    6    52.54    13.52
1994    7   114.47    16.14
1994    8   109.57    17.82
1994    9    40.21    12.07
1994   10    39.27     8.87
1994   11    74.09    -1.18
1994   12    27.73    -1.84
1995    1    58.63    -4.24
1995    2    66.41    -5.33
1995    3    26.82     1.98
1995    4    66.66     7.86
1995    5   129.62     9.70
1995    6    74.24    13.95
1995    7    66.49    16.85
1995    8    86.43    17.55
1995    9    62.04    12.60
1995   10    39.03     5.16
1995   11    28.49     2.11
1995   12    36.17    -1.06
1996    1    79.32    -4.81
1996    2    40.68    -3.37
1996    3    28.90     0.55
1996    4    79.39     4.89
1996    5    60.79    10.68
1996    6    84.44    15.46
1996    7    66.56    19.03
1996    8    53.33    16.56
1996    9    41.74    14.57
1996   10    36.61     7.69
1996   11    27.38     4.35
1996   12    78.55    -2.64
1997    1    56.48    -2.41
1997    2    78.61    -3.31
1997    3    68.11    -2.79
1997    4    97.40     5.12
1997    5   104.01    11.74
1997    6    90.03    15.07
1997    7    57.24    18.94
1997    8    43.33    16.36
1997    9    73.53    11.06
1997   10    28.58     7.57
1997   11    39.19     2.03
1997   12    38.36    -0.32
1998    1    26.41    -5.52
1998    2    29.01    -2.75
1998    3    48.69     0.79
1998    4    82.08     4.60
1998    5   145.23    10.76
1998    6    93.60    14.18
1998    7   103.61    15.37
1998    8    68.07    15.67
1998    9    66.95    12.20
1998   10    84.45     9.33
1998   11    29.57     3.44
1998   12    29.71    -2.10
1999    1    32.44    -2.56
1999    2    32.17    -0.76
1999    3    94.11     2.50
1999    4    84.67     5.75
1999    5    98.35     9.79
1999    6   166.48    15.96
1999    7    99.33    17.51
1999    8    98.28    16.23
1999    9    61.11    11.50
1999   10    77.62     6.74
1999   11    56.49    -2.79
1999   12    65.91    -5.35
2000    1    69.60    -5.71
2000    2    21.74    -1.83
2000    3    54.42    -0.10
2000    4    58.74     6.62
2000    5    52.10    11.46
2000    6    43.96    13.90
2000    7    94.43    17.61
2000    8    30.83    16.73
2000    9    48.39    12.72
2000   10    52.07     6.58
2000   11    50.85     1.03
2000   12    33.21    -1.12
2001    1    22.97    -1.42
2001    2    27.92    -2.51
2001    3    47.18     1.52
2001    4    77.95     4.39
2001    5    80.87    13.36
2001    6    74.07    16.68
2001    7    67.31    18.84
2001    8    43.88    16.24
2001    9    53.10    12.87
2001   10    57.72     7.59
2001   11    61.60     0.68
2001   12    48.94    -4.87
2002    1    53.41    -7.45
2002    2    25.71    -4.75
2002    3    57.74     4.86
2002    4    97.29     7.86
2002    5   102.38    12.24
2002    6    99.82    16.92
2002    7   123.75    16.93
2002    8    54.72    16.98
2002    9   116.73    12.87
2002   10    30.39     5.77
2002   11    30.43     3.41
2002   12    86.01    -2.38
2003    1    53.58    -5.29
2003    2    59.70    -2.79
2003    3    45.26     2.38
2003    4    65.09     7.91
2003    5   152.04    12.43
2003    6   110.51    14.49
2003    7    50.02    17.40
2003    8    59.56    17.31
2003    9    34.82    13.87
2003   10   117.17     6.20
2003   11    50.81    -1.73
2003   12     3.74    -5.34
2004    1    60.39    -1.45
2004    2    50.61    -1.58
2004    3    31.11     4.47
2004    4    70.67     9.73
2004    5   165.16    12.61
2004    6   126.89    15.54
2004    7    77.45    17.84
2004    8    49.55    16.71
2004    9    81.44    12.79
2004   10    78.62     1.89
2004   11    46.13     3.70
2004   12    34.62     0.93
2005    1    29.90    -5.06
2005    2    61.51    -3.16
2005    3    44.16     3.55
2005    4   139.92     7.70
2005    5   129.20     8.88
2005    6   118.07    17.23
2005    7    66.55    18.09
2005    8    55.35    16.48
2005    9    68.73    12.78
2005   10    82.09     7.40
2005   11    20.32     2.56
2005   12    38.76    -2.79
