1850    1    23.18     0.94
1850    2    53.38    -4.17
1850    3     5.84     4.07
1850    4    64.28     8.94
1850    5   134.19    11.94
1850    6   101.05    17.40
1850    7    26.67    20.13
1850    8    48.56    21.05
1850    9    35.36    14.06
1850   10    15.70    12.06
1850   11    30.02     0.83
1850   12    41.76    -0.41
1851    1    15.99     0.50
1851    2    16.76     1.72
1851    3    66.36     3.35
1851    4   164.00     7.42
1851    5   117.17    12.41
1851    6   183.97    17.86
1851    7    47.65    20.61
1851    8    48.92    19.41
1851    9    59.46    13.57
1851   10    20.18    11.72
1851   11    35.99     7.44
1851   12    29.83     0.86
1852    1    31.05     0.45
1852    2    40.65    -0.51
1852    3    30.06     2.39
1852    4    52.10    10.80
1852    5    72.67    15.15
1852    6    61.86    18.09
1852    7    73.01    21.45
1852    8    42.46    23.23
1852    9    31.77    16.31
1852   10    63.92     8.49
1852   11    40.94     0.33
1852   12    57.14    -0.08
1853    1    14.89    -0.51
1853    2    39.69     0.53
1853    3    28.19     4.98
1853    4    76.22     8.86
1853    5    69.50    15.03
1853    6    81.98    17.88
1853    7    61.39    21.80
1853    8   113.81    18.83
1853    9    87.78    15.08
1853   10    56.45     8.94
1853   11    37.07     5.13
1853   12    33.85    -1.90
1854    1    48.41    -1.35
1854    2    18.11     2.09
1854    3    69.06     4.68
1854    4    56.88    10.26
1854    5   130.39    12.25
1854    6    85.40    16.95
1854    7    74.77    19.53
1854    8    59.49    19.44
1854    9    59.28    14.06
1854   10    30.41     8.32
1854   11    34.11     3.29
1854   12    61.44    -0.27
1855    1    20.10    -1.69
1855    2    39.96    -1.74
1855    3    38.52     1.66
1855    4    55.52     4.70
1855    5    56.18    12.34
1855    6    85.24    17.59
1855    7    12.89    22.84
1855    8    74.65    20.84
1855    9    39.67    14.87
1855   10    87.66     6.75
1855   11    29.62     2.83
1855   12     9.26    -0.21
1856    1    10.87    -0.65
1856    2    61.21    -1.61
1856    3    52.53    -1.71
1856    4    58.75     6.38
1856    5    73.21    14.77
1856    6    73.15    19.69
1856    7    43.41    22.33
1856    8    19.37    23.69
1856    9    27.13    16.44
1856   10    31.32    12.46
1856   11    27.08     2.68
1856   12    28.95    -1.30
1857    1    17.60    -1.70
1857    2    74.92    -3.88
1857    3    71.08     3.39
1857    4    97.51     7.41
1857    5   141.65    12.28
1857    6   144.03    18.44
1857    7    55.34    21.41
1857    8    33.78    22.34
1857    9    74.90    14.30
1857   10    90.28     8.46
1857   11    26.62     5.43
1857   12    30.58    -1.77
1858    1    60.67    -0.87
1858    2    33.45    -3.40
1858    3    50.36     4.28
1858    4    70.78     8.31
1858    5   128.53    13.74
1858    6    72.06    17.92
1858    7    44.92    21.79
1858    8    90.00    19.46
1858    9    65.67    14.47
1858   10    94.98     7.31
1858   11    44.48     3.31
1858   12    28.87     2.09
1859    1    22.08    -0.14
1859    2    13.84     1.26
1859    3    37.37     6.35
1859    4    74.60     8.88
1859    5    84.52    12.42
1859    6    57.17    17.84
1859    7    93.08    19.52
1859    8    72.68    18.50
1859    9    53.79    17.82
1859   10    88.31     8.15
1859   11    34.92    -0.14
1859   12    10.73     1.60
1860    1    31.24     0.17
1860    2    19.58     0.10
1860    3    47.67     3.52
1860    4    91.94     8.37
1860    5   131.95    12.93
1860    6   154.10    18.28
1860    7    87.26    18.49
1860    8    21.21    19.23
1860    9    37.85    16.26
1860   10    33.79    10.96
1860   11    33.40     5.42
1860   12    36.11     3.59
1861    1    52.27     2.58
1861    2    33.11    -2.00
1861    3    82.90     0.06
1861    4    53.14     9.54
1861    5   108.09    13.13
1861    6    77.48    18.01
1861    7    75.89    20.32
1861    8    69.48    20.84
1861    9    61.36    14.91
1861   10    19.58     9.04
1861   11    37.54     2.59
1861   12    27.14     0.52
1862    1    41.90    -1.91
1862    2    31.98    -5.10
1862    3    36.07     3.26
1862    4    62.75     9.98
1862    5    97.12    12.57
1862    6   139.61    17.49
1862    7    76.94    19.34
1862    8    74.05    18.53
1862    9    21.39    15.66
1862   10    34.74     9.28
1862   11    73.19     5.40
1862   12    52.01     2.69
1863    1    44.46    -3.15
1863    2    20.74    -3.70
1863    3    39.87     1.89
1863    4    56.78     7.64
1863    5    82.15    12.56
1863    6    91.16    18.30
1863    7    23.25    21.64
1863    8    64.77    19.80
1863    9    86.92    15.71
1863   10    53.21    10.58
1863   11    60.35     2.77
1863   12    50.73     0.60
1864    1    44.83     1.13
1864    2    46.35    -6.70
1864    3    31.64     5.79
1864    4    65.79    10.77
1864    5    96.70    15.90
1864    6    79.06    20.28
1864    7    27.88    23.52
1864    8    29.04    20.02
1864    9    63.80    14.58
1864   10    32.95     8.05
1864   11    46.68     4.97
1864   12    32.76     2.69
1865    1    22.71    -0.48
1865    2    19.04     2.09
1865    3    40.40     1.89
1865    4    66.88     8.61
1865    5    54.59    15.57
1865    6    57.16    19.53
1865    7    14.83    25.80
1865    8    28.06    20.87
1865    9    73.08    14.58
1865   10    53.10     9.54
1865   11    30.27     6.13
1865   12    39.30    -3.37
1866    1    16.11    -4.16
1866    2    29.24    -1.18
1866    3    23.49     4.14
1866    4    47.71    13.16
1866    5    82.51    13.27
1866    6    68.66    19.17
1866    7    23.56    23.87
1866    8    25.37    24.76
1866    9    65.51    14.41
1866   10    48.29     9.32
1866   11    40.98     5.38
1866   12    28.02     2.03
1867    1    32.41     0.81
1867    2    17.65     2.39
1867    3    34.74     4.60
1867    4    54.74     6.64
1867    5    96.57    15.15
1867    6   121.85    19.03
1867    7    67.33    21.10
1867    8    57.37    21.45
1867    9   100.53    14.68
1867   10    49.93    10.93
1867   11    29.25     5.57
1867   12    13.07     2.57
1868    1    36.90     1.04
1868    2    53.44    -3.29
1868    3    72.86    -0.95
1868    4    89.51     8.34
1868    5    95.78    14.78
1868    6   119.39    17.12
1868    7    59.02    19.67
1868    8    38.03    20.29
1868    9    94.15    13.06
1868   10    28.11     9.28
1868   11    24.36     5.71
1868   12    49.65     3.79
1869    1    19.14     0.28
1869    2    51.11    -3.56
1869    3    31.87     3.74
1869    4    57.75     5.61
1869    5   155.80    12.40
1869    6   147.36    18.31
1869    7   160.15    20.07
1869    8    74.40    18.46
1869    9    16.68    12.70
1869   10    85.02     6.98
1869   11    67.75     0.06
1869   12    28.88    -0.71
1870    1     3.65     0.69
1870    2    45.60    -0.09
1870    3    68.34     0.53
1870    4   127.53     5.73
1870    5   134.39    12.95
1870    6    68.66    17.92
1870    7    59.30    19.35
1870    8    54.04    18.41
1870    9    47.30    14.19
1870   10    33.38     6.65
1870   11    66.02     1.35
1870   12    28.70     1.41
1871    1    25.27    -2.42
1871    2    39.57     2.19
1871    3    43.26     3.17
1871    4    47.75    10.69
1871    5    88.69    12.69
1871    6    80.96    19.59
1871    7    37.19    21.81
1871    8    29.01    22.64
1871    9   196.55    15.08
1871   10    42.20     9.13
1871   11    93.56     4.59
1871   12    41.37     2.03
1872    1    21.65    -0.69
1872    2    47.83     4.38
1872    3    57.92     5.46
1872    4   147.01     9.18
1872    5   134.64    11.53
1872    6    78.02    18.88
1872    7    63.76    22.15
1872    8    52.78    21.00
1872    9    79.76    15.73
1872   10   117.08     9.98
1872   11    26.41     3.19
1872   12    44.68     1.89
1873    1    33.31    -4.12
1873    2    34.92     1.21
1873    3    71.17     2.20
1873    4   138.06     7.93
1873    5   149.31    14.15
1873    6    76.02    17.52
1873    7    26.34    21.30
1873    8    58.40    19.76
1873    9    60.12    15.75
1873   10    55.01     9.00
1873   11    57.84    -0.25
1873   12    20.92     2.07
1874    1    43.89    -2.12
1874    2    11.69     0.09
1874    3    37.44     2.71
1874    4    21.24     9.85
1874    5   138.25    14.90
1874    6    83.13    19.31
1874    7    30.36    21.78
1874    8    78.77    21.01
1874    9    50.61    15.43
1874   10    54.94     9.16
1874   11    13.46     4.30
1874   12    32.46     1.85
1875    1    30.88    -1.39
1875    2     6.03    -5.00
1875    3    38.82     1.20
1875    4    55.55     8.34
1875    5   110.75    15.67
1875    6    99.60    18.35
1875    7    81.61    20.37
1875    8    83.23    20.53
1875    9   153.41    15.21
1875   10    94.85    11.16
1875   11    28.95     7.82
1875   12    23.48     1.38
1876    1    53.54    -3.11
1876    2    53.68    -0.44
1876    3    44.31     2.76
1876    4    37.90     7.25
1876    5    42.20    14.83
1876    6    94.44    18.49
1876    7    40.63    21.68
1876    8    84.63    20.44
1876    9    68.96    13.30
1876   10    44.39     7.11
1876   11    26.42     5.06
1876   12    21.72     1.96
1877    1    22.27    -2.38
1877    2    35.42    -0.61
1877    3    54.12     4.19
1877    4    65.78    11.04
1877    5    62.49    14.74
1877    6    70.67    17.60
1877    7    40.40    21.51
1877    8    50.76    21.47
1877    9    94.86    14.33
1877   10    66.94    10.32
1877   11    19.70     6.42
1877   12    20.89    -2.84
1878    1    13.91    -4.42
1878    2    29.50    -3.30
1878    3    47.58     0.31
1878    4    44.14    12.14
1878    5    74.59    12.61
1878    6    80.84    19.08
1878    7    67.39    20.67
1878    8    33.60    21.28
1878    9    55.40    14.38
1878   10    35.47    11.40
1878   11    23.56     7.59
1878   12    20.49     2.21
1879    1    21.73     1.37
1879    2    44.70     2.44
1879    3    76.85    -0.51
1879    4   120.36     7.16
1879    5    69.19    14.81
1879    6   107.37    18.31
1879    7    50.91    21.27
1879    8    16.93    20.96
1879    9    64.03    15.36
1879   10    63.36    10.72
1879   11    31.47     2.19
1879   12    29.50     1.23
1880    1    37.64    -2.36
1880    2    10.77     1.94
1880    3    27.55     5.03
1880    4    38.16     7.28
1880    5   103.12    11.97
1880    6    78.08    17.66
1880    7    38.51    21.36
1880    8    39.81    22.66
1880    9   106.31    14.89
1880   10    46.61     8.40
1880   11    34.72     5.08
1880   12    24.75     1.20
1881    1     5.23    -0.12
1881    2    43.89     0.51
1881    3    55.37     3.20
1881    4    84.11    13.26
1881    5    75.54    15.40
1881    6    67.48    19.82
1881    7    57.63    20.92
1881    8    16.51    21.04
1881    9    59.54    16.28
1881   10   158.31     9.05
1881   11    49.58     5.96
1881   12    41.86    -0.74
1882    1    35.83    -8.32
1882    2    22.39     0.22
1882    3    81.97    -1.75
1882    4    73.66     5.64
1882    5    50.34    14.02
1882    6    87.16    18.60
1882    7    58.45    22.97
1882    8   119.33    19.17
1882    9    57.74    13.43
1882   10    55.72    10.03
1882   11   111.07     1.36
1882   12    18.30     2.69
1883    1    32.80    -0.62
1883    2    20.50     0.58
1883    3    42.33     3.92
1883    4    69.83     8.35
1883    5    88.24    12.49
1883    6    50.14    19.57
1883    7    41.33    22.67
1883    8    50.74    21.02
1883    9   204.53    14.25
1883   10    12.01     8.68
1883   11    36.66     3.12
1883   12    24.00     3.16
1884    1    77.94    -2.32
1884    2    23.45     2.69
1884    3    27.59     2.18
1884    4    32.35    11.20
1884    5   140.57    13.32
1884    6   151.45    16.07
1884    7    59.47    18.79
1884    8    44.63    19.62
1884    9   113.48    15.29
1884   10    74.32     7.92
1884   11    73.52     2.32
1884   12    17.79     0.06
1885    1    24.95    -3.35
1885    2    34.47    -3.28
1885    3    20.21     1.15
1885    4    97.82    11.67
1885    5    98.92    13.44
1885    6    78.36    17.16
1885    7    47.11    22.81
1885    8    14.74    20.08
1885    9   108.75    14.51
1885   10    25.75     8.07
1885   11    74.57     4.77
1885   12    25.51     3.36
1886    1     9.11     2.48
1886    2    27.92    -2.58
1886    3    61.03     4.49
1886    4    68.33     7.10
1886    5    61.28    11.61
1886    6    77.10    16.64
1886    7   113.34    20.18
1886    8    89.93    18.96
1886    9   120.58    14.76
1886   10    29.36    11.73
1886   11    65.30     5.46
1886   12    30.81    -0.31
1887    1    58.21    -5.11
1887    2    21.65     0.38
1887    3    43.29     0.61
1887    4    42.89     6.53
1887    5    86.80    12.31
1887    6    78.46    17.09
1887    7    31.65    20.87
1887    8    47.01    20.06
1887    9   107.16    12.61
1887   10    38.62     7.45
1887   11    46.72     3.67
1887   12    31.42    -1.14
1888    1    10.81    -1.18
1888    2    22.28     0.01
1888    3    55.93     1.58
1888    4    42.79     5.71
1888    5    73.64    14.04
1888    6    86.40    19.68
1888    7    63.17    21.94
1888    8    42.60    20.66
1888    9    48.65    14.58
1888   10    33.78     8.58
1888   11    18.18     0.28
1888   12    42.65     1.62
1889    1    48.45    -1.01
1889    2    10.45     1.29
1889    3    56.37    -2.85
1889    4    80.15     9.54
1889    5    44.98    13.59
1889    6    49.65    21.59
1889    7    40.43    22.00
1889    8    62.22    21.40
1889    9    39.78    15.79
1889   10    83.42     9.93
1889   11    28.71     5.26
1889   12    15.54     2.58
1890    1    10.20     3.88
1890    2    31.87     4.87
1890    3    47.37     7.47
1890    4    67.39     8.88
1890    5   114.65    15.08
1890    6    84.47    18.19
1890    7    39.34    20.84
1890    8    94.66    19.92
1890    9    84.89    15.21
1890   10    34.02     7.75
1890   11    61.53     5.06
1890   12    16.39     0.10
1891    1    46.35    -2.34
1891    2    42.91    -1.82
1891    3    50.88     1.42
1891    4   122.98     8.34
1891    5   101.49    12.27
1891    6    64.52    18.09
1891    7    47.81    19.86
1891    8    83.53    18.84
1891    9    34.32    12.89
1891   10    33.65    11.08
1891   11    45.94     3.31
1891   12    21.11     2.37
1892    1    52.54    -2.40
1892    2    29.34     1.96
1892    3    95.00     1.92
1892    4    62.65     7.08
1892    5    90.61    13.55
1892    6   172.56    18.15
1892    7    39.43    20.85
1892    8    48.19    20.06
1892    9   117.62    15.26
1892   10    25.79     8.26
1892   11    34.72     4.41
1892   12    21.07     1.94
1893    1    43.84    -0.33
1893    2    20.59     0.52
1893    3    43.18     3.49
1893    4    68.39     8.13
1893    5   130.88    12.46
1893    6    48.26    18.21
1893    7   107.71    19.71
1893    8    69.76    20.43
1893    9    58.14    17.05
1893   10    27.46     7.61
1893   11    67.24     2.49
1893   12    30.08     3.27
1894    1    18.73     2.35
1894    2    11.74     1.91
1894    3    58.32     5.01
1894    4    52.83     8.04
1894    5   133.98    12.11
1894    6    93.34    18.88
1894    7    42.85    20.08
1894    8    12.39    19.50
1894    9    16.51    13.92
1894   10    47.41     8.28
1894   11    57.81     2.36
1894   12    60.23    -2.58
1895    1    25.76    -4.18
1895    2    32.08    -5.90
1895    3    18.64     6.65
1895    4    48.84     9.39
1895    5    49.29    14.63
1895    6    93.71    19.92
1895    7    20.63    22.54
1895    8    44.01    20.62
1895    9    36.58    12.46
1895   10    58.19     6.38
1895   11    21.96     6.25
1895   12    19.98     0.88
1896    1    43.02    -1.53
1896    2    24.08     1.03
1896    3    52.24     0.14
1896    4    54.03    10.80
1896    5   108.29    14.15
1896    6   109.75    19.00
1896    7    38.56    23.60
1896    8    33.44    20.86
1896    9    40.13    16.08
1896   10    54.94     9.65
1896   11    70.14     4.33
1896   12    48.08     1.00
1897    1    19.22     1.41
1897    2    19.70     0.69
1897    3    25.96     4.62
1897    4    93.09     5.36
1897    5    96.13    11.88
1897    6    67.36    17.19
1897    7    59.48    20.96
1897    8    46.93    18.87
1897    9   123.07    14.15
1897   10    16.38    12.67
1897   11     9.37     6.56
1897   12    31.00     1.49
1898    1    35.16    -2.91
1898    2     7.14    -3.74
1898    3    81.99     4.21
1898    4    57.66     8.08
1898    5    75.45    13.17
1898    6    51.77    16.07
1898    7    28.58    24.55
1898    8    38.98    21.81
1898    9   102.40    15.49
1898   10    66.44     9.72
1898   11    19.29     7.62
1898   12    32.76     2.49
1899    1    20.22    -0.78
1899    2    16.97    -2.79
1899    3    80.28     1.14
1899    4    95.21     5.42
1899    5    61.34    13.67
1899    6    98.36    17.45
1899    7    19.17    22.25
1899    8    40.09    20.98
1899    9    16.15    16.29
1899   10    15.46    11.95
1899   11    41.48     3.28
1899   12    28.31    -1.82
1900    1    16.39    -0.28
1900    2    44.66    -0.73
1900    3    30.92     3.39
1900    4    57.00     7.29
1900    5    97.64    13.69
1900    6    59.35    19.58
1900    7    53.60    22.05
1900    8    44.92    20.71
1900    9    35.35    17.20
1900   10    70.09     9.29
1900   11    57.03     3.27
1900   12    39.10     0.45
1901    1    23.56    -3.01
1901    2    47.42    -0.97
1901    3    63.30    -2.08
1901    4    52.41    10.12
1901    5   111.73    13.39
1901    6    72.30    18.44
1901    7    22.70    22.36
1901    8    16.44    22.97
1901    9    41.09    17.06
1901   10    83.79     9.11
1901   11    17.57     2.71
1901   12    29.49     0.17
1902    1     9.37     1.41
1902    2    24.00     2.41
1902    3    53.22    -0.16
1902    4   116.78     9.78
1902    5    88.46    12.49
1902    6    44.87    18.85
1902    7    50.87    22.14
1902    8    29.99    21.10
1902    9    27.06    16.79
1902   10    40.26     5.76
1902   11    36.37     2.82
1902   12    42.16    -0.91
1903    1    19.34    -6.10
1903    2    45.35    -1.68
1903    3    25.27     3.94
1903    4    31.68     8.19
1903    5    99.48    15.28
1903    6    54.67    19.40
1903    7    42.01    20.91
1903    8    36.36    20.29
1903    9    58.73    13.56
1903   10    55.53     8.07
1903   11    88.94     3.14
1903   12    20.12    -1.71
1904    1    20.36     0.18
1904    2    35.13     2.08
1904    3    48.19     2.36
1904    4    76.44     6.49
1904    5   122.02    12.52
1904    6    89.06    19.19
1904    7    63.51    21.77
1904    8    36.79    21.31
1904    9    59.33    15.15
1904   10    25.19     6.05
1904   11    64.32     5.34
1904   12    35.32     0.51
1905    1    19.77    -3.77
1905    2    21.52     0.70
1905    3    77.00     2.76
1905    4   109.65     6.91
1905    5    56.57    13.30
1905    6   113.94    17.39
1905    7    71.86    20.56
1905    8    43.24    20.13
1905    9    44.79    16.65
1905   10    64.55     9.63
1905   11    39.11     6.01
1905   12    20.04    -1.51
1906    1    28.06    -0.48
1906    2    19.97     0.29
1906    3    26.46     3.88
1906    4    91.40     3.67
1906    5    98.30    12.12
1906    6   106.69    17.34
1906    7    37.43    19.11
1906    8    49.63    18.88
1906    9    28.47    15.89
1906   10    12.96     8.73
1906   11    19.13     5.05
1906   12     7.20     1.42
1907    1    40.95    -1.33
1907    2    53.14    -1.02
1907    3    30.98     4.82
1907    4    47.64     7.09
1907    5    57.92    13.62
1907    6   128.96    16.55
1907    7    68.43    19.37
1907    8    43.98    18.34
1907    9    59.89    15.50
1907   10    47.31    10.03
1907   11    15.14     7.72
1907   12    17.67     4.09
1908    1    38.84     1.43
1908    2    16.77     3.08
1908    3    37.89     2.22
1908    4    52.38     7.52
1908    5   110.75    15.91
1908    6    53.21    16.55
1908    7    31.46    21.93
1908    8    49.06    21.85
1908    9    53.47    14.01
1908   10    75.53     6.69
1908   11    25.39     4.68
1908   12     9.44     1.52
1909    1    26.70    -0.61
1909    2    44.19    -3.13
1909    3    44.14     1.70
1909    4    50.75     6.69
1909    5   118.34    12.86
1909    6    79.13    18.05
1909    7    35.56    22.36
1909    8    56.60    20.18
1909    9    45.52    19.27
1909   10    65.01     9.68
1909   11    80.08     1.41
1909   12    32.23     0.38
1910    1    19.03    -0.04
1910    2    14.91     1.46
1910    3    65.09     5.17
1910    4    78.65    10.28
1910    5    98.07    11.67
1910    6    82.05    20.17
1910    7    67.57    20.47
1910    8    29.46    22.31
1910    9    22.82    17.33
1910   10    53.24    10.33
1910   11    96.59     1.63
1910   12     7.23     0.18
1911    1    35.45    -0.42
1911    2    17.11    -1.11
1911    3    32.69     3.53
1911    4    64.94     7.60
1911    5   157.52    12.49
1911    6    71.29    16.77
1911    7    61.50    21.68
1911    8    40.82    22.01
1911    9    81.97    12.84
1911   10    28.17     8.93
1911   11    47.89     1.20
1911   12    20.13    -0.58
1912    1    30.92    -1.76
1912    2     9.79     3.94
1912    3   104.67     2.64
1912    4    68.37     3.06
1912    5   111.88    13.16
1912    6    47.08    17.44
1912    7    51.01    21.56
1912    8    42.18    20.91
1912    9    54.89    16.04
1912   10    53.43     8.97
1912   11    61.55     6.63
1912   12    11.52     2.69
1913    1    33.75    -1.58
1913    2    42.17     1.21
1913    3    43.21     4.56
1913    4    84.60     7.77
1913    5   127.79    13.62
1913    6   106.10    16.94
1913    7    44.49    20.96
1913    8    42.36    18.85
1913    9    93.85    13.57
1913   10    64.80    10.22
1913   11    29.46     2.32
1913   12    32.81     0.77
1914    1    17.62    -0.21
1914    2    15.26     2.33
1914    3    36.75     4.24
1914    4    59.80     9.42
1914    5    60.90    13.65
1914    6    70.71    17.60
1914    7    52.69    20.97
1914    8    55.16    21.45
1914    9    70.05    16.91
1914   10    31.01     7.49
1914   11    62.83     2.33
1914   12    28.32     1.83
1915    1    39.43    -3.28
1915    2    26.00     0.13
1915    3    25.08     4.33
1915    4    14.35     8.89
1915    5    90.87    15.58
1915    6    76.20    18.52
1915    7    39.09    23.58
1915    8    55.23    20.31
1915    9    45.98    16.62
1915   10    29.00     9.50
1915   11    36.48     6.14
1915   12    75.57    -1.79
1916    1    29.27    -0.22
1916    2    36.11     1.09
1916    3   101.56    -1.36
1916    4    52.05     8.06
1916    5   126.93    13.03
1916    6    64.90    18.79
1916    7    18.96    22.20
1916    8    51.76    21.30
1916    9   153.06    12.58
1916   10    11.29    10.75
1916   11    43.17     6.62
1916   12    22.90     1.82
1917    1    31.34    -1.18
1917    2    61.80    -4.48
1917    3    17.84     4.55
1917    4   111.97     9.15
1917    5   180.06    12.65
1917    6   119.65    18.06
1917    7    55.73    21.18
1917    8    53.48    20.37
1917    9    36.29    16.60
1917   10    66.63     7.63
1917   11    18.19     3.58
1917   12    43.00    -0.11
1918    1    23.86    -3.37
1918    2    20.56     1.80
1918    3    33.50     2.41
1918    4    73.13     6.10
1918    5    92.75    12.46
1918    6    75.62    18.19
1918    7    39.34    22.62
1918    8    15.20    23.90
1918    9    31.09    16.22
1918   10    47.76     9.38
1918   11    56.73     3.95
1918   12    22.55     2.01
1919    1    17.36    -0.93
1919    2    38.96     3.03
1919    3    44.65     2.90
1919    4    46.24     7.49
1919    5    40.17    15.09
1919    6    82.48    18.87
1919    7    80.03    19.86
1919    8    38.24    22.90
1919    9    51.90    15.81
1919   10    44.39    10.19
1919   11    12.08     7.18
1919   12    20.95     3.01
1920    1     8.58     3.49
1920    2    27.07     1.00
1920    3    37.88     3.03
1920    4    38.04    10.16
1920    5    41.01    14.71
1920    6    61.92    20.99
1920    7    73.91    22.55
1920    8    92.20    20.43
1920    9    25.57    13.91
1920   10    17.04     7.42
1920   11    37.92     4.25
1920   12    10.60     1.23
1921    1    70.17    -2.19
1921    2    79.65    -2.26
1921    3    45.84     3.81
1921    4    40.43     9.81
1921    5    96.06    15.68
1921    6   123.25    19.24
1921    7    69.85    20.96
1921    8    67.07    19.80
1921    9    45.96    17.38
1921   10    25.03     9.13
1921   11    16.48     6.61
1921   12    49.52     0.20
1922    1    79.18    -0.90
1922    2    33.88    -5.65
1922    3    17.98     8.04
1922    4    94.90     6.08
1922    5   105.82    13.88
1922    6    71.70    19.36
1922    7    77.90    21.71
1922    8    58.89    21.86
1922    9    33.14    15.01
1922   10    50.52    11.26
1922   11    22.50     3.69
1922   12    32.93     3.08
1923    1    37.39    -1.19
1923    2    32.58    -0.61
1923    3    57.73     0.21
1923    4    55.72    10.21
1923    5    69.20    14.08
1923    6    64.36    19.10
1923    7    82.75    21.47
1923    8    24.94    20.99
1923    9    58.05    16.47
1923   10    61.93     7.93
1923   11    41.18     4.96
1923   12    42.77     0.69
1924    1    26.21     0.50
1924    2    17.44     3.28
1924    3    43.91     3.20
1924    4    42.81     8.50
1924    5    98.27    12.19
1924    6    72.78    18.05
1924    7     5.81    23.16
1924    8    36.04    21.85
1924    9    49.52    13.96
1924   10    20.41    10.83
1924   11   103.47     2.60
1924   12    21.10    -2.67
1925    1    16.58    -4.07
1925    2    16.16     2.31
1925    3    26.95     5.57
1925    4    57.31    14.00
1925    5   109.72    13.63
1925    6    63.04    19.52
1925    7    77.16    21.11
1925    8    26.85    21.09
1925    9    67.36    16.84
1925   10    38.25    10.80
1925   11    14.11     8.07
1925   12    33.50     2.13
1926    1    24.67    -1.51
1926    2    49.43     1.81
1926    3    33.44     5.12
1926    4    40.31     9.98
1926    5   135.02    12.61
1926    6    77.64    18.27
1926    7    29.84    23.02
1926    8    30.97    22.36
1926    9    30.62    18.00
1926   10    90.05     5.09
1926   11    58.96     6.49
1926   12    46.93    -4.42
1927    1    18.25    -0.92
1927    2    39.54    -0.18
1927    3    24.53     5.19
1927    4    83.77     4.44
1927    5   144.89    14.06
1927    6   126.57    19.34
1927    7    23.58    21.01
1927    8    11.20    21.02
1927    9   114.37    15.23
1927   10    46.78    11.45
1927   11   130.35     5.72
1927   12    48.40    -4.38
1928    1    39.85    -4.71
1928    2    19.23     0.24
1928    3    60.99     3.17
1928    4    52.55     8.67
1928    5    78.41    15.93
1928    6    72.39    19.22
1928    7    27.55    22.47
1928    8    39.38    22.49
1928    9    90.83    16.55
1928   10    63.77     9.20
1928   11     8.02     6.84
1928   12    36.73     0.99
1929    1    13.01    -2.07
1929    2    22.35     1.54
1929    3    44.43     3.02
1929    4    51.97     9.12
1929    5   125.67    14.97
1929    6   113.52    18.92
1929    7    61.77    22.63
1929    8    25.69    20.49
1929    9    61.08    17.06
1929   10    44.57    11.74
1929   11    83.78     3.11
1929   12    26.45     0.03
1930    1    20.06    -0.33
1930    2    41.40    -0.84
1930    3    56.19    -0.12
1930    4   108.02     8.88
1930    5   112.06    13.83
1930    6   104.79    17.12
1930    7    61.90    21.48
1930    8    43.90    20.56
1930    9    37.20    14.19
1930   10    34.13    10.03
1930   11    70.11     3.51
1930   12    19.20     0.27
1931    1    29.35    -0.30
1931    2    37.72    -2.41
1931    3    29.20     2.82
1931    4    80.65     6.55
1931    5    58.23    14.57
1931    6    93.32    18.17
1931    7    49.99    21.35
1931    8    21.95    22.88
1931    9    57.76    16.36
1931   10    34.81     6.71
1931   11    11.80     6.74
1931   12    58.50     2.87
1932    1    48.02    -1.55
1932    2    19.84     0.43
1932    3    28.01     5.58
1932    4    34.76    11.48
1932    5    71.78    16.38
1932    6    41.64    19.21
1932    7    20.97    22.88
1932    8     9.99    22.68
1932    9    41.71    17.46
1932   10    51.74     8.40
1932   11    35.58     3.90
1932   12    56.94    -0.77
1933    1    55.14    -4.59
1933    2    39.89     0.91
1933    3    69.72     0.92
1933    4    71.75     6.27
1933    5   102.72    15.34
1933    6    75.35    16.49
1933    7    26.92    20.49
1933    8    43.02    21.90
1933    9    36.34    15.38
1933   10    43.24    11.07
1933   11    19.03     6.86
1933   12    63.25     0.04
1934    1    21.65     0.51
1934    2    23.76     3.00
1934    3    75.80    -0.64
1934    4    68.09     9.90
1934    5    56.01    12.90
1934    6    71.00    18.26
1934    7    64.47    20.59
1934    8    40.70    19.53
1934    9    65.57    17.89
1934   10    78.58    10.20
1934   11    44.77     6.00
1934   12    21.55     1.61
1935    1    59.37     0.03
1935    2    20.18    -0.36
1935    3    65.61     0.73
1935    4    82.88     4.91
1935    5   133.11    13.13
1935    6    83.39    18.02
1935    7    36.77    21.54
1935    8    60.98    19.96
1935    9   105.37    15.82
1935   10    14.55    10.48
1935   11    49.51     4.98
1935   12    32.08    -1.66
1936    1    22.97    -2.39
1936    2    14.08     0.78
1936    3   111.69    -3.89
1936    4    70.34     8.01
1936    5    79.52    12.67
1936    6    65.31    18.14
1936    7    29.06    23.37
1936    8    28.43    24.37
1936    9    35.34    17.18
1936   10    46.21    10.65
1936   11    15.78     6.37
1936   12    50.59    -0.16
1937    1    24.45    -5.40
1937    2    29.11     0.34
1937    3    50.21     3.54
1937    4    46.18    12.33
1937    5    55.86    15.93
1937    6    94.32    18.61
1937    7    23.20    24.44
1937    8    42.04    23.09
1937    9    30.11    17.92
1937   10    87.93    11.81
1937   11    32.51     5.17
1937   12    32.80     0.89
1938    1    55.41    -2.11
1938    2    18.95     1.73
1938    3    31.18     4.68
1938    4    50.37     8.16
1938    5    54.98    15.88
1938    6    77.11    18.75
1938    7     2.47    24.27
1938    8    43.18    22.81
1938    9    15.02    15.85
1938   10    27.86     8.77
1938   11    42.29     3.34
1938   12    35.81     1.41
1939    1    38.04    -1.94
1939    2    17.18     2.11
1939    3    31.97     3.30
1939    4    80.47    12.99
1939    5    58.24    15.56
1939    6    78.17    20.71
1939    7    46.85    22.24
1939    8    66.46    20.80
1939    9    81.88    16.12
1939   10    48.72     7.19
1939   11    20.59     4.83
1939   12    27.99     0.91
1940    1    24.25     0.34
1940    2    15.46    -2.53
1940    3    33.97     5.97
1940    4    97.47     4.70
1940    5   112.83    15.90
1940    6    45.06    18.15
1940    7    27.40    23.99
1940    8    45.77    20.91
1940    9    98.59    15.05
1940   10    71.92    11.00
1940   11    25.19     5.96
1940   12    23.81     0.26
1941    1    45.97     0.50
1941    2    18.64    -1.94
1941    3    42.32     3.32
1941    4    40.86    11.04
1941    5   144.61    14.61
1941    6    51.42    19.54
1941    7    21.89    23.72
1941    8    33.88    23.05
1941    9   104.14    15.36
1941   10    25.57     8.72
1941   11    38.63     5.86
1941   12    74.02     1.56
1942    1    25.54    -1.08
1942    2    30.74     1.14
1942    3    86.04     0.03
1942    4    44.63     6.48
1942    5    65.15    13.91
1942    6   112.11    17.44
1942    7    37.28    22.24
1942    8    51.40    21.61
1942    9    60.19    14.44
1942   10    19.80     8.84
1942   11    26.11     4.86
1942   12    34.49    -2.10
1943    1    20.10    -0.59
1943    2    25.31    -0.31
1943    3    42.78     4.10
1943    4    42.96     8.70
1943    5    79.24    10.86
1943    6    90.81    16.55
1943    7    45.97    21.27
1943    8    12.31    20.77
1943    9    36.89    18.32
1943   10    18.11    11.10
1943   11    28.88     1.73
1943   12    87.21     0.55
1944    1    34.49     1.73
1944    2    49.68    -4.49
1944    3    54.24     1.16
1944    4   109.93     4.77
1944    5    46.02    12.77
1944    6    50.46    19.59
1944    7    55.71    23.33
1944    8    15.32    24.12
1944    9    85.06    16.13
1944   10    84.12     9.55
1944   11    56.11     2.18
1944   12    46.96     0.65
1945    1    31.47    -1.63
1945    2    24.92    -1.86
1945    3    87.77    -1.87
1945    4    34.13     6.69
1945    5    84.08    13.80
1945    6   112.01    19.46
1945    7    35.30    22.09
1945    8    62.05    21.47
1945    9    72.79    15.31
1945   10    26.55     9.02
1945   11    68.33     5.71
1945   12    44.92     1.68
1946    1    12.18    -3.42
1946    2    16.74     1.72
1946    3    61.66     1.63
1946    4    53.51     8.48
1946    5    69.51    14.14
1946    6    53.94    17.61
1946    7    24.94    24.54
1946    8    18.73    23.89
1946    9    23.26    14.91
1946   10    26.32     9.58
1946   11    30.20     3.96
1946   12    58.36    -1.48
1947    1    17.64     1.98
1947    2    27.47     2.04
1947    3    47.25     4.83
1947    4    56.31    11.47
1947    5   114.17    14.75
1947    6    52.19    17.73
1947    7    40.22    21.95
1947    8    36.00    22.44
1947    9    59.24    13.64
1947   10    35.86     7.95
1947   11     8.70     1.90
1947   12    75.20    -1.13
1948    1    20.15    -5.62
1948    2    49.01    -3.84
1948    3    44.26     2.13
1948    4    91.58     6.61
1948    5   174.93    12.11
1948    6    74.61    17.06
1948    7    70.48    20.76
1948    8    31.49    19.14
1948    9    59.36    16.26
1948   10    70.06     9.35
1948   11    29.40     4.54
1948   12    30.41     0.75
1949    1    32.18     0.81
1949    2    32.05     3.23
1949    3    46.07     4.57
1949    4   108.89     8.57
1949    5    79.40    12.09
1949    6    92.08    18.69
1949    7    34.33    21.74
1949    8    15.87    23.40
1949    9    71.28    17.08
1949   10    51.47    10.57
1949   11    23.85     2.58
1949   12    34.22     3.34
1950    1    43.95    -4.89
1950    2    15.76     2.34
1950    3    42.46     5.04
1950    4    41.33     8.67
1950    5   180.65    14.57
1950    6   100.33    16.89
1950    7    57.23    18.49
1950    8    62.65    20.67
1950    9    59.84    15.01
1950   10    57.96    10.68
1950   11   142.14     1.31
1950   12    72.65     1.02
1951    1    19.41     0.09
1951    2    42.14    -0.35
1951    3    58.26    -2.35
1951    4   111.47     4.52
1951    5    94.73    12.99
1951    6   101.38    17.73
1951    7    44.98    19.90
1951    8    36.27    20.34
1951    9    56.28    16.03
1951   10    50.97     8.98
1951   11    67.26     0.17
1951   12    15.95    -1.10
1952    1    13.84    -0.46
1952    2    23.40    -3.64
1952    3    48.67    -1.47
1952    4    46.40    11.13
1952    5    85.44    13.58
1952    6    39.67    19.52
1952    7    22.58    24.50
1952    8    33.45    24.37
1952    9    76.55    16.13
1952   10    54.53     7.96
1952   11    30.96     4.68
1952   12    28.20    -0.93
1953    1    75.37    -2.01
1953    2    42.51    -4.33
1953    3    27.90     7.20
1953    4    15.56    14.38
1953    5    46.69    15.51
1953    6    34.21    20.13
1953    7    56.87    24.39
1953    8    64.45    20.30
1953    9    97.93    16.72
1953   10    39.36    10.75
1953   11    19.90     6.44
1953   12    42.94     2.35
1954    1    55.34     0.09
1954    2    42.72     0.05
1954    3    35.55     5.18
1954    4    28.67     7.13
1954    5   161.43    13.93
1954    6    80.90    18.06
1954    7    24.23    23.02
1954    8    28.66    23.85
1954    9    27.81    15.62
1954   10    39.72     8.72
1954   11    36.67     6.72
1954   12    43.55    -0.27
1955    1    34.36     0.36
1955    2    33.71     0.98
1955    3    33.80     1.69
1955    4    41.67     5.76
1955    5    80.41    12.67
1955    6    44.78    17.51
1955    7    34.95    22.47
1955    8    10.99    23.04
1955    9    31.09    17.69
1955   10    75.74     9.95
1955   11    10.42     8.33
1955   12    22.19     2.88
1956    1    11.01     1.80
1956    2    23.14    -2.45
1956    3    18.19     4.39
1956    4    74.39     7.58
1956    5    57.41    14.44
1956    6    92.94    18.14
1956    7    20.85    23.11
1956    8    30.51    22.07
1956    9    67.23    16.55
1956   10    32.59    10.21
1956   11    30.59     5.94
1956   12    28.53     2.36
1957    1    26.01     0.73
1957    2    32.20     1.70
1957    3    28.97     5.19
1957    4    16.39    11.94
1957    5    74.88    17.00
1957    6   118.55    18.03
1957    7    44.74    22.84
1957    8    54.03    21.01
1957    9    39.32    15.67
1957   10    15.50     7.07
1957   11    48.80     3.67
1957   12     9.60     4.40
1958    1    15.80     3.58
1958    2    55.01    -1.44
1958    3    15.61     4.20
1958    4    90.42    12.04
1958    5   101.00    12.53
1958    6    66.73    18.69
1958    7    29.38    23.14
1958    8    40.61    20.61
1958    9   119.75    15.05
1958   10    33.88     8.50
1958   11    11.18     8.75
1958   12    15.54     3.97
1959    1    34.43    -0.60
1959    2    33.53     2.86
1959    3    63.68     0.35
1959    4    48.85     8.00
1959    5    85.38    13.12
1959    6    89.69    16.87
1959    7    61.58    19.44
1959    8    32.61    18.38
1959    9    20.90    18.46
1959   10    14.52    14.09
1959   11     8.75     6.01
1959   12   112.96     1.70
1960    1    39.18    -1.13
1960    2    50.98    -4.52
1960    3    84.16     5.16
1960    4    61.37     8.14
1960    5    59.25    12.60
1960    6    61.54    19.19
1960    7     6.63    23.43
1960    8    33.14    23.07
1960    9    91.69    17.35
1960   10    96.56     8.17
1960   11    24.29     4.40
1960   12    29.44     1.13
1961    1    22.34    -3.68
1961    2    21.60    -0.60
1961    3    68.01    -0.05
1961    4    51.07    11.00
1961    5   128.90    13.57
1961    6    79.47    18.85
1961    7    48.36    20.92
1961    8    28.04    20.12
1961    9   107.54    15.43
1961   10    40.73    10.32
1961   11    27.74     4.56
1961   12    21.11     0.08
1962    1    12.74    -0.59
1962    2    39.23    -0.60
1962    3    54.63     0.28
1962    4    57.60     6.67
1962    5    75.34    13.74
1962    6    61.78    21.02
1962    7    28.37    23.73
1962    8    30.38    23.78
1962    9    28.90    16.48
1962   10    32.41     9.47
1962   11     8.08     7.81
1962   12    12.07     0.40
1963    1    39.62    -1.24
1963    2    11.14    -1.36
1963    3    57.82     5.35
1963    4    91.94     6.44
1963    5   137.95    11.48
1963    6    89.37    18.65
1963    7    81.68    21.59
1963    8    97.98    19.97
1963    9    97.98    16.78
1963   10    14.17     8.17
1963   11    33.43     6.78
1963   12    26.85     1.24
1964    1    45.13     0.42
1964    2    27.59     1.04
1964    3    35.32     2.00
1964    4    56.00     3.01
1964    5    93.23    13.72
1964    6   140.66    18.16
1964    7    52.68    19.88
1964    8    19.05    21.85
1964    9    67.26    14.69
1964   10    43.01    10.64
1964   11    16.71     6.07
1964   12    40.47    -0.09
1965    1    22.63     0.86
1965    2    65.15    -4.40
1965    3    57.22     3.91
1965    4    69.85     9.22
1965    5   108.13    10.05
1965    6    67.36    18.07
1965    7    24.55    21.18
1965    8    43.55    20.24
1965    9    48.41    13.77
1965   10    16.38     8.09
1965   11    77.61     4.55
1965   12    17.14    -0.49
1966    1    21.14    -4.55
1966    2    17.05     1.01
1966    3    24.53     2.87
1966    4    37.32     9.50
1966    5   122.94    12.41
1966    6   119.78    16.96
1966    7    81.66    20.74
1966    8    86.65    19.17
1966    9    50.89    16.79
1966   10    59.99     8.93
1966   11    43.18     4.14
1966   12    70.70     0.11
1967    1    24.98    -5.19
1967    2    11.66     0.50
1967    3    47.79     4.38
1967    4    42.18     8.81
1967    5   107.24    14.95
1967    6   103.10    17.65
1967    7    49.36    20.64
1967    8    39.51    20.81
1967    9    48.42    16.54
1967   10    25.62     7.57
1967   11    23.47     3.55
1967   12    13.57    -1.10
1968    1    26.00    -2.77
1968    2    43.16    -6.42
1968    3    25.82     5.45
1968    4    25.95    11.67
1968    5    52.94    13.89
1968    6    46.37    19.21
1968    7    35.53    23.57
1968    8    23.58    23.25
1968    9    46.85    16.44
1968   10    30.07    11.83
1968   11    74.34     3.38
1968   12    26.26     1.65
1969    1    25.84    -0.19
1969    2    49.39    -0.08
1969    3    48.84     1.59
1969    4    36.37    10.69
1969    5    64.49    13.58
1969    6    50.01    20.51
1969    7   118.20    19.77
1969    8    23.73    21.97
1969    9     8.19    18.06
1969   10    36.16     8.16
1969   11    24.97     4.73
1969   12    31.11    -3.27
1970    1    30.42     1.16
1970    2    22.04     3.14
1970    3    28.82     4.85
1970    4    85.66     5.80
1970    5    57.87    16.32
1970    6    67.49    19.35
1970    7    38.88    20.40
1970    8    15.72    23.15
1970    9    59.41    16.89
1970   10    27.47    11.31
1970   11    48.06     5.27
1970   12    14.22     2.63
1971    1    20.54     0.37
1971    2    50.56     0.69
1971    3    80.24     2.69
1971    4    77.95     6.17
1971    5   122.29    11.26
1971    6    56.97    17.48
1971    7    71.68    20.31
1971    8    53.11    21.00
1971    9    16.21    15.90
1971   10    75.29    10.22
1971   11    10.81     5.77
1971   12     9.36     2.63
1972    1    35.35    -1.32
1972    2    19.65     1.36
1972    3    34.03     3.40
1972    4    80.64     7.00
1972    5   146.58    13.81
1972    6   139.02    16.39
1972    7    43.65    21.88
1972    8    78.64    19.56
1972    9    44.49    16.47
1972   10    20.35     8.88
1972   11     5.39     6.67
1972   12    23.82     3.46
1973    1    23.76     0.54
1973    2    28.18    -2.18
1973    3    73.11     2.24
1973    4   102.66     9.22
1973    5    75.63    14.19
1973    6   148.70    18.02
1973    7    59.15    20.64
1973    8    41.84    21.29
1973    9    46.83    14.36
1973   10    41.50     8.97
1973   11    39.79     3.55
1973   12    78.36     2.64
1974    1    13.44     0.35
1974    2    20.10     1.07
1974    3    41.11     5.74
1974    4    86.10     9.26
1974    5   150.48    14.90
1974    6    93.30    17.55
1974    7    40.01    21.82
1974    8    36.92    22.74
1974    9    38.49    18.85
1974   10    74.10     8.71
1974   11    32.40     4.21
1974   12    22.87    -0.47
1975    1    19.57    -3.96
1975    2    29.20    -7.40
1975    3    10.09     4.07
1975    4    97.13     9.70
1975    5   171.74    12.95
1975    6    71.76    18.06
1975    7    33.58    22.63
1975    8    11.58    21.90
1975    9    60.12    17.99
1975   10    24.89    10.07
1975   11    38.79     6.47
1975   12    25.32     2.31
1976    1    41.42     0.80
1976    2    36.39    -0.90
1976    3    58.36     2.88
1976    4    54.32    10.47
1976    5    90.07    14.44
1976    6    68.96    19.11
1976    7    13.02    24.03
1976    8    15.75    24.84
1976    9    41.19    16.76
1976   10    22.68     9.44
1976   11    18.27     4.51
1976   12    21.78     2.00
1977    1    30.36    -0.04
1977    2    32.01     1.08
1977    3    76.34     1.59
1977    4    57.26     7.77
1977    5   117.09    15.29
1977    6    30.28    19.54
1977    7    13.95    24.39
1977    8    11.27    24.99
1977    9    20.89    18.76
1977   10    30.31     7.68
1977   11    67.27     4.63
1977   12    29.48     1.66
1978    1    14.00    -1.80
1978    2    18.24     3.20
1978    3    55.72     4.20
1978    4    62.48     7.83
1978    5   106.39    13.88
1978    6    47.91    19.45
1978    7    30.22    24.92
1978    8    52.20    21.54
1978    9    52.38    14.49
1978   10     7.68     9.38
1978   11    58.35     6.48
1978   12    39.99    -2.01
1979    1    29.89     0.03
1979    2    40.64    -1.82
1979    3     6.71     5.40
1979    4    52.01    10.30
1979    5   130.82    15.74
1979    6    54.42    19.85
1979    7    76.98    22.53
1979    8    25.64    23.80
1979    9    33.84    16.14
1979   10    36.47    12.91
1979   11    65.37     6.72
1979   12    23.57     3.51
1980    1    27.67     3.04
1980    2    26.02     4.52
1980    3    37.12     6.37
1980    4    76.98     9.88
1980    5    52.24    14.90
1980    6    85.41    17.64
1980    7    53.16    22.48
1980    8    67.61    21.57
1980    9    16.52    18.80
1980   10    11.00    13.57
1980   11    53.90     5.45
1980   12    32.28     0.52
1981    1    43.53    -3.13
1981    2    18.52     1.05
1981    3    94.53     1.22
1981    4    65.06     5.24
1981    5    79.92    12.64
1981    6    93.02    17.71
1981    7    13.71    22.92
1981    8    18.20    24.10
1981    9    25.78    19.31
1981   10    64.11    13.01
1981   11    69.03     2.10
1981   12    30.18     1.62
1982    1    16.18     2.29
1982    2    28.79     0.95
1982    3    51.83     6.86
1982    4    46.22    10.37
1982    5    51.85    13.63
1982    6    71.74    17.63
1982    7    44.43    22.02
1982    8    94.00    20.41
1982    9   189.40    13.36
1982   10    26.35     8.63
1982   11    16.63     5.10
1982   12    83.48    -4.83
1983    1     2.53     0.96
1983    2    20.09     2.85
1983    3    45.79     2.25
1983    4    71.57     7.95
1983    5    67.92    12.28
1983    6    85.79    18.39
1983    7    39.02    21.02
1983    8    73.97    21.39
1983    9    28.95    15.95
1983   10    17.23    13.33
1983   11    68.68     3.35
1983   12    21.83    -0.15
1984    1    16.86    -0.57
1984    2    32.78     1.42
1984    3    90.48     1.64
1984    4    50.54    10.69
1984    5    94.65    14.24
1984    6   132.43    18.31
1984    7    69.91    20.76
1984    8    21.52    23.07
1984    9    33.15    18.32
1984   10    23.31    10.80
1984   11    49.00     3.89
1984   12    53.62     0.07
1985    1    27.19    -1.65
1985    2    21.95    -2.41
1985    3    36.45     3.26
1985    4    78.29     5.12
1985    5    88.77    12.92
1985    6    69.44    17.99
1985    7    52.80    21.42
1985    8    39.86    22.07
1985    9    80.52    16.70
1985   10    72.93     8.48
1985   11    27.65     5.66
1985   12    39.81     2.27
1986    1    27.87     0.70
1986    2    39.05    -0.42
1986    3    57.74     2.77
1986    4    35.27    11.78
1986    5   110.71    14.98
1986    6    79.29    18.74
1986    7    53.35    22.07
1986    8    46.29    20.89
1986    9    69.95    15.69
1986   10    30.69     8.39
1986   11    17.35     5.48
1986   12    25.59     4.16
1987    1    68.58     0.06
1987    2    27.90     0.14
1987    3    52.75     3.20
1987    4    93.10     8.11
1987    5   123.96    13.41
1987    6   139.44    18.47
1987    7    71.05    19.71
1987    8    44.51    19.44
1987    9    47.86    19.38
1987   10    58.05    10.84
1987   11    23.68     6.34
1987   12    52.02    -0.45
1988    1    29.21    -2.17
1988    2    18.02    -2.94
1988    3    50.11     1.51
1988    4    75.81     4.96
1988    5    97.55    13.16
1988    6    80.52    19.64
1988    7    91.06    22.00
1988    8    29.01    21.47
1988    9   145.70    15.10
1988   10    16.93     8.84
1988   11    13.12     4.20
1988   12    17.63    -1.15
1989    1    13.72    -1.27
1989    2    44.40    -3.65
1989    3    33.00     9.02
1989    4    45.89     8.69
1989    5    81.65    12.66
1989    6    48.26    19.90
1989    7    18.80    24.76
1989    8     3.91    26.10
1989    9    29.58    19.51
1989   10    73.84    12.42
1989   11    25.47     5.13
1989   12    50.58     2.39
1990    1    22.09     1.29
1990    2    17.48     2.17
1990    3    65.34     4.23
1990    4   111.54     7.78
1990    5    72.25    16.28
1990    6    92.99    19.07
1990    7    47.69    22.17
1990    8    54.32    21.60
1990    9    93.70    13.74
1990   10    37.13     8.02
1990   11    71.94     1.77
1990   12    53.22    -2.32
1991    1    10.64    -2.59
1991    2    17.26     3.34
1991    3    51.13     1.90
1991    4    44.65    10.13
1991    5    85.74    14.58
1991    6    98.54    19.03
1991    7    31.00    24.34
1991    8    71.14    20.72
1991    9    70.70    15.84
1991   10    29.30    10.20
1991   11    32.61     4.10
1991   12    67.22    -0.59
1992    1    13.91     2.18
1992    2    31.87     2.34
1992    3    81.48     2.64
1992    4    68.32     9.25
1992    5    72.73    16.11
1992    6   121.35    18.29
1992    7    60.12    20.38
1992    8    29.14    21.20
1992    9   228.80    15.03
1992   10    74.07    10.71
1992   11   110.28     4.49
1992   12    31.77     2.13
1993    1    19.97    -5.42
1993    2    30.68    -1.58
1993    3    42.92     0.85
1993    4    51.99     6.59
1993    5    72.86    12.24
1993    6    55.32    18.77
1993    7    53.87    23.12
1993    8    18.13    22.24
1993    9    47.91    17.72
1993   10    94.70    10.03
1993   11    24.30     5.48
1993   12    13.34     0.90
1994    1    21.40     0.29
1994    2    49.09     2.15
1994    3    67.89     2.75
1994    4    37.71    10.32
1994    5   117.86    12.36
1994    6    49.43    17.05
1994    7   104.84    20.37
1994    8   105.10    21.30
1994    9    43.24    15.17
1994   10    39.31    12.00
1994   11    65.26     2.29
1994   12    16.56     1.74
1995    1    48.56    -1.31
1995    2    26.08    -1.05
1995    3    14.07     6.53
1995    4    66.92     9.22
1995    5    85.86    13.09
1995    6    56.37    17.66
1995    7    44.98    21.24
1995    8    54.95    22.15
1995    9    52.38    15.81
1995   10    48.96     7.50
1995   11    21.49     4.32
1995   12    57.84     1.10
1996    1    39.30    -2.15
1996    2    19.80     0.48
1996    3    20.08     2.75
1996    4    37.70     8.10
1996    5    47.35    14.81
1996    6    28.88    20.74
1996    7    28.15    25.92
1996    8    35.27    22.34
1996    9    29.52    19.55
1996   10    40.99    12.27
1996   11    17.09     8.31
1996   12    66.23     0.68
1997    1    43.53     0.79
1997    2    76.31    -2.16
1997    3    71.36    -1.84
1997    4    89.69     7.47
1997    5    85.50    15.18
1997    6    33.41    20.82
1997    7    40.23    25.56
1997    8    44.00    21.85
1997    9   144.59    14.88
1997   10    14.13    11.81
1997   11    28.80     4.79
1997   12    22.33     3.63
1998    1    25.33    -1.99
1998    2    27.42    -0.39
1998    3    33.90     1.82
1998    4    73.22     5.67
1998    5   118.86    12.99
1998    6    54.87    17.85
1998    7    80.73    19.90
1998    8    86.78    19.15
1998    9    51.59    15.70
1998   10    65.81    12.01
1998   11    16.63     5.45
1998   12    35.56     0.59
1999    1    49.12     0.05
1999    2    10.08     2.88
1999    3    90.87     4.03
1999    4    89.52     7.09
1999    5    77.35    13.27
1999    6   132.98    18.92
1999    7    72.82    22.02
1999    8   103.60    19.54
1999    9    52.14    14.35
1999   10    84.44     9.82
1999   11    25.40    -1.03
1999   12    43.16    -2.90
2000    1    50.12    -5.26
2000    2    14.05     2.14
2000    3    37.98     0.10
2000    4    30.97     9.05
2000    5    39.01    14.22
2000    6    50.20    17.85
2000    7    85.20    21.81
2000    8    14.66    20.89
2000    9    44.84    16.86
2000   10    28.21    10.27
2000   11    27.03     4.47
2000   12    13.07     2.63
2001    1    10.56     2.45
2001    2    39.28     0.37
2001    3    44.67     4.57
2001    4    76.94     7.30
2001    5    79.91    17.43
2001    6    33.04    20.96
2001    7    34.74    24.59
2001    8    30.82    21.65
2001    9    31.80    17.60
2001   10    72.19    10.82
2001   11    26.47     4.12
2001   12    62.12    -1.43
2002    1    35.60    -3.49
2002    2    20.02     0.28
2002    3    75.09     7.91
2002    4    86.80    10.83
2002    5    63.18    16.15
2002    6    69.19    22.24
2002    7    44.90    22.13
2002    8    38.03    22.22
2002    9   101.31    16.35
2002   10    14.87     8.21
2002   11    68.88     5.46
2002   12    35.40     1.54
2003    1    64.69    -2.72
2003    2    40.12     0.57
2003    3    21.42     4.98
2003    4    57.94    10.40
2003    5   110.19    15.69
2003    6    79.85    18.97
2003    7    25.28    23.43
2003    8    66.59    23.01
2003    9    29.49    17.75
2003   10   178.10     8.18
2003   11    43.15     0.31
2003   12     5.10    -2.84
2004    1    31.85     1.79
2004    2    43.34     1.53
2004    3    21.65     6.40
2004    4    58.97    11.65
2004    5   138.41    15.68
2004    6    87.71    19.32
2004    7    45.36    22.70
2004    8    34.90    21.98
2004    9    56.67    17.59
2004   10    69.49     4.38
2004   11    34.53     5.94
2004   12    12.98     4.94
2005    1    13.24    -0.45
2005    2    37.16     0.93
2005    3    37.39     6.73
2005    4   122.11     9.39
2005    5   121.80    12.96
2005    6    71.78    21.29
2005    7    46.07    24.11
2005    8    43.84    21.02
2005    9    49.46    17.49
2005   10    76.22    10.41
2005   11    43.15     5.78
2005   12    20.74     0.76
