2006    1    88.81    -6.12
2006    2    95.11    -5.13
2006    3    52.61    -4.70
2006    4   127.47     3.84
2006    5    67.82    11.88
2006    6   135.95    11.94
2006    7    56.46    13.16
2006    8    77.65    14.88
2006    9   121.80     8.54
2006   10   140.03     6.66
2006   11   213.86    -2.85
2006   12    79.04    -4.74
2007    1    75.33   -10.35
2007    2    60.82    -6.17
2007    3   146.66    -1.26
2007    4   158.79     2.66
2007    5   113.90     7.80
2007    6   141.32    12.84
2007    7    67.75    14.47
2007    8    42.13    15.24
2007    9    14.45    12.60
2007   10   147.37     3.52
2007   11    55.21     0.60
2007   12    86.18    -5.43
2008    1    63.64    -9.79
2008    2    25.11   -14.63
2008    3    66.26    -1.33
2008    4    95.17     2.47
2008    5    57.23    10.13
2008    6    57.84    15.34
2008    7    16.15    15.88
2008    8    23.68    21.06
2008    9   101.11     9.16
2008   10    80.65     5.54
2008   11    97.48     0.32
2008   12   153.91    -6.75
2009    1    84.10    -8.58
2009    2    86.10    -7.09
2009    3   112.86    -0.91
2009    4   211.77    -1.33
2009    5   146.78     8.82
2009    6   112.38    10.47
2009    7    95.09    11.37
2009    8    18.95    14.41
2009    9   168.93    12.50
2009   10   117.46     1.79
2009   11    24.30     1.64
2009   12   157.57    -4.06
2010    1   131.92    -7.47
2010    2    63.00    -9.86
2010    3   158.69     0.80
2010    4   127.45    -0.57
2010    5   115.32     8.90
2010    6    99.48    12.30
2010    7   100.21    11.08
2010    8    38.24    12.57
2010    9    46.77    13.69
2010   10    61.08     7.61
2010   11   177.38    -1.11
2010   12    96.40    -5.37
2011    1   125.51   -10.17
2011    2    68.03   -11.42
2011    3   131.84    -4.22
2011    4   110.56     2.30
2011    5   140.41    10.19
2011    6   119.34    11.87
2011    7   165.59    15.96
2011    8    50.13    15.26
2011    9   118.49     8.84
2011   10   120.61     2.87
2011   11    65.90    -3.16
2011   12    92.82    -7.99
2012    1   112.38    -8.86
2012    2    88.59   -10.52
2012    3    86.06    -5.38
2012    4   186.54     3.08
2012    5    61.67     9.90
2012    6   132.28    11.70
2012    7    83.13    14.95
2012    8    59.51    13.14
2012    9    52.58     9.53
2012   10   113.97     4.85
2012   11   142.76    -1.63
2012   12   119.71    -2.34
2013    1   101.56    -3.93
2013    2   129.85    -6.35
2013    3   178.77    -1.82
2013    4   112.04     2.13
2013    5   131.48     8.46
2013    6   107.73    14.92
2013    7   101.68    15.07
2013    8    10.55    15.76
2013    9   101.99    10.42
2013   10   120.38     3.79
2013   11    19.60    -1.90
2013   12   104.88    -4.79
2014    1    70.87    -9.82
2014    2    41.41    -4.98
2014    3   110.26    -1.30
2014    4   128.06     3.94
2014    5   138.90     7.52
2014    6   131.93    11.29
2014    7    25.00    17.51
2014    8    27.07    14.98
2014    9    88.65    10.20
2014   10   122.06     3.27
2014   11   119.09    -1.35
2014   12    60.21    -7.92
2015    1    65.02    -6.17
2015    2   107.49    -8.27
2015    3    33.79    -1.75
2015    4   155.79     3.16
2015    5   146.65     7.01
2015    6   193.36    11.81
2015    7   129.74    12.07
2015    8    89.04    11.88
2015    9    96.61     7.55
2015   10   149.21     6.16
2015   11    68.05    -0.85
2015   12    93.22    -2.67
2016    1   143.98    -6.29
2016    2   106.71    -5.16
2016    3   158.69    -2.97
2016    4   152.31     3.13
2016    5   146.17     6.36
2016    6    78.25    12.53
2016    7    54.03    14.12
2016    8    60.39    12.15
2016    9    90.09    10.89
2016   10    79.77     7.47
2016   11   117.68    -1.70
2016   12   122.64    -4.21
2017    1   170.71    -6.99
2017    2    79.85    -4.09
2017    3   108.28    -1.58
2017    4   100.32     5.34
2017    5   158.45     9.82
2017    6    41.50    15.95
2017    7    77.93    14.07
2017    8    72.52    13.31
2017    9    27.49    10.58
2017   10    98.80     4.95
2017   11   136.33     0.77
2017   12   112.47    -8.58
2018    1    67.33   -12.12
2018    2    46.54    -8.89
2018    3   113.57    -1.13
2018    4    47.87     5.22
2018    5   130.77     9.56
2018    6   191.57    11.67
2018    7    73.41    12.88
2018    8    55.84    13.04
2018    9    68.62    10.01
2018   10   145.94     3.50
2018   11   182.80     0.62
2018   12   125.20    -7.53
2019    1    99.42    -9.61
2019    2   120.94    -7.30
2019    3   153.62    -5.02
2019    4   122.07     0.77
2019    5   160.31    10.24
2019    6   161.95    13.93
2019    7    41.98    15.27
2019    8    33.83    12.23
2019    9    11.45    12.44
2019   10    77.25     4.43
2019   11    91.09    -2.37
2019   12   164.51    -4.61
2020    1    73.79    -5.82
2020    2   174.71    -5.90
2020    3   187.02    -1.08
2020    4    88.89     5.41
2020    5   101.31     9.08
2020    6    66.65    13.73
2020    7   110.17    13.25
2020    8    43.73    15.46
2020    9   105.90     7.96
2020   10   100.12     5.43
2020   11   153.86    -1.24
2020   12   111.77    -5.54
2021    1    95.36    -6.66
2021    2    75.36    -6.07
2021    3   110.11    -2.36
2021    4   104.96     2.97
2021    5   146.81     8.35
2021    6   161.71    13.02
2021    7    95.24    15.71
2021    8   125.49    16.69
2021    9    64.94    10.49
2021   10   159.15     7.36
2021   11   103.99    -3.23
2021   12   135.22    -5.29
2022    1    88.24    -8.52
2022    2    90.28    -7.88
2022    3   116.69    -0.13
2022    4   125.12     1.81
2022    5   177.58     7.29
2022    6   202.46     7.74
2022    7   125.70    13.67
2022    8    23.96    16.60
2022    9   105.33    10.51
2022   10    77.36     5.27
2022   11    65.70     1.49
2022   12   152.10    -6.75
2023    1   100.10    -7.59
2023    2    83.70    -6.22
2023    3    73.53    -3.69
2023    4   126.13     2.08
2023    5    94.84    11.55
2023    6    73.43    13.51
2023    7    35.90    16.07
2023    8    35.21    15.40
2023    9    39.56    11.99
2023   10    44.10     5.82
2023   11   165.31     0.05
2023   12   140.19    -5.67
2024    1   144.87    -8.96
2024    2    40.66    -7.98
2024    3    76.25    -1.27
2024    4   154.47     2.95
2024    5   194.87     7.22
2024    6   107.16    11.23
2024    7   101.00    13.77
2024    8   114.49    10.76
2024    9    62.33    10.23
2024   10   146.72     5.16
2024   11   107.02     0.44
2024   12    86.96    -5.24
2025    1   135.47    -2.45
2025    2    84.13    -3.03
2025    3   103.80    -1.76
2025    4   128.84     1.77
2025    5   152.65     8.21
2025    6   164.91    10.34
2025    7    40.75    15.70
2025    8    40.92    14.94
2025    9   102.22     9.03
2025   10   125.31     3.41
2025   11    94.43    -2.50
2025   12    47.17    -6.76
2026    1   133.31    -3.52
2026    2   104.01    -7.97
2026    3   156.58    -3.68
2026    4    81.30     5.72
2026    5   143.90     8.34
2026    6    94.08    12.84
2026    7    58.73    15.32
2026    8    64.20    13.41
2026    9    51.38    12.59
2026   10   104.27     5.98
2026   11   154.92    -0.71
2026   12   144.12    -4.82
2027    1   142.22    -7.13
2027    2    79.95    -5.77
2027    3   123.79    -0.32
2027    4   166.46    -0.47
2027    5   155.97     9.26
2027    6    96.45    15.56
2027    7    88.73    13.17
2027    8    62.73    13.59
2027    9    38.88    15.40
2027   10   129.91     8.79
2027   11    61.40     0.47
2027   12   141.03    -2.67
2028    1    96.76    -7.12
2028    2   124.92    -4.63
2028    3   134.28    -3.20
2028    4   172.31     7.01
2028    5   185.48     6.45
2028    6    93.07    13.83
2028    7    58.09    11.98
2028    8    41.13    13.80
2028    9     2.44    12.51
2028   10   157.16     4.31
2028   11    22.85    -2.47
2028   12   166.27    -4.64
2029    1   123.11    -5.46
2029    2   100.29    -7.28
2029    3    79.00     0.24
2029    4   113.51     6.38
2029    5   146.24     6.84
2029    6    98.40    12.20
2029    7    70.20    14.77
2029    8    65.22    12.10
2029    9    61.96    10.24
2029   10   153.59     5.78
2029   11    99.40    -0.22
2029   12   100.90    -4.88
2030    1   112.23    -6.27
2030    2    40.79    -2.19
2030    3   117.50     0.06
2030    4   151.62     1.52
2030    5    86.37    11.61
2030    6   141.99    13.09
2030    7   112.05    13.70
2030    8    30.17    14.93
2030    9    37.85    14.04
2030   10   109.75     6.05
2030   11   132.16    -2.94
2030   12    82.53    -7.45
2031    1   106.00   -12.27
2031    2   102.00    -7.32
2031    3    72.33     0.09
2031    4   164.90     3.42
2031    5   121.11     8.15
2031    6   108.91    14.95
2031    7   135.66    11.35
2031    8    93.46    10.44
2031    9    71.26     9.22
2031   10   146.12     5.96
2031   11   162.09    -2.72
2031   12    77.42    -6.70
2032    1    98.71    -3.57
2032    2    75.14    -3.06
2032    3   113.07     0.86
2032    4   124.68     4.62
2032    5   110.39    10.81
2032    6    70.05    15.93
2032    7    93.91    16.12
2032    8    41.89    14.13
2032    9    17.05    12.06
2032   10   143.16     0.87
2032   11   164.38    -2.72
2032   12    46.02   -11.63
2033    1    47.66   -11.93
2033    2   133.17    -9.06
2033    3    95.68     1.48
2033    4   134.62     3.36
2033    5    63.23    11.41
2033    6    73.12    15.22
2033    7    55.85    16.21
2033    8    87.82    15.53
2033    9    81.92    10.55
2033   10   136.34     7.33
2033   11   203.37     1.24
2033   12   172.71    -4.76
2034    1   110.09    -6.00
2034    2    82.79    -5.65
2034    3    81.28    -0.41
2034    4    81.35     2.92
2034    5   108.61    12.88
2034    6   185.20    10.81
2034    7    28.34    15.11
2034    8     5.35    15.40
2034    9    24.68    13.93
2034   10   150.29     7.54
2034   11   121.09     1.80
2034   12   132.62    -1.67
2035    1    74.94    -2.79
2035    2    78.11    -1.29
2035    3    94.75    -4.44
2035    4    68.63     4.26
2035    5   124.73    12.27
2035    6    31.13    15.41
2035    7    26.78    17.93
2035    8     4.25    18.57
2035    9     3.58    17.01
2035   10   137.64     7.91
2035   11   111.73     0.15
2035   12    84.64    -4.32
2036    1   105.72    -5.55
2036    2    82.14    -1.59
2036    3   111.79     1.11
2036    4    71.98     7.98
2036    5   179.10     9.29
2036    6   167.51    11.81
2036    7    21.84    15.76
2036    8    83.25    13.41
2036    9    72.56     9.18
2036   10    26.55     8.33
2036   11   147.60     2.96
2036   12    80.08    -8.02
2037    1    14.53    -7.05
2037    2   136.10    -3.57
2037    3    58.76     0.05
2037    4   128.51     3.99
2037    5    84.18    11.62
2037    6    90.75    16.10
2037    7    49.50    18.20
2037    8   145.39    13.96
2037    9    92.55    11.54
2037   10    38.93     7.10
2037   11   119.78     1.16
2037   12    95.88    -0.26
2038    1   121.05    -2.35
2038    2    41.95    -9.78
2038    3    64.30    -2.76
2038    4   101.53     2.42
2038    5   145.33    10.15
2038    6    75.66    14.33
2038    7    11.43    17.59
2038    8    33.37    17.97
2038    9     4.05    14.96
2038   10   260.19     4.02
2038   11    44.45     2.51
2038   12   122.36    -3.63
2039    1    52.01    -7.89
2039    2    59.87    -2.26
2039    3   171.52     1.80
2039    4   140.20     4.68
2039    5   173.75     8.56
2039    6   103.47    15.35
2039    7    42.11    16.11
2039    8    21.84    16.79
2039    9    76.11    14.84
2039   10    42.89    10.17
2039   11   231.93     2.71
2039   12   131.68    -5.65
2040    1    70.47    -7.82
2040    2    99.46    -7.15
2040    3   173.19    -2.21
2040    4    67.69     6.94
2040    5   177.17     8.37
2040    6   132.19    13.56
2040    7    68.28    17.05
2040    8    11.65    16.66
2040    9    84.85    12.05
2040   10   172.19     7.39
2040   11   130.54    -0.37
2040   12   222.07    -3.72
2041    1   100.28    -6.16
2041    2    83.68    -6.95
2041    3    74.06     2.90
2041    4   166.30     6.26
2041    5   122.67     8.62
2041    6   160.13    11.03
2041    7    65.39    15.33
2041    8    69.97    17.33
2041    9    37.84    12.69
2041   10    65.98     5.67
2041   11   109.75    -1.47
2041   12    38.09     0.04
2042    1    83.39    -7.00
2042    2    96.06    -3.93
2042    3   132.03    -0.63
2042    4   182.45     1.83
2042    5   162.31     9.94
2042    6    69.96    14.52
2042    7    37.94    19.73
2042    8    28.03    16.03
2042    9    49.43    10.62
2042   10    93.46     5.08
2042   11   157.14     2.41
2042   12   163.65    -6.19
2043    1   130.06    -9.81
2043    2    75.36    -4.28
2043    3   183.17    -4.25
2043    4   127.57     6.03
2043    5    82.21     8.52
2043    6    89.70    16.43
2043    7    56.11    14.17
2043    8    70.12    17.03
2043    9    89.16    13.71
2043   10   106.00     5.71
2043   11   116.13     1.96
2043   12   141.70    -6.53
2044    1    41.68   -11.64
2044    2   137.01    -7.61
2044    3   148.57    -3.92
2044    4   152.48     3.28
2044    5   112.85    11.87
2044    6   110.18    15.16
2044    7    90.66    16.38
2044    8    45.51    13.70
2044    9   125.59     8.05
2044   10    84.36     5.90
2044   11   142.92     0.61
2044   12    77.49    -4.76
2045    1    95.06    -6.05
2045    2    45.89    -3.03
2045    3    62.07    -1.75
2045    4   102.07     4.65
2045    5   222.03     8.72
2045    6   150.07    10.49
2045    7   168.07    16.33
2045    8    38.45    12.70
2045    9    33.12    12.67
2045   10    83.79    10.56
2045   11   191.21     1.78
2045   12    86.90    -5.94
2046    1    60.70    -8.29
2046    2    76.30    -2.40
2046    3   178.98     1.36
2046    4   121.69     7.59
2046    5   138.33    10.27
2046    6   212.50    10.46
2046    7    81.28    15.72
2046    8    28.98    15.54
2046    9    79.66     9.27
2046   10   111.68     6.66
2046   11   136.55     0.32
2046   12    79.46    -7.39
2047    1    64.53    -9.22
2047    2   138.22    -4.87
2047    3   104.08    -4.80
2047    4   156.21     4.49
2047    5   124.67    10.30
2047    6    84.77    14.97
2047    7   107.47    18.56
2047    8    13.63    18.49
2047    9   125.47    11.64
2047   10   162.28    10.07
2047   11   135.81    -4.16
2047   12    80.62    -6.47
2048    1    88.21    -4.58
2048    2   170.20    -4.53
2048    3   174.35    -3.23
2048    4   116.22     2.21
2048    5   186.99     9.48
2048    6    34.26    16.14
2048    7   104.83    16.82
2048    8    53.59    15.14
2048    9    40.72    11.70
2048   10    59.03     9.81
2048   11   115.71    -0.34
2048   12    83.64    -0.97
2049    1   119.63    -1.40
2049    2   129.10    -6.54
2049    3    37.31     3.85
2049    4   197.27     6.58
2049    5    61.26    11.00
2049    6   125.62    11.95
2049    7    30.52    16.64
2049    8    33.29    14.91
2049    9    70.31    10.61
2049   10    88.37     8.95
2049   11   120.66     2.24
2049   12   177.63    -6.02
2050    1   129.26    -8.55
2050    2    44.89    -2.04
2050    3    97.54    -0.39
2050    4   173.20     3.85
2050    5   167.54     9.33
2050    6   129.70    14.34
2050    7    24.32    16.97
2050    8    34.33    14.14
2050    9    87.30    10.68
2050   10   158.75     7.13
2050   11    81.96     3.88
2050   12   105.99    -0.70
2051    1    96.47    -4.67
2051    2   130.83    -9.25
2051    3    89.26    -1.10
2051    4   102.06     6.97
2051    5   144.33    10.41
2051    6    43.95    14.58
2051    7    71.89    15.87
2051    8    99.00    15.36
2051    9    14.17    13.36
2051   10    43.83    11.15
2051   11   177.54    -1.00
2051   12   108.65    -0.01
2052    1   147.90    -5.45
2052    2   153.82    -5.35
2052    3   132.58    -4.04
2052    4   244.15     1.09
2052    5   187.48     8.90
2052    6    48.39    16.30
2052    7    69.80    16.56
2052    8    22.19    15.91
2052    9    50.24    15.50
2052   10    69.51     8.93
2052   11   118.04     1.69
2052   12   117.70    -8.29
2053    1    83.91    -7.01
2053    2   100.07    -8.28
2053    3   140.52    -2.32
2053    4   171.97     4.82
2053    5   104.72     9.39
2053    6    26.40    14.69
2053    7    27.66    16.41
2053    8    70.01    16.68
2053    9    66.20    14.17
2053   10    19.28     7.16
2053   11    44.74    -0.25
2053   12   126.15    -3.37
2054    1   112.25    -5.06
2054    2   150.52    -3.11
2054    3    79.36     3.31
2054    4   116.98     5.88
2054    5   124.43    10.45
2054    6   103.52    16.36
2054    7   100.01    16.07
2054    8    13.66    15.87
2054    9    56.65    14.55
2054   10    44.89     7.30
2054   11   154.76     0.09
2054   12   159.08    -2.63
2055    1    87.94    -5.60
2055    2   203.51    -3.23
2055    3   204.02     1.12
2055    4   241.51     3.49
2055    5   156.22     9.10
2055    6    99.72    14.20
2055    7    42.77    18.09
2055    8    37.38    14.85
2055    9    65.19    10.64
2055   10    54.39    10.87
2055   11    51.66     4.91
2055   12   130.70     0.58
2056    1    46.95     1.65
2056    2   128.93    -6.79
2056    3    96.79     1.94
2056    4   223.16     3.03
2056    5   192.88    10.09
2056    6    90.13    16.66
2056    7    28.40    17.30
2056    8    42.15    17.41
2056    9    62.81    12.58
2056   10   181.79     7.39
2056   11    98.59     4.89
2056   12   124.54    -3.40
2057    1    79.22    -4.91
2057    2    90.53    -3.85
2057    3   160.85    -0.95
2057    4   163.39     3.87
2057    5   231.84     8.56
2057    6   206.97    11.03
2057    7    88.93    17.40
2057    8    34.35    16.56
2057    9   165.09    10.07
2057   10    92.35     3.15
2057   11   109.13    -1.23
2057   12   106.72    -2.10
2058    1   174.62    -5.17
2058    2    93.92    -1.59
2058    3   131.93     0.39
2058    4   154.10     5.05
2058    5   178.03     7.78
2058    6   155.92    13.48
2058    7    71.89    16.90
2058    8    30.41    14.71
2058    9    39.71    11.98
2058   10    70.71    12.21
2058   11   165.94     3.39
2058   12   123.84    -7.35
2059    1    59.18   -10.57
2059    2    75.84    -9.40
2059    3    79.86     0.75
2059    4    80.79     8.94
2059    5   174.67    11.92
2059    6   130.24    15.11
2059    7    48.51    18.04
2059    8     3.55    18.73
2059    9    70.95    16.38
2059   10   148.77     7.55
2059   11   153.44    -0.75
2059   12   104.60    -2.27
2060    1   167.88    -5.59
2060    2    83.00    -2.33
2060    3   211.15     0.95
2060    4   204.12     4.09
2060    5    54.15    11.66
2060    6   124.80    14.49
2060    7    40.84    18.89
2060    8    53.65    17.85
2060    9    36.66    14.83
2060   10   175.42     6.37
2060   11    84.74     0.58
2060   12    42.55     0.01
2061    1   103.02     0.68
2061    2   111.99    -4.86
2061    3    75.51    -0.47
2061    4   189.53     4.95
2061    5   129.73    13.05
2061    6   120.84    16.63
2061    7    44.23    16.19
2061    8    83.23    14.75
2061    9    59.27    11.77
2061   10   105.91     9.61
2061   11    63.27     7.55
2061   12   103.48     0.54
2062    1    49.80    -1.12
2062    2   132.77    -0.64
2062    3   196.42     1.85
2062    4   128.90     6.37
2062    5   122.60    12.95
2062    6    91.55    14.71
2062    7    31.20    17.96
2062    8    24.05    21.09
2062    9     3.85    14.43
2062   10    84.85    11.97
2062   11   138.90     3.16
2062   12   142.04    -4.45
2063    1   115.43    -5.45
2063    2    73.83    -2.04
2063    3    18.13     5.12
2063    4   138.76    10.74
2063    5   145.24    12.80
2063    6    53.70    16.54
2063    7     3.73    19.83
2063    8    52.31    18.48
2063    9    12.78    15.56
2063   10    49.63     8.14
2063   11    99.51     3.35
2063   12   207.79    -3.83
2064    1   136.12    -6.59
2064    2    51.85    -4.55
2064    3   169.68     1.80
2064    4   136.85     5.71
2064    5    95.74    14.30
2064    6    89.65    14.71
2064    7   141.48    15.95
2064    8    13.71    16.04
2064    9   149.56    13.70
2064   10   141.98     6.07
2064   11   194.38     0.13
2064   12    94.59    -2.20
2065    1   165.86    -2.91
2065    2   165.69    -5.77
2065    3    63.45     5.91
2065    4   170.75     5.56
2065    5   246.16     8.55
2065    6   113.55    11.97
2065    7    50.49    16.35
2065    8     5.24    18.93
2065    9    99.95    11.33
2065   10    58.39     9.70
2065   11    39.58     4.96
2065   12    91.88    -0.71
2066    1    58.50    -6.92
2066    2   112.44    -4.60
2066    3   113.85    -0.71
2066    4   107.96     4.36
2066    5   156.74    10.13
2066    6    44.30    16.78
2066    7    70.60    17.88
2066    8    62.71    15.92
2066    9    11.10    14.67
2066   10   115.25     5.90
2066   11   252.56     1.87
2066   12   205.38    -3.09
2067    1    97.15    -1.68
2067    2   128.96    -0.68
2067    3   106.80     1.79
2067    4   157.88     3.44
2067    5   108.77    10.73
2067    6   146.76    13.33
2067    7    54.98    17.87
2067    8    75.43    16.30
2067    9    77.14    14.01
2067   10   165.18     8.74
2067   11   121.78     1.77
2067   12   111.79    -1.64
2068    1   104.45    -2.82
2068    2   149.41    -5.83
2068    3   192.41    -3.74
2068    4   171.68     3.32
2068    5   108.08    10.97
2068    6   132.77    11.34
2068    7    30.71    17.92
2068    8    38.72    15.49
2068    9    49.75    14.56
2068   10    12.43    12.22
2068   11   182.91     3.28
2068   12    93.11     0.36
2069    1   129.67    -1.95
2069    2   112.89    -7.08
2069    3   142.63    -4.18
2069    4   124.34     6.85
2069    5    89.10    10.62
2069    6    76.83    13.94
2069    7    33.15    17.17
2069    8    20.99    17.35
2069    9   122.05    10.52
2069   10    46.35     7.43
2069   11    47.16     3.93
2069   12   151.72    -2.53
2070    1   119.00    -6.67
2070    2   114.78    -2.90
2070    3    72.81     1.87
2070    4   156.90     4.82
2070    5   110.64    10.80
2070    6    70.59    15.36
2070    7    51.66    18.44
2070    8    31.45    18.12
2070    9     6.03    16.82
2070   10    67.34     8.68
2070   11   177.40     1.80
2070   12   172.17    -6.24
2071    1   157.80    -4.52
2071    2    45.49    -1.75
2071    3   164.81     2.87
2071    4    95.66     6.98
2071    5   138.56    11.88
2071    6   171.76    13.24
2071    7    30.84    16.29
2071    8    34.28    16.90
2071    9    68.23    13.41
2071   10    72.40     5.58
2071   11    89.07     2.44
2071   12   131.49    -1.81
2072    1   105.46    -0.70
2072    2   142.40    -3.82
2072    3    94.16    -1.87
2072    4   110.00     6.10
2072    5   122.79    12.71
2072    6   163.85    17.94
2072    7    38.01    18.94
2072    8    14.61    20.57
2072    9    81.45    13.10
2072   10   169.33     8.85
2072   11   117.10     2.64
2072   12   172.42     0.27
2073    1   146.44    -4.83
2073    2    89.72    -3.80
2073    3   111.11     3.13
2073    4   231.07     4.34
2073    5   120.49    12.36
2073    6    89.07    14.07
2073    7    48.87    18.77
2073    8    18.53    18.37
2073    9    32.61    14.10
2073   10    99.17     8.83
2073   11   101.83     3.63
2073   12   203.53    -1.47
2074    1    70.99    -1.80
2074    2   196.99    -2.77
2074    3   115.98    -2.02
2074    4   122.00     5.28
2074    5   183.41     9.60
2074    6   109.51    18.23
2074    7    30.66    17.18
2074    8     5.86    19.85
2074    9     1.06    18.18
2074   10    42.55    10.14
2074   11   107.84     2.57
2074   12   124.57    -1.82
2075    1   107.68    -4.91
2075    2   111.00    -3.70
2075    3   105.55     1.41
2075    4    62.11     9.54
2075    5   182.54    10.48
2075    6    82.73    16.54
2075    7    19.91    21.09
2075    8    63.41    18.81
2075    9   102.57    11.51
2075   10    45.62    10.45
2075   11   106.53     3.17
2075   12   170.49    -0.17
2076    1    82.73     1.61
2076    2   116.57    -2.08
2076    3   132.59     1.43
2076    4   148.66     7.49
2076    5   101.39    12.80
2076    6    94.84    17.51
2076    7    10.99    20.91
2076    8    49.02    15.99
2076    9    10.58    13.88
2076   10    40.04    13.18
2076   11   100.44     5.60
2076   12   126.52    -0.80
2077    1   213.83    -2.97
2077    2   171.86    -1.30
2077    3   233.17    -2.49
2077    4   167.81     4.01
2077    5   232.82     6.47
2077    6    61.34    19.67
2077    7    39.61    17.34
2077    8    47.94    16.53
2077    9    23.32    18.39
2077   10    63.34    10.80
2077   11    94.69     5.97
2077   12    94.92    -3.93
2078    1    57.89    -3.19
2078    2   114.05    -1.71
2078    3   130.24     2.27
2078    4   177.44     5.63
2078    5   135.35    10.74
2078    6    58.41    17.88
2078    7    16.42    21.54
2078    8    12.77    18.58
2078    9     0.57    20.29
2078   10    50.10    11.43
2078   11    86.97     8.30
2078   12   106.07     0.22
2079    1   152.55    -4.15
2079    2    29.99    -3.79
2079    3    80.36     2.20
2079    4   112.71     8.22
2079    5   117.62    11.77
2079    6   107.46    18.32
2079    7    57.97    17.52
2079    8     3.76    19.94
2079    9     8.58    18.78
2079   10    70.55    10.22
2079   11    44.56     2.49
2079   12   121.08    -0.70
2080    1    31.18    -5.65
2080    2   118.57    -4.66
2080    3    74.06    -0.88
2080    4   116.94     7.74
2080    5   156.10     9.67
2080    6    72.71    16.78
2080    7    20.00    22.49
2080    8     4.23    24.32
2080    9    37.15    15.99
2080   10    36.03    11.05
2080   11    56.36     6.98
2080   12   177.15     0.27
2081    1   195.44    -3.22
2081    2    59.73    -1.47
2081    3   185.65    -1.60
2081    4   228.27     1.90
2081    5   110.02    12.66
2081    6    43.27    20.05
2081    7    33.23    19.79
2081    8    53.83    18.97
2081    9    28.59    16.24
2081   10    88.29     9.34
2081   11   130.86     2.37
2081   12    65.78    -0.10
2082    1    70.16    -3.24
2082    2   116.43    -3.83
2082    3   138.22     1.05
2082    4    57.31    12.81
2082    5   214.25    10.77
2082    6    69.49    18.50
2082    7    33.18    22.74
2082    8   101.31    19.54
2082    9    95.63    14.52
2082   10    59.84    11.38
2082   11   201.98     2.06
2082   12   140.26     0.79
2083    1    93.36     1.66
2083    2    92.54     2.45
2083    3    79.05     4.54
2083    4   199.66     6.73
2083    5   132.60    12.63
2083    6    64.73    17.18
2083    7    38.06    20.37
2083    8    75.96    16.81
2083    9    52.92    13.55
2083   10   110.06    11.27
2083   11   140.46     0.65
2083   12   216.94     0.58
2084    1   217.82    -5.05
2084    2   116.16    -2.13
2084    3    50.94    -0.61
2084    4   220.43     3.48
2084    5   156.74     7.67
2084    6    57.48    18.37
2084    7     5.11    20.84
2084    8    66.75    19.07
2084    9   142.25    12.48
2084   10    48.25     8.29
2084   11   125.10     5.71
2084   12    79.06    -4.59
2085    1    47.88    -0.98
2085    2    44.14     2.74
2085    3    20.70     2.44
2085    4   184.67     6.74
2085    5   119.30    12.88
2085    6   115.30    14.04
2085    7    29.39    18.43
2085    8     4.83    21.20
2085    9    70.86    14.11
2085   10    12.18    12.03
2085   11    10.60     6.61
2085   12    81.53     1.20
2086    1   140.10    -1.14
2086    2   162.43    -0.85
2086    3   113.10     5.47
2086    4   100.80    10.70
2086    5    69.52    14.79
2086    6   111.31    15.93
2086    7    49.65    18.53
2086    8    14.37    17.94
2086    9    94.18    18.28
2086   10    96.81     8.23
2086   11   202.63     1.92
2086   12    77.14    -1.26
2087    1   170.31    -1.00
2087    2    34.06     0.46
2087    3    77.48     2.41
2087    4   103.09     7.97
2087    5   206.12    10.87
2087    6    32.41    16.08
2087    7    46.92    18.74
2087    8     0.03    20.77
2087    9    36.39    17.36
2087   10   102.68    11.61
2087   11   103.95     1.67
2087   12   143.79    -2.56
2088    1   113.81    -3.81
2088    2   160.96    -3.83
2088    3   100.72    -2.13
2088    4    63.34    13.57
2088    5   142.96    14.13
2088    6    26.79    19.49
2088    7    20.19    19.74
2088    8     1.54    23.92
2088    9    87.45    15.22
2088   10    72.04    14.24
2088   11   103.08     2.52
2088   12   195.17    -0.95
2089    1    80.17    -1.73
2089    2    97.25    -6.83
2089    3   138.21    -0.74
2089    4     8.92     7.94
2089    5   177.15    10.36
2089    6   103.93    16.60
2089    7    86.28    20.38
2089    8    25.98    20.56
2089    9    58.25    15.13
2089   10   121.33    13.96
2089   11    97.76     4.72
2089   12    84.82    -0.22
2090    1    59.68    -2.13
2090    2    99.45     2.23
2090    3   163.24     4.37
2090    4   137.02     3.31
2090    5    93.73    14.22
2090    6    16.07    21.88
2090    7    10.35    22.63
2090    8     9.24    21.79
2090    9    82.55    14.28
2090   10   154.00    10.39
2090   11   173.66     4.65
2090   12   175.17    -4.65
2091    1    35.30    -6.42
2091    2    51.07    -6.18
2091    3    33.85     2.70
2091    4   247.07     4.78
2091    5   138.55     9.48
2091    6    75.60    16.27
2091    7    22.37    18.92
2091    8     2.50    20.24
2091    9   127.54    18.56
2091   10    62.76    10.92
2091   11    98.81     3.40
2091   12   176.99    -2.59
2092    1    81.13    -1.61
2092    2   112.38    -0.00
2092    3   280.20     0.61
2092    4    29.88     7.32
2092    5   136.14    14.51
2092    6    39.59    20.30
2092    7    33.19    19.07
2092    8     9.19    19.72
2092    9     0.00    20.81
2092   10   137.73     8.89
2092   11    87.77     2.51
2092   12   150.14    -2.36
2093    1    70.72    -2.82
2093    2    86.64    -2.99
2093    3   136.23     1.33
2093    4   172.58     4.00
2093    5   172.11    13.02
2093    6   132.45    14.98
2093    7    43.62    22.45
2093    8     0.98    20.32
2093    9    19.21    17.47
2093   10    76.54     8.01
2093   11    81.44     2.93
2093   12    97.13     1.82
2094    1    52.23    -0.77
2094    2   150.24    -2.39
2094    3    64.67     5.30
2094    4   117.24     6.39
2094    5    52.06    14.96
2094    6    83.82    18.02
2094    7    53.50    22.47
2094    8     1.66    22.33
2094    9    83.82    16.27
2094   10    46.21    12.96
2094   11    69.32     4.15
2094   12   160.09     0.67
2095    1   167.89    -2.35
2095    2   120.88    -0.75
2095    3    70.35     4.67
2095    4   232.09     6.65
2095    5   201.90    11.16
2095    6   133.74    19.09
2095    7    84.37    20.28
2095    8     1.29    18.46
2095    9     2.52    15.43
2095   10    20.94    11.95
2095   11    63.13     9.06
2095   12    96.95     3.50
2096    1    79.58     0.07
2096    2    90.19     5.40
2096    3   131.47     2.33
2096    4   149.76     6.27
2096    5    27.34    15.88
2096    6   112.72    17.44
2096    7    20.85    18.66
2096    8     6.19    21.75
2096    9    21.93    16.88
2096   10   248.79     6.57
2096   11   138.93     5.65
2096   12    94.85     5.87
2097    1   137.59    -1.66
2097    2   182.01     0.17
2097    3   124.62     3.05
2097    4   248.76     3.91
2097    5   110.20    12.24
2097    6    88.90    14.87
2097    7    34.37    20.63
2097    8     8.95    21.53
2097    9    43.93    14.79
2097   10   102.67     9.38
2097   11    94.80     2.03
2097   12   113.80    -1.16
2098    1   112.28     1.69
2098    2   150.60     2.93
2098    3   146.86     2.63
2098    4    84.13    10.50
2098    5    70.75    13.90
2098    6    79.48    18.83
2098    7    17.05    22.79
2098    8     0.53    23.04
2098    9     1.42    20.45
2098   10   110.10    15.36
2098   11    57.36     8.32
2098   12   127.19    -0.08
2099    1   155.15    -2.14
2099    2   129.02     2.89
2099    3   207.16     1.11
2099    4    79.37    10.02
2099    5   135.74    12.21
2099    6    73.87    16.86
2099    7    26.52    20.93
2099    8     1.46    24.84
2099    9     8.67    21.62
2099   10    22.91    13.83
2099   11    32.27     6.55
2099   12   163.28     2.27
2100    1    31.40    -2.02
2100    2   110.10     2.43
2100    3   183.96     3.37
2100    4   120.93     8.94
2100    5   123.18    12.57
2100    6    72.47    19.47
2100    7     2.15    22.31
2100    8     7.34    20.02
2100    9    43.93    21.27
2100   10    95.33    12.37
2100   11    73.33     6.71
2100   12    73.55     2.68
