2006    1     9.71     5.03
2006    2     9.58     5.25
2006    3    13.45     3.33
2006    4    28.67    13.90
2006    5     3.66    21.55
2006    6    27.53    22.51
2006    7     0.48    25.65
2006    8     0.02    26.55
2006    9     2.76    19.09
2006   10     7.56    14.78
2006   11    53.62     6.02
2006   12    32.47     2.07
2007    1    34.97    -2.28
2007    2    14.75     2.96
2007    3    59.85     5.29
2007    4    42.17    10.55
2007    5    47.59    17.03
2007    6     6.80    21.86
2007    7    16.26    25.42
2007    8     0.00    26.17
2007    9     0.00    21.38
2007   10    17.23    12.79
2007   11    17.76     8.38
2007   12     3.95     1.26
2008    1    14.17    -0.24
2008    2    17.63    -9.32
2008    3    26.80     8.39
2008    4    33.32    11.93
2008    5     4.01    20.01
2008    6    13.52    25.83
2008    7    11.68    25.35
2008    8     0.57    29.16
2008    9    25.17    19.12
2008   10     4.91    12.98
2008   11    32.51     7.15
2008   12   101.14    -0.37
2009    1    61.33    -1.17
2009    2    26.04     0.66
2009    3    30.64     8.05
2009    4    57.45    10.48
2009    5    31.03    17.88
2009    6     8.28    21.33
2009    7    25.16    22.19
2009    8     5.27    24.85
2009    9     0.94    21.42
2009   10    33.23     9.99
2009   11     0.93     7.09
2009   12    26.21     3.38
2010    1    28.67     2.02
2010    2    22.18     0.48
2010    3    27.23     8.21
2010    4    44.62     9.13
2010    5    28.38    17.59
2010    6    12.00    22.65
2010    7     8.92    23.51
2010    8     6.56    23.91
2010    9    13.78    21.59
2010   10     0.12    13.08
2010   11    44.34     6.06
2010   12    22.82     1.97
2011    1    22.44    -2.04
2011    2     3.22    -1.56
2011    3    82.71     6.64
2011    4    13.59    13.34
2011    5    21.24    18.61
2011    6    18.06    23.25
2011    7    13.35    27.67
2011    8     0.35    27.01
2011    9    19.20    19.19
2011   10    99.36    11.42
2011   11    40.63     4.61
2011   12     9.05    -0.94
2012    1    32.94     1.40
2012    2    48.22    -0.62
2012    3    44.44     4.26
2012    4    37.21    13.32
2012    5    35.17    18.25
2012    6     7.16    22.12
2012    7    23.31    25.43
2012    8    23.75    23.63
2012    9    26.00    19.76
2012   10    33.31    12.99
2012   11    31.29     6.11
2012   12    32.91     4.93
2013    1    15.76     3.84
2013    2    29.82     1.88
2013    3    21.61     8.37
2013    4    31.59    12.65
2013    5    56.18    16.80
2013    6     6.01    24.57
2013    7     2.01    26.51
2013    8     0.73    26.46
2013    9    42.56    19.77
2013   10    13.86    12.74
2013   11    21.22     4.01
2013   12    19.15     2.78
2014    1    14.35     0.09
2014    2    13.21     1.08
2014    3    20.05     4.05
2014    4     0.23    12.81
2014    5    22.91    18.27
2014    6    60.53    22.50
2014    7     1.89    28.51
2014    8     3.71    25.91
2014    9    41.27    18.72
2014   10     6.77    12.69
2014   11    17.59     6.28
2014   12    13.14    -2.38
2015    1    40.01     3.53
2015    2    54.67     1.12
2015    3    24.32     5.48
2015    4    37.65    11.80
2015    5    38.03    17.72
2015    6    51.02    22.50
2015    7    43.02    23.60
2015    8    45.77    21.25
2015    9    11.51    17.75
2015   10    40.09    14.56
2015   11     5.19     7.10
2015   12    28.23     4.72
2016    1    31.00     0.77
2016    2    13.07     3.18
2016    3    41.92     6.38
2016    4    42.92    13.36
2016    5    31.07    17.34
2016    6    25.43    21.82
2016    7     0.87    24.69
2016    8    14.58    23.31
2016    9    16.36    19.85
2016   10    20.92    15.35
2016   11    27.31     5.57
2016   12    75.21    -0.69
2017    1     8.59     0.96
2017    2    16.11     4.94
2017    3    20.99     8.13
2017    4    41.96    12.71
2017    5    19.85    19.29
2017    6    14.20    26.86
2017    7     9.50    26.21
2017    8     0.16    25.64
2017    9     0.55    20.48
2017   10    31.95    13.62
2017   11    78.56     7.84
2017   12    21.07    -0.93
2018    1    26.89    -2.01
2018    2    24.98    -0.20
2018    3    40.62     6.23
2018    4    18.64    10.31
2018    5    28.32    17.20
2018    6    17.58    22.09
2018    7     2.22    25.61
2018    8     0.75    24.57
2018    9     9.16    18.90
2018   10    65.58    12.31
2018   11    30.31     7.09
2018   12    29.93    -0.52
2019    1    41.31    -4.30
2019    2    19.91     2.03
2019    3    50.98     3.26
2019    4    51.69    10.99
2019    5    38.52    17.53
2019    6    88.06    22.17
2019    7     1.81    25.58
2019    8     5.05    23.19
2019    9    17.98    21.46
2019   10    15.89    11.90
2019   11    33.86     5.16
2019   12    41.24     2.78
2020    1    41.55     2.28
2020    2    23.18     5.00
2020    3    12.73     9.82
2020    4    33.93    14.97
2020    5    70.82    17.97
2020    6     6.60    22.34
2020    7    12.49    24.47
2020    8     0.00    25.87
2020    9    13.61    17.64
2020   10    28.24    13.30
2020   11   104.32     5.05
2020   12    35.46     0.66
2021    1    34.60    -0.12
2021    2     5.59     2.63
2021    3    21.55     5.95
2021    4    35.39    12.10
2021    5    34.74    17.07
2021    6    12.60    22.55
2021    7     1.92    26.83
2021    8     4.43    26.08
2021    9    14.19    20.35
2021   10     7.64    15.61
2021   11   101.07     3.86
2021   12    20.07     4.68
2022    1    20.78    -0.48
2022    2    16.73     1.83
2022    3    56.38    10.17
2022    4    35.68    10.80
2022    5   109.79    17.35
2022    6    65.71    19.19
2022    7     7.06    23.83
2022    8     0.00    24.71
2022    9    13.22    19.48
2022   10     5.88    12.28
2022   11    16.78     7.37
2022   12    14.60     1.15
2023    1    28.35     1.36
2023    2     4.43     3.84
2023    3    14.25     7.10
2023    4    38.55    11.59
2023    5     8.80    20.16
2023    6    21.99    22.68
2023    7     0.85    27.46
2023    8    19.43    24.05
2023    9    10.06    19.57
2023   10     9.75    13.42
2023   11     3.73     9.08
2023   12    48.98     3.22
2024    1    39.29    -2.71
2024    2     6.82     2.18
2024    3    37.96     6.31
2024    4    28.34    12.70
2024    5    73.51    17.52
2024    6    19.01    22.01
2024    7    15.16    25.33
2024    8    16.70    23.15
2024    9    24.33    19.11
2024   10    10.42    14.01
2024   11    36.39     7.58
2024   12    23.69    -0.25
2025    1    11.56     3.35
2025    2    35.64     4.68
2025    3    53.50     7.60
2025    4    23.48    13.82
2025    5    37.80    17.54
2025    6    36.08    22.28
2025    7     2.31    26.48
2025    8     4.23    24.77
2025    9    19.07    17.37
2025   10    37.61    11.69
2025   11    21.90     3.80
2025   12    10.64     0.30
2026    1    46.87     2.82
2026    2    14.38     1.89
2026    3    24.95     7.31
2026    4     5.65    13.74
2026    5    41.31    18.42
2026    6     9.91    24.79
2026    7    28.91    26.49
2026    8    16.18    22.85
2026    9     3.07    20.66
2026   10     3.98    14.82
2026   11    92.87     6.26
2026   12    40.53     2.95
2027    1     9.10     2.97
2027    2     8.39     5.31
2027    3    16.64     7.80
2027    4    21.78    10.12
2027    5    16.85    19.65
2027    6    13.43    23.84
2027    7    30.53    24.18
2027    8     3.82    23.49
2027    9     0.30    23.29
2027   10    13.74    16.63
2027   11    35.93     6.93
2027   12    33.11     4.63
2028    1     5.47     1.74
2028    2    31.42     4.96
2028    3    28.08     7.37
2028    4     3.33    15.94
2028    5    17.48    18.29
2028    6     2.93    23.85
2028    7     1.62    24.74
2028    8     4.97    23.72
2028    9     0.00    19.82
2028   10    83.98    13.38
2028   11     2.43     4.27
2028   12    41.42     4.00
2029    1    18.45     2.54
2029    2    12.83     3.56
2029    3    28.14     8.79
2029    4     3.00    15.67
2029    5     7.25    18.41
2029    6    26.30    22.56
2029    7    44.68    26.34
2029    8    10.41    23.17
2029    9    21.29    19.48
2029   10     5.44    14.19
2029   11    28.22     6.35
2029   12    72.19     2.56
2030    1    13.83     2.61
2030    2     0.35     4.57
2030    3    16.85     8.05
2030    4    62.28    10.62
2030    5    32.92    20.28
2030    6    56.23    24.55
2030    7     3.92    26.41
2030    8     2.33    26.17
2030    9     0.00    23.93
2030   10    10.82    14.76
2030   11    57.89     6.05
2030   12    37.88     1.90
2031    1    64.15    -3.61
2031    2    33.31     2.97
2031    3    20.49     8.23
2031    4    17.26    12.90
2031    5    88.73    17.56
2031    6    16.57    25.23
2031    7    37.72    24.62
2031    8    35.72    22.15
2031    9     9.09    18.83
2031   10    31.77    13.77
2031   11    37.57     5.44
2031   12    15.37     2.73
2032    1    11.50     3.77
2032    2    18.43     2.85
2032    3    12.22    10.61
2032    4    39.25    13.56
2032    5     9.60    20.69
2032    6    31.88    26.88
2032    7     0.00    27.91
2032    8     6.19    25.36
2032    9     1.05    20.69
2032   10    21.93    11.24
2032   11    29.20     5.11
2032   12    22.60    -2.98
2033    1     8.80    -1.73
2033    2    22.06     2.28
2033    3    23.25     9.18
2033    4    98.93    13.51
2033    5     6.30    19.23
2033    6    11.56    25.53
2033    7     0.00    28.13
2033    8     1.19    25.93
2033    9    46.98    18.43
2033   10    35.84    14.92
2033   11    10.43     9.88
2033   12    30.02     3.86
2034    1    19.70     2.82
2034    2    13.49     3.77
2034    3    55.40     7.87
2034    4    34.32    10.88
2034    5    25.09    22.60
2034    6    52.73    21.35
2034    7     8.08    26.17
2034    8     0.00    26.36
2034    9     7.36    22.06
2034   10    21.14    15.48
2034   11    30.65     9.17
2034   12    27.73     4.59
2035    1    37.07     4.54
2035    2    47.50     6.36
2035    3    20.85     5.30
2035    4    19.28    13.70
2035    5    18.54    21.36
2035    6     2.76    24.81
2035    7     2.36    28.05
2035    8     1.12    26.77
2035    9     0.00    22.81
2035   10    10.95    16.70
2035   11    41.67     6.81
2035   12    15.73     2.29
2036    1    51.85     2.11
2036    2     4.02     7.17
2036    3    52.05     9.01
2036    4     0.63    14.63
2036    5    96.91    18.99
2036    6    65.02    22.33
2036    7     0.20    27.39
2036    8     0.38    24.14
2036    9     0.65    18.97
2036   10    12.78    15.87
2036   11    20.72    10.92
2036   12    51.49    -1.46
2037    1    10.20     1.34
2037    2    10.96     4.66
2037    3     6.50     8.54
2037    4    31.21    12.60
2037    5    33.58    20.71
2037    6    27.05    26.26
2037    7    29.00    29.00
2037    8    19.23    24.59
2037    9    31.18    21.66
2037   10    65.58    13.98
2037   11    12.05     7.12
2037   12    12.55     6.75
2038    1    10.31     4.63
2038    2    11.86    -0.63
2038    3    79.30     4.27
2038    4    23.33    12.64
2038    5    23.22    19.72
2038    6    22.79    24.90
2038    7     0.57    29.12
2038    8    21.41    26.63
2038    9     0.32    21.35
2038   10    54.50    11.78
2038   11    14.59     8.71
2038   12    20.96     5.30
2039    1     9.52     2.88
2039    2    37.14     4.60
2039    3    13.83    10.83
2039    4    46.64    14.35
2039    5    56.54    18.71
2039    6    41.60    25.52
2039    7     0.91    27.62
2039    8     0.00    27.62
2039    9     0.01    24.04
2039   10    21.13    17.60
2039   11    39.63    11.14
2039   12    18.15     3.99
2040    1    16.99     2.38
2040    2    25.67     2.98
2040    3    59.69     6.97
2040    4     6.05    16.06
2040    5    57.52    17.31
2040    6     2.36    25.13
2040    7     0.09    27.86
2040    8     0.00    25.53
2040    9     0.83    20.28
2040   10    31.14    15.76
2040   11    26.78     7.14
2040   12    18.46     4.38
2041    1    61.72     2.65
2041    2    24.02     5.43
2041    3     2.23    11.86
2041    4    13.82    16.83
2041    5     6.62    19.01
2041    6    19.23    23.00
2041    7     0.87    26.88
2041    8     8.83    25.91
2041    9    28.87    21.16
2041   10    13.14    13.73
2041   11    61.97     6.11
2041   12    13.82     4.97
2042    1    12.83     1.24
2042    2    63.65     3.07
2042    3     1.69     9.88
2042    4    59.38    11.94
2042    5    45.47    18.99
2042    6    29.87    24.42
2042    7    10.31    27.79
2042    8    12.62    26.80
2042    9     6.62    19.36
2042   10     7.73    11.57
2042   11     4.85     9.76
2042   12    85.42     1.03
2043    1    15.17    -0.05
2043    2    14.10     7.17
2043    3    54.67     7.05
2043    4    48.84    14.02
2043    5    26.76    17.77
2043    6     7.72    24.57
2043    7    30.73    25.50
2043    8     0.00    26.67
2043    9    30.09    22.11
2043   10    21.90    13.08
2043   11    23.68     8.87
2043   12    15.76     1.91
2044    1    20.73    -2.26
2044    2    18.49     1.76
2044    3    97.26     6.77
2044    4    36.81    14.31
2044    5    13.31    20.70
2044    6    14.67    23.91
2044    7     0.08    27.68
2044    8     1.47    25.43
2044    9    10.94    19.09
2044   10     9.24    13.84
2044   11     6.70     8.87
2044   12    23.96     1.02
2045    1    14.60    -0.04
2045    2    30.50     4.35
2045    3     6.80     6.65
2045    4    73.32    12.76
2045    5    20.61    19.80
2045    6    26.84    23.20
2045    7    13.15    28.74
2045    8     0.09    24.14
2045    9     9.55    20.03
2045   10    23.44    16.76
2045   11    39.93     9.48
2045   12    57.31     0.62
2046    1    18.42     0.18
2046    2    95.06     6.74
2046    3    12.75    10.45
2046    4    21.55    17.97
2046    5    25.68    18.00
2046    6    36.60    21.75
2046    7     1.42    25.77
2046    8     0.22    25.70
2046    9    15.20    19.46
2046   10    39.00    13.98
2046   11    28.31     7.11
2046   12    33.20    -3.81
2047    1     9.28    -0.38
2047    2    12.69     4.04
2047    3    40.99     5.64
2047    4    37.14    14.34
2047    5     8.09    19.90
2047    6    34.32    24.96
2047    7     1.55    27.59
2047    8     1.79    27.17
2047    9    11.09    21.68
2047   10    12.92    17.51
2047   11    32.00     5.36
2047   12    15.75     2.43
2048    1    12.28     4.22
2048    2    42.02     4.91
2048    3    52.62     6.00
2048    4    63.72    11.90
2048    5    12.26    20.63
2048    6    12.93    25.59
2048    7     1.52    28.99
2048    8     2.88    26.03
2048    9    32.65    20.59
2048   10     7.26    17.32
2048   11    58.93     8.08
2048   12    29.30     4.80
2049    1     4.87     6.69
2049    2    36.58     4.09
2049    3    23.94    11.99
2049    4    44.89    18.16
2049    5    66.39    20.40
2049    6     9.74    22.27
2049    7     1.28    27.29
2049    8     8.50    25.63
2049    9    11.76    18.67
2049   10     7.63    15.78
2049   11     6.94    10.85
2049   12    32.70     3.15
2050    1     5.07    -0.18
2050    2     0.32     8.08
2050    3    40.31     8.42
2050    4    41.02    14.50
2050    5   110.77    21.07
2050    6    21.77    24.88
2050    7     0.02    27.89
2050    8    13.20    25.55
2050    9    26.71    19.67
2050   10    22.15    15.65
2050   11     8.35    11.58
2050   12    11.24     7.34
2051    1    25.01     4.42
2051    2    19.28    -1.17
2051    3     0.10    10.80
2051    4    23.33    15.03
2051    5    38.74    19.82
2051    6    10.45    24.57
2051    7     9.70    26.87
2051    8     4.35    27.46
2051    9     3.20    22.20
2051   10    49.97    16.37
2051   11    45.96     6.97
2051   12    14.97     6.65
2052    1    34.22     1.77
2052    2    30.96     4.75
2052    3    30.21     5.30
2052    4   117.55    10.92
2052    5   103.56    18.95
2052    6     8.78    24.55
2052    7     9.12    25.40
2052    8     0.00    25.93
2052    9     5.66    21.08
2052   10    16.72    16.22
2052   11    56.85     8.39
2052   12    11.63    -1.67
2053    1    27.65     1.34
2053    2    11.35     2.70
2053    3    27.92     7.45
2053    4   139.68    15.25
2053    5    35.09    19.10
2053    6     2.19    25.11
2053    7     0.07    27.40
2053    8     0.00    27.33
2053    9     3.73    22.96
2053   10     8.31    13.73
2053   11    19.30     4.92
2053   12    42.81     3.92
2054    1    19.43     3.89
2054    2     5.55     6.78
2054    3    11.03    11.55
2054    4    13.51    13.90
2054    5    41.66    19.07
2054    6    13.46    25.64
2054    7     0.60    27.86
2054    8    10.32    26.75
2054    9    27.58    22.44
2054   10     8.51    14.23
2054   11    26.67     8.00
2054   12    34.66     4.49
2055    1    68.47     1.28
2055    2    39.36     4.92
2055    3    81.23    11.48
2055    4    59.06    14.33
2055    5    18.53    19.56
2055    6    15.41    24.11
2055    7     5.32    27.94
2055    8     0.05    25.74
2055    9    31.88    20.08
2055   10     7.35    18.95
2055   11    15.93    10.49
2055   12    14.13     6.76
2056    1     2.66     5.97
2056    2    14.93     3.63
2056    3     4.50    10.94
2056    4   106.42    15.19
2056    5    17.53    22.00
2056    6     0.21    27.04
2056    7     0.00    29.52
2056    8     0.00    27.40
2056    9    23.53    20.77
2056   10    26.07    16.00
2056   11    25.70    11.54
2056   12    12.36     3.32
2057    1    14.47     3.21
2057    2    26.01     5.57
2057    3    31.04     9.74
2057    4    41.74    14.59
2057    5    29.47    20.47
2057    6    30.02    22.86
2057    7     1.44    27.93
2057    8     0.00    27.00
2057    9    19.26    20.18
2057   10    23.68    11.34
2057   11    24.27     7.23
2057   12    27.99     5.55
2058    1    38.89     0.84
2058    2    40.81     4.40
2058    3    11.07     8.11
2058    4     9.30    15.09
2058    5    37.74    18.07
2058    6    67.32    23.40
2058    7    12.51    27.57
2058    8     1.83    26.75
2058    9     1.99    21.06
2058   10     2.85    18.35
2058   11    38.93     9.24
2058   12    25.11     1.99
2059    1    24.56    -1.15
2059    2    45.93    -1.72
2059    3    38.05     6.58
2059    4    39.11    16.82
2059    5    61.04    21.28
2059    6    43.96    24.91
2059    7    95.45    27.91
2059    8     0.00    27.60
2059    9     1.22    23.24
2059   10    95.78    15.85
2059   11    25.45     7.71
2059   12    29.89     5.26
2060    1    13.34     2.40
2060    2     8.11     6.83
2060    3    29.80     9.92
2060    4    73.62    14.32
2060    5    15.89    20.91
2060    6    52.36    24.50
2060    7     8.07    28.77
2060    8     2.27    26.80
2060    9     0.00    23.58
2060   10    48.43    15.14
2060   11   114.00     7.02
2060   12    11.35     6.09
2061    1     4.80     7.29
2061    2    72.11     3.44
2061    3    68.27     6.68
2061    4    65.40    13.61
2061    5    22.41    20.81
2061    6     1.95    25.08
2061    7     6.52    26.92
2061    8     0.77    26.30
2061    9     4.85    22.33
2061   10     5.99    18.23
2061   11     1.78    12.74
2061   12    24.39     7.09
2062    1    29.47     3.60
2062    2    14.38     7.17
2062    3    43.17    12.03
2062    4    50.19    15.86
2062    5    14.56    22.37
2062    6     4.61    26.34
2062    7    12.76    28.18
2062    8     0.00    29.29
2062    9     1.07    22.60
2062   10     5.55    19.10
2062   11    24.61    11.48
2062   12    78.34     3.93
2063    1    63.59     2.06
2063    2    17.16     6.17
2063    3     0.06    13.98
2063    4    10.34    18.37
2063    5    34.64    23.17
2063    6     7.38    26.95
2063    7    24.06    29.78
2063    8     0.01    27.00
2063    9     0.90    22.83
2063   10     1.82    15.18
2063   11    49.04    10.15
2063   12    11.12     3.82
2064    1    79.70     0.62
2064    2    57.53     3.49
2064    3    45.18    11.14
2064    4    11.10    15.73
2064    5     4.66    22.85
2064    6    75.89    25.84
2064    7    10.06    27.34
2064    8     0.05    27.59
2064    9     0.03    24.33
2064   10    13.06    15.40
2064   11    36.63     9.93
2064   12    16.54     5.30
2065    1    18.46     4.26
2065    2    31.97     3.00
2065    3     1.31    13.60
2065    4    90.86    16.84
2065    5    66.09    19.19
2065    6    38.11    23.43
2065    7     2.97    26.94
2065    8     0.00    28.73
2065    9     1.05    20.10
2065   10     7.62    16.32
2065   11     9.68     9.96
2065   12    32.53     6.89
2066    1    32.70     0.20
2066    2    37.80     5.94
2066    3    16.06     7.11
2066    4    32.56    12.43
2066    5    17.40    20.43
2066    6     2.20    26.90
2066    7     4.14    31.10
2066    8     5.61    27.02
2066    9     0.00    23.64
2066   10    49.49    14.21
2066   11    68.66     9.24
2066   12    40.95     6.26
2067    1     8.52     5.85
2067    2    37.49     6.76
2067    3    28.49    12.33
2067    4    51.28    13.88
2067    5    52.14    19.44
2067    6    66.17    22.48
2067    7     0.07    28.64
2067    8     7.55    26.40
2067    9    28.65    22.62
2067   10    15.34    17.28
2067   11    58.22    10.80
2067   12    34.62     5.64
2068    1    15.01     5.38
2068    2    28.65     3.28
2068    3    38.70     6.28
2068    4    33.90    14.81
2068    5    44.06    21.16
2068    6    19.55    24.08
2068    7     7.13    28.60
2068    8     3.31    25.61
2068    9    11.27    23.29
2068   10     0.00    18.57
2068   11    13.18    12.63
2068   12     6.84     6.97
2069    1    67.91     5.60
2069    2    24.77     2.14
2069    3    46.06     8.00
2069    4    46.31    16.68
2069    5    25.39    20.25
2069    6    22.25    24.29
2069    7     0.00    28.36
2069    8    10.21    25.68
2069    9    27.00    19.71
2069   10     8.45    13.76
2069   11     1.03     9.56
2069   12    38.19     5.98
2070    1    25.80     1.95
2070    2    23.05     7.55
2070    3    29.54     9.74
2070    4    17.68    14.13
2070    5    56.41    22.21
2070    6    39.51    25.65
2070    7     8.77    29.75
2070    8     0.08    28.80
2070    9    17.38    24.16
2070   10    33.89    15.84
2070   11    36.69     9.93
2070   12    91.56     2.13
2071    1    22.67     4.68
2071    2     8.87     6.40
2071    3    15.41     9.87
2071    4    16.07    15.19
2071    5    16.20    21.69
2071    6    44.75    25.75
2071    7    33.79    28.54
2071    8     1.03    26.99
2071    9    32.66    21.19
2071   10     9.40    12.65
2071   11    13.79     9.34
2071   12    22.13     7.24
2072    1    24.79     5.74
2072    2    36.41     4.39
2072    3    14.28     8.75
2072    4    29.06    16.36
2072    5     6.85    22.46
2072    6     6.43    28.91
2072    7     0.00    32.25
2072    8     0.00    28.95
2072    9    20.30    22.27
2072   10    34.09    17.19
2072   11    48.68    10.73
2072   12    62.41     6.40
2073    1    18.09     2.47
2073    2    44.52     4.10
2073    3    25.94    11.48
2073    4    66.79    15.27
2073    5    36.08    21.38
2073    6    81.32    24.13
2073    7     0.00    28.77
2073    8     1.20    29.34
2073    9     0.13    23.41
2073   10    25.18    17.37
2073   11    37.42     8.86
2073   12     4.53     7.09
2074    1    10.24     4.04
2074    2    73.81     5.81
2074    3    19.00     8.06
2074    4    75.48    13.28
2074    5    38.73    19.58
2074    6     5.62    28.32
2074    7     7.97    28.47
2074    8     0.01    29.32
2074    9     0.02    25.76
2074   10    21.86    16.92
2074   11    39.89     9.65
2074   12    16.05     2.29
2075    1    12.86     2.84
2075    2    41.19     3.89
2075    3     7.45     9.18
2075    4    18.06    17.03
2075    5    65.90    21.94
2075    6    19.78    26.17
2075    7     0.12    31.23
2075    8     0.00    28.71
2075    9     8.18    21.95
2075   10     7.29    16.35
2075   11    19.35     9.49
2075   12    80.97     4.37
2076    1     9.37     9.13
2076    2    50.69     6.94
2076    3    38.48     9.40
2076    4     9.38    15.23
2076    5    15.08    23.33
2076    6     5.88    28.50
2076    7     0.00    32.84
2076    8    21.85    26.61
2076    9     0.46    22.71
2076   10     4.22    17.98
2076   11    22.61    12.16
2076   12    30.11     7.80
2077    1    42.28     5.23
2077    2    11.04     6.86
2077    3   113.64     8.71
2077    4    29.20    15.15
2077    5    53.36    18.19
2077    6    27.95    28.08
2077    7    28.30    28.02
2077    8    24.89    27.01
2077    9     0.48    25.83
2077   10    22.26    17.11
2077   11    19.45    13.84
2077   12    87.26     3.24
2078    1     8.48     3.04
2078    2    43.95     6.61
2078    3    49.38    11.33
2078    4   165.00    15.60
2078    5    68.67    20.33
2078    6     1.05    25.33
2078    7     0.01    30.30
2078    8     0.00    28.53
2078    9     0.00    26.03
2078   10     3.20    18.20
2078   11     8.51    14.98
2078   12    22.97     6.81
2079    1    34.16     5.05
2079    2    11.09     4.10
2079    3    82.73    10.25
2079    4    18.38    20.50
2079    5     6.02    22.43
2079    6    18.86    27.43
2079    7     1.04    30.44
2079    8     0.00    28.88
2079    9     0.00    25.30
2079   10    15.77    15.88
2079   11     8.30     7.64
2079   12     5.75     5.25
2080    1     2.43     2.22
2080    2    49.71     1.43
2080    3    11.08     9.32
2080    4    26.52    17.15
2080    5    72.35    18.79
2080    6    24.46    27.00
2080    7     0.00    33.02
2080    8     0.00    32.39
2080    9     0.01    25.05
2080   10    17.27    17.88
2080   11    16.34    12.81
2080   12    13.94     8.14
2081    1    33.54     5.82
2081    2     6.99     6.02
2081    3    16.21     8.67
2081    4    63.24    13.36
2081    5     7.70    23.29
2081    6    30.18    29.24
2081    7     0.53    31.22
2081    8     0.00    28.33
2081    9     1.48    24.89
2081   10    28.13    16.73
2081   11    21.61     8.94
2081   12    10.97     7.33
2082    1    17.79     4.42
2082    2    24.76     6.07
2082    3    25.94    10.27
2082    4     9.22    20.85
2082    5    15.00    22.15
2082    6     0.16    30.51
2082    7     0.00    32.70
2082    8     0.00    29.06
2082    9    27.78    23.39
2082   10    46.17    18.68
2082   11    19.16    12.43
2082   12    28.70     8.57
2083    1    10.96     9.39
2083    2    40.85     9.08
2083    3     3.54    12.67
2083    4    20.87    18.15
2083    5    60.26    20.17
2083    6     0.90    27.77
2083    7     0.00    30.42
2083    8    24.46    27.66
2083    9     0.08    22.27
2083   10     8.33    19.21
2083   11    23.72     9.52
2083   12    19.23     9.61
2084    1    39.87     4.88
2084    2    24.02     6.90
2084    3    18.15     8.65
2084    4    78.00    13.93
2084    5    27.98    18.84
2084    6     0.15    27.33
2084    7     0.00    31.38
2084    8     4.15    28.22
2084    9    33.31    21.75
2084   10    45.47    15.02
2084   11    39.39    11.91
2084   12    58.83     2.37
2085    1     5.96     4.42
2085    2     3.60    10.02
2085    3     5.10     8.63
2085    4     7.39    17.53
2085    5     9.10    23.74
2085    6     6.54    25.91
2085    7     0.00    29.94
2085    8     0.01    29.25
2085    9     3.03    21.34
2085   10     7.93    17.15
2085   11     0.00    11.01
2085   12    16.66     6.48
2086    1    28.57     7.29
2086    2    41.39     9.68
2086    3    26.59    14.68
2086    4    75.08    17.15
2086    5     7.84    23.89
2086    6    58.12    26.10
2086    7    28.97    29.13
2086    8     5.58    28.37
2086    9     0.00    24.60
2086   10     7.00    16.52
2086   11    23.20     9.89
2086   12    54.74     6.68
2087    1    56.20     6.98
2087    2    36.27     7.49
2087    3    31.69    12.17
2087    4    52.43    17.29
2087    5    19.44    22.24
2087    6    23.10    27.20
2087    7    30.81    28.33
2087    8     0.00    29.06
2087    9     0.00    23.66
2087   10    55.24    19.59
2087   11    51.04     9.37
2087   12    19.71     6.02
2088    1     7.54     4.23
2088    2    19.28     5.95
2088    3    33.72     8.36
2088    4     0.01    20.37
2088    5    81.76    22.76
2088    6     0.30    29.18
2088    7     2.96    30.88
2088    8     0.00    31.06
2088    9     2.08    23.50
2088   10    41.97    20.68
2088   11    27.92    10.25
2088   12    15.19     7.76
2089    1    24.40     4.58
2089    2    56.57    -0.60
2089    3    78.36     8.71
2089    4     6.05    14.15
2089    5    26.17    21.39
2089    6     0.30    27.49
2089    7    26.04    31.33
2089    8     0.00    30.23
2089    9     0.37    23.69
2089   10    16.77    19.60
2089   11    46.22    11.29
2089   12    25.29     6.93
2090    1    28.70     2.35
2090    2    18.16     8.25
2090    3    43.66    11.51
2090    4    33.43    15.17
2090    5     2.13    23.18
2090    6     0.00    29.02
2090    7     0.04    33.58
2090    8     2.94    29.66
2090    9     7.87    22.54
2090   10    65.82    17.21
2090   11    47.93    12.53
2090   12    19.70     3.23
2091    1    10.72     0.13
2091    2     5.11     1.56
2091    3     0.86    11.35
2091    4    13.57    18.17
2091    5    10.59    20.74
2091    6    27.24    28.07
2091    7     1.40    30.78
2091    8     0.00    29.49
2091    9     6.21    28.04
2091   10    81.28    18.71
2091   11    43.05    10.79
2091   12    76.65     3.97
2092    1    13.47     6.65
2092    2    38.72     5.28
2092    3    59.07    10.82
2092    4    29.66    15.01
2092    5    53.38    21.67
2092    6     0.89    28.71
2092    7     0.00    30.67
2092    8     1.04    29.45
2092    9     0.00    25.31
2092   10    54.20    17.26
2092   11    42.79     9.49
2092   12    23.05     5.30
2093    1     6.60     4.46
2093    2    27.70     4.05
2093    3    40.74    10.95
2093    4    30.86    15.78
2093    5     1.05    22.40
2093    6     0.90    26.46
2093    7     0.32    31.80
2093    8     0.00    30.50
2093    9     0.16    25.63
2093   10    53.60    16.34
2093   11    62.66    10.63
2093   12    24.95     8.95
2094    1    20.93     5.09
2094    2    13.07     7.87
2094    3    29.59    14.33
2094    4    19.27    17.53
2094    5    14.14    23.20
2094    6     0.21    26.04
2094    7     0.00    32.71
2094    8     0.00    31.07
2094    9     2.51    24.53
2094   10     4.16    19.22
2094   11    27.87    10.34
2094   12    27.03     7.73
2095    1    37.51     5.00
2095    2    19.22     8.22
2095    3    30.25    12.76
2095    4    67.65    16.91
2095    5    59.67    21.88
2095    6    25.03    29.84
2095    7     3.35    33.63
2095    8     0.00    29.74
2095    9     0.23    23.51
2095   10     0.47    18.51
2095   11     5.82    14.98
2095   12    13.16     9.83
2096    1    28.79     6.82
2096    2    32.07    12.29
2096    3    44.65    12.49
2096    4    34.04    19.48
2096    5     0.00    23.88
2096    6    13.95    28.56
2096    7    13.85    30.73
2096    8     0.00    31.53
2096    9     0.02    24.74
2096   10    80.13    15.41
2096   11    56.58    13.27
2096   12    15.87    12.63
2097    1    47.02     5.19
2097    2    27.60     9.37
2097    3    18.94    12.65
2097    4    43.75    14.93
2097    5    16.60    22.31
2097    6     9.47    26.26
2097    7     3.41    30.75
2097    8     0.51    31.18
2097    9    10.73    23.93
2097   10    53.96    17.69
2097   11     5.23     8.52
2097   12    65.01     6.74
2098    1    31.01     8.66
2098    2    31.51    10.85
2098    3    40.82    14.24
2098    4     5.27    17.81
2098    5    10.15    23.50
2098    6    18.88    29.31
2098    7     0.00    32.70
2098    8     0.00    31.04
2098    9     0.14    26.01
2098   10    36.26    21.11
2098   11    45.13    13.29
2098   12     2.19     6.16
2099    1    57.30     4.94
2099    2    13.50    10.61
2099    3    36.18    11.97
2099    4    25.23    17.12
2099    5    40.47    22.59
2099    6    17.13    26.80
2099    7     5.99    31.09
2099    8     0.00    31.53
2099    9     0.00    28.10
2099   10     2.62    20.69
2099   11    33.37    13.24
2099   12    21.18     9.31
2100    1    24.29     2.93
2100    2    33.97     9.99
2100    3    34.34    14.71
2100    4    24.69    18.05
2100    5    16.23    23.43
2100    6     0.00    31.58
2100    7     0.00    33.79
2100    8     0.32    29.24
2100    9     0.00    28.77
2100   10     5.45    20.00
2100   11     0.87    14.14
2100   12    21.21     8.50
