1850    1    47.12   -11.94
1850    2    58.36    -6.67
1850    3    73.02    -1.59
1850    4    55.85     5.14
1850    5    97.48    10.02
1850    6    67.69    13.64
1850    7    11.91    20.32
1850    8     6.64    19.43
1850    9    29.65    10.03
1850   10    64.37     2.58
1850   11    92.60    -3.32
1850   12    49.84    -4.06
1851    1    23.38   -12.06
1851    2   104.94    -9.45
1851    3    79.17    -3.09
1851    4    59.16     5.88
1851    5   139.86     7.36
1851    6    35.42    13.75
1851    7    22.32    20.18
1851    8     7.71    18.16
1851    9    14.71    13.86
1851   10    59.68     1.61
1851   11    35.76    -3.81
1851   12    90.45    -6.53
1852    1    73.20    -6.67
1852    2    95.15    -7.11
1852    3    89.28    -1.41
1852    4   158.79     5.83
1852    5    54.00     8.89
1852    6    69.53    13.65
1852    7    19.68    19.64
1852    8     1.03    15.13
1852    9    37.43     7.91
1852   10    55.75     1.99
1852   11    36.29    -3.77
1852   12    43.83    -7.16
1853    1    88.06    -6.26
1853    2    63.21    -6.90
1853    3    90.09     3.42
1853    4    71.22     8.22
1853    5    56.25     8.71
1853    6    66.72    15.23
1853    7     2.80    21.61
1853    8     2.93    20.03
1853    9     5.77    11.28
1853   10    79.60     4.03
1853   11    49.38    -2.07
1853   12    91.52    -6.60
1854    1    57.03    -9.89
1854    2    38.73    -8.10
1854    3    57.38     2.85
1854    4   193.56     6.39
1854    5   166.59     9.38
1854    6    94.68    13.62
1854    7    97.30    14.52
1854    8     3.41    16.48
1854    9    19.67    10.50
1854   10    89.56     2.38
1854   11    71.13    -2.32
1854   12    36.49    -6.82
1855    1    81.76    -4.77
1855    2    48.93    -8.41
1855    3    74.97     0.16
1855    4   132.04     1.81
1855    5   134.09     9.39
1855    6    63.15    14.99
1855    7   108.60    14.94
1855    8     8.55    17.00
1855    9    25.80    10.49
1855   10    34.81     2.86
1855   11    16.19    -4.21
1855   12    80.16    -7.10
1856    1    82.98   -10.20
1856    2    85.84    -5.75
1856    3    92.85    -0.61
1856    4    78.53     5.91
1856    5   137.25     9.13
1856    6    80.86    11.26
1856    7    14.98    19.05
1856    8     3.93    16.01
1856    9    25.62     9.97
1856   10    40.56     0.63
1856   11    26.57    -2.09
1856   12    42.96    -8.50
1857    1    36.08    -4.14
1857    2    89.21    -0.80
1857    3    87.62    -1.00
1857    4   141.15     6.16
1857    5   187.10     9.46
1857    6   154.39    12.71
1857    7    46.64    16.25
1857    8    10.54    18.23
1857    9    31.64    10.12
1857   10    37.80     0.99
1857   11    55.66    -4.11
1857   12   100.50    -5.48
1858    1    43.77   -10.84
1858    2    80.12    -6.36
1858    3   125.23    -6.30
1858    4    54.75     4.75
1858    5    79.05     9.53
1858    6    79.35    14.33
1858    7    15.05    17.58
1858    8    10.49    18.31
1858    9    40.04    11.33
1858   10   101.84     1.00
1858   11    33.39    -2.22
1858   12    45.91    -5.70
1859    1    63.91    -6.76
1859    2    67.91    -8.46
1859    3   102.68    -0.75
1859    4    88.20     4.94
1859    5   114.05     8.74
1859    6    43.49    14.02
1859    7    31.72    19.69
1859    8    11.90    17.82
1859    9    32.85     9.23
1859   10    40.52     0.51
1859   11    48.01    -3.64
1859   12    36.32    -3.13
1860    1   110.85    -5.65
1860    2   108.96    -7.10
1860    3    85.70    -2.53
1860    4   123.21     1.54
1860    5   105.08    10.68
1860    6    69.30    16.12
1860    7    28.50    18.09
1860    8    21.38    15.54
1860    9    18.28     8.99
1860   10    94.86     4.52
1860   11    26.81    -1.69
1860   12    67.60    -9.12
1861    1    84.63   -13.23
1861    2    77.31    -9.06
1861    3    98.89    -4.06
1861    4    85.06     4.57
1861    5   150.33     8.69
1861    6   111.03    13.39
1861    7    51.73    16.35
1861    8     4.08    18.18
1861    9    31.15     7.00
1861   10    18.70    -0.49
1861   11    50.75     0.48
1861   12    69.47    -6.19
1862    1    91.83    -7.73
1862    2    78.53    -6.69
1862    3   103.48    -1.10
1862    4   136.68     6.25
1862    5   102.44     9.28
1862    6    22.30    16.36
1862    7    14.88    21.13
1862    8     6.72    18.16
1862    9    42.10    13.37
1862   10    57.98     2.01
1862   11    30.72    -4.17
1862   12    59.65    -7.31
1863    1    52.73    -5.55
1863    2    85.22    -2.23
1863    3    48.73     0.57
1863    4   126.70     5.29
1863    5   173.31     9.20
1863    6   132.89    12.08
1863    7    48.77    17.12
1863    8     5.01    15.44
1863    9    11.22    11.68
1863   10    70.59     1.67
1863   11    68.41    -2.07
1863   12    56.35    -4.99
1864    1    62.64   -10.52
1864    2    86.20    -6.09
1864    3    62.18     3.82
1864    4    74.03     4.89
1864    5    91.61     9.38
1864    6    70.01    13.31
1864    7    22.73    18.70
1864    8    13.73    16.69
1864    9    12.56    10.08
1864   10    22.75     1.40
1864   11    96.08    -2.45
1864   12    75.02    -5.28
1865    1    42.14    -8.57
1865    2    72.95    -8.19
1865    3    64.36    -2.35
1865    4    65.88     6.22
1865    5   117.76     9.25
1865    6    25.70    13.46
1865    7    15.56    17.48
1865    8     4.80    16.74
1865    9     8.45     7.90
1865   10    62.07     2.21
1865   11    72.72    -5.28
1865   12    51.43    -3.95
1866    1    37.58    -9.69
1866    2    56.04    -7.99
1866    3    89.09    -0.54
1866    4    60.45     6.31
1866    5   109.47     9.66
1866    6    75.85    12.71
1866    7     4.39    19.00
1866    8     4.96    18.44
1866    9    30.99     9.45
1866   10    40.48     1.21
1866   11    60.41    -4.66
1866   12    30.26   -13.35
1867    1    46.35    -5.58
1867    2    97.78    -0.48
1867    3   174.62    -0.25
1867    4   124.16     3.28
1867    5   142.81     6.55
1867    6   128.04    12.60
1867    7     4.29    17.01
1867    8     7.56    16.52
1867    9    92.78     9.04
1867   10    68.13     2.24
1867   11     8.24    -5.05
1867   12   119.59    -2.50
1868    1   115.47    -6.47
1868    2    74.03   -12.06
1868    3    68.80     0.48
1868    4   129.92     4.30
1868    5   108.77     8.24
1868    6    62.22    14.35
1868    7    57.82    19.80
1868    8    15.48    19.14
1868    9     6.40    10.60
1868   10    38.63     2.97
1868   11    63.99    -0.73
1868   12    27.29    -4.64
1869    1   144.68    -6.53
1869    2    58.93    -7.07
1869    3    76.39     0.49
1869    4   121.73     5.48
1869    5   206.20     8.89
1869    6   116.08    12.83
1869    7    43.84    19.45
1869    8     8.76    15.27
1869    9    78.91     7.87
1869   10    66.71     2.51
1869   11    84.91    -1.96
1869   12    90.26    -5.35
1870    1   150.38    -7.62
1870    2    86.95    -7.36
1870    3   104.87    -3.06
1870    4   113.67     4.77
1870    5    92.89    10.14
1870    6    43.89    17.88
1870    7    25.08    19.03
1870    8     4.71    18.58
1870    9    15.79    11.38
1870   10    72.71     0.26
1870   11    54.53     0.06
1870   12    52.72    -8.21
1871    1    69.92    -8.99
1871    2   128.17    -8.48
1871    3   107.17    -1.96
1871    4   106.31     5.12
1871    5   133.31     8.04
1871    6    83.53    12.19
1871    7    37.03    17.88
1871    8    14.94    16.76
1871    9    19.02     9.53
1871   10    73.56     1.26
1871   11    26.54    -4.45
1871   12    82.81    -2.80
1872    1    92.16    -7.18
1872    2    71.88    -7.84
1872    3    58.59    -4.08
1872    4    51.39     5.60
1872    5    97.64     9.36
1872    6    75.93    14.12
1872    7     4.84    19.23
1872    8     2.23    15.96
1872    9    30.59    10.82
1872   10    38.66    -0.97
1872   11   121.80    -3.22
1872   12   141.08    -5.42
1873    1    71.32    -9.08
1873    2    61.54    -7.78
1873    3    95.20    -1.46
1873    4   150.45     6.87
1873    5    84.92     9.31
1873    6    27.71    14.54
1873    7    26.23    17.63
1873    8     6.38    18.19
1873    9    37.15     9.37
1873   10    54.40     0.46
1873   11   134.31     0.13
1873   12    61.51    -3.65
1874    1    86.06    -5.08
1874    2    71.87    -4.12
1874    3    82.15     1.19
1874    4    98.71     5.18
1874    5   124.63     8.51
1874    6    86.11    13.86
1874    7    10.28    17.38
1874    8    11.48    19.96
1874    9     9.72    11.88
1874   10    46.19     1.37
1874   11    39.19    -2.25
1874   12    97.01    -6.10
1875    1    50.09   -10.08
1875    2    83.41   -11.70
1875    3    99.02    -2.70
1875    4   202.72     5.90
1875    5   160.38     9.26
1875    6   111.26    14.27
1875    7    44.68    16.75
1875    8     2.25    19.61
1875    9    14.43     9.99
1875   10    27.65     1.61
1875   11    85.09     1.31
1875   12    77.04    -6.02
1876    1    40.74    -9.44
1876    2    75.76    -8.17
1876    3   112.31     0.70
1876    4   182.19     5.19
1876    5   168.26     9.11
1876    6   142.03    13.35
1876    7    82.17    15.01
1876    8    33.46    15.56
1876    9    56.94     7.72
1876   10    26.87    -0.88
1876   11    45.81    -2.66
1876   12    53.53    -3.17
1877    1   109.06    -7.09
1877    2   121.07    -7.51
1877    3    61.34    -0.20
1877    4    77.13     4.64
1877    5    77.96    10.00
1877    6    77.69    16.73
1877    7    42.63    20.36
1877    8     5.03    17.41
1877    9    32.26     6.79
1877   10    67.68     2.10
1877   11    70.28    -2.33
1877   12   114.43    -8.33
1878    1   171.09    -9.97
1878    2    83.21    -6.90
1878    3    87.20    -1.11
1878    4    52.30     7.19
1878    5    72.57    10.06
1878    6    31.95    14.75
1878    7    14.67    18.81
1878    8    13.19    15.40
1878    9     0.95     8.92
1878   10    90.99     1.96
1878   11    38.82    -4.23
1878   12   115.90    -5.79
1879    1    28.98    -5.20
1879    2    71.78    -3.66
1879    3    96.06     3.12
1879    4   103.45     3.23
1879    5   105.92     7.30
1879    6    41.26    15.39
1879    7    29.87    16.85
1879    8     7.72    13.55
1879    9    11.26     7.71
1879   10    58.50     1.26
1879   11    28.30    -3.94
1879   12    45.84    -8.25
1880    1    33.98   -10.49
1880    2    85.06    -7.88
1880    3   100.03    -0.60
1880    4    64.61     6.40
1880    5   105.32    10.64
1880    6    41.14    14.37
1880    7     9.45    19.83
1880    8    14.65    16.51
1880    9    31.52    10.14
1880   10    52.06     2.46
1880   11   131.71     0.02
1880   12    73.45    -7.67
1881    1   110.92    -8.67
1881    2    86.46    -8.73
1881    3   110.84    -6.12
1881    4   115.51     1.85
1881    5    29.45    11.68
1881    6    47.34    16.26
1881    7    64.62    18.16
1881    8     8.20    18.31
1881    9    54.67     8.16
1881   10    55.33    -0.04
1881   11    15.13    -3.67
1881   12    65.34    -7.17
1882    1   121.37    -9.92
1882    2    75.61    -9.76
1882    3   151.74    -4.73
1882    4   117.31     4.10
1882    5   143.88     8.15
1882    6    53.54    13.63
1882    7    20.40    19.40
1882    8     7.01    16.01
1882    9    11.83     7.09
1882   10    18.19    -0.26
1882   11    93.85    -4.92
1882   12    67.12   -12.76
1883    1    99.50    -7.13
1883    2    62.80    -6.76
1883    3    51.64    -1.44
1883    4    88.49     3.67
1883    5   114.12     8.54
1883    6    26.68    14.59
1883    7     2.65    18.93
1883    8     5.48    16.82
1883    9    11.89     8.98
1883   10    98.38     2.66
1883   11    38.98    -2.51
1883   12    84.81    -4.58
1884    1    20.68    -5.72
1884    2    61.77    -5.74
1884    3   152.71     1.85
1884    4   198.04     3.96
1884    5   110.86    10.12
1884    6    55.22    15.66
1884    7    14.96    22.01
1884    8    28.46    16.28
1884    9    12.31    10.64
1884   10    23.75     1.20
1884   11     7.31    -7.51
1884   12    55.32   -10.02
1885    1   153.92   -10.66
1885    2    42.45    -8.45
1885    3    88.87    -2.20
1885    4   157.39     4.63
1885    5   101.94     8.43
1885    6    35.13    13.54
1885    7    49.86    16.63
1885    8    12.68    15.50
1885    9     7.02     4.77
1885   10    10.75    -0.06
1885   11    57.96    -6.23
1885   12    86.30    -7.44
1886    1   100.34    -4.65
1886    2    61.07   -10.14
1886    3    99.45     0.34
1886    4   128.15     5.66
1886    5   151.47    10.38
1886    6    64.74    15.21
1886    7    18.86    16.72
1886    8    16.16    17.83
1886    9    19.83     8.67
1886   10    63.21     0.11
1886   11    86.65    -2.18
1886   12    68.71    -6.57
1887    1    93.12    -3.52
1887    2    86.69    -3.32
1887    3   121.07     1.81
1887    4   145.23     3.68
1887    5    70.93     9.45
1887    6    63.24    15.42
1887    7    14.24    19.54
1887    8    25.64    16.74
1887    9    36.40    10.19
1887   10    46.75     1.12
1887   11    37.72    -5.07
1887   12    64.66    -8.24
1888    1    80.56   -11.58
1888    2    70.28    -9.79
1888    3    91.53    -5.38
1888    4   155.78    -0.38
1888    5    82.23     9.30
1888    6   100.35    12.99
1888    7     4.02    18.85
1888    8    16.40    19.36
1888    9    17.16    10.96
1888   10    25.06     0.99
1888   11    58.23    -3.26
1888   12    96.52    -4.08
1889    1   109.91    -9.76
1889    2    78.52   -10.92
1889    3    94.24    -3.18
1889    4    64.30     5.36
1889    5   182.07     6.94
1889    6    20.34    15.32
1889    7    25.31    18.32
1889    8     4.43    15.67
1889    9    81.73     9.48
1889   10    39.47     1.99
1889   11    16.77    -4.47
1889   12    68.23    -6.36
1890    1    68.95    -6.90
1890    2    89.71   -11.71
1890    3    51.70    -0.97
1890    4    93.17     5.79
1890    5    76.96    10.46
1890    6    56.30    14.69
1890    7    23.71    21.36
1890    8    12.00    17.79
1890    9    20.75     8.62
1890   10   106.07     2.14
1890   11    32.67    -2.63
1890   12    31.53    -8.92
1891    1    56.95    -3.49
1891    2    93.81    -7.67
1891    3    90.18    -3.51
1891    4    78.84     5.98
1891    5   134.78    10.77
1891    6   119.58    13.15
1891    7    34.42    14.74
1891    8    20.77    15.52
1891    9    15.88    11.97
1891   10    55.62    -0.20
1891   11   105.78    -5.36
1891   12    85.40    -5.92
1892    1    90.37   -11.03
1892    2   105.92    -6.73
1892    3   111.01    -2.81
1892    4   146.49     2.30
1892    5   109.86     9.27
1892    6    28.61    12.80
1892    7    19.59    22.09
1892    8    49.50    11.44
1892    9     7.34    10.39
1892   10    47.99     1.15
1892   11    45.90    -4.09
1892   12    80.82    -7.11
1893    1    58.83    -7.95
1893    2    87.52    -5.20
1893    3   116.38    -3.04
1893    4   109.49     3.06
1893    5    43.13    10.35
1893    6    47.23    15.33
1893    7    10.55    19.22
1893    8    12.21    16.79
1893    9    40.59    10.31
1893   10    78.78     1.30
1893   11    87.37    -2.73
1893   12    71.93    -6.52
1894    1   155.08   -11.02
1894    2   126.23    -5.48
1894    3   133.48    -5.69
1894    4    73.30     0.52
1894    5   126.74     9.44
1894    6   149.13    12.01
1894    7     9.34    15.47
1894    8    25.41    15.01
1894    9    15.34     9.36
1894   10    68.88     0.08
1894   11    30.67    -1.59
1894   12    62.76    -8.91
1895    1    58.20    -7.01
1895    2    58.77    -3.24
1895    3   135.66    -0.46
1895    4    45.24     5.01
1895    5    80.52    10.52
1895    6    72.07    15.75
1895    7    12.16    19.92
1895    8     3.68    17.19
1895    9     8.43     9.66
1895   10    76.84     0.92
1895   11    20.10    -4.38
1895   12    97.78    -8.62
1896    1    56.10    -9.42
1896    2   125.24    -8.33
1896    3    74.76    -1.52
1896    4    81.08     5.03
1896    5   164.35     7.52
1896    6    99.32    11.07
1896    7    52.99    17.10
1896    8    14.49    16.17
1896    9    21.12     8.42
1896   10    18.15     2.33
1896   11    40.21    -3.09
1896   12    55.76    -7.64
1897    1   102.43    -8.52
1897    2    35.48    -6.65
1897    3   124.31     0.00
1897    4    87.90     5.27
1897    5    60.33     7.11
1897    6    34.34    17.57
1897    7    12.29    16.57
1897    8     4.05    17.14
1897    9     7.11    11.70
1897   10    59.82     3.30
1897   11   102.44    -3.46
1897   12    64.99    -6.66
1898    1   118.12    -4.33
1898    2    89.06    -7.32
1898    3    69.32   -11.13
1898    4    93.75     3.83
1898    5   289.90     7.73
1898    6    88.80    12.80
1898    7    17.14    20.38
1898    8    13.40    14.80
1898    9     5.65     8.89
1898   10    35.17     0.51
1898   11    35.44     0.70
1898   12   203.69    -4.85
1899    1    10.74   -13.24
1899    2    89.12    -4.99
1899    3    95.58    -1.03
1899    4   121.01     4.10
1899    5   110.88     9.82
1899    6   233.89    11.80
1899    7    59.48    14.79
1899    8    22.03    15.15
1899    9    32.79     8.51
1899   10   130.06     2.09
1899   11    59.74    -1.13
1899   12    73.53    -5.74
1900    1   117.66   -10.33
1900    2   118.15   -11.32
1900    3    63.78    -5.79
1900    4    60.02     5.15
1900    5   138.23     8.98
1900    6    81.06    13.92
1900    7    27.34    17.79
1900    8     5.57    20.27
1900    9     8.61    11.21
1900   10    39.30    -0.39
1900   11    48.91    -3.22
1900   12    56.85    -8.67
1901    1    67.04    -5.56
1901    2    50.33    -5.04
1901    3    91.76     0.98
1901    4   128.71     4.58
1901    5   116.43     9.64
1901    6    72.28    12.24
1901    7     7.75    19.92
1901    8    13.20    15.73
1901    9    31.57     9.57
1901   10    50.11     2.60
1901   11    41.96    -2.93
1901   12    24.44   -10.10
1902    1   140.02    -5.97
1902    2    30.84   -15.43
1902    3    55.86    -2.28
1902    4   117.00     6.12
1902    5   100.40     9.76
1902    6   117.92    13.97
1902    7    42.19    16.12
1902    8    15.03    18.25
1902    9     6.29     9.98
1902   10    57.06     1.58
1902   11    32.17    -2.26
1902   12    72.33    -5.75
1903    1    55.77    -3.74
1903    2    69.29    -2.22
1903    3   118.92    -0.82
1903    4   149.97     5.42
1903    5   180.10     8.96
1903    6    53.25    12.47
1903    7    24.78    17.26
1903    8    16.03    17.51
1903    9    26.03     7.24
1903   10    94.79     5.75
1903   11   114.87    -1.39
1903   12    90.64    -7.23
1904    1    71.15   -10.26
1904    2   104.43   -10.42
1904    3   126.24    -2.54
1904    4   136.54     3.38
1904    5   108.65     9.85
1904    6    27.19    15.60
1904    7     9.28    19.83
1904    8     5.10    16.81
1904    9    20.02    10.08
1904   10    24.52     2.67
1904   11    42.93    -1.74
1904   12    52.25    -5.97
1905    1    43.20    -7.07
1905    2    77.74    -2.89
1905    3    31.92     3.24
1905    4   121.02     3.71
1905    5   103.16     8.27
1905    6    28.90    14.06
1905    7     9.96    19.00
1905    8    10.54    16.03
1905    9    10.60    12.85
1905   10    71.00     2.36
1905   11    57.03    -2.16
1905   12    93.78    -8.97
1906    1   114.51    -6.74
1906    2    93.23    -6.28
1906    3    81.64    -2.59
1906    4   169.00     3.66
1906    5   166.89     7.31
1906    6    78.48    13.00
1906    7    35.37    18.65
1906    8    57.28    13.76
1906    9    15.15     6.04
1906   10    31.32     0.95
1906   11    32.80    -1.19
1906   12    99.86    -5.98
1907    1    34.37    -8.44
1907    2    49.52    -5.06
1907    3    96.34     1.74
1907    4   126.87     6.04
1907    5   136.41     7.79
1907    6    66.16    14.28
1907    7    60.48    16.02
1907    8    18.41    11.30
1907    9    28.75     9.22
1907   10    50.72     1.88
1907   11    48.54    -6.00
1907   12    53.44   -10.39
1908    1    44.90   -13.48
1908    2    67.37    -4.90
1908    3   118.08     0.87
1908    4    63.29     7.39
1908    5   113.28    11.44
1908    6    32.18    14.50
1908    7    21.97    20.85
1908    8     6.48    16.82
1908    9    13.00    10.24
1908   10    65.11     1.07
1908   11    59.12    -4.13
1908   12    44.19    -1.61
1909    1    81.07    -7.81
1909    2    31.75    -3.91
1909    3    72.50    -0.26
1909    4    79.94     6.06
1909    5    76.43     8.52
1909    6    54.88    13.44
1909    7    46.29    18.04
1909    8    36.63    14.47
1909    9    35.79     9.51
1909   10    80.31     1.51
1909   11    26.13    -3.40
1909   12    60.25    -4.09
1910    1   152.53    -9.34
1910    2    66.00    -7.26
1910    3    44.45    -3.49
1910    4   110.13     7.27
1910    5    76.89    10.05
1910    6    21.05    16.51
1910    7    23.24    18.55
1910    8    26.26    15.14
1910    9    59.49     9.27
1910   10    73.47     3.25
1910   11    84.90    -0.91
1910   12    50.20    -6.78
1911    1    61.43    -7.47
1911    2    81.64    -2.84
1911    3   103.42     1.18
1911    4    77.75     5.21
1911    5    80.34     8.68
1911    6    35.32    15.52
1911    7    23.71    20.57
1911    8    20.01    15.53
1911    9    49.49     9.06
1911   10    44.42     1.28
1911   11    72.26    -0.22
1911   12    75.58    -5.99
1912    1    94.09    -7.32
1912    2   107.72    -5.00
1912    3    51.72    -0.76
1912    4   114.86     4.23
1912    5    61.73    11.70
1912    6   161.84    13.04
1912    7    32.80    16.21
1912    8    22.65    16.03
1912    9    19.47    10.51
1912   10    47.33     1.26
1912   11    63.06    -2.09
1912   12    80.81    -5.43
1913    1   108.72    -9.65
1913    2    44.89    -4.20
1913    3   163.78    -1.63
1913    4    94.76     5.86
1913    5    82.46     7.16
1913    6    55.83    12.14
1913    7    43.23    15.28
1913    8    30.87    15.69
1913    9    24.10    11.65
1913   10    77.72     1.11
1913   11    64.89    -0.27
1913   12    94.40    -6.72
1914    1   126.21    -6.01
1914    2    39.14    -5.36
1914    3    56.85    -5.70
1914    4   103.53     5.13
1914    5   161.23     8.06
1914    6    87.89    13.18
1914    7    15.85    17.04
1914    8    16.17    18.21
1914    9    66.29     7.65
1914   10    63.78     1.10
1914   11    26.67    -2.49
1914   12   130.26    -8.63
1915    1    76.63    -7.69
1915    2    65.33    -8.73
1915    3   128.03    -5.21
1915    4    49.98     2.75
1915    5    74.54     9.30
1915    6    16.33    18.09
1915    7     7.94    18.95
1915    8    16.39    15.37
1915    9     7.07    10.69
1915   10    22.90    -0.35
1915   11    56.00    -6.55
1915   12    59.80    -9.11
1916    1    78.31    -8.54
1916    2    90.54    -6.90
1916    3   148.72    -0.38
1916    4   131.49     3.72
1916    5   101.28    11.31
1916    6    28.09    16.41
1916    7    54.70    16.41
1916    8    25.08    16.51
1916    9    16.68     9.36
1916   10    76.51     1.27
1916   11    49.08    -1.46
1916   12    61.24    -7.66
1917    1    56.44    -8.21
1917    2   113.49    -6.49
1917    3    96.05     1.12
1917    4    97.86     5.58
1917    5   161.64     9.09
1917    6    50.00    13.36
1917    7    17.84    17.87
1917    8    15.77    19.11
1917    9    20.60     9.81
1917   10    24.63     0.83
1917   11    28.40    -3.77
1917   12    48.40    -9.12
1918    1    83.25    -7.23
1918    2    31.31   -11.14
1918    3    72.94    -0.75
1918    4    58.58     6.64
1918    5    65.60     9.52
1918    6    40.10    17.34
1918    7    60.06    17.05
1918    8    18.12    15.95
1918    9    14.71    10.26
1918   10   114.72     3.41
1918   11    21.47    -4.60
1918   12    29.49   -14.02
1919    1    64.38   -10.81
1919    2    84.50    -9.70
1919    3    72.75    -6.91
1919    4    90.47     3.33
1919    5   158.10    10.33
1919    6    46.08    13.20
1919    7    12.88    19.94
1919    8     5.62    18.64
1919    9    16.20     9.28
1919   10    84.41     2.90
1919   11    31.85    -5.86
1919   12   108.52    -4.77
1920    1    65.14    -6.89
1920    2    72.66   -10.65
1920    3   104.03    -1.22
1920    4   124.86     5.53
1920    5    84.90     7.72
1920    6    41.27    15.28
1920    7    14.53    20.11
1920    8     5.76    15.36
1920    9    33.63     7.33
1920   10    43.86     3.80
1920   11    36.32    -5.25
1920   12    88.53    -7.73
1921    1    96.13   -11.37
1921    2    72.22   -10.22
1921    3    49.76    -3.58
1921    4   101.73     4.73
1921    5   113.90     9.70
1921    6    33.64    15.65
1921    7     2.24    20.77
1921    8    17.14    14.49
1921    9    37.63     7.18
1921   10    27.61    -0.85
1921   11    61.53    -0.50
1921   12    58.70    -4.00
1922    1    28.53    -8.91
1922    2    94.10    -2.29
1922    3    58.34    -1.56
1922    4   147.10     2.98
1922    5   116.55     8.49
1922    6    87.76    13.36
1922    7    50.18    18.79
1922    8    32.49    17.26
1922    9     9.00    10.29
1922   10    63.34     3.25
1922   11    39.78    -8.59
1922   12    58.74    -7.06
1923    1   117.35    -8.22
1923    2    67.20    -7.83
1923    3    55.07    -8.59
1923    4   116.25     5.03
1923    5   185.92     5.99
1923    6    98.08    14.21
1923    7    45.73    15.98
1923    8    13.98    15.79
1923    9    60.83     9.52
1923   10    67.23     1.70
1923   11    39.55    -3.17
1923   12    77.68    -7.60
1924    1    69.14    -9.02
1924    2    28.91    -3.31
1924    3   174.03     1.12
1924    4   117.64     5.07
1924    5   145.40     7.63
1924    6    45.73    13.84
1924    7     8.13    21.76
1924    8     7.50    13.67
1924    9    10.22    10.09
1924   10    57.58     1.73
1924   11    54.24    -3.94
1924   12    89.16    -6.53
1925    1    59.38    -6.83
1925    2   101.14    -8.03
1925    3    76.01     2.45
1925    4   106.66     3.99
1925    5   110.34     8.58
1925    6   144.85    13.69
1925    7    21.79    18.50
1925    8    23.67    16.73
1925    9    48.39     9.05
1925   10    38.75     1.26
1925   11    87.67    -3.17
1925   12   103.32    -6.74
1926    1    89.80    -7.99
1926    2    96.45   -13.35
1926    3    90.56    -2.79
1926    4    71.23     2.53
1926    5    44.15     9.75
1926    6    71.14    16.91
1926    7    28.99    18.89
1926    8    17.59    17.26
1926    9    29.48     9.86
1926   10    57.00     2.51
1926   11    41.38    -3.27
1926   12    48.19    -7.89
1927    1   113.52    -6.77
1927    2    73.15    -5.17
1927    3   146.67    -0.15
1927    4   109.50     4.00
1927    5    95.19    10.05
1927    6    47.85    16.17
1927    7    32.04    18.07
1927    8    13.23    16.15
1927    9     5.11     8.71
1927   10    58.06     2.47
1927   11    14.62    -5.91
1927   12    83.15    -1.72
1928    1   120.80    -5.37
1928    2    72.19    -4.88
1928    3    94.12     1.13
1928    4    58.05     3.03
1928    5    88.39     9.07
1928    6    56.31    16.11
1928    7    28.22    19.14
1928    8     6.17    16.38
1928    9    10.80     9.26
1928   10    25.67     0.78
1928   11    74.95    -2.62
1928   12    39.35    -2.55
1929    1   115.49    -5.59
1929    2    80.44    -4.28
1929    3   106.89    -0.82
1929    4    92.58     6.76
1929    5   210.49     8.48
1929    6    77.47    13.48
1929    7    21.11    18.76
1929    8     4.31    18.99
1929    9    17.86     8.95
1929   10    23.04     2.36
1929   11    24.69    -7.67
1929   12   104.69    -6.90
1930    1   110.44    -6.75
1930    2   113.13    -5.40
1930    3   111.69    -1.68
1930    4   101.90     5.56
1930    5    60.68     9.42
1930    6    39.28    17.25
1930    7     9.89    18.30
1930    8    20.03    16.45
1930    9    18.66     9.65
1930   10    56.16     0.19
1930   11    56.13    -3.26
1930   12    43.98    -6.65
1931    1   101.71    -9.57
1931    2   109.31    -7.74
1931    3   126.30    -0.75
1931    4    53.33     4.46
1931    5    82.13    10.38
1931    6    73.37    14.31
1931    7    38.32    17.04
1931    8    12.48    15.28
1931    9    18.22     9.43
1931   10    40.14     2.33
1931   11    89.54    -0.20
1931   12   116.80    -8.20
1932    1    59.46    -8.65
1932    2    92.07    -9.91
1932    3    66.16    -6.17
1932    4    53.43     5.83
1932    5   211.79     7.16
1932    6    65.47    15.17
1932    7    49.51    16.02
1932    8    12.90    15.91
1932    9    15.77    10.41
1932   10    51.51     1.46
1932   11    55.87    -1.90
1932   12   134.23    -4.27
1933    1    65.81    -9.04
1933    2   124.49    -6.59
1933    3    41.23    -7.49
1933    4    85.18     2.78
1933    5   160.32     9.44
1933    6    43.87    14.50
1933    7    14.05    19.33
1933    8    18.44    17.84
1933    9    12.00    11.32
1933   10    58.71     1.23
1933   11    56.38    -2.23
1933   12    37.66    -2.26
1934    1    37.71    -4.95
1934    2    65.82    -5.86
1934    3    88.29    -2.31
1934    4   106.93     6.51
1934    5   127.32    10.91
1934    6    49.32    13.21
1934    7    49.41    15.62
1934    8    35.01    16.46
1934    9    23.00    11.13
1934   10   111.94     2.53
1934   11    34.77    -2.90
1934   12    23.85    -7.85
1935    1    31.41    -4.04
1935    2    71.37   -10.50
1935    3    64.75    -1.23
1935    4    93.06     6.96
1935    5    95.92     9.50
1935    6    85.77    16.04
1935    7    10.33    21.39
1935    8     7.32    17.25
1935    9    30.67    11.64
1935   10    28.52     1.47
1935   11    38.00    -1.09
1935   12   118.38    -7.35
1936    1   106.23    -8.18
1936    2    94.28   -10.22
1936    3   124.59    -4.88
1936    4    65.27     6.05
1936    5   121.84     7.74
1936    6    25.20    16.13
1936    7     5.31    19.85
1936    8    14.57    16.39
1936    9    40.43     7.47
1936   10    33.36     1.30
1936   11    61.59    -3.04
1936   12    41.70    -4.55
1937    1    73.72    -5.78
1937    2    53.78    -6.85
1937    3    81.24    -0.33
1937    4   128.17     6.59
1937    5   109.56     8.05
1937    6    26.61    16.57
1937    7    72.69    15.16
1937    8    40.21    15.23
1937    9    23.97    12.61
1937   10    80.84    -0.51
1937   11    54.08    -6.64
1937   12    14.38    -5.41
1938    1    37.11    -9.41
1938    2    95.66    -2.90
1938    3    76.68    -0.86
1938    4   101.54     4.08
1938    5    66.50    10.62
1938    6    58.74    14.25
1938    7    24.71    17.92
1938    8    13.71    13.60
1938    9    10.36    10.50
1938   10    51.15     4.92
1938   11    20.02    -2.91
1938   12    77.38    -5.54
1939    1    51.83   -12.36
1939    2    41.08    -6.96
1939    3    69.03     3.63
1939    4    87.29     6.99
1939    5   127.78     9.04
1939    6    66.88    14.73
1939    7    21.13    19.77
1939    8     9.02    17.82
1939    9     7.19    10.67
1939   10    24.08     0.97
1939   11    31.06    -1.73
1939   12    23.56    -8.32
1940    1    71.52    -7.89
1940    2    63.48   -13.12
1940    3   124.28     1.16
1940    4    86.82     2.21
1940    5    31.39     9.68
1940    6    34.30    16.22
1940    7     7.72    19.94
1940    8     6.16    20.13
1940    9    37.48    12.76
1940   10    94.94     3.13
1940   11    64.21    -2.24
1940   12    30.82    -4.43
1941    1    81.21    -6.90
1941    2    59.99    -4.85
1941    3    91.93     1.18
1941    4    78.94     6.35
1941    5   113.55    10.07
1941    6    40.51    15.73
1941    7    26.83    18.67
1941    8    26.61    18.13
1941    9    35.97     9.06
1941   10    96.26     2.57
1941   11    25.04     0.10
1941   12    92.55    -3.15
1942    1    76.33    -9.19
1942    2    67.66    -7.08
1942    3   104.75    -1.36
1942    4   128.36     4.62
1942    5   148.78     8.40
1942    6   125.82    14.21
1942    7    26.98    18.27
1942    8    11.90    15.41
1942    9    10.43    10.42
1942   10    48.98     1.85
1942   11    27.44    -2.04
1942   12    34.76    -6.75
1943    1    91.07    -7.32
1943    2    63.00    -7.14
1943    3   125.07    -1.62
1943    4   105.81     5.13
1943    5   137.70    10.75
1943    6    69.16    14.46
1943    7     4.11    22.23
1943    8     4.08    20.24
1943    9    29.68     8.25
1943   10    81.40     3.60
1943   11    74.47    -3.42
1943   12    47.86   -12.14
1944    1    49.19   -10.68
1944    2   111.51    -3.11
1944    3   160.96    -2.02
1944    4   179.46     4.50
1944    5   110.63     8.81
1944    6    90.71    13.11
1944    7    11.18    21.11
1944    8    10.50    18.78
1944    9     4.77     8.20
1944   10    37.50     0.11
1944   11    24.78    -2.84
1944   12    31.70    -3.24
1945    1    94.06    -4.18
1945    2    84.64    -0.51
1945    3   112.70    -1.71
1945    4   157.90     5.38
1945    5   137.02     8.03
1945    6   113.10    14.00
1945    7    35.34    15.45
1945    8     8.24    16.56
1945    9     2.83     8.51
1945   10    76.20     3.81
1945   11    90.48    -0.15
1945   12    68.01    -5.60
1946    1   128.31    -6.27
1946    2    90.59    -6.00
1946    3   104.34     0.59
1946    4   103.85     3.34
1946    5   141.46    10.13
1946    6    78.13    13.02
1946    7    19.62    16.51
1946    8    10.67    17.46
1946    9    17.84    10.59
1946   10    98.51     3.91
1946   11    31.93    -6.04
1946   12    18.17    -3.65
1947    1    56.07   -13.31
1947    2    62.87    -5.72
1947    3    16.44    -1.37
1947    4   134.78     6.25
1947    5   190.64     6.48
1947    6    82.18    13.90
1947    7    24.13    20.55
1947    8    19.49    15.56
1947    9     9.58    10.85
1947   10    45.11     0.49
1947   11    41.11    -2.16
1947   12   106.41    -6.22
1948    1    27.83   -10.94
1948    2   137.67    -7.02
1948    3   120.00    -1.88
1948    4    95.81     7.22
1948    5   127.94     8.76
1948    6    49.42    15.26
1948    7    39.61    19.49
1948    8     7.79    17.19
1948    9    16.15    10.23
1948   10    78.42     1.28
1948   11   108.62    -4.18
1948   12    46.70    -5.44
1949    1    83.13    -5.60
1949    2    71.02    -4.39
1949    3   149.42    -4.31
1949    4   121.16     2.37
1949    5    99.14     8.63
1949    6    97.16    13.94
1949    7    45.82    18.45
1949    8    41.58    15.34
1949    9     7.51    12.80
1949   10    52.84     1.49
1949   11    36.60    -2.98
1949   12    60.68   -10.17
1950    1    81.44    -9.05
1950    2    54.13    -6.66
1950    3    66.17    -0.30
1950    4   163.94     5.49
1950    5   135.71     8.26
1950    6    33.43    12.17
1950    7     8.18    20.16
1950    8    12.20    16.77
1950    9    11.06     9.35
1950   10    58.61     1.73
1950   11    53.09     0.38
1950   12    44.71    -4.64
1951    1    64.76   -15.01
1951    2    54.36    -5.46
1951    3   108.99     1.53
1951    4    90.26     4.27
1951    5   122.67     7.56
1951    6    52.89    13.79
1951    7    17.21    19.63
1951    8     4.62    18.83
1951    9    12.19     9.64
1951   10    32.96     3.68
1951   11    25.06    -2.96
1951   12    49.32    -6.65
1952    1   107.50    -7.02
1952    2    84.52    -8.06
1952    3    79.76    -2.48
1952    4    92.16     7.36
1952    5    69.33     9.39
1952    6    48.02    14.73
1952    7    18.15    20.54
1952    8    12.11    17.62
1952    9    43.80    11.47
1952   10    41.21     1.72
1952   11    41.50    -4.18
1952   12    55.93    -4.96
1953    1    82.45    -5.68
1953    2    71.93   -10.11
1953    3    76.85    -5.76
1953    4    59.98     6.63
1953    5   129.70    10.79
1953    6    49.78    13.30
1953    7    25.89    18.82
1953    8    19.09    15.93
1953    9    10.78    11.05
1953   10    27.13     2.93
1953   11    47.58    -5.40
1953   12   140.42    -6.92
1954    1    58.32   -14.80
1954    2    80.05    -7.45
1954    3    74.41    -2.15
1954    4   195.94     4.66
1954    5   160.27     9.00
1954    6    65.07    12.57
1954    7    21.39    18.97
1954    8    15.09    15.24
1954    9    82.41     8.57
1954   10    60.63     2.84
1954   11    90.90    -2.35
1954   12    50.29    -8.31
1955    1    29.19   -11.96
1955    2    46.10    -4.04
1955    3   100.42    -0.19
1955    4    73.56     4.30
1955    5    77.97    10.66
1955    6    88.95    14.06
1955    7    38.46    16.21
1955    8    23.69    17.99
1955    9    19.31     9.48
1955   10    72.98     3.03
1955   11    17.77    -2.34
1955   12    88.77    -3.53
1956    1    46.51   -10.07
1956    2    75.79    -9.31
1956    3    85.24     0.11
1956    4   105.91     5.51
1956    5   105.82     9.15
1956    6    90.10    13.71
1956    7    47.39    17.25
1956    8    17.37    16.71
1956    9     8.77     9.59
1956   10    63.23     0.35
1956   11    53.17    -4.30
1956   12    59.59    -7.72
1957    1    28.36   -11.85
1957    2    59.22    -7.34
1957    3    99.64    -1.27
1957    4   112.90     7.31
1957    5   102.84     9.88
1957    6    32.59    14.55
1957    7     2.02    17.59
1957    8     3.51    17.31
1957    9    19.92    11.30
1957   10    58.22     1.34
1957   11    88.48    -4.94
1957   12    31.29    -5.05
1958    1    67.46    -6.06
1958    2   117.33    -6.64
1958    3    79.65    -1.76
1958    4    41.72     8.05
1958    5   119.09    11.52
1958    6    28.23    15.87
1958    7    31.32    19.28
1958    8    11.26    16.36
1958    9     6.61    13.37
1958   10    68.17     1.94
1958   11    66.98    -0.69
1958   12    80.34   -10.22
1959    1    75.23   -13.55
1959    2    66.57    -7.93
1959    3    59.47    -1.88
1959    4    52.95     7.31
1959    5   145.95     9.74
1959    6    21.33    15.34
1959    7    23.90    19.45
1959    8     8.11    18.47
1959    9    20.02    12.79
1959   10    88.38     1.41
1959   11    61.47    -3.89
1959   12    62.51    -6.02
1960    1    81.67    -7.40
1960    2   101.10    -2.93
1960    3    93.85    -0.28
1960    4   157.64     4.51
1960    5    98.06     9.78
1960    6    96.23    12.36
1960    7    42.49    18.93
1960    8     5.01    17.91
1960    9    45.49     8.80
1960   10    11.82    -0.81
1960   11    36.42    -1.74
1960   12    96.20    -4.86
1961    1    41.08   -11.06
1961    2    67.23    -9.41
1961    3    58.61    -2.82
1961    4   139.12     4.20
1961    5   179.14     6.74
1961    6   130.74    10.84
1961    7   101.52    14.43
1961    8     3.43    15.35
1961    9    66.34    10.64
1961   10    41.70     0.44
1961   11   108.93    -2.69
1961   12    68.21    -5.47
1962    1    87.53   -11.84
1962    2   148.48    -6.04
1962    3    79.04    -0.66
1962    4   155.69     6.15
1962    5    96.66    10.50
1962    6    75.84    12.96
1962    7    34.71    18.36
1962    8    19.15    17.61
1962    9    29.39     8.10
1962   10    68.57     1.48
1962   11   111.11    -3.54
1962   12    56.34   -12.74
1963    1    60.62    -4.87
1963    2   106.97    -6.64
1963    3    78.36    -1.45
1963    4    53.23     5.23
1963    5   160.66     7.86
1963    6    86.20    12.46
1963    7    21.52    16.46
1963    8     3.42    17.31
1963    9    29.17     9.31
1963   10    96.51     2.17
1963   11    36.14    -0.73
1963   12    44.99    -5.76
1964    1    56.32    -7.86
1964    2    98.69    -4.29
1964    3   130.29    -1.46
1964    4   149.25     3.80
1964    5    85.12     9.99
1964    6    16.19    17.59
1964    7    24.31    19.02
1964    8    10.39    16.93
1964    9     6.28     9.26
1964   10    21.43     1.54
1964   11    35.76    -1.50
1964   12    42.72    -5.07
1965    1    49.45    -8.94
1965    2    35.19    -6.12
1965    3    95.89    -0.02
1965    4   167.27     5.31
1965    5   158.87     9.42
1965    6    64.28    14.20
1965    7     9.20    20.53
1965    8    19.08    17.08
1965    9    62.62    12.84
1965   10   104.27     2.07
1965   11    65.62    -6.19
1965   12    96.07    -6.64
1966    1    88.62    -8.06
1966    2    71.29    -3.94
1966    3   108.10    -1.97
1966    4    97.58     2.34
1966    5    69.73     8.81
1966    6    57.24    15.51
1966    7    40.46    17.41
1966    8    10.11    13.29
1966    9    24.40     7.23
1966   10   112.75     1.88
1966   11    31.56    -1.73
1966   12    62.15   -12.55
1967    1    72.46    -7.84
1967    2    61.10    -8.32
1967    3    58.54     2.34
1967    4    88.63     5.71
1967    5    62.48     9.45
1967    6    36.24    16.87
1967    7    22.50    19.32
1967    8    11.01    17.01
1967    9    23.89    10.52
1967   10    69.22     2.69
1967   11    43.34    -2.26
1967   12    52.43   -10.12
1968    1    44.88    -8.82
1968    2    88.10    -1.78
1968    3    86.32     0.92
1968    4   137.82     2.62
1968    5    60.64     9.07
1968    6    69.53    15.73
1968    7    11.29    22.39
1968    8    13.72    17.47
1968    9    15.87    10.00
1968   10    26.07     2.34
1968   11    63.04    -0.98
1968   12   106.58    -7.01
1969    1    21.89   -15.78
1969    2    56.35    -7.64
1969    3   103.10    -0.90
1969    4    72.63     7.00
1969    5   151.59     8.58
1969    6    85.85    12.34
1969    7    15.97    19.30
1969    8    19.77    15.00
1969    9    17.43    11.18
1969   10    53.90     0.98
1969   11    79.35    -1.75
1969   12   159.68    -7.27
1970    1    56.18   -11.21
1970    2    30.73    -7.60
1970    3    85.38     0.08
1970    4    72.47     6.14
1970    5   127.32     9.67
1970    6    39.47    14.92
1970    7     5.96    22.06
1970    8    13.77    18.31
1970    9     8.90    11.95
1970   10    18.99     0.99
1970   11    62.76    -4.59
1970   12    37.68    -9.73
1971    1    59.20   -13.89
1971    2    96.00    -9.11
1971    3    51.06    -0.40
1971    4    97.64     3.58
1971    5    76.38     8.45
1971    6    18.47    15.19
1971    7    14.00    17.57
1971    8     5.18    15.92
1971    9    11.02    11.12
1971   10    16.52     1.70
1971   11    16.88    -2.52
1971   12    70.77    -0.94
1972    1    47.26    -8.82
1972    2    66.53    -2.92
1972    3   105.02    -0.30
1972    4   152.83     6.92
1972    5   176.10    11.54
1972    6   133.38    13.94
1972    7     7.47    18.38
1972    8    13.25    18.52
1972    9    41.35     8.64
1972   10    15.13     2.26
1972   11   109.46    -2.29
1972   12   113.26    -8.61
1973    1    57.63    -8.23
1973    2    66.58    -6.22
1973    3   112.85    -1.99
1973    4   181.06     5.70
1973    5    81.27     9.04
1973    6   106.44    13.65
1973    7    25.85    21.16
1973    8    12.67    18.95
1973    9    31.44    10.76
1973   10    41.10     0.57
1973   11    33.36    -3.32
1973   12    49.80    -9.50
1974    1    43.66    -9.27
1974    2    90.71    -7.11
1974    3    50.27     0.94
1974    4    24.41     5.85
1974    5    86.83    10.46
1974    6    74.86    15.89
1974    7    11.57    19.46
1974    8     5.34    17.84
1974    9    13.34    12.63
1974   10    58.88     1.83
1974   11    30.58    -3.90
1974   12    62.84    -7.21
1975    1    65.95    -9.77
1975    2    29.62    -6.34
1975    3   130.20    -0.80
1975    4    92.05     5.64
1975    5    95.69     9.88
1975    6    49.66    16.14
1975    7     2.09    21.62
1975    8     3.21    20.14
1975    9     6.08     9.47
1975   10    38.25     1.97
1975   11    50.41    -3.84
1975   12   148.92    -8.32
1976    1    67.77    -7.94
1976    2    96.43    -5.91
1976    3    84.75    -4.76
1976    4    67.58     3.87
1976    5   155.02     9.57
1976    6   139.75    11.71
1976    7    10.70    16.43
1976    8     9.71    17.66
1976    9    61.31     9.52
1976   10    74.24     3.65
1976   11    86.57     0.09
1976   12    50.45    -6.20
1977    1    57.60    -5.79
1977    2   105.14    -6.96
1977    3   103.92    -1.19
1977    4   120.39     5.59
1977    5   130.65     9.87
1977    6    31.68    15.55
1977    7     7.69    17.84
1977    8     7.26    16.68
1977    9    37.53     9.15
1977   10    82.75     0.77
1977   11     9.63    -6.13
1977   12    48.99   -11.15
1978    1    66.25   -10.46
1978    2    63.39    -7.75
1978    3    86.33     0.26
1978    4   153.88     4.46
1978    5    65.16    10.18
1978    6    54.22    14.85
1978    7     9.59    21.22
1978    8    30.22    15.92
1978    9    37.99    13.32
1978   10    46.47     3.04
1978   11   125.39    -1.21
1978   12    19.34    -3.67
1979    1    48.42    -2.57
1979    2   108.14    -3.71
1979    3    91.14    -1.76
1979    4   127.08     3.93
1979    5    55.51    11.84
1979    6    65.81    16.14
1979    7    13.39    21.88
1979    8     7.06    19.31
1979    9    27.86    11.26
1979   10    42.54     0.25
1979   11    24.97    -8.25
1979   12    45.54    -7.19
1980    1    91.84    -2.52
1980    2    49.03    -2.86
1980    3    52.55    -0.09
1980    4   109.16     8.52
1980    5    86.85     8.43
1980    6    64.96    14.62
1980    7    42.99    18.08
1980    8     4.79    17.78
1980    9    55.38    10.46
1980   10   157.05     4.61
1980   11    27.58    -2.00
1980   12    53.85    -9.45
1981    1    48.95   -11.83
1981    2    55.39    -2.66
1981    3    65.59    -0.09
1981    4   120.68     5.73
1981    5    97.52     9.92
1981    6    49.65    14.99
1981    7    52.47    17.58
1981    8    22.78    17.29
1981    9    17.27    11.92
1981   10    27.99     1.90
1981   11    35.43    -2.93
1981   12    53.33    -6.21
1982    1    97.41    -9.18
1982    2    44.67    -6.54
1982    3   165.12    -1.34
1982    4   140.08     4.21
1982    5   101.84     8.44
1982    6    63.73    14.22
1982    7    13.79    17.81
1982    8     0.10    17.08
1982    9     6.96    10.54
1982   10    10.65    -2.38
1982   11    85.19    -2.38
1982   12    79.73    -6.29
1983    1    78.00    -5.72
1983    2   105.31    -4.56
1983    3    35.69    -0.62
1983    4    96.65     5.65
1983    5   127.83     9.69
1983    6    96.18    13.37
1983    7    23.17    18.69
1983    8    10.97    17.07
1983    9    29.25    10.64
1983   10    38.50     0.41
1983   11    97.15    -2.03
1983   12    94.47    -3.71
1984    1   129.52    -7.50
1984    2    82.53    -6.35
1984    3    78.77     4.49
1984    4   145.57     5.53
1984    5   224.33     8.36
1984    6   125.43    14.17
1984    7    14.65    18.22
1984    8    15.63    18.04
1984    9     3.41    11.97
1984   10    84.36     2.46
1984   11    38.16    -1.26
1984   12   127.01    -5.79
1985    1   102.98   -10.15
1985    2    82.13   -10.84
1985    3    87.89    -5.12
1985    4   157.11     7.37
1985    5   157.71     8.87
1985    6    73.02    13.68
1985    7    13.09    18.21
1985    8     8.94    17.00
1985    9    19.61    11.48
1985   10    46.21     2.68
1985   11    96.37    -0.24
1985   12    98.53    -4.62
1986    1    64.96    -9.33
1986    2    70.27    -1.09
1986    3    85.24     2.44
1986    4    75.91     7.11
1986    5    91.51    11.30
1986    6    67.21    15.29
1986    7    54.74    18.12
1986    8    13.25    15.74
1986    9    17.74    11.86
1986   10    23.58     1.77
1986   11    52.59    -5.13
1986   12    59.34    -8.15
1987    1    86.06    -4.66
1987    2   102.06    -5.54
1987    3    96.56    -3.04
1987    4    22.13     9.18
1987    5    59.05     7.91
1987    6    59.02    15.02
1987    7    32.01    20.80
1987    8     6.14    17.45
1987    9    43.20     7.98
1987   10    60.34     2.73
1987   11    13.95    -4.18
1987   12    50.32    -4.13
1988    1    37.60   -10.33
1988    2   159.22    -7.19
1988    3    85.22    -0.85
1988    4   143.59     6.05
1988    5    95.15     8.98
1988    6    31.32    16.30
1988    7    16.50    20.26
1988    8    19.93    16.48
1988    9    10.49     7.83
1988   10    55.75     3.88
1988   11    57.47    -3.57
1988   12    87.89   -12.56
1989    1    64.27    -7.40
1989    2    65.93    -7.46
1989    3   105.20     4.22
1989    4    48.80     4.92
1989    5   145.68     8.96
1989    6    47.91    15.36
1989    7    10.03    20.51
1989    8    10.55    17.94
1989    9    28.80    10.30
1989   10    69.99     0.60
1989   11    92.48    -0.59
1989   12    52.57    -4.80
1990    1    89.14    -5.98
1990    2   122.79    -6.34
1990    3    64.29    -0.35
1990    4    98.81     5.79
1990    5    80.52     8.93
1990    6   157.79    14.08
1990    7    27.48    19.57
1990    8     8.98    18.01
1990    9    35.13     9.81
1990   10    30.80     2.62
1990   11    12.42    -5.98
1990   12    25.90    -5.88
1991    1   125.05    -6.75
1991    2   117.51    -4.74
1991    3   109.71    -0.63
1991    4   122.56     7.14
1991    5   131.36     8.42
1991    6   118.28    13.57
1991    7    18.51    20.80
1991    8     5.61    16.84
1991    9    18.57     8.03
1991   10    70.51     1.39
1991   11    62.12    -2.73
1991   12    38.40    -5.26
1992    1   120.81    -6.40
1992    2    65.76    -6.97
1992    3    80.78     0.65
1992    4    72.46     6.78
1992    5    67.75    10.68
1992    6    83.12    15.64
1992    7    36.17    18.07
1992    8    14.34    15.22
1992    9    27.43     7.40
1992   10    34.24     1.93
1992   11   102.56    -5.18
1992   12    40.05    -3.63
1993    1   115.62    -6.20
1993    2    45.14   -10.91
1993    3    71.56     2.22
1993    4   102.04     5.02
1993    5   124.91    11.13
1993    6    43.48    18.14
1993    7    57.15    19.33
1993    8    21.49    17.05
1993    9    26.60    10.80
1993   10    61.10     2.06
1993   11    42.72    -1.28
1993   12    98.01    -9.09
1994    1    72.10    -8.13
1994    2    48.88    -8.79
1994    3   108.85    -2.42
1994    4   146.34     4.49
1994    5   150.70     7.54
1994    6    77.93    15.00
1994    7    19.66    19.74
1994    8     6.58    18.59
1994    9    22.97     9.40
1994   10    29.27     3.20
1994   11   160.89     0.05
1994   12   118.20    -5.36
1995    1    76.89    -4.12
1995    2    87.96    -4.45
1995    3    74.95    -2.15
1995    4    78.53     1.43
1995    5   109.53     9.09
1995    6    51.32    16.71
1995    7    59.35    20.45
1995    8    26.25    18.76
1995    9    22.44     9.47
1995   10    73.64     3.59
1995   11    38.91    -2.45
1995   12    89.14    -1.87
1996    1    60.05    -3.14
1996    2   126.52    -9.05
1996    3    92.97    -5.06
1996    4   140.09     6.80
1996    5    62.30    11.21
1996    6    44.57    14.92
1996    7     8.59    21.57
1996    8     8.56    19.89
1996    9    28.19    11.23
1996   10    59.99     1.25
1996   11    80.86    -4.36
1996   12   110.92    -8.25
1997    1    76.63    -5.73
1997    2    73.57    -4.13
1997    3   124.79    -2.37
1997    4    95.66     6.44
1997    5    80.19     9.98
1997    6    40.41    17.45
1997    7    18.61    21.60
1997    8     1.29    16.84
1997    9    27.21    11.07
1997   10    15.43    -0.29
1997   11   101.67    -0.19
1997   12    63.28    -4.50
1998    1    86.39    -6.51
1998    2    39.74    -4.26
1998    3    97.04     0.64
1998    4   142.84     3.98
1998    5   162.98     8.44
1998    6    29.66    15.55
1998    7    24.01    19.79
1998    8    16.45    19.12
1998    9    15.74     8.59
1998   10    43.10     1.32
1998   11     7.69    -6.19
1998   12    44.91   -10.91
1999    1    75.40    -4.55
1999    2    64.65    -4.32
1999    3   112.61     0.53
1999    4   117.36     3.45
1999    5   132.45    10.24
1999    6    47.13    14.63
1999    7    32.89    19.97
1999    8     7.71    18.34
1999    9    33.37     9.05
1999   10    65.96     1.01
1999   11    42.95    -6.73
1999   12    41.28    -4.77
2000    1    56.22    -8.53
2000    2    71.68    -6.24
2000    3    45.58     1.35
2000    4    48.17     7.35
2000    5    68.20     9.57
2000    6    52.71    15.90
2000    7    20.87    20.05
2000    8     8.62    19.49
2000    9    47.08    11.08
2000   10    32.14     1.09
2000   11    74.30    -3.97
2000   12    66.17    -7.13
2001    1   168.60    -4.78
2001    2    82.23    -4.04
2001    3    61.04    -4.50
2001    4    62.18     5.55
2001    5    66.26     9.00
2001    6    37.52    15.82
2001    7     6.98    21.17
2001    8    22.14    17.29
2001    9    39.78     7.35
2001   10    43.23     0.88
2001   11    15.31    -5.35
2001   12    83.90    -4.50
2002    1    47.93    -7.65
2002    2    57.20    -5.83
2002    3    65.47     2.32
2002    4   106.15     4.59
2002    5   155.30     9.59
2002    6    65.17    15.23
2002    7    24.91    19.51
2002    8     4.08    19.35
2002    9    26.31    10.79
2002   10   121.83     1.66
2002   11   115.86    -2.36
2002   12    11.46    -5.00
2003    1    62.32    -4.48
2003    2    90.54    -3.61
2003    3   102.50     0.08
2003    4   105.42     7.09
2003    5   138.96     7.77
2003    6    38.30    15.92
2003    7    14.43    20.92
2003    8     0.57    18.75
2003    9    22.06     9.60
2003   10    76.41     1.80
2003   11    50.00    -1.56
2003   12    32.98    -3.58
2004    1    53.59    -5.34
2004    2    77.51    -3.20
2004    3   109.59    -2.91
2004    4    79.70     6.88
2004    5    73.03     8.06
2004    6    47.67    16.44
2004    7    21.04    21.22
2004    8     9.14    19.79
2004    9     8.20    10.46
2004   10    54.32     4.33
2004   11    37.35    -6.09
2004   12    82.28    -6.87
2005    1   111.29    -4.58
2005    2    82.19    -2.16
2005    3    69.30    -1.63
2005    4    86.80     6.00
2005    5    71.55    10.39
2005    6    75.15    17.12
2005    7     5.50    23.59
2005    8    36.19    18.36
2005    9    71.33     9.91
2005   10    45.97     2.15
2005   11    37.26    -1.98
2005   12    84.49    -3.73
