1850    1    61.89     1.49
1850    2    48.12     1.91
1850    3    34.37     6.08
1850    4    78.95     9.64
1850    5   101.78    16.76
1850    6   108.79    19.80
1850    7   147.36    19.15
1850    8    75.84    20.02
1850    9    67.23    18.95
1850   10    24.53    15.05
1850   11    71.41     2.14
1850   12    39.67    -1.05
1851    1    27.47    -2.98
1851    2    57.61    -0.89
1851    3    50.94     3.04
1851    4    96.30    11.15
1851    5   139.73    13.82
1851    6   147.18    17.94
1851    7    44.29    20.02
1851    8    27.25    24.08
1851    9    57.56    18.30
1851   10    54.48    12.28
1851   11    15.69     8.57
1851   12     5.92     6.72
1852    1    53.09     1.52
1852    2    43.17     0.44
1852    3    49.29     4.44
1852    4    85.78    10.31
1852    5   112.10    17.79
1852    6   102.66    19.59
1852    7    65.37    19.78
1852    8    20.36    22.13
1852    9    51.13    19.91
1852   10    12.62    14.42
1852   11    28.27     7.79
1852   12    20.82     3.26
1853    1    33.55     0.58
1853    2     6.56     5.31
1853    3    28.31     1.26
1853    4    36.87    12.10
1853    5   157.10    13.85
1853    6   133.69    18.97
1853    7    47.67    20.31
1853    8    93.51    20.76
1853    9    11.09    19.94
1853   10    39.03    14.19
1853   11    12.05     9.29
1853   12    14.90     2.46
1854    1    30.75     2.95
1854    2    18.96     6.02
1854    3    45.83     8.82
1854    4   175.66     9.25
1854    5    68.38    16.91
1854    6   184.66    16.97
1854    7    52.96    19.45
1854    8    33.58    21.33
1854    9     3.32    20.23
1854   10    56.54    14.40
1854   11    21.81     8.61
1854   12    41.08    -0.85
1855    1    24.10     2.37
1855    2    32.29     3.16
1855    3    18.03     7.99
1855    4   123.11     7.31
1855    5   148.25    13.25
1855    6   138.33    17.18
1855    7    35.06    19.21
1855    8    35.66    20.08
1855    9    25.67    17.25
1855   10    52.43     9.36
1855   11    26.66     8.48
1855   12     9.62     0.42
1856    1     6.97     2.05
1856    2    13.01     5.64
1856    3    46.40     8.46
1856    4    57.53    12.39
1856    5    58.72    13.66
1856    6    70.90    18.48
1856    7    47.97    20.56
1856    8    75.62    22.19
1856    9    51.71    18.04
1856   10    60.34    12.63
1856   11    28.44     8.82
1856   12    47.24     3.69
1857    1    26.84     3.55
1857    2    79.95     0.37
1857    3    51.55     9.35
1857    4    66.71     9.71
1857    5   122.78    14.41
1857    6   106.91    16.28
1857    7    72.06    19.04
1857    8    68.08    19.75
1857    9    96.98    13.29
1857   10    24.32    10.40
1857   11    24.42     9.07
1857   12    34.99     0.52
1858    1    37.41    -1.73
1858    2    23.73     1.79
1858    3    16.72     2.64
1858    4    75.44     7.95
1858    5    80.92    15.60
1858    6   121.55    17.18
1858    7   106.33    19.98
1858    8    46.64    19.82
1858    9     5.35    19.86
1858   10    89.29    10.14
1858   11    73.43     4.43
1858   12    19.86     4.76
1859    1    61.76    -1.19
1859    2    51.46    -1.84
1859    3    14.78     7.84
1859    4    68.37    12.20
1859    5   234.47    13.56
1859    6   117.87    18.26
1859    7    85.97    18.24
1859    8    50.09    18.88
1859    9    55.88    16.55
1859   10    71.56    13.77
1859   11    28.03     7.03
1859   12    22.05     3.50
1860    1    28.51    -0.31
1860    2    43.96     0.35
1860    3    76.23     4.41
1860    4    54.27     8.86
1860    5   165.00    13.44
1860    6   117.00    18.67
1860    7    58.85    20.46
1860    8    89.73    18.78
1860    9    36.24    18.33
1860   10    76.43    11.16
1860   11    26.84     8.19
1860   12    33.20     0.79
1861    1    22.63    -1.13
1861    2    27.19     2.23
1861    3    39.85     2.74
1861    4    88.37    11.38
1861    5   157.36    15.19
1861    6   171.96    17.04
1861    7    77.90    18.96
1861    8    10.43    22.16
1861    9    78.81    17.59
1861   10    26.18    13.62
1861   11    19.66     8.13
1861   12    12.44     3.09
1862    1    29.79     4.00
1862    2    25.56     3.66
1862    3    41.93     6.21
1862    4    88.21     9.26
1862    5   101.59    14.21
1862    6   215.41    15.38
1862    7    40.90    22.15
1862    8    16.64    20.94
1862    9    19.26    20.39
1862   10   160.75     8.21
1862   11    47.14     5.17
1862   12    25.88    -0.88
1863    1    18.25     3.46
1863    2    45.03     2.02
1863    3    24.94     5.02
1863    4    87.82    12.10
1863    5   112.55    16.60
1863    6   141.62    18.92
1863    7    41.58    20.03
1863    8    29.51    21.75
1863    9     3.08    20.08
1863   10    36.70    10.68
1863   11    77.16     6.79
1863   12    89.27    -2.06
1864    1    10.37    -4.07
1864    2    24.92     1.92
1864    3    54.56     8.00
1864    4    83.43    10.55
1864    5   149.78    16.45
1864    6   120.11    16.88
1864    7    77.99    19.95
1864    8    23.14    20.93
1864    9    75.25    14.98
1864   10     5.19    13.42
1864   11    68.12     7.01
1864   12    33.25     0.99
1865    1    42.98     0.79
1865    2    53.13    -1.58
1865    3    45.28     6.72
1865    4    63.68     9.20
1865    5   173.29    13.90
1865    6   170.35    17.60
1865    7   171.14    18.64
1865    8   105.29    19.06
1865    9    84.50    16.58
1865   10    59.52    10.10
1865   11    80.97     5.90
1865   12    25.98     3.24
1866    1    25.35     0.46
1866    2    19.13     2.27
1866    3    32.25     7.91
1866    4   131.00     9.92
1866    5   192.30    12.54
1866    6    96.28    17.29
1866    7   108.85    17.72
1866    8    43.51    18.22
1866    9    90.15    16.71
1866   10    25.30    14.35
1866   11    54.10     9.42
1866   12    41.74     4.71
1867    1    28.68     2.05
1867    2    40.75    -0.37
1867    3    63.96     6.47
1867    4    72.36     9.17
1867    5   146.55    13.06
1867    6   142.63    16.37
1867    7    22.32    19.28
1867    8     9.79    22.61
1867    9     6.33    19.39
1867   10    43.14    16.01
1867   11    22.13     8.03
1867   12     7.53     2.95
1868    1    31.66    -0.69
1868    2    43.50     4.19
1868    3    78.48     6.52
1868    4    38.23     9.68
1868    5   116.65    14.07
1868    6   137.69    19.55
1868    7    73.47    20.68
1868    8    52.86    19.87
1868    9    27.38    18.39
1868   10     7.74    13.59
1868   11    30.75     7.68
1868   12    20.32     7.95
1869    1     8.47     3.13
1869    2    83.30     0.30
1869    3    53.87     6.03
1869    4    95.69     9.38
1869    5   128.43    15.14
1869    6   101.36    17.79
1869    7    59.55    18.90
1869    8    43.28    19.87
1869    9    32.49    15.97
1869   10    47.00    12.14
1869   11    20.87     7.59
1869   12    43.38     1.92
1870    1    37.33     1.16
1870    2    12.96     2.43
1870    3    77.22     6.96
1870    4    53.12    10.55
1870    5    40.13    15.94
1870    6    60.81    20.28
1870    7    79.39    23.22
1870    8    49.41    20.59
1870    9    47.20    18.99
1870   10     9.04    13.32
1870   11    24.48     7.94
1870   12    23.07     4.87
1871    1    42.46    -0.88
1871    2    30.47     1.55
1871    3    26.36     8.34
1871    4    75.30     8.91
1871    5   131.12    14.41
1871    6   143.89    16.77
1871    7    73.42    19.95
1871    8    41.95    21.85
1871    9    13.09    19.38
1871   10     7.77    15.71
1871   11    82.28     6.19
1871   12     0.41     5.27
1872    1    24.29     0.48
1872    2    40.98    -2.14
1872    3    47.93     2.71
1872    4    37.12    11.01
1872    5   254.45    14.49
1872    6    85.07    17.33
1872    7    36.26    21.15
1872    8    83.79    18.96
1872    9    86.65    15.36
1872   10    58.20    11.15
1872   11    12.71     9.52
1872   12     5.57     4.70
1873    1    30.19     1.54
1873    2    36.62     2.15
1873    3    48.33     4.80
1873    4   107.37    10.35
1873    5   134.28    12.92
1873    6    73.94    17.38
1873    7   111.55    19.91
1873    8    27.49    21.48
1873    9     0.66    19.38
1873   10     1.63    15.44
1873   11     0.15    10.96
1873   12    33.83     3.51
1874    1    26.88     1.00
1874    2    32.91     0.18
1874    3    72.86     6.26
1874    4    80.05    11.47
1874    5    80.18    15.10
1874    6    39.81    20.39
1874    7    33.36    23.04
1874    8    14.43    20.01
1874    9   118.12    14.25
1874   10    50.74     9.91
1874   11    38.18     5.60
1874   12     7.21     5.67
1875    1    27.25     0.38
1875    2    25.61     6.55
1875    3    23.38     6.24
1875    4   122.58     9.77
1875    5   152.30    13.23
1875    6   130.58    16.40
1875    7    93.14    17.53
1875    8   107.39    16.32
1875    9   102.84    13.69
1875   10    26.82    11.85
1875   11    67.72     6.07
1875   12    33.96     2.59
1876    1    33.51     3.30
1876    2    19.59     5.03
1876    3    28.83     8.39
1876    4    69.76    10.76
1876    5    62.05    16.11
1876    6   104.92    18.06
1876    7    53.59    18.20
1876    8    33.72    19.33
1876    9     0.35    19.72
1876   10     5.60    14.88
1876   11    16.84     8.29
1876   12    65.70     2.63
1877    1    22.88     3.75
1877    2    29.89     2.15
1877    3   124.81     1.99
1877    4   163.71     6.89
1877    5   143.80    13.34
1877    6   144.15    16.81
1877    7    59.25    19.30
1877    8    34.06    18.91
1877    9    11.13    17.97
1877   10    85.82    10.63
1877   11    38.06     7.59
1877   12    52.21     4.83
1878    1    45.55     1.95
1878    2    47.96     4.76
1878    3    70.02     4.42
1878    4   103.35     8.92
1878    5   105.20    10.77
1878    6   137.88    18.34
1878    7   201.59    19.17
1878    8    86.48    16.73
1878    9    84.45    14.88
1878   10    35.90    12.39
1878   11    78.04     4.08
1878   12    17.49     1.95
1879    1    24.17     1.09
1879    2    19.57     4.71
1879    3    42.31     6.32
1879    4    92.05     7.53
1879    5   156.13    14.59
1879    6   171.81    16.42
1879    7    32.59    19.04
1879    8   103.35    19.64
1879    9   118.17    16.62
1879   10    77.16    10.93
1879   11    14.29     8.12
1879   12    25.03     3.25
1880    1    38.53     0.01
1880    2    25.17     2.79
1880    3    43.32     9.43
1880    4    55.26    13.19
1880    5   161.49    14.61
1880    6   103.91    18.09
1880    7   112.82    19.92
1880    8    58.43    19.61
1880    9    84.80    17.38
1880   10    48.61    11.69
1880   11    25.99     7.21
1880   12    46.15     3.68
1881    1    63.60    -2.09
1881    2    35.63     1.98
1881    3    57.20     3.16
1881    4    31.04    12.91
1881    5    86.16    15.61
1881    6   139.44    19.10
1881    7    80.55    19.74
1881    8     4.63    23.03
1881    9    41.87    17.13
1881   10    41.76    11.06
1881   11    36.63     7.56
1881   12    30.85     5.19
1882    1    27.18     2.22
1882    2    11.92     2.51
1882    3    38.18     8.32
1882    4    41.08    13.47
1882    5    92.09    15.81
1882    6   155.42    18.55
1882    7    31.42    19.45
1882    8    22.69    21.12
1882    9    28.54    17.72
1882   10    16.80    12.77
1882   11    30.29     6.67
1882   12    35.13     3.71
1883    1    52.46     0.91
1883    2    65.26     4.11
1883    3    52.54     4.75
1883    4   147.95    12.80
1883    5   141.60    15.25
1883    6   124.87    15.80
1883    7    60.86    19.44
1883    8    27.24    21.00
1883    9    93.68    14.29
1883   10    56.41    11.20
1883   11    47.56     7.04
1883   12    39.44     0.52
1884    1    14.70     1.79
1884    2    11.41     4.26
1884    3    17.74     7.09
1884    4   107.85     9.23
1884    5   176.05    15.04
1884    6   156.57    15.90
1884    7    19.79    19.32
1884    8    47.69    19.16
1884    9    95.80    14.98
1884   10    67.01     8.56
1884   11    23.43     8.20
1884   12    24.32     4.68
1885    1    51.78     2.89
1885    2    59.42     3.78
1885    3    92.04     4.85
1885    4   136.53     8.36
1885    5   148.51    14.72
1885    6   224.90    14.72
1885    7    73.83    19.55
1885    8    59.20    19.39
1885    9    45.94    15.43
1885   10   117.85    10.39
1885   11    12.55     8.10
1885   12    55.36     3.79
1886    1    22.89     2.16
1886    2    19.72     0.06
1886    3    44.89     0.27
1886    4   100.76    10.98
1886    5   170.30    13.64
1886    6   149.04    17.20
1886    7    40.41    17.15
1886    8     7.52    18.80
1886    9    93.04    13.20
1886   10    66.41    10.74
1886   11    27.78     9.04
1886   12    16.26     5.86
1887    1    55.06    -0.36
1887    2    69.16     3.74
1887    3    22.90     5.42
1887    4    99.60    10.57
1887    5   200.96    12.76
1887    6    72.82    17.84
1887    7    57.35    18.83
1887    8    17.33    20.48
1887    9    81.14    15.76
1887   10    59.10    11.51
1887   11    43.98     3.61
1887   12    15.86     6.27
1888    1    21.73     3.93
1888    2    55.89     3.02
1888    3    60.20     3.10
1888    4   110.29     6.04
1888    5   125.19    12.69
1888    6   157.95    16.70
1888    7   105.77    18.20
1888    8    25.30    19.71
1888    9    47.13    14.47
1888   10    79.49     9.65
1888   11    31.39     5.80
1888   12    33.80     0.78
1889    1    40.02     1.47
1889    2    20.74     3.35
1889    3    49.88     8.45
1889    4   141.14     7.46
1889    5   102.64    13.29
1889    6   101.98    15.53
1889    7    86.35    18.93
1889    8    21.25    18.06
1889    9    53.78    16.54
1889   10    65.80    11.28
1889   11    23.57     7.39
1889   12    50.67     0.40
1890    1    14.04     1.33
1890    2    55.03     0.72
1890    3    37.83     5.41
1890    4   118.13    10.86
1890    5   111.26    14.56
1890    6   128.48    16.96
1890    7   142.68    19.40
1890    8    52.93    20.94
1890    9    79.72    15.10
1890   10     8.73    12.46
1890   11    49.75     4.16
1890   12    29.49     4.39
1891    1    55.63    -0.97
1891    2    58.55    -4.25
1891    3    17.25     8.85
1891    4    15.18    11.20
1891    5    96.71    15.41
1891    6   103.38    15.91
1891    7    71.49    19.83
1891    8    91.10    18.34
1891    9    13.02    16.21
1891   10    42.70    13.44
1891   11    32.58     4.20
1891   12    29.28     0.36
1892    1    26.16    -0.21
1892    2    59.24     0.33
1892    3     9.66     2.46
1892    4    74.89     9.75
1892    5    88.86    14.63
1892    6   195.74    17.65
1892    7    93.70    17.56
1892    8    92.74    18.78
1892    9    19.95    15.94
1892   10    55.34    13.14
1892   11    18.21     9.01
1892   12    25.49     2.83
1893    1    26.49     2.37
1893    2    31.61     0.86
1893    3    83.17     5.96
1893    4    44.16    13.08
1893    5   152.10    12.67
1893    6   188.02    16.39
1893    7    85.12    17.04
1893    8    47.19    17.74
1893    9    28.56    16.09
1893   10    92.49    13.09
1893   11    50.25     2.78
1893   12    28.42    -4.17
1894    1    53.04    -4.89
1894    2    24.83    -1.91
1894    3    78.79     5.15
1894    4    69.81    10.69
1894    5   112.68    13.56
1894    6   127.70    16.69
1894    7   107.93    17.36
1894    8     3.03    19.54
1894    9    40.18    16.07
1894   10    12.18    13.50
1894   11    50.16     6.11
1894   12    15.42     4.06
1895    1    25.32     1.47
1895    2    52.67     3.10
1895    3    42.21     7.46
1895    4    62.72    14.23
1895    5    90.24    15.53
1895    6   112.25    17.03
1895    7    29.56    22.43
1895    8    66.69    23.30
1895    9    33.07    17.86
1895   10     6.43    14.86
1895   11    28.56     8.08
1895   12     7.49     1.57
1896    1    75.25    -2.76
1896    2    39.59     2.98
1896    3    62.93     7.63
1896    4   141.95     8.26
1896    5   140.64    14.07
1896    6    95.10    17.03
1896    7   158.07    17.86
1896    8    58.75    19.74
1896    9    11.61    18.30
1896   10   112.82    12.63
1896   11    64.09     6.19
1896   12    21.18     0.84
1897    1    14.09     1.06
1897    2    24.42     1.93
1897    3    56.89     8.81
1897    4   136.96     9.55
1897    5   117.66    14.61
1897    6   124.84    17.18
1897    7    43.33    20.04
1897    8    71.94    19.00
1897    9    60.83    15.97
1897   10    59.84    11.29
1897   11    18.41     6.90
1897   12    32.64     0.92
1898    1    10.58    -0.92
1898    2    47.11    -1.35
1898    3    62.73     3.66
1898    4    33.60    12.26
1898    5    59.69    15.49
1898    6   113.72    16.82
1898    7    52.74    18.99
1898    8    25.06    22.14
1898    9     1.90    18.27
1898   10    25.36     7.61
1898   11    29.11     9.95
1898   12    37.44     0.99
1899    1    29.47     0.37
1899    2    22.96     1.34
1899    3    45.06     8.68
1899    4   108.63     6.51
1899    5   132.64    14.33
1899    6   107.25    17.60
1899    7    69.33    17.98
1899    8    51.53    19.05
1899    9    39.95    15.97
1899   10    54.37    11.53
1899   11    19.62     7.48
1899   12    10.60     2.14
1900    1    53.24    -1.79
1900    2    40.63     2.73
1900    3    57.01     4.74
1900    4    38.40    12.40
1900    5   205.56    14.92
1900    6    73.29    16.34
1900    7   101.64    19.30
1900    8    25.06    19.94
1900    9     6.72    18.03
1900   10    17.02    13.90
1900   11    80.61     7.62
1900   12    24.92     3.83
1901    1    35.17     3.95
1901    2    41.81    -0.14
1901    3    38.56     5.76
1901    4    68.80    11.75
1901    5   173.85    13.57
1901    6   179.39    16.32
1901    7   101.51    18.77
1901    8    26.65    20.06
1901    9   107.50    16.74
1901   10    49.67    13.08
1901   11     3.38     6.56
1901   12    36.66     1.74
1902    1     9.65     0.52
1902    2    39.65     2.37
1902    3    77.18     6.33
1902    4    56.90     8.68
1902    5   126.42    13.62
1902    6   178.23    20.08
1902    7   105.63    19.97
1902    8    62.35    22.06
1902    9    54.18    17.59
1902   10    11.01    15.55
1902   11    11.72     4.69
1902   12    23.22     4.16
1903    1    22.00     1.02
1903    2    64.85    -4.51
1903    3    18.79     3.45
1903    4   130.43    10.88
1903    5   171.41    13.64
1903    6   145.13    16.62
1903    7    32.51    20.92
1903    8    39.20    19.45
1903    9    45.08    18.60
1903   10   127.92     8.75
1903   11    63.36     6.38
1903   12    21.71     5.15
1904    1    16.84     3.49
1904    2    27.86     2.89
1904    3    80.93     5.49
1904    4   123.49    10.74
1904    5   118.63    11.88
1904    6   124.04    16.09
1904    7   107.47    18.66
1904    8    63.12    20.35
1904    9    68.58    15.80
1904   10    31.22     9.93
1904   11    34.38     5.80
1904   12    19.05     3.04
1905    1    14.96     1.54
1905    2    44.66     0.34
1905    3    47.18     3.83
1905    4    45.23     8.09
1905    5   154.99    13.08
1905    6   135.62    17.67
1905    7    55.88    17.66
1905    8    59.00    19.78
1905    9    24.12    15.35
1905   10     5.32    13.60
1905   11     1.12     6.96
1905   12     5.80     2.88
1906    1    36.83     1.52
1906    2    24.04     1.05
1906    3    21.35     7.06
1906    4    65.45     9.97
1906    5    69.06    14.80
1906    6    74.94    17.69
1906    7    48.18    22.92
1906    8    37.27    21.49
1906    9    86.38    18.05
1906   10    93.79    12.16
1906   11    40.37     7.03
1906   12    32.74     3.15
1907    1    31.67     2.49
1907    2    15.96     6.29
1907    3    28.58     5.56
1907    4    85.35    12.79
1907    5   128.27    13.69
1907    6   112.69    17.49
1907    7    80.41    17.86
1907    8    17.22    21.96
1907    9    11.90    17.46
1907   10    29.96    10.59
1907   11    18.99     7.86
1907   12    19.62     2.84
1908    1    46.22    -4.36
1908    2    31.79    -0.77
1908    3    34.05     3.82
1908    4    43.95    11.48
1908    5   113.07    13.25
1908    6    52.90    19.08
1908    7    17.63    23.04
1908    8    42.77    21.87
1908    9    17.81    18.10
1908   10    14.78    14.14
1908   11    55.44     5.52
1908   12    46.25     2.19
1909    1    28.18    -2.16
1909    2    28.55     4.52
1909    3    74.20     3.32
1909    4    71.39    12.84
1909    5    96.82    15.50
1909    6   172.85    17.94
1909    7   102.48    20.37
1909    8    68.89    18.44
1909    9    44.72    15.09
1909   10    68.93     9.49
1909   11    58.48     5.89
1909   12    13.89     3.02
1910    1    16.26     3.22
1910    2    22.67     5.26
1910    3    59.97     8.34
1910    4   165.86     9.67
1910    5   102.70    11.71
1910    6   122.46    16.68
1910    7    46.96    19.44
1910    8    30.26    22.02
1910    9    24.58    19.19
1910   10    14.74    12.74
1910   11    24.73     6.08
1910   12    69.73     2.19
1911    1    38.82     0.30
1911    2    12.13    -0.05
1911    3    42.06     5.24
1911    4   111.31     8.46
1911    5   118.95    15.13
1911    6   161.18    16.17
1911    7    68.88    19.75
1911    8    12.44    20.65
1911    9    11.24    20.10
1911   10    12.06    15.21
1911   11    55.69     5.73
1911   12    17.06     4.70
1912    1    37.64     2.91
1912    2    27.97     2.79
1912    3    61.39     6.03
1912    4    71.56    11.69
1912    5   103.72    14.62
1912    6   179.56    16.51
1912    7    80.95    17.97
1912    8    46.48    20.26
1912    9    41.45    16.86
1912   10    32.01    12.57
1912   11    93.34     6.32
1912   12    44.03     4.28
1913    1     1.47     1.54
1913    2    28.86     2.67
1913    3    15.18     7.37
1913    4    53.75    11.38
1913    5   115.48    14.79
1913    6   200.64    17.61
1913    7    48.85    19.66
1913    8    56.15    21.90
1913    9    70.17    16.30
1913   10    62.78    11.72
1913   11    57.24     8.37
1913   12    53.84     2.65
1914    1    22.90     3.16
1914    2    11.78     2.50
1914    3    43.07     7.93
1914    4   136.87    13.14
1914    5   132.95    14.32
1914    6   144.61    16.12
1914    7   134.66    18.39
1914    8    64.01    17.80
1914    9   165.21    12.46
1914   10   142.00     6.99
1914   11    27.43     7.28
1914   12     8.96     4.07
1915    1    36.42     1.12
1915    2     7.06     5.71
1915    3    39.55    10.21
1915    4    34.13    10.48
1915    5   191.74    14.11
1915    6   133.54    15.91
1915    7    52.75    19.65
1915    8    34.84    19.82
1915    9    84.34    15.83
1915   10    10.50    13.48
1915   11    10.45     7.70
1915   12     8.19     3.42
1916    1    39.65     1.36
1916    2    20.09     3.54
1916    3    62.95     3.98
1916    4    97.46    10.01
1916    5   133.23    13.56
1916    6    19.14    17.02
1916    7    69.90    18.90
1916    8    83.74    19.35
1916    9   109.04    15.08
1916   10    81.35     6.50
1916   11    17.78     8.04
1916   12    66.58    -4.45
1917    1    54.38    -1.83
1917    2    54.38    -0.50
1917    3     5.19     5.03
1917    4   154.56     8.27
1917    5   179.17    13.91
1917    6   100.89    18.50
1917    7    76.44    19.17
1917    8    38.89    21.42
1917    9    55.05    17.24
1917   10    10.19    13.40
1917   11    12.52     6.73
1917   12    48.58     3.33
1918    1    54.82    -4.63
1918    2    14.79     3.18
1918    3    26.54     7.40
1918    4   124.49     6.60
1918    5   152.52    12.74
1918    6   119.49    15.88
1918    7    60.66    19.15
1918    8    67.43    19.69
1918    9    72.32    14.32
1918   10    31.89    10.23
1918   11     7.93     4.91
1918   12     8.31     3.52
1919    1    56.62    -0.04
1919    2    50.93    -0.36
1919    3    41.56     5.52
1919    4    90.34     9.76
1919    5    96.14    16.20
1919    6    58.74    19.13
1919    7   144.67    20.67
1919    8    65.42    19.65
1919    9    54.20    18.09
1919   10    35.68    13.41
1919   11    53.50     7.85
1919   12    10.46     3.53
1920    1    51.27     3.07
1920    2    10.21     1.56
1920    3    24.18     4.47
1920    4   191.61     9.49
1920    5    88.60    13.17
1920    6   127.28    17.32
1920    7    97.68    19.13
1920    8   119.75    19.29
1920    9    29.58    18.94
1920   10    55.71    13.95
1920   11     1.69     9.35
1920   12    52.83     1.54
1921    1    23.73     2.21
1921    2    13.59     1.54
1921    3    35.51     6.27
1921    4    64.71     9.16
1921    5   116.92    14.39
1921    6   100.49    16.97
1921    7   106.95    20.23
1921    8    49.74    20.19
1921    9    11.69    19.17
1921   10    32.25    13.50
1921   11   105.10     3.86
1921   12    51.39     3.47
1922    1    45.12    -0.43
1922    2    17.92     1.88
1922    3    37.91     4.90
1922    4    22.69    11.97
1922    5   162.57    16.03
1922    6   105.72    18.18
1922    7    76.92    20.06
1922    8    48.80    21.98
1922    9   101.05    13.97
1922   10    69.66    11.14
1922   11    35.69     6.12
1922   12    48.83     2.17
1923    1    14.30     6.17
1923    2    89.21     2.99
1923    3    83.57     1.82
1923    4   124.68    10.15
1923    5   141.66    14.19
1923    6   205.17    15.93
1923    7    64.40    18.58
1923    8     7.71    21.68
1923    9     1.70    18.79
1923   10    20.58    13.44
1923   11    11.57     9.01
1923   12    41.10     1.36
1924    1    12.91     1.56
1924    2    30.05     1.35
1924    3    23.79     9.12
1924    4    45.48    11.82
1924    5   176.74    15.74
1924    6   147.47    17.14
1924    7   136.75    20.09
1924    8    25.74    20.90
1924    9   131.85    14.90
1924   10    15.53    10.91
1924   11    33.59     7.15
1924   12    55.32    -2.17
1925    1    17.08     2.25
1925    2    55.64    -3.26
1925    3    58.61     3.20
1925    4    41.21    12.30
1925    5    80.32    15.53
1925    6   123.63    18.60
1925    7    77.57    19.21
1925    8    82.43    19.23
1925    9    55.56    14.75
1925   10    40.44     9.20
1925   11    44.89     5.14
1925   12    55.82     2.78
1926    1    20.35     0.75
1926    2    30.69     0.65
1926    3    19.83    10.48
1926    4    68.34    11.71
1926    5   188.84    14.40
1926    6   159.75    18.08
1926    7   111.93    20.68
1926    8    75.50    19.20
1926    9     3.21    20.02
1926   10    56.37    15.45
1926   11    42.21     9.27
1926   12     5.89     4.28
1927    1    39.31     0.82
1927    2    32.08     0.68
1927    3    44.98     6.92
1927    4    33.70     9.57
1927    5   198.00    16.03
1927    6   108.92    17.42
1927    7   131.44    18.51
1927    8    25.37    18.76
1927    9    68.67    18.49
1927   10    21.35    14.77
1927   11    38.84     7.12
1927   12    20.45     0.15
1928    1    42.61    -4.53
1928    2    32.76    -0.54
1928    3    57.77     6.03
1928    4    44.53     9.71
1928    5   216.63    13.70
1928    6    65.16    17.84
1928    7    40.38    20.29
1928    8    36.47    22.27
1928    9    32.45    19.50
1928   10   110.72    11.69
1928   11    48.04    10.30
1928   12    30.27     6.05
1929    1    88.34    -0.15
1929    2    29.43     0.87
1929    3    38.99     5.99
1929    4    91.64    12.55
1929    5    61.39    14.09
1929    6   185.94    17.33
1929    7   166.54    19.86
1929    8    37.56    20.46
1929    9    73.92    17.40
1929   10   146.03    10.69
1929   11    24.16     6.20
1929   12    19.94     3.04
1930    1    40.83     1.80
1930    2    64.64     3.51
1930    3    81.22     7.71
1930    4    97.13    10.58
1930    5   116.88    15.56
1930    6   191.92    16.11
1930    7   117.57    18.82
1930    8    39.06    20.84
1930    9    85.85    15.39
1930   10    38.78    11.63
1930   11    14.87     8.61
1930   12    10.54     5.05
1931    1    35.17     2.92
1931    2    53.96     0.70
1931    3    13.16     8.11
1931    4    83.98    10.15
1931    5   188.62    13.23
1931    6   179.45    17.92
1931    7   119.86    19.12
1931    8     2.75    19.95
1931    9    46.50    13.27
1931   10    67.82     9.64
1931   11    49.39     8.25
1931   12    12.68     7.21
1932    1     8.07     4.45
1932    2    58.96     3.03
1932    3    26.10     4.76
1932    4    67.92    10.56
1932    5    87.31    17.48
1932    6   129.73    16.21
1932    7    62.50    20.83
1932    8    59.60    19.72
1932    9    26.32    17.80
1932   10    65.36    15.28
1932   11    30.84     6.70
1932   12    12.79     3.20
1933    1    58.82    -0.43
1933    2     8.40     7.45
1933    3    81.95     6.58
1933    4    37.02    12.51
1933    5   188.40    14.93
1933    6    61.59    16.98
1933    7    22.38    20.67
1933    8    29.74    20.36
1933    9    49.83    16.18
1933   10    28.69    12.27
1933   11    14.06     7.49
1933   12    35.05     1.25
1934    1    37.68     3.05
1934    2    30.47     0.10
1934    3    55.10     6.02
1934    4    88.48    11.59
1934    5    65.26    12.40
1934    6   184.04    17.22
1934    7    73.16    19.88
1934    8    39.71    20.04
1934    9    59.78    16.69
1934   10    34.30    15.41
1934   11    96.37     6.42
1934   12    70.69    -1.25
1935    1    29.47     2.82
1935    2    53.86     4.24
1935    3    75.81     6.50
1935    4    90.97    12.26
1935    5   201.47    12.23
1935    6   195.06    18.26
1935    7    68.27    19.90
1935    8    93.91    19.49
1935    9   115.31    14.94
1935   10    49.04     9.01
1935   11    11.68     7.69
1935   12    15.58     2.74
1936    1    44.45     0.14
1936    2    14.17     2.34
1936    3    29.92     4.96
1936    4   130.23     9.08
1936    5   119.43    16.05
1936    6   149.19    16.34
1936    7    92.03    19.80
1936    8    35.98    20.72
1936    9    24.11    18.95
1936   10    25.32    13.18
1936   11   133.37     4.33
1936   12     9.72     1.49
1937    1    53.27     0.58
1937    2     8.72    -1.60
1937    3    44.49     8.37
1937    4    64.43    10.77
1937    5    99.17    14.00
1937    6    96.92    18.13
1937    7    18.49    21.50
1937    8   103.37    18.72
1937    9    29.69    16.93
1937   10    35.91    11.18
1937   11    34.95     5.28
1937   12    50.96     0.93
1938    1    25.53    -2.04
1938    2    14.07     4.77
1938    3    70.87     6.36
1938    4    97.67     8.98
1938    5    83.29    12.86
1938    6   115.07    16.88
1938    7    17.45    20.73
1938    8    86.64    18.58
1938    9    78.00    16.58
1938   10    22.15    15.18
1938   11    73.08     7.26
1938   12    24.79    -0.69
1939    1    33.24    -0.33
1939    2    35.62     2.67
1939    3    22.15     9.00
1939    4    61.91    11.12
1939    5   150.22    13.47
1939    6   104.95    17.12
1939    7    44.94    20.89
1939    8    49.66    19.60
1939    9    83.87    16.51
1939   10    44.13    10.74
1939   11    19.06     7.97
1939   12    20.32     2.14
1940    1    23.07    -3.23
1940    2    70.13    -2.21
1940    3    69.31     5.37
1940    4   125.50     7.76
1940    5    70.87    14.49
1940    6   147.55    16.98
1940    7    93.55    17.39
1940    8    25.31    21.70
1940    9    98.72    17.34
1940   10    24.11    11.11
1940   11     4.84     8.91
1940   12    26.74     3.06
1941    1    37.86     2.46
1941    2    75.30    -2.08
1941    3   103.04     0.14
1941    4    53.66    10.01
1941    5    84.85    15.56
1941    6    95.50    20.06
1941    7    42.19    21.43
1941    8    10.80    23.13
1941    9   130.83    19.80
1941   10    35.57    13.38
1941   11   107.03     6.90
1941   12    27.42     2.43
1942    1    33.19     3.37
1942    2    47.34     1.98
1942    3    41.93     5.00
1942    4   124.99    10.74
1942    5   176.02    13.27
1942    6    90.91    17.85
1942    7    55.28    17.74
1942    8    34.92    20.29
1942    9    18.67    19.36
1942   10   153.47    10.13
1942   11    29.49     5.44
1942   12    39.94     4.97
1943    1    22.46     1.50
1943    2    22.78     0.01
1943    3    76.71     3.37
1943    4    38.72    11.14
1943    5   135.38    14.88
1943    6   145.47    16.32
1943    7    81.40    18.33
1943    8    46.25    20.40
1943    9    35.63    17.68
1943   10    13.80    14.60
1943   11    34.18     9.44
1943   12   103.03     1.37
1944    1    26.72     1.53
1944    2    24.82     4.47
1944    3    68.21     7.55
1944    4   115.19     7.39
1944    5   103.62    14.39
1944    6   105.18    17.64
1944    7    27.23    22.78
1944    8    55.77    21.14
1944    9    55.41    19.07
1944   10    96.25    11.58
1944   11    82.27     4.99
1944   12    21.25     2.75
1945    1    14.84     0.69
1945    2    25.32     3.10
1945    3    18.56     7.23
1945    4   104.79     9.23
1945    5   149.31    13.44
1945    6   135.32    18.47
1945    7    76.33    21.12
1945    8    33.30    21.03
1945    9    37.90    19.98
1945   10   124.94    12.84
1945   11     3.79     8.68
1945   12    18.24     4.53
1946    1     5.25     3.42
1946    2    19.94     5.61
1946    3    40.86     7.49
1946    4   129.29     9.10
1946    5   105.07    14.56
1946    6   104.51    15.91
1946    7    84.36    19.13
1946    8    53.48    17.18
1946    9    39.76    15.57
1946   10    42.41    12.86
1946   11   107.83     6.89
1946   12    94.77     0.88
1947    1    21.01     5.06
1947    2    55.93     1.79
1947    3    14.92     5.30
1947    4    95.34     9.47
1947    5   113.61    13.98
1947    6   165.63    14.20
1947    7    77.07    18.62
1947    8    33.34    17.93
1947    9    35.02    19.07
1947   10    37.17    13.01
1947   11    15.55    10.18
1947   12    19.71     3.25
1948    1    44.36    -1.43
1948    2    27.99     2.39
1948    3    35.32     8.53
1948    4    93.18    12.70
1948    5   117.55    13.44
1948    6   169.37    18.90
1948    7    29.09    19.67
1948    8    53.82    19.93
1948    9    21.35    18.74
1948   10    59.17    13.81
1948   11    96.52     6.42
1948   12    13.71     3.30
1949    1    27.92     1.07
1949    2     2.07     2.63
1949    3    68.87     4.02
1949    4   120.61    11.31
1949    5    65.92    15.27
1949    6   116.01    19.38
1949    7    88.29    21.91
1949    8    45.31    21.33
1949    9    28.48    18.12
1949   10    81.98    11.08
1949   11    96.09     5.81
1949   12    13.06     5.12
1950    1    41.08     1.42
1950    2    43.74     1.15
1950    3    36.72    11.46
1950    4    69.56     8.78
1950    5   115.15    13.53
1950    6   197.60    18.99
1950    7   154.48    21.13
1950    8    39.51    20.35
1950    9    43.50    16.86
1950   10    32.78    10.92
1950   11    30.00     9.87
1950   12    63.23     1.15
1951    1    43.22     3.91
1951    2    16.63     4.05
1951    3    24.60     9.40
1951    4    60.36    10.18
1951    5   125.11    13.46
1951    6    98.14    17.98
1951    7     0.64    23.97
1951    8     2.44    26.91
1951    9    50.65    18.90
1951   10    68.31    11.92
1951   11    53.13     7.02
1951   12    50.00     1.90
1952    1    18.75     0.00
1952    2    22.99     4.85
1952    3    31.31     8.37
1952    4    15.24    15.93
1952    5   141.25    15.14
1952    6    22.27    16.63
1952    7    11.54    23.24
1952    8    65.74    22.12
1952    9    14.65    21.19
1952   10    39.84    14.72
1952   11    50.13     5.43
1952   12    18.72     3.24
1953    1    14.36    -3.83
1953    2    26.00     3.67
1953    3     6.91     6.36
1953    4    29.35    10.03
1953    5    66.04    15.29
1953    6   138.10    19.52
1953    7    30.77    24.03
1953    8    31.38    22.16
1953    9    11.38    19.95
1953   10   100.25    13.27
1953   11    53.58     7.38
1953   12    31.99     3.49
1954    1    45.47     2.20
1954    2    39.32     4.22
1954    3   108.27     7.13
1954    4    80.42    11.74
1954    5   182.36    13.38
1954    6   118.09    18.57
1954    7    70.03    19.20
1954    8    65.81    20.41
1954    9    29.32    16.27
1954   10    63.57    12.57
1954   11    49.33     6.61
1954   12    52.09     2.83
1955    1    23.27    -3.53
1955    2    20.35     3.45
1955    3    48.94     4.24
1955    4    64.86     8.61
1955    5    90.28    15.43
1955    6   155.67    18.23
1955    7   117.60    20.37
1955    8   116.04    22.06
1955    9    40.96    20.05
1955   10    71.14    10.15
1955   11     9.21     7.82
1955   12    27.79     3.28
1956    1    15.99     1.59
1956    2    23.79     1.12
1956    3    48.13     5.19
1956    4    46.98    13.20
1956    5   111.07    16.84
1956    6    59.65    18.72
1956    7    58.20    19.65
1956    8    69.13    20.07
1956    9    62.30    16.98
1956   10    65.94    12.84
1956   11    17.43     9.91
1956   12    65.35     1.76
1957    1    55.83    -8.98
1957    2    14.80     2.28
1957    3    73.42     4.46
1957    4    62.17     8.47
1957    5   117.21    14.91
1957    6   118.82    16.66
1957    7    62.87    21.49
1957    8    90.60    21.14
1957    9    50.02    17.44
1957   10    40.52    12.56
1957   11    25.80    10.13
1957   12    36.25    -1.64
1958    1    19.03     1.26
1958    2     8.75     6.12
1958    3    62.32     5.77
1958    4    93.77     9.89
1958    5    93.30    14.74
1958    6    85.89    16.73
1958    7    65.02    20.58
1958    8    80.36    19.33
1958    9    22.10    18.76
1958   10    98.24    10.81
1958   11    40.85     7.57
1958   12    21.56     4.21
1959    1    35.98     3.44
1959    2    52.51    -2.11
1959    3    62.44     5.26
1959    4    82.23    12.95
1959    5   137.11    13.68
1959    6   103.18    17.75
1959    7    53.91    19.31
1959    8    37.65    21.45
1959    9    22.02    19.22
1959   10   152.52    13.26
1959   11    12.46     8.17
1959   12    28.80     3.73
1960    1    48.19     0.05
1960    2    25.28     3.46
1960    3    28.44     7.29
1960    4    65.82    13.12
1960    5   122.59    15.84
1960    6   101.68    18.54
1960    7    66.17    22.00
1960    8    27.83    20.56
1960    9    23.68    16.28
1960   10    11.95    12.08
1960   11    31.22     6.92
1960   12    28.46     2.16
1961    1    19.37     0.95
1961    2    45.70     1.52
1961    3    46.03     6.80
1961    4   125.10    12.32
1961    5   159.27    11.80
1961    6   108.09    17.86
1961    7    92.33    20.28
1961    8    26.05    22.24
1961    9    76.66    15.23
1961   10    24.20    13.48
1961   11     4.61     8.66
1961   12    31.89     3.69
1962    1    15.70     2.76
1962    2    21.69     5.52
1962    3    27.07     7.22
1962    4   113.59    12.22
1962    5   146.87    13.87
1962    6   210.13    18.01
1962    7   108.90    20.17
1962    8    24.85    20.88
1962    9    52.04    17.57
1962   10    70.39    12.66
1962   11    41.29     6.55
1962   12    42.72     0.72
1963    1    14.17     1.27
1963    2    42.08     2.96
1963    3    46.23     4.65
1963    4    79.70    11.43
1963    5   154.69    12.66
1963    6   116.14    18.45
1963    7    80.09    20.47
1963    8    11.66    23.92
1963    9    73.80    17.18
1963   10    37.75    11.81
1963   11    18.60     7.77
1963   12    25.51     1.57
1964    1    37.06    -1.28
1964    2    22.83     3.97
1964    3    15.99     9.14
1964    4   150.73    10.91
1964    5   146.27    14.61
1964    6    55.01    16.97
1964    7    19.24    22.45
1964    8    19.00    24.30
1964    9     0.88    21.09
1964   10    42.04    14.53
1964   11    28.19     8.05
1964   12    48.51    -3.40
1965    1    38.07    -5.44
1965    2    10.99    -7.52
1965    3    45.00     5.65
1965    4    45.62    10.34
1965    5    94.84    14.21
1965    6   107.50    16.95
1965    7    69.39    20.06
1965    8    54.97    22.07
1965    9     5.65    21.03
1965   10    79.99    12.97
1965   11   100.31     6.70
1965   12    30.03     1.20
1966    1     5.72     4.55
1966    2    75.21     1.05
1966    3    99.98     5.73
1966    4    96.06     9.41
1966    5   112.82    13.08
1966    6   131.15    16.27
1966    7    28.46    17.99
1966    8    41.16    19.27
1966    9    45.71    18.90
1966   10    39.73    12.23
1966   11    95.47     4.80
1966   12    11.18    -1.24
1967    1    27.66     1.53
1967    2    48.77    -2.75
1967    3    24.60     4.58
1967    4    67.61    13.03
1967    5    94.27    15.83
1967    6   229.51    17.58
1967    7    53.08    20.56
1967    8    53.11    21.16
1967    9    19.93    18.71
1967   10    71.89    13.61
1967   11    19.56     9.19
1967   12    42.42     3.54
1968    1    32.87     4.36
1968    2    19.81     4.32
1968    3    53.96     5.15
1968    4    68.62    11.41
1968    5    87.52    15.48
1968    6   137.47    16.42
1968    7    21.31    19.90
1968    8    43.23    21.90
1968    9    78.63    16.91
1968   10    10.92    14.80
1968   11    75.10     9.50
1968   12    34.66     1.42
1969    1    13.48     2.88
1969    2    28.02     0.73
1969    3    44.46     3.00
1969    4     5.49     9.94
1969    5   163.41    15.87
1969    6    60.49    18.90
1969    7    95.10    18.82
1969    8    32.44    19.82
1969    9     7.38    17.99
1969   10     3.18    14.81
1969   11    10.14     6.49
1969   12    28.70     2.37
1970    1    22.39     1.33
1970    2    23.80     4.19
1970    3    33.90     8.97
1970    4   187.37     8.58
1970    5   166.69    14.11
1970    6    90.47    17.72
1970    7    48.18    21.12
1970    8    62.12    19.07
1970    9     8.91    18.20
1970   10    65.17    12.22
1970   11    26.64     4.78
1970   12    23.05     4.14
1971    1    14.66     3.37
1971    2    73.47    -0.27
1971    3    36.32     8.28
1971    4   104.14     8.45
1971    5    69.15    15.90
1971    6   153.79    17.54
1971    7    74.52    19.17
1971    8    81.49    21.06
1971    9    36.41    17.73
1971   10    75.26    12.26
1971   11    14.15     9.59
1971   12    25.79     5.62
1972    1    29.49     1.81
1972    2    26.10    -4.67
1972    3    58.51     6.90
1972    4    98.10    12.47
1972    5   129.67    14.92
1972    6   115.94    18.62
1972    7    49.95    21.90
1972    8    38.26    21.97
1972    9    13.61    18.66
1972   10    14.27    12.95
1972   11    75.76     7.29
1972   12    15.18     2.95
1973    1    31.28     0.89
1973    2    20.18     2.07
1973    3    41.37     8.83
1973    4    50.69    12.02
1973    5   124.36    14.23
1973    6    92.15    22.04
1973    7    94.52    23.72
1973    8    95.08    19.43
1973    9    20.02    17.72
1973   10    69.05    14.98
1973   11    13.50     6.07
1973   12   116.59    -1.45
1974    1    24.94     0.16
1974    2    24.17     5.08
1974    3    24.16    10.49
1974    4   123.59    10.45
1974    5    50.34    16.69
1974    6   109.87    17.37
1974    7    44.45    21.64
1974    8    44.84    22.20
1974    9    10.06    21.85
1974   10    32.59    13.82
1974   11    74.13     5.47
1974   12    32.53    -1.51
1975    1    35.86     0.99
1975    2    12.92     7.01
1975    3    27.51     9.57
1975    4    78.03     9.60
1975    5   151.62    15.48
1975    6    99.86    18.32
1975    7    36.21    21.70
1975    8    91.62    20.42
1975    9    67.50    16.02
1975   10    37.74    11.35
1975   11    47.47     6.28
1975   12     7.73     6.02
1976    1    10.67     1.08
1976    2    41.90     2.38
1976    3    95.92     2.89
1976    4    66.03    12.87
1976    5   125.83    14.53
1976    6   151.56    16.28
1976    7    43.85    21.78
1976    8    22.55    24.46
1976    9    18.96    18.90
1976   10    39.44    15.58
1976   11    29.33     5.64
1976   12    22.25     2.31
1977    1    14.78     2.44
1977    2    40.17     2.47
1977    3    52.76     6.78
1977    4   139.03    12.05
1977    5    95.52    14.00
1977    6    80.40    17.02
1977    7    41.66    22.97
1977    8    31.44    21.95
1977    9    26.34    19.15
1977   10     0.13    16.93
1977   11    50.68     8.25
1977   12     6.53     5.75
1978    1     7.93     1.65
1978    2    39.92     2.94
1978    3    43.17     8.00
1978    4    56.22    13.56
1978    5   260.33    11.66
1978    6     9.07    21.16
1978    7    57.12    21.17
1978    8     1.82    23.19
1978    9    53.99    15.15
1978   10    61.98    11.76
1978   11    48.70     9.14
1978   12    30.15     3.04
1979    1     8.32     3.58
1979    2    69.79     1.39
1979    3    77.03     4.31
1979    4    40.87    11.28
1979    5    99.44    13.42
1979    6   200.99    16.12
1979    7    23.69    19.52
1979    8    56.81    19.89
1979    9    69.11    17.30
1979   10    37.21    11.71
1979   11    80.17     6.82
1979   12     9.35     2.71
1980    1    16.77     4.56
1980    2    27.85     4.37
1980    3    85.31     4.30
1980    4    27.76    14.14
1980    5   152.12    15.76
1980    6   130.99    18.33
1980    7   101.89    20.28
1980    8    15.70    22.40
1980    9    10.04    19.67
1980   10    61.03    13.64
1980   11    83.68     8.11
1980   12    41.18     0.08
1981    1     9.12     1.65
1981    2    16.86     1.09
1981    3     1.36     6.03
1981    4   117.77    11.00
1981    5   117.77    17.38
1981    6   227.57    18.06
1981    7    57.13    19.31
1981    8    24.06    22.68
1981    9    17.48    19.37
1981   10    10.98    10.60
1981   11    26.23     9.03
1981   12    30.42     5.33
1982    1    12.93     3.48
1982    2    14.75     4.53
1982    3    46.59     7.09
1982    4    88.28    14.73
1982    5   200.03    13.58
1982    6   177.36    17.37
1982    7    85.19    19.63
1982    8     2.88    22.10
1982    9    45.96    15.44
1982   10    37.00    10.65
1982   11    19.02     8.07
1982   12    25.17     2.93
1983    1    17.22    -0.02
1983    2    53.43    -4.50
1983    3    40.64     7.63
1983    4    54.43    12.07
1983    5   194.21    14.84
1983    6   121.30    16.51
1983    7    42.35    18.27
1983    8    72.28    20.16
1983    9    82.97    16.48
1983   10    29.71    11.32
1983   11    27.23     6.43
1983   12    12.29     3.42
1984    1    29.23     1.75
1984    2    19.44     0.28
1984    3   111.33     1.45
1984    4    79.90    11.95
1984    5   127.54    13.19
1984    6    97.69    18.63
1984    7   107.92    20.96
1984    8    45.50    19.79
1984    9    82.86    17.08
1984   10    22.61    14.65
1984   11     2.36    10.74
1984   12    88.93     2.68
1985    1    45.86     1.08
1985    2    41.30     4.05
1985    3    24.29     8.27
1985    4   102.38    14.17
1985    5   139.58    13.91
1985    6    54.00    17.83
1985    7    51.92    22.53
1985    8    30.41    21.09
1985    9    24.84    20.17
1985   10    51.42    12.40
1985   11    47.31     9.18
1985   12    22.91     4.06
1986    1    48.58     0.31
1986    2    24.66     2.68
1986    3    80.69     4.15
1986    4    52.73    12.22
1986    5   111.01    14.56
1986    6   129.58    17.27
1986    7   125.57    20.88
1986    8    46.16    19.40
1986    9    46.37    16.35
1986   10    38.66     9.81
1986   11    60.69     4.04
1986   12    14.59     5.63
1987    1    19.38     2.55
1987    2     8.16     5.66
1987    3    57.21     7.70
1987    4    15.60    14.04
1987    5    84.79    16.50
1987    6    86.28    19.79
1987    7    24.46    22.46
1987    8    91.87    21.57
1987    9    23.52    19.94
1987   10    66.96    11.77
1987   11    44.41     6.60
1987   12    16.83     1.82
1988    1    23.82     0.92
1988    2     4.34     8.01
1988    3    91.17     7.02
1988    4    65.29    11.88
1988    5    82.79    15.11
1988    6    86.46    18.54
1988    7    27.81    21.98
1988    8    56.96    23.20
1988    9    18.72    19.79
1988   10    70.84    11.73
1988   11     1.74     9.18
1988   12    47.66     2.90
1989    1    25.15     2.36
1989    2    44.30     2.52
1989    3    26.55     8.65
1989    4    55.82    14.54
1989    5   117.62    14.12
1989    6   191.43    17.03
1989    7    25.56    21.67
1989    8    10.63    22.27
1989    9    48.79    19.18
1989   10    35.05    10.79
1989   11    22.97     8.40
1989   12    26.59     5.60
1990    1    15.31     3.11
1990    2    73.89     4.06
1990    3    40.24     5.47
1990    4    42.36    14.36
1990    5   173.82    14.92
1990    6   166.61    16.95
1990    7    73.79    18.50
1990    8    27.62    21.67
1990    9    15.26    19.06
1990   10    66.62    13.53
1990   11    91.61     6.37
1990   12    25.99     2.06
1991    1    13.87     2.68
1991    2    38.44     1.37
1991    3    78.70     5.18
1991    4   119.36     9.74
1991    5   109.02    15.10
1991    6    30.59    17.79
1991    7    32.95    20.26
1991    8    15.37    23.19
1991    9    26.90    19.32
1991   10    47.80    11.51
1991   11    12.14     9.51
1991   12    57.01     3.95
1992    1    25.57     2.42
1992    2    50.42     0.51
1992    3    12.44     3.97
1992    4     5.62    11.97
1992    5   122.01    14.17
1992    6    88.80    17.09
1992    7    88.24    20.62
1992    8    41.54    21.45
1992    9    20.08    18.90
1992   10    18.88    12.06
1992   11    50.26     8.24
1992   12    13.13     3.81
1993    1    20.39     4.27
1993    2    53.20    -0.57
1993    3    30.62     5.21
1993    4    71.97    11.54
1993    5    69.64    15.77
1993    6    81.02    20.80
1993    7   100.52    21.36
1993    8    63.60    21.93
1993    9    43.97    19.93
1993   10    37.14    15.38
1993   11    13.05    10.60
1993   12    26.65     0.66
1994    1    42.43    -0.46
1994    2    16.06     5.88
1994    3    67.50     7.40
1994    4    45.28    10.78
1994    5   130.76    15.20
1994    6   107.13    19.14
1994    7    64.55    21.39
1994    8   124.89    18.10
1994    9     6.84    16.14
1994   10    82.10    11.50
1994   11    16.67     8.62
1994   12     0.92     2.61
1995    1    29.66     0.53
1995    2     1.94     6.16
1995    3    70.35     5.64
1995    4   105.94    10.20
1995    5   106.28    16.70
1995    6    26.84    19.94
1995    7    51.29    21.85
1995    8     3.86    23.10
1995    9     2.63    22.45
1995   10    51.68    12.40
1995   11    85.21     7.26
1995   12    13.57     4.39
1996    1    57.05    -0.23
1996    2    33.81     1.37
1996    3    69.61     2.67
1996    4    61.20    11.54
1996    5   203.34    16.08
1996    6   144.05    19.31
1996    7    55.81    20.21
1996    8    41.77    21.04
1996    9    48.23    16.93
1996   10    64.99    15.21
1996   11   123.70     4.63
1996   12    16.76     4.72
1997    1    10.09     3.35
1997    2    15.03     3.92
1997    3    56.40     4.61
1997    4   193.02     9.61
1997    5    80.72    14.57
1997    6   154.41    18.25
1997    7    82.28    21.10
1997    8    44.27    22.01
1997    9    51.52    18.54
1997   10    64.82    14.50
1997   11    38.35     5.66
1997   12    47.36     4.67
1998    1    29.59     3.34
1998    2    16.77     6.21
1998    3    29.65     9.42
1998    4    99.61    10.51
1998    5   145.73    12.38
1998    6   137.22    19.12
1998    7    92.13    20.35
1998    8    28.42    22.41
1998    9    39.44    20.21
1998   10    42.14    15.12
1998   11    29.08     8.86
1998   12     0.48     5.18
1999    1    36.25     3.15
1999    2    42.43     3.71
1999    3    31.23    10.72
1999    4   102.19    14.83
1999    5   111.94    14.43
1999    6   127.49    18.84
1999    7    21.59    21.67
1999    8     0.70    24.64
1999    9    32.52    20.15
1999   10    31.59    14.14
1999   11    30.39     6.74
1999   12    31.89     1.67
2000    1    25.16    -1.64
2000    2    60.57     1.25
2000    3    41.17     6.59
2000    4   100.23    11.81
2000    5   133.10    16.31
2000    6    95.53    19.99
2000    7    46.69    22.56
2000    8    76.02    23.44
2000    9   159.69    15.72
2000   10    68.36    11.92
2000   11    61.17     7.77
2000   12    32.88     3.17
2001    1    59.92     3.45
2001    2     9.21     3.63
2001    3    63.80     7.20
2001    4    59.20    14.66
2001    5    74.97    15.17
2001    6    93.10    18.06
2001    7    32.62    23.89
2001    8    55.87    20.30
2001    9     9.88    22.40
2001   10    32.34    14.23
2001   11    29.19     9.97
2001   12    40.38     4.42
2002    1    13.73     2.75
2002    2     3.31     6.67
2002    3    25.89     6.45
2002    4    17.93    11.23
2002    5   107.89    17.65
2002    6    96.30    19.78
2002    7   114.73    21.02
2002    8    42.84    21.33
2002    9    14.21    17.02
2002   10    19.51    14.79
2002   11    22.45    10.57
2002   12    54.55     6.10
2003    1    36.53    -2.28
2003    2     6.90     6.84
2003    3    27.91     9.60
2003    4    87.69    12.70
2003    5    85.48    16.72
2003    6    57.52    21.85
2003    7    32.74    23.06
2003    8   101.81    23.23
2003    9    58.48    18.64
2003   10    34.37    11.36
2003   11     5.48     9.85
2003   12    54.35     4.73
2004    1    23.91     0.33
2004    2    13.40     1.60
2004    3    45.59     4.85
2004    4    48.31    11.82
2004    5   152.42    12.53
2004    6   134.39    19.86
2004    7    66.07    22.08
2004    8    48.40    21.28
2004    9    13.59    19.97
2004   10    46.36    16.23
2004   11    72.26     9.34
2004   12    27.33     4.02
2005    1    40.80     1.88
2005    2    47.74     1.90
2005    3    24.47     8.56
2005    4    65.67    16.02
2005    5   208.76    14.89
2005    6   134.03    18.38
2005    7    49.32    20.78
2005    8    13.14    23.74
2005    9    40.47    20.88
2005   10    83.81    10.06
2005   11    60.13     6.51
2005   12    11.81    -0.52
