1850    1    31.78    -0.24
1850    2    57.61     1.21
1850    3    15.60     6.94
1850    4    25.63    10.69
1850    5    53.72    18.39
1850    6    54.80    22.28
1850    7   164.22    19.23
1850    8    27.88    20.94
1850    9    30.91    20.01
1850   10    14.54    15.44
1850   11    38.37     0.43
1850   12    43.76    -1.57
1851    1    20.31    -3.37
1851    2    34.82    -2.38
1851    3    39.03     3.02
1851    4    62.68    12.05
1851    5   132.31    15.34
1851    6   161.41    18.97
1851    7    42.88    21.22
1851    8    37.34    25.53
1851    9    66.31    18.92
1851   10    15.58    12.50
1851   11    17.77     8.88
1851   12     5.85     7.62
1852    1    43.48     0.02
1852    2    47.32     0.48
1852    3    50.78     4.62
1852    4    55.79    11.31
1852    5    52.11    19.12
1852    6   119.41    19.20
1852    7    42.88    20.35
1852    8    51.20    22.76
1852    9    75.99    19.85
1852   10    15.27    13.80
1852   11    13.74     7.40
1852   12     5.07     3.40
1853    1    57.86    -2.27
1853    2    27.41     5.07
1853    3    52.21     0.91
1853    4    42.22    12.50
1853    5   105.30    13.88
1853    6    47.47    20.45
1853    7    47.86    22.33
1853    8    18.11    22.51
1853    9    22.68    20.81
1853   10    26.29    14.03
1853   11     8.36     9.28
1853   12     0.75     2.60
1854    1    33.16     2.27
1854    2    17.61     6.00
1854    3    59.55     8.18
1854    4   155.70    10.65
1854    5    73.58    18.19
1854    6    91.77    18.02
1854    7    39.20    21.24
1854    8     7.24    23.81
1854    9     0.70    21.64
1854   10    34.68    13.91
1854   11    14.95     7.74
1854   12    26.11    -1.22
1855    1    49.87     1.60
1855    2    62.50     2.02
1855    3    21.94     7.53
1855    4    45.51     7.76
1855    5    83.28    14.93
1855    6    98.67    17.84
1855    7    38.70    20.54
1855    8    28.01    20.45
1855    9     9.82    18.07
1855   10    40.98     9.52
1855   11    23.37     8.64
1855   12    20.02     0.24
1856    1    21.94     2.23
1856    2    20.53     5.43
1856    3    62.88     7.89
1856    4    45.65    12.91
1856    5    34.98    15.22
1856    6    27.52    18.96
1856    7    56.80    21.29
1856    8    14.05    24.07
1856    9    22.37    18.17
1856   10    47.16    10.65
1856   11     6.63     7.88
1856   12    43.35     4.01
1857    1    28.43     1.70
1857    2   106.14    -1.15
1857    3    62.33     9.11
1857    4    51.59     9.44
1857    5    82.99    14.21
1857    6    80.28    17.49
1857    7    46.49    19.98
1857    8    47.10    20.95
1857    9    71.13    13.47
1857   10     9.25    10.57
1857   11    53.10     8.27
1857   12    11.76    -0.18
1858    1    32.31    -2.44
1858    2     4.83     1.16
1858    3    21.14     3.41
1858    4    25.22     9.49
1858    5    74.38    16.74
1858    6   110.15    17.56
1858    7    62.02    21.26
1858    8    16.66    21.95
1858    9     0.09    21.43
1858   10    30.61     9.94
1858   11    68.06     4.61
1858   12    69.23     3.10
1859    1    40.17    -2.14
1859    2    10.46    -3.54
1859    3    19.27     8.66
1859    4    35.02    12.76
1859    5   149.57    14.68
1859    6   123.59    18.36
1859    7    72.95    18.84
1859    8    66.52    20.21
1859    9    24.95    17.54
1859   10    30.37    14.43
1859   11    25.00     7.59
1859   12    33.11     2.82
1860    1    31.36    -1.19
1860    2    33.11    -1.35
1860    3    31.24     4.72
1860    4    33.13    10.68
1860    5   163.37    14.46
1860    6   103.42    19.71
1860    7    51.68    22.75
1860    8   171.45    19.18
1860    9     5.29    19.07
1860   10    29.13    10.48
1860   11    67.56     7.72
1860   12    16.83    -0.63
1861    1    31.65    -1.62
1861    2    14.76     2.11
1861    3    50.36     2.30
1861    4   115.70    11.48
1861    5   116.13    15.86
1861    6    93.90    17.30
1861    7    37.81    20.29
1861    8    51.16    22.43
1861    9    37.04    18.24
1861   10    28.57    13.86
1861   11    13.90     7.29
1861   12    21.71     3.63
1862    1    18.87     4.88
1862    2    46.69     3.14
1862    3    30.26     6.09
1862    4    60.81    10.71
1862    5    28.44    16.88
1862    6   129.57    16.51
1862    7    78.18    23.65
1862    8    43.42    23.03
1862    9    29.28    20.60
1862   10    87.50     8.21
1862   11    38.58     4.84
1862   12    32.79    -1.44
1863    1    41.18     2.77
1863    2    41.32     2.06
1863    3    10.32     6.19
1863    4    43.97    13.07
1863    5   120.34    17.81
1863    6   100.49    19.71
1863    7    74.33    21.23
1863    8    53.97    23.21
1863    9     3.45    21.07
1863   10    19.35    10.94
1863   11    53.74     5.27
1863   12    55.71    -2.77
1864    1    19.86    -4.62
1864    2     6.57     3.48
1864    3    45.64     9.21
1864    4   106.26    10.66
1864    5    76.02    17.73
1864    6    90.86    16.75
1864    7    65.84    20.25
1864    8     4.15    22.17
1864    9    37.76    16.21
1864   10    16.52    14.04
1864   11    28.61     7.03
1864   12    40.65     0.72
1865    1    31.10     0.13
1865    2    22.31    -0.91
1865    3    31.60     8.07
1865    4    45.57    10.14
1865    5    66.66    15.99
1865    6   123.26    19.46
1865    7    46.68    20.23
1865    8    49.59    20.59
1865    9    73.73    16.54
1865   10    16.84    10.68
1865   11    68.76     4.55
1865   12    17.19     3.33
1866    1    39.29     0.30
1866    2    20.48     1.85
1866    3    25.19     9.17
1866    4   115.64    11.05
1866    5   161.36    13.61
1866    6    82.33    17.79
1866    7    87.41    18.74
1866    8    36.29    20.03
1866    9    51.73    16.74
1866   10    25.15    14.73
1866   11    21.00     8.71
1866   12    56.23     4.40
1867    1    43.30     0.01
1867    2    23.15    -0.84
1867    3    27.44     6.61
1867    4    62.59     8.87
1867    5    69.34    14.80
1867    6    75.22    17.83
1867    7    55.82    20.82
1867    8    10.62    24.16
1867    9     0.93    21.41
1867   10    17.12    16.59
1867   11    16.92     7.29
1867   12    16.03     2.36
1868    1    29.84    -1.11
1868    2    37.35     4.03
1868    3    71.89     6.24
1868    4    55.95     9.06
1868    5   102.02    15.83
1868    6   104.17    20.38
1868    7    83.72    20.35
1868    8    10.56    20.56
1868    9    18.32    18.33
1868   10    14.20    13.58
1868   11    33.98     7.57
1868   12    12.96     7.42
1869    1    36.92     2.10
1869    2    58.04    -0.31
1869    3    14.64     6.31
1869    4    66.22    10.21
1869    5   100.83    16.08
1869    6   126.83    18.19
1869    7    74.48    19.76
1869    8     8.67    20.94
1869    9    22.22    16.25
1869   10    22.50    13.14
1869   11     3.27     7.52
1869   12    32.61     0.26
1870    1    21.96     0.64
1870    2    10.90     2.06
1870    3    44.47     7.63
1870    4    37.96    11.78
1870    5    35.43    17.57
1870    6    88.36    20.10
1870    7    90.11    23.07
1870    8    15.93    21.76
1870    9    32.61    19.57
1870   10    14.72    13.96
1870   11    33.34     8.28
1870   12    18.79     4.64
1871    1    28.22    -1.38
1871    2    22.99     1.04
1871    3    28.45     9.96
1871    4    49.81     9.77
1871    5   105.35    14.51
1871    6    96.90    17.22
1871    7    61.87    20.92
1871    8    56.02    22.19
1871    9     5.68    20.70
1871   10     3.25    16.58
1871   11    71.68     4.12
1871   12     4.02     5.26
1872    1    20.75    -0.91
1872    2    28.70    -3.40
1872    3    36.10     2.80
1872    4    22.28    13.13
1872    5   129.87    15.86
1872    6    50.40    18.41
1872    7    15.83    23.41
1872    8    20.82    21.10
1872    9    31.34    15.54
1872   10    20.03    11.90
1872   11     4.75     9.89
1872   12    13.74     6.36
1873    1    29.39     1.61
1873    2     9.42     2.43
1873    3    37.55     4.84
1873    4   118.59    11.32
1873    5    72.33    14.15
1873    6    43.41    18.53
1873    7    60.23    21.55
1873    8     5.89    22.64
1873    9     2.03    19.54
1873   10     0.22    16.93
1873   11     0.00    11.58
1873   12    25.78     3.56
1874    1    17.89     0.85
1874    2    17.60     0.07
1874    3    55.01     7.03
1874    4    70.66    11.82
1874    5    46.62    16.32
1874    6    47.68    21.06
1874    7     5.83    23.39
1874    8    25.27    20.35
1874    9   123.13    14.49
1874   10    12.93     9.35
1874   11    22.32     5.62
1874   12     7.86     5.03
1875    1    34.03    -1.03
1875    2    15.43     6.60
1875    3    52.96     5.22
1875    4   107.03    10.29
1875    5   119.88    14.30
1875    6   124.86    16.83
1875    7    43.83    18.48
1875    8    56.98    16.84
1875    9    64.52    14.37
1875   10    35.60    12.52
1875   11    37.60     5.70
1875   12    40.67     2.46
1876    1    21.45     2.59
1876    2    23.28     4.84
1876    3    26.05     9.64
1876    4   107.55    11.13
1876    5    90.52    16.82
1876    6   108.23    18.71
1876    7    36.91    19.45
1876    8    42.71    20.76
1876    9     0.38    21.46
1876   10    16.83    14.80
1876   11    40.10     7.21
1876   12    55.98     1.14
1877    1    14.95     3.40
1877    2    29.58     1.35
1877    3    52.96     2.07
1877    4   146.92     7.38
1877    5    36.50    15.22
1877    6   141.12    16.89
1877    7    45.39    20.35
1877    8    51.42    19.73
1877    9    29.22    18.59
1877   10    44.42    10.10
1877   11    34.18     6.70
1877   12    59.03     4.45
1878    1    68.32     0.33
1878    2    26.30     3.89
1878    3    35.68     4.00
1878    4    30.77    10.08
1878    5    67.71    12.19
1878    6   148.20    18.63
1878    7    95.04    19.60
1878    8    97.58    16.98
1878    9    37.45    14.18
1878   10    23.89    12.24
1878   11    39.23     3.68
1878   12    24.82     1.68
1879    1    38.47     0.57
1879    2    15.27     4.38
1879    3    38.38     5.95
1879    4    77.77     7.56
1879    5   103.25    15.95
1879    6    90.70    17.78
1879    7    68.95    20.30
1879    8    47.44    21.00
1879    9    34.98    17.94
1879   10    46.76    11.36
1879   11    18.39     8.57
1879   12    50.77     2.49
1880    1    40.32    -0.60
1880    2    48.68     2.97
1880    3    35.98     8.82
1880    4    26.18    14.13
1880    5    85.36    16.11
1880    6    74.71    19.15
1880    7   168.50    20.00
1880    8    22.52    21.38
1880    9    22.67    18.08
1880   10    27.19    12.07
1880   11    29.85     6.86
1880   12    19.28     3.02
1881    1    24.68    -3.78
1881    2    30.59     0.13
1881    3    16.35     3.84
1881    4    56.45    13.74
1881    5    55.95    16.17
1881    6    71.94    19.95
1881    7    64.26    21.18
1881    8    10.03    24.02
1881    9     6.98    18.56
1881   10    32.17    10.82
1881   11    52.03     6.61
1881   12    39.49     4.16
1882    1    40.89     2.10
1882    2    16.24     2.63
1882    3    21.79     8.68
1882    4    39.07    13.28
1882    5    74.93    16.27
1882    6   125.42    19.24
1882    7    27.75    20.50
1882    8    32.20    21.92
1882    9    23.02    18.68
1882   10     0.51    13.76
1882   11    19.93     6.38
1882   12    35.52     2.64
1883    1    38.33     1.19
1883    2    44.06     5.40
1883    3    27.66     4.20
1883    4    87.26    13.54
1883    5   106.36    16.30
1883    6    83.51    17.06
1883    7    54.26    20.48
1883    8    44.97    22.33
1883    9    92.20    16.15
1883   10    45.21    11.89
1883   11    58.60     5.53
1883   12    16.21     0.76
1884    1    15.20     2.51
1884    2    16.73     3.53
1884    3    24.00     7.60
1884    4    74.18     9.74
1884    5   109.29    16.15
1884    6   101.19    16.79
1884    7    34.79    19.93
1884    8    34.49    19.76
1884    9    24.25    15.28
1884   10    28.17     9.60
1884   11    18.61     7.05
1884   12    85.81     3.71
1885    1    46.69     1.95
1885    2    46.77     3.36
1885    3    29.61     5.64
1885    4   119.55     9.45
1885    5    85.01    15.16
1885    6   114.48    15.86
1885    7    31.25    21.28
1885    8    37.33    21.68
1885    9    36.36    16.84
1885   10    80.30    10.22
1885   11    21.52     8.19
1885   12    46.71     2.56
1886    1    19.05     1.15
1886    2    32.34    -1.19
1886    3    24.79     1.20
1886    4    93.05    12.51
1886    5   205.85    13.74
1886    6    79.59    17.55
1886    7    49.86    17.87
1886    8    52.10    20.35
1886    9    50.31    13.91
1886   10    27.96    10.66
1886   11    11.37     8.88
1886   12    25.86     5.26
1887    1   108.00    -3.12
1887    2    61.91     3.03
1887    3    19.50     5.74
1887    4    43.42    12.19
1887    5   151.93    13.56
1887    6    45.42    18.84
1887    7    56.80    19.50
1887    8    20.60    21.16
1887    9    58.99    15.54
1887   10    32.30    11.38
1887   11    56.74     0.84
1887   12    22.55     6.30
1888    1    25.09     3.39
1888    2    31.00     3.24
1888    3    64.81     2.25
1888    4    34.40     7.30
1888    5    91.80    14.16
1888    6   153.51    16.88
1888    7    64.80    19.17
1888    8    53.92    20.58
1888    9    27.32    14.47
1888   10    31.63     9.34
1888   11    22.79     5.49
1888   12    28.98     0.25
1889    1    38.08     1.45
1889    2     5.15     4.34
1889    3    45.44     8.61
1889    4    51.11     9.51
1889    5    39.79    14.64
1889    6    64.19    16.65
1889    7    70.10    20.78
1889    8     9.87    20.82
1889    9     8.34    18.20
1889   10    21.12    11.05
1889   11    22.33     7.32
1889   12    57.07    -0.90
1890    1    58.67    -0.70
1890    2    70.62    -0.39
1890    3    25.86     6.17
1890    4    94.09    11.86
1890    5   162.87    14.26
1890    6   134.92    17.38
1890    7   148.26    19.54
1890    8    44.05    21.81
1890    9     8.91    15.85
1890   10     5.54    12.31
1890   11    47.90     2.64
1890   12    21.32     4.03
1891    1    46.27    -1.41
1891    2    25.86    -7.35
1891    3    31.86     8.14
1891    4    12.31    12.23
1891    5    55.75    16.79
1891    6    68.24    16.91
1891    7    66.87    20.98
1891    8    80.94    18.34
1891    9    31.66    17.21
1891   10    20.04    13.25
1891   11    26.86     4.19
1891   12    30.40    -0.03
1892    1    63.19    -2.69
1892    2    26.73    -0.51
1892    3     8.56     3.84
1892    4    64.12    10.65
1892    5    71.92    15.74
1892    6   128.89    17.61
1892    7    77.09    18.66
1892    8    66.80    19.14
1892    9    11.75    16.96
1892   10    27.09    12.90
1892   11    27.08     7.29
1892   12    21.89     0.95
1893    1    19.82     1.76
1893    2    31.50    -0.62
1893    3    68.32     5.52
1893    4    91.69    13.65
1893    5   102.26    13.43
1893    6   142.75    16.65
1893    7    97.17    17.50
1893    8     7.85    18.60
1893    9    36.52    17.61
1893   10    55.65    13.50
1893   11    37.66     0.71
1893   12     7.16    -4.95
1894    1    35.91    -6.57
1894    2    21.73    -1.76
1894    3    92.84     4.60
1894    4    22.55    12.11
1894    5   100.73    14.56
1894    6    92.69    17.16
1894    7   117.56    17.64
1894    8     4.00    21.89
1894    9    22.54    17.71
1894   10    10.29    14.87
1894   11    80.53     5.79
1894   12    37.25     3.29
1895    1    31.99     1.89
1895    2    50.94     1.92
1895    3    31.81     7.54
1895    4    77.50    15.04
1895    5    83.77    16.00
1895    6    73.47    17.51
1895    7    94.51    22.91
1895    8    18.75    24.57
1895    9    30.98    18.61
1895   10     5.85    15.71
1895   11    25.56     6.94
1895   12     6.72     0.81
1896    1    48.37    -4.12
1896    2    16.66     3.52
1896    3    26.78     7.38
1896    4   131.85     9.47
1896    5   173.82    14.94
1896    6    88.60    17.54
1896    7    33.60    18.82
1896    8    48.57    20.90
1896    9     6.21    19.91
1896   10    86.95    11.58
1896   11    34.39     5.50
1896   12    14.35     0.78
1897    1    37.58     0.16
1897    2    24.45     1.81
1897    3    20.47     8.82
1897    4    80.99    10.79
1897    5    86.09    16.41
1897    6    17.79    18.26
1897    7    38.42    21.55
1897    8    37.81    21.15
1897    9    20.35    16.92
1897   10    45.88    11.93
1897   11     7.11     6.92
1897   12    17.90     1.30
1898    1     2.91    -0.15
1898    2    28.76    -1.86
1898    3    28.18     3.41
1898    4    55.65    13.19
1898    5    40.61    17.00
1898    6   119.46    17.57
1898    7    10.28    21.13
1898    8     4.25    24.18
1898    9     6.15    19.52
1898   10    12.32     8.61
1898   11    27.82     9.89
1898   12    54.52    -0.04
1899    1    30.66    -0.55
1899    2    24.91     1.86
1899    3    40.03     8.51
1899    4    52.60     8.17
1899    5    82.54    14.82
1899    6    55.27    18.59
1899    7   120.45    18.76
1899    8    18.83    20.16
1899    9    48.17    16.74
1899   10    29.95    10.78
1899   11    22.32     7.79
1899   12    11.14     2.46
1900    1    33.74    -2.43
1900    2    21.64     3.68
1900    3    43.06     5.14
1900    4    30.52    13.72
1900    5    61.84    15.65
1900    6    28.78    17.58
1900    7    81.36    21.27
1900    8    29.48    21.36
1900    9    21.55    18.83
1900   10     8.77    14.24
1900   11    63.39     7.28
1900   12    19.52     3.33
1901    1    33.35     3.66
1901    2    40.96    -0.81
1901    3    63.11     6.06
1901    4    59.12    12.28
1901    5   117.37    13.97
1901    6    49.51    17.74
1901    7    52.22    20.32
1901    8    17.58    21.40
1901    9    47.47    17.67
1901   10    17.32    14.26
1901   11     0.93     7.51
1901   12    21.13     1.83
1902    1    10.62     0.33
1902    2    22.46     2.87
1902    3    50.09     5.59
1902    4    20.75    10.53
1902    5    36.03    15.13
1902    6    95.65    21.63
1902    7    80.58    22.09
1902    8    37.23    25.06
1902    9    27.48    19.04
1902   10     3.85    16.69
1902   11     8.09     4.80
1902   12    11.67     4.31
1903    1    26.32     1.27
1903    2    53.63    -8.58
1903    3    22.58     4.67
1903    4    69.70    11.56
1903    5   181.68    14.21
1903    6   124.18    17.84
1903    7    52.13    21.72
1903    8    31.01    20.51
1903    9    20.23    19.32
1903   10    50.10     8.28
1903   11    29.12     6.26
1903   12    64.40     4.20
1904    1    12.60     3.76
1904    2    61.00     2.57
1904    3    59.25     5.48
1904    4   120.26    11.26
1904    5    91.19    13.00
1904    6    84.32    17.09
1904    7    84.15    19.08
1904    8    49.35    21.34
1904    9    14.09    16.19
1904   10    29.05    10.95
1904   11     4.07     5.20
1904   12    14.44     3.88
1905    1    14.81     1.43
1905    2    38.64     0.25
1905    3    38.22     4.21
1905    4    41.54     8.68
1905    5   117.12    14.97
1905    6   107.34    18.58
1905    7    46.49    19.91
1905    8    35.98    21.23
1905    9     5.81    16.51
1905   10     7.51    13.50
1905   11     0.80     7.28
1905   12    15.84     3.38
1906    1    23.45     1.08
1906    2    40.09    -1.17
1906    3    29.81     7.58
1906    4    41.07    11.15
1906    5    56.50    16.43
1906    6    55.34    18.55
1906    7    41.62    23.21
1906    8    34.33    21.65
1906    9    94.91    17.78
1906   10    28.24    11.41
1906   11    39.87     6.67
1906   12    42.00     2.45
1907    1    44.55     2.53
1907    2    32.52     6.22
1907    3    38.88     5.49
1907    4    46.73    13.39
1907    5    72.84    14.65
1907    6    84.03    18.14
1907    7    57.30    18.90
1907    8    31.96    23.58
1907    9    59.61    17.47
1907   10     5.80     9.94
1907   11    22.88     7.57
1907   12    29.14     1.34
1908    1    42.60    -5.98
1908    2    39.14    -1.14
1908    3    24.30     4.28
1908    4    31.13    13.14
1908    5    97.12    13.79
1908    6    57.51    19.99
1908    7     8.08    23.96
1908    8    28.93    22.56
1908    9    19.67    19.07
1908   10    46.36    14.01
1908   11    36.68     4.38
1908   12    49.34     0.75
1909    1    26.36    -3.58
1909    2    33.16     3.95
1909    3    24.70     3.05
1909    4    21.32    13.20
1909    5    59.72    17.53
1909    6    76.85    19.03
1909    7    57.43    21.37
1909    8    19.01    20.19
1909    9    22.27    15.42
1909   10    31.54     9.55
1909   11    57.77     5.21
1909   12    22.39     2.71
1910    1    33.47     2.55
1910    2     7.97     5.04
1910    3    24.10     8.33
1910    4    61.74    11.29
1910    5    56.26    13.57
1910    6    70.11    18.31
1910    7    45.95    20.62
1910    8    20.74    23.94
1910    9     8.80    20.87
1910   10     2.86    13.68
1910   11    19.82     5.34
1910   12    24.33     2.22
1911    1    35.85    -0.86
1911    2    12.09     0.73
1911    3    29.92     5.04
1911    4    67.23     8.98
1911    5    74.17    16.16
1911    6   163.32    16.26
1911    7    48.52    20.79
1911    8     8.13    22.04
1911    9     6.85    21.17
1911   10    26.96    15.60
1911   11    45.29     4.72
1911   12    37.46     3.90
1912    1    22.37     2.03
1912    2    25.45     2.90
1912    3    37.76     6.30
1912    4    68.04    12.42
1912    5   160.11    14.74
1912    6   105.52    18.11
1912    7    76.68    18.90
1912    8    28.35    22.20
1912    9    34.42    16.76
1912   10    20.40    13.30
1912   11    75.49     6.30
1912   12    42.12     5.08
1913    1     4.13     2.15
1913    2    24.82     1.21
1913    3    27.14     8.38
1913    4    51.06    13.67
1913    5    70.96    16.17
1913    6    96.22    18.93
1913    7    57.73    20.56
1913    8    64.19    21.75
1913    9    26.37    17.23
1913   10    33.66    10.74
1913   11    31.49     7.59
1913   12    35.96     2.93
1914    1    29.55     1.10
1914    2     5.37     2.53
1914    3    28.82     8.05
1914    4   101.63    13.73
1914    5   112.23    14.98
1914    6   119.99    16.20
1914    7   120.86    18.48
1914    8    49.31    17.96
1914    9   137.93    13.10
1914   10    69.69     6.66
1914   11    26.62     6.40
1914   12    20.02     4.36
1915    1    28.65     0.50
1915    2    10.19     5.87
1915    3    51.37     8.93
1915    4    47.00    12.41
1915    5   167.49    15.44
1915    6    86.15    16.48
1915    7    40.50    20.71
1915    8    32.34    20.40
1915    9    57.16    15.85
1915   10    14.36    13.44
1915   11     1.70     8.36
1915   12    28.85     2.53
1916    1    22.59     0.80
1916    2    44.62     2.26
1916    3    64.09     1.41
1916    4    92.15    11.02
1916    5   121.47    14.06
1916    6    41.15    17.16
1916    7    52.96    19.30
1916    8    67.76    20.03
1916    9    25.99    15.68
1916   10    59.68     6.29
1916   11    16.06     8.20
1916   12    21.31    -4.85
1917    1    30.17    -2.28
1917    2    22.11    -1.16
1917    3     0.95     6.76
1917    4    52.30     9.95
1917    5   161.00    14.20
1917    6    86.76    18.88
1917    7    77.83    20.47
1917    8    64.84    22.48
1917    9    75.85    18.29
1917   10    16.99    14.15
1917   11    33.03     6.44
1917   12     9.24     2.46
1918    1    17.55    -5.67
1918    2    19.86     1.92
1918    3    30.10     7.45
1918    4    16.40     8.91
1918    5   129.75    14.25
1918    6   106.60    16.96
1918    7    69.85    20.02
1918    8    19.01    20.42
1918    9    13.01    16.20
1918   10     4.01    11.46
1918   11    16.00     4.23
1918   12    24.67     4.40
1919    1    46.75    -1.06
1919    2    34.93    -1.16
1919    3    14.20     8.02
1919    4    53.96    11.23
1919    5    99.32    17.35
1919    6    70.68    20.54
1919    7    51.11    21.85
1919    8     7.37    21.35
1919    9    53.69    18.42
1919   10    49.58    13.39
1919   11    20.89     7.83
1919   12    23.78     3.54
1920    1    30.70     1.99
1920    2    11.91     2.41
1920    3     7.51     5.17
1920    4   113.43    10.35
1920    5    58.51    14.84
1920    6    84.06    17.93
1920    7   130.55    19.56
1920    8    43.64    20.43
1920    9    12.71    20.61
1920   10    18.24    14.36
1920   11    12.74    10.15
1920   12    67.58     0.37
1921    1    51.43     1.79
1921    2     5.36     1.73
1921    3    16.81     6.85
1921    4    23.61    11.31
1921    5    75.97    15.24
1921    6   114.44    17.39
1921    7   111.33    20.53
1921    8    39.58    21.10
1921    9    24.70    20.14
1921   10    39.31    13.72
1921   11    48.32     2.22
1921   12    49.19     3.72
1922    1    37.70    -1.04
1922    2    14.75     2.24
1922    3    30.83     5.37
1922    4     2.19    13.33
1922    5    97.36    17.19
1922    6    49.80    18.59
1922    7    65.64    21.05
1922    8    49.03    22.71
1922    9    29.83    15.79
1922   10    44.97    10.70
1922   11    39.27     4.78
1922   12    18.92     1.45
1923    1    21.20     6.41
1923    2    43.05     1.87
1923    3    25.69     2.58
1923    4    25.38    11.75
1923    5    98.24    15.28
1923    6   164.56    16.32
1923    7    61.40    19.70
1923    8     1.38    23.56
1923    9     1.24    21.69
1923   10    25.93    13.75
1923   11    12.31     9.13
1923   12    24.06     1.00
1924    1    20.04     2.74
1924    2    47.54     1.18
1924    3    19.10     9.52
1924    4    51.21    13.21
1924    5    87.17    17.33
1924    6   117.89    18.85
1924    7    54.25    21.88
1924    8    73.43    21.97
1924    9    44.71    16.00
1924   10     4.43    10.84
1924   11    55.38     6.64
1924   12    18.79    -4.18
1925    1    18.95     2.34
1925    2     6.28    -2.37
1925    3    34.30     3.78
1925    4    26.06    12.42
1925    5    59.67    16.49
1925    6   130.23    18.95
1925    7    26.02    20.33
1925    8     9.18    21.59
1925    9    19.35    15.99
1925   10    32.65     8.41
1925   11    48.32     3.98
1925   12    45.27     2.27
1926    1    20.39     0.35
1926    2    16.27     1.16
1926    3    24.85    10.96
1926    4    17.53    13.40
1926    5    47.37    16.34
1926    6    78.46    19.94
1926    7    40.58    22.87
1926    8    28.46    21.15
1926    9     0.03    21.74
1926   10    14.07    15.28
1926   11    15.46     8.13
1926   12     5.30     5.13
1927    1    70.05    -0.18
1927    2     5.91    -0.51
1927    3    21.82     7.51
1927    4    25.35    10.35
1927    5   158.32    17.77
1927    6   106.07    17.80
1927    7    59.80    20.20
1927    8    18.53    19.97
1927    9    58.74    19.26
1927   10    27.93    15.53
1927   11    29.37     7.12
1927   12    29.20    -0.73
1928    1    42.98    -5.86
1928    2    16.59    -0.72
1928    3    80.11     4.44
1928    4    23.22    10.79
1928    5   144.06    14.51
1928    6    28.32    17.76
1928    7    31.05    20.72
1928    8     2.13    24.02
1928    9     9.30    20.86
1928   10    54.12    12.45
1928   11    32.13    10.11
1928   12    27.95     5.74
1929    1    22.09     0.23
1929    2    16.86     1.32
1929    3    64.38     6.25
1929    4    42.26    12.76
1929    5    49.95    15.91
1929    6   127.26    18.10
1929    7   103.41    20.73
1929    8    33.42    21.79
1929    9    21.45    18.81
1929   10    19.16    11.92
1929   11    11.19     6.25
1929   12    26.66     3.38
1930    1    34.49     1.85
1930    2    34.54     3.94
1930    3    63.63     6.74
1930    4    32.90    11.48
1930    5    49.39    17.23
1930    6    90.65    18.13
1930    7    68.89    19.87
1930    8    21.55    22.70
1930    9    79.99    16.91
1930   10    24.96    11.64
1930   11     7.92    10.05
1930   12    29.87     3.68
1931    1    20.11     1.83
1931    2    23.24     1.72
1931    3     9.51     8.36
1931    4    73.17    10.98
1931    5    89.84    14.52
1931    6   141.79    18.46
1931    7   118.03    19.71
1931    8    11.53    21.16
1931    9    32.97    13.75
1931   10    26.71     9.13
1931   11    20.38     7.31
1931   12    28.36     6.62
1932    1    11.41     4.62
1932    2    25.75     2.50
1932    3    21.81     5.22
1932    4    50.16    12.00
1932    5    65.33    18.12
1932    6   103.95    17.32
1932    7    67.17    21.50
1932    8    36.97    21.51
1932    9     2.52    18.90
1932   10    32.03    14.93
1932   11    35.10     7.26
1932   12     5.62     3.49
1933    1    38.79    -0.26
1933    2    26.36     6.90
1933    3    40.82     5.89
1933    4     6.30    14.37
1933    5    82.86    16.39
1933    6    37.84    18.76
1933    7     9.50    21.08
1933    8     4.24    21.57
1933    9    13.03    16.89
1933   10    26.14    12.36
1933   11    12.28     7.37
1933   12    12.07     0.22
1934    1    32.10     3.01
1934    2    27.60    -0.79
1934    3    62.74     6.12
1934    4    49.76    12.24
1934    5    16.84    15.25
1934    6   143.19    19.42
1934    7    65.60    20.79
1934    8    76.72    21.69
1934    9    20.30    16.70
1934   10     7.52    14.57
1934   11    55.25     5.83
1934   12    42.13    -2.51
1935    1    43.52     1.58
1935    2    41.09     4.18
1935    3    64.61     6.60
1935    4   107.67    12.25
1935    5   163.70    12.85
1935    6   108.93    18.59
1935    7    66.83    20.30
1935    8    62.19    20.86
1935    9    81.93    15.50
1935   10    34.25     8.60
1935   11    15.83     8.11
1935   12     4.33     3.88
1936    1    38.90     0.37
1936    2     4.01     2.78
1936    3    31.82     6.57
1936    4    77.34    10.74
1936    5    55.12    17.18
1936    6    82.58    17.75
1936    7    68.19    22.29
1936    8    41.19    23.14
1936    9     1.12    20.83
1936   10    38.00    13.69
1936   11    95.94     1.85
1936   12     7.88     0.87
1937    1    42.13     0.71
1937    2    16.07    -0.74
1937    3    44.25     8.20
1937    4    55.02    12.00
1937    5    36.35    16.23
1937    6    28.88    19.75
1937    7    23.55    23.79
1937    8    52.02    20.43
1937    9    20.83    17.96
1937   10     4.63    11.81
1937   11    18.96     4.88
1937   12    19.52     0.44
1938    1    25.13    -2.90
1938    2    17.94     5.45
1938    3    42.59     6.78
1938    4    78.00     9.71
1938    5    29.10    14.28
1938    6    35.88    18.03
1938    7    13.80    23.53
1938    8    77.75    19.99
1938    9    46.42    17.32
1938   10    13.06    15.83
1938   11    51.16     5.34
1938   12    19.96    -2.51
1939    1    20.78     0.12
1939    2    23.00     3.33
1939    3    26.12     9.36
1939    4    19.93    13.10
1939    5    68.72    15.69
1939    6    63.88    18.14
1939    7    26.25    22.91
1939    8    21.64    21.18
1939    9    53.42    16.85
1939   10    22.12    10.68
1939   11     8.51     8.84
1939   12    11.33     2.00
1940    1    37.59    -3.97
1940    2    23.53    -2.42
1940    3    42.60     4.71
1940    4    82.60     9.92
1940    5    74.29    15.72
1940    6   104.83    18.29
1940    7    94.67    18.83
1940    8     0.62    23.10
1940    9    40.29    18.28
1940   10    17.81    11.77
1940   11     9.14     9.28
1940   12    62.24     1.86
1941    1    48.93     1.72
1941    2     4.16    -2.39
1941    3    47.72     0.17
1941    4    47.61    10.79
1941    5    60.53    17.43
1941    6    81.31    21.18
1941    7    10.53    24.13
1941    8     0.19    25.21
1941    9    38.70    19.55
1941   10    21.77    13.73
1941   11    35.70     6.06
1941   12     6.58     2.14
1942    1    34.72     3.22
1942    2    27.51     0.24
1942    3    32.78     5.06
1942    4    32.77    12.02
1942    5    99.49    14.78
1942    6   133.69    18.55
1942    7    38.86    18.99
1942    8    35.11    21.31
1942    9     0.44    20.69
1942   10    86.21     8.50
1942   11    31.20     4.75
1942   12    18.05     4.94
1943    1    22.49     1.13
1943    2    25.12    -1.77
1943    3    53.59     2.50
1943    4    68.63    12.26
1943    5    96.82    15.54
1943    6    58.26    17.23
1943    7   159.62    18.30
1943    8    33.48    20.93
1943    9     4.97    19.71
1943   10    12.64    15.85
1943   11    19.54     9.11
1943   12    46.54     0.50
1944    1    14.09     1.53
1944    2    22.29     4.61
1944    3    75.82     7.24
1944    4    48.83     7.98
1944    5    39.10    15.83
1944    6   100.76    18.09
1944    7    45.71    23.79
1944    8     8.54    22.55
1944    9    32.37    20.22
1944   10    54.34    12.16
1944   11    19.52     4.27
1944   12    30.58     2.26
1945    1    21.55     0.24
1945    2    26.90     2.99
1945    3    38.90     6.32
1945    4    42.35    10.59
1945    5   118.20    14.24
1945    6    58.82    19.44
1945    7    53.02    21.66
1945    8     4.41    21.89
1945    9     8.66    19.84
1945   10    53.55    11.45
1945   11    14.55     7.93
1945   12     9.93     3.39
1946    1    26.45     3.17
1946    2    59.63     4.72
1946    3    72.04     5.91
1946    4    49.63    10.39
1946    5    94.61    15.07
1946    6   108.67    16.92
1946    7    90.88    19.60
1946    8    19.46    18.59
1946    9    12.32    17.12
1946   10     8.90    13.37
1946   11    58.39     5.95
1946   12    51.78     0.34
1947    1    23.99     4.42
1947    2    55.45     0.87
1947    3    16.11     5.73
1947    4    98.71    10.14
1947    5   117.92    14.96
1947    6   115.63    15.33
1947    7    62.09    19.65
1947    8    33.01    18.83
1947    9    49.02    19.64
1947   10    10.62    13.57
1947   11     9.86    10.26
1947   12    47.91     2.52
1948    1    52.07    -4.08
1948    2    13.93     0.33
1948    3    58.37     8.32
1948    4    39.59    13.46
1948    5    90.51    13.56
1948    6   118.86    19.46
1948    7    57.63    20.32
1948    8    11.60    20.79
1948    9    13.20    20.50
1948   10    43.63    13.67
1948   11    25.30     6.45
1948   12    15.23     2.39
1949    1    43.59    -0.25
1949    2     2.09     3.80
1949    3    39.68     4.64
1949    4    75.28    12.32
1949    5    43.32    16.82
1949    6   169.41    20.47
1949    7    90.36    22.01
1949    8    12.18    22.30
1949    9    33.71    18.74
1949   10    46.16    10.71
1949   11    58.38     5.86
1949   12    24.37     4.53
1950    1    45.77    -1.41
1950    2    32.10    -0.22
1950    3    48.02    11.41
1950    4    48.88     9.99
1950    5    97.41    13.63
1950    6   149.67    19.83
1950    7   107.12    21.10
1950    8    62.47    20.23
1950    9    18.65    17.51
1950   10    13.80    10.71
1950   11    27.76     9.62
1950   12    41.35     1.26
1951    1    20.67     3.72
1951    2    56.62     2.41
1951    3    34.08     8.35
1951    4    47.89    10.33
1951    5    82.60    14.36
1951    6    52.29    18.53
1951    7     0.65    26.66
1951    8     0.03    27.72
1951    9    17.00    18.96
1951   10    49.99    10.81
1951   11    23.71     6.13
1951   12    37.59     0.77
1952    1    10.65     0.53
1952    2    33.86     5.04
1952    3    33.48     7.52
1952    4    14.54    17.89
1952    5    82.89    15.11
1952    6    25.97    16.86
1952    7    10.07    24.44
1952    8    52.98    21.33
1952    9    14.28    21.78
1952   10    31.09    13.96
1952   11    64.72     4.76
1952   12    11.70     2.72
1953    1     4.48    -5.38
1953    2    29.59     4.11
1953    3    11.09     7.75
1953    4    20.84    10.77
1953    5    24.82    17.11
1953    6   110.93    20.38
1953    7    15.36    25.52
1953    8    16.11    23.55
1953    9    23.94    20.04
1953   10    55.18    13.77
1953   11    55.30     4.88
1953   12     8.80     3.11
1954    1    43.43     1.43
1954    2    49.83     4.39
1954    3    49.21     7.30
1954    4    39.21    12.56
1954    5   177.48    13.99
1954    6    97.83    17.50
1954    7    46.30    19.74
1954    8    21.10    21.76
1954    9    42.55    16.81
1954   10    17.06    12.69
1954   11    12.43     7.15
1954   12     9.63     1.73
1955    1    24.70    -3.50
1955    2    19.35     3.60
1955    3    47.09     5.03
1955    4    50.90    10.19
1955    5    82.78    17.42
1955    6   120.35    19.58
1955    7    54.96    21.16
1955    8     8.63    24.35
1955    9    10.78    21.25
1955   10    65.61     8.37
1955   11     5.92     6.60
1955   12    21.93     3.35
1956    1    46.49     0.86
1956    2     9.70     0.79
1956    3    46.78     4.80
1956    4    45.83    14.10
1956    5   126.31    18.13
1956    6    51.46    18.85
1956    7    44.31    20.62
1956    8    54.15    20.91
1956    9    48.76    17.28
1956   10    45.70    12.65
1956   11     6.58     9.12
1956   12    40.45     0.55
1957    1    30.19   -10.40
1957    2    28.37     2.37
1957    3    32.52     5.10
1957    4    49.83     9.19
1957    5   107.69    15.81
1957    6    46.44    17.20
1957    7   171.21    22.26
1957    8    88.94    20.89
1957    9    24.56    18.69
1957   10    24.43    11.86
1957   11    36.02     9.82
1957   12    30.21    -3.21
1958    1    22.45     0.81
1958    2    11.30     5.99
1958    3    47.43     4.94
1958    4    32.40    10.43
1958    5    73.82    16.59
1958    6    81.17    17.43
1958    7    57.98    22.11
1958    8    21.68    21.52
1958    9     4.37    20.71
1958   10    82.64    10.77
1958   11    12.03     7.39
1958   12    13.85     3.92
1959    1    18.17     2.82
1959    2    34.27    -2.01
1959    3    55.82     6.08
1959    4    50.52    13.84
1959    5    68.02    14.52
1959    6    51.52    18.44
1959    7    23.56    21.63
1959    8    10.92    23.96
1959    9    11.07    21.69
1959   10   115.62    12.50
1959   11    23.35     8.53
1959   12    42.14     3.09
1960    1    24.72     0.30
1960    2     4.63     4.46
1960    3    37.23     8.60
1960    4    38.82    14.24
1960    5    85.30    17.11
1960    6    38.56    20.35
1960    7    30.35    23.34
1960    8    53.45    21.12
1960    9    19.46    16.67
1960   10     6.47    12.45
1960   11    26.25     5.17
1960   12    23.07     1.01
1961    1    28.22     1.62
1961    2    51.70     0.74
1961    3     6.04     7.13
1961    4    58.72    13.86
1961    5    92.45    14.41
1961    6    60.03    20.10
1961    7    48.45    22.17
1961    8     4.82    24.07
1961    9    32.58    16.35
1961   10    18.04    14.83
1961   11    17.62     7.55
1961   12    23.41     3.19
1962    1    20.24     2.08
1962    2    21.56     4.78
1962    3    59.37     7.64
1962    4    77.06    12.81
1962    5    60.63    14.61
1962    6   105.01    18.89
1962    7   114.33    20.93
1962    8     6.46    22.03
1962    9     3.02    18.28
1962   10    40.80    12.19
1962   11    15.84     5.87
1962   12    14.02     0.75
1963    1    15.44     0.87
1963    2    35.80     1.79
1963    3    16.99     6.19
1963    4    34.16    13.31
1963    5    68.14    14.40
1963    6    86.21    19.55
1963    7    22.12    22.95
1963    8    30.56    26.12
1963    9    19.79    18.10
1963   10    42.65    10.63
1963   11    12.21     7.63
1963   12    28.19     1.23
1964    1    22.21    -1.29
1964    2    35.87     3.97
1964    3    20.49    10.21
1964    4    70.08    12.01
1964    5    46.68    15.45
1964    6    52.94    18.92
1964    7     5.46    25.18
1964    8     6.88    24.92
1964    9     4.76    21.75
1964   10     8.71    13.56
1964   11    12.67     6.73
1964   12    37.68    -5.88
1965    1    25.11    -5.73
1965    2     6.44    -6.06
1965    3    47.40     6.46
1965    4    26.40    11.96
1965    5    48.06    15.34
1965    6    27.08    17.70
1965    7    37.52    20.56
1965    8    10.92    23.63
1965    9     6.82    22.53
1965   10    42.79    13.90
1965   11    50.72     6.65
1965   12    25.42    -2.00
1966    1    23.42     4.14
1966    2    61.41     1.30
1966    3   117.13     6.00
1966    4    28.46    10.76
1966    5    83.10    13.91
1966    6    78.71    16.52
1966    7    27.74    18.04
1966    8    31.78    20.51
1966    9    41.16    19.24
1966   10     1.43    13.26
1966   11    40.01     4.41
1966   12    20.21    -1.51
1967    1    23.55     2.37
1967    2    16.86    -2.16
1967    3     7.04     5.84
1967    4    47.37    13.59
1967    5    80.55    15.85
1967    6    52.76    18.69
1967    7    17.01    22.33
1967    8    19.17    23.19
1967    9    42.35    19.90
1967   10    73.29    13.27
1967   11    16.11     9.95
1967   12    67.28     2.31
1968    1    45.57     3.90
1968    2     9.43     4.65
1968    3    24.13     5.65
1968    4    74.07    11.57
1968    5    69.32    15.45
1968    6    68.91    17.28
1968    7    21.31    21.61
1968    8    42.14    23.35
1968    9    25.25    17.95
1968   10    13.30    15.42
1968   11    87.71     7.35
1968   12    33.90    -0.18
1969    1    12.32     2.57
1969    2     5.89    -0.03
1969    3    64.78     3.26
1969    4     4.40    12.04
1969    5    96.98    17.00
1969    6   119.94    18.35
1969    7    41.98    20.02
1969    8    50.05    20.66
1969    9     1.83    18.53
1969   10     8.92    15.46
1969   11     8.20     6.25
1969   12    33.38     2.30
1970    1    55.18     0.29
1970    2    54.27     4.22
1970    3    23.87     9.56
1970    4   113.34     9.75
1970    5   150.14    15.10
1970    6   105.60    18.53
1970    7    56.84    21.02
1970    8    14.35    20.26
1970    9     7.11    18.55
1970   10    32.52    13.04
1970   11    24.30     4.19
1970   12    19.20     4.27
1971    1    22.13     1.78
1971    2    23.12    -0.64
1971    3    30.05     7.52
1971    4    83.85     9.70
1971    5    43.20    17.61
1971    6    51.96    18.27
1971    7    41.29    21.34
1971    8    48.01    21.96
1971    9    46.08    19.50
1971   10    36.80    12.76
1971   11    18.32     9.12
1971   12    10.32     6.16
1972    1    32.01     1.47
1972    2    15.04    -5.04
1972    3    53.00     6.81
1972    4    63.39    14.65
1972    5   103.39    16.99
1972    6    73.88    20.26
1972    7    24.31    23.76
1972    8    16.97    23.32
1972    9     6.32    19.56
1972   10     4.47    13.48
1972   11    33.60     7.09
1972   12    15.36     2.83
1973    1    13.99     0.10
1973    2    10.99     2.73
1973    3    39.25     9.68
1973    4    52.65    13.29
1973    5   100.56    15.82
1973    6    69.37    23.36
1973    7    48.13    25.69
1973    8    43.50    20.82
1973    9    22.01    18.64
1973   10    29.46    15.07
1973   11     4.52     6.82
1973   12    82.96    -1.74
1974    1    24.04     1.08
1974    2    41.22     4.44
1974    3    50.29    10.18
1974    4   120.54    10.81
1974    5    38.20    16.83
1974    6    61.46    18.29
1974    7    63.81    23.00
1974    8    24.21    23.80
1974    9     3.71    23.71
1974   10    31.05    13.81
1974   11    67.31     3.69
1974   12    25.12    -2.21
1975    1    38.95     0.03
1975    2    12.19     6.94
1975    3    24.45    10.01
1975    4    80.16    10.81
1975    5    66.04    16.62
1975    6   114.50    18.62
1975    7   102.37    21.95
1975    8    23.03    21.22
1975    9    17.58    17.46
1975   10    27.71    11.79
1975   11    30.04     6.47
1975   12    59.27     5.19
1976    1     7.38     1.73
1976    2    28.28     2.48
1976    3    63.06     2.78
1976    4    25.91    12.98
1976    5    92.75    14.83
1976    6   124.09    16.76
1976    7    55.90    22.66
1976    8    12.21    25.13
1976    9    17.26    20.66
1976   10     6.96    15.99
1976   11    25.66     4.81
1976   12    24.29     1.54
1977    1    38.36     0.81
1977    2    27.38     0.44
1977    3    40.78     7.26
1977    4    96.03    12.76
1977    5    88.70    13.84
1977    6    90.39    17.60
1977    7    31.59    23.25
1977    8    31.47    22.76
1977    9    15.18    19.41
1977   10     0.97    18.10
1977   11    33.01     7.68
1977   12    11.58     5.89
1978    1    32.62     0.90
1978    2    43.41     2.30
1978    3    28.39     8.43
1978    4    49.32    14.34
1978    5   100.39    11.73
1978    6    18.42    21.87
1978    7    19.79    22.10
1978    8    11.43    24.23
1978    9     7.33    15.93
1978   10    18.35    11.73
1978   11    55.47     8.21
1978   12    39.10     2.94
1979    1    17.88     3.47
1979    2    45.40     0.52
1979    3    36.89     3.64
1979    4    30.55    11.98
1979    5    96.21    14.11
1979    6   127.50    17.46
1979    7    43.83    19.76
1979    8    41.31    21.11
1979    9    22.44    18.87
1979   10    12.24    12.72
1979   11    16.37     7.29
1979   12     9.85     2.95
1980    1    19.73     3.51
1980    2    22.88     3.73
1980    3    56.51     2.72
1980    4    18.01    14.71
1980    5   152.56    16.88
1980    6   136.35    18.58
1980    7    86.54    20.55
1980    8    15.96    23.37
1980    9     2.70    20.15
1980   10    16.12    12.94
1980   11    70.20     7.85
1980   12    26.63    -1.30
1981    1    42.85     1.22
1981    2     2.34     1.61
1981    3     2.21     7.84
1981    4    36.10    12.94
1981    5    80.12    18.76
1981    6   129.73    19.49
1981    7    44.46    20.34
1981    8    18.22    24.46
1981    9     3.31    20.57
1981   10     3.07    11.61
1981   11    10.68    10.15
1981   12    53.12     4.58
1982    1     8.91     3.64
1982    2    33.52     4.17
1982    3    55.28     6.59
1982    4    65.15    15.01
1982    5   128.21    14.03
1982    6   123.82    18.21
1982    7    27.87    20.84
1982    8     1.65    24.46
1982    9    23.67    17.22
1982   10    19.22    11.52
1982   11    16.16     8.62
1982   12    43.97     1.74
1983    1    33.89    -0.36
1983    2    38.28    -7.16
1983    3    25.04     7.86
1983    4    43.88    12.58
1983    5   109.05    15.93
1983    6    90.12    17.13
1983    7    40.97    18.91
1983    8    28.30    21.97
1983    9    97.59    16.53
1983   10    48.01    11.00
1983   11     9.15     5.72
1983   12    25.15     2.71
1984    1    46.34     0.66
1984    2    12.14     0.77
1984    3    67.24     1.05
1984    4    41.33    12.73
1984    5    87.21    14.40
1984    6   107.60    19.40
1984    7    97.01    21.92
1984    8    51.86    20.65
1984    9    41.36    16.86
1984   10    16.86    14.86
1984   11     6.60    11.45
1984   12    35.27     2.39
1985    1    49.14    -0.31
1985    2    41.58     5.07
1985    3    19.08     9.17
1985    4    74.60    15.21
1985    5    48.79    15.85
1985    6    43.99    18.13
1985    7     7.98    23.76
1985    8     5.85    22.83
1985    9     6.06    21.23
1985   10    30.77    12.21
1985   11     4.21     9.05
1985   12    32.97     2.89
1986    1    19.25     0.08
1986    2    20.82     1.96
1986    3    28.69     3.84
1986    4    47.20    13.61
1986    5    82.00    15.51
1986    6   107.02    18.23
1986    7    86.66    22.83
1986    8    41.88    21.50
1986    9    56.63    15.94
1986   10    13.03    10.97
1986   11    54.83     2.59
1986   12    24.05     5.31
1987    1    54.95     1.35
1987    2    16.00     5.50
1987    3    44.77     7.95
1987    4     6.25    15.92
1987    5    58.84    18.24
1987    6    71.00    20.41
1987    7    12.93    23.58
1987    8    43.49    23.15
1987    9    14.25    21.08
1987   10    42.99    11.80
1987   11    39.46     5.59
1987   12    31.15     1.73
1988    1    11.63     1.63
1988    2    20.80     8.05
1988    3    46.82     6.44
1988    4    67.73    12.42
1988    5    42.61    15.41
1988    6   104.19    18.01
1988    7    48.34    21.69
1988    8   134.31    23.13
1988    9    15.54    19.62
1988   10    58.55    11.23
1988   11     1.65     9.08
1988   12    60.28     0.84
1989    1    25.11     2.41
1989    2    16.00     2.46
1989    3    26.87     9.07
1989    4    91.68    14.97
1989    5   125.04    14.20
1989    6   100.27    17.26
1989    7     5.80    23.38
1989    8     5.24    24.64
1989    9     6.63    20.11
1989   10    31.91    11.14
1989   11    20.06     9.06
1989   12    60.56     4.40
1990    1    36.41     2.12
1990    2    46.03     3.88
1990    3    36.09     5.98
1990    4    33.15    15.99
1990    5   148.50    15.73
1990    6   153.61    16.99
1990    7    94.87    19.35
1990    8    15.67    22.54
1990    9     8.51    18.84
1990   10    20.14    13.92
1990   11    70.23     5.63
1990   12    32.77     1.64
1991    1    35.28     2.70
1991    2    33.02     0.73
1991    3    67.68     4.49
1991    4    85.82    11.11
1991    5   103.67    15.85
1991    6    14.43    19.04
1991    7     3.94    22.15
1991    8    15.69    24.46
1991    9    13.92    19.92
1991   10    26.40    11.10
1991   11    27.78    10.22
1991   12    21.72     3.54
1992    1    35.10     0.59
1992    2     9.09     0.04
1992    3    15.45     4.83
1992    4     3.96    14.05
1992    5    75.18    15.54
1992    6    58.62    17.96
1992    7    36.81    22.30
1992    8     5.19    23.56
1992    9    11.79    20.87
1992   10    22.08    11.03
1992   11    37.79     6.95
1992   12    16.84     4.19
1993    1    47.28     3.63
1993    2    13.01    -0.16
1993    3    18.86     4.65
1993    4    80.20    10.49
1993    5    77.84    17.08
1993    6    64.04    22.35
1993    7    80.86    21.34
1993    8    25.17    22.43
1993    9    13.27    20.58
1993   10    35.19    16.35
1993   11    13.16    10.60
1993   12    21.17     0.88
1994    1    28.73    -1.19
1994    2     4.91     5.97
1994    3    66.38     7.43
1994    4    33.14    12.03
1994    5   129.11    16.07
1994    6    39.08    20.83
1994    7    44.57    22.88
1994    8    48.47    19.24
1994    9    25.24    17.63
1994   10    34.10    11.00
1994   11    19.24     8.86
1994   12     8.03     2.94
1995    1    46.72     0.52
1995    2     7.38     5.92
1995    3    28.94     6.85
1995    4   116.41    10.41
1995    5    55.65    17.33
1995    6    76.46    19.65
1995    7    21.66    21.95
1995    8    12.96    23.37
1995    9     0.00    23.60
1995   10    29.37    11.56
1995   11    53.34     5.60
1995   12    26.35     3.90
1996    1    34.13    -2.21
1996    2    22.37     1.10
1996    3    47.38     2.24
1996    4    51.31    13.11
1996    5   198.94    16.50
1996    6   131.36    19.90
1996    7    75.56    20.89
1996    8    40.03    22.48
1996    9    12.95    18.35
1996   10     8.08    14.88
1996   11    67.70     2.15
1996   12    24.78     3.67
1997    1    18.03     3.07
1997    2    21.02     1.99
1997    3    50.34     4.96
1997    4   123.25    10.05
1997    5    96.19    16.69
1997    6   150.54    18.91
1997    7    85.78    21.25
1997    8    40.65    23.40
1997    9    15.43    19.97
1997   10    67.17    15.58
1997   11    15.91     4.38
1997   12    58.89     3.24
1998    1    29.94     3.32
1998    2    36.27     5.61
1998    3    45.80     9.10
1998    4    58.44    12.04
1998    5    83.58    13.38
1998    6    98.26    19.49
1998    7    94.86    22.47
1998    8    17.06    23.55
1998    9     9.91    20.91
1998   10    22.77    15.62
1998   11    52.31     7.89
1998   12     2.09     5.51
1999    1    20.05     1.77
1999    2    40.46     3.44
1999    3    28.95     9.86
1999    4   108.20    15.02
1999    5    86.87    14.56
1999    6    35.05    19.20
1999    7    10.79    22.90
1999    8     1.75    26.27
1999    9    42.23    20.66
1999   10    32.01    13.83
1999   11     2.21     7.27
1999   12    38.39     0.99
2000    1     8.30    -1.66
2000    2    39.09     1.98
2000    3    61.95     7.40
2000    4   120.01    12.75
2000    5    66.28    17.65
2000    6    89.89    20.56
2000    7    61.95    23.79
2000    8    20.08    25.30
2000    9    41.67    17.04
2000   10    53.28    12.16
2000   11    38.70     7.22
2000   12    36.84     3.77
2001    1    67.49     1.20
2001    2     2.93     3.49
2001    3    81.86     6.08
2001    4    35.58    15.38
2001    5    47.85    15.70
2001    6    73.21    19.53
2001    7    53.23    25.29
2001    8    11.99    21.91
2001    9     0.00    23.85
2001   10    10.12    15.27
2001   11    80.88     9.38
2001   12    20.01     3.04
2002    1    39.02     3.06
2002    2    13.33     6.06
2002    3    37.78     6.35
2002    4    18.52    13.10
2002    5    74.11    18.46
2002    6    79.98    20.22
2002    7   112.74    21.02
2002    8    27.14    22.01
2002    9     9.00    17.45
2002   10    23.54    14.99
2002   11    15.13    10.47
2002   12    77.25     5.10
2003    1    20.96    -2.88
2003    2    30.96     6.64
2003    3    26.33    10.17
2003    4    63.85    12.63
2003    5    30.93    17.95
2003    6    28.51    22.00
2003    7    35.07    23.28
2003    8    34.11    24.81
2003    9    62.05    19.21
2003   10    51.83    11.26
2003   11    29.53     9.81
2003   12    35.82     4.72
2004    1     9.92     0.48
2004    2     9.78     1.32
2004    3    19.22     5.81
2004    4    27.75    13.22
2004    5    48.00    15.15
2004    6    73.25    21.97
2004    7    21.26    23.63
2004    8    34.16    23.22
2004    9    45.40    21.08
2004   10    68.79    15.28
2004   11    45.97     9.00
2004   12    36.98     4.39
2005    1     6.44     1.76
2005    2    33.19     1.41
2005    3    39.08     8.79
2005    4    36.29    16.59
2005    5   146.04    16.21
2005    6   122.40    18.83
2005    7    19.55    21.59
2005    8     0.60    25.71
2005    9     7.17    22.09
2005   10    43.88    10.11
2005   11    36.78     6.76
2005   12    41.77    -1.42
