1850    1   247.14    -0.27
1850    2   246.31     2.80
1850    3   192.23     1.34
1850    4    40.46    10.31
1850    5   117.85    10.44
1850    6    36.59    15.49
1850    7    53.19    16.30
1850    8    11.51    20.21
1850    9    14.20    18.19
1850   10   113.30    14.23
1850   11   356.31     8.11
1850   12   158.21     4.58
1851    1   355.93     1.27
1851    2    78.90     3.47
1851    3    27.91     6.86
1851    4   135.63     9.36
1851    5    98.68    12.58
1851    6    15.02    16.09
1851    7    61.61    17.44
1851    8    48.25    16.99
1851    9    88.75    15.70
1851   10   148.58    12.58
1851   11   290.95     8.41
1851   12   266.18     3.69
1852    1   202.88     1.88
1852    2   251.01     3.15
1852    3    69.16     2.60
1852    4   103.33     9.64
1852    5   160.60    11.57
1852    6    49.09    16.07
1852    7    43.49    16.53
1852    8   149.61    15.50
1852    9   185.36    15.29
1852   10    44.79     8.98
1852   11   189.94     5.95
1852   12   579.41     4.16
1853    1   176.04     0.34
1853    2   183.06     1.62
1853    3    53.35     7.42
1853    4    55.55    10.18
1853    5    71.89    12.98
1853    6    41.50    15.98
1853    7    11.51    19.67
1853    8    60.64    18.10
1853    9   107.45    15.34
1853   10    43.89    13.78
1853   11   128.01     9.56
1853   12   400.62     5.76
1854    1   246.50     5.29
1854    2   215.95     3.22
1854    3   149.70     4.81
1854    4   214.33     8.39
1854    5   124.59    10.68
1854    6    78.57    13.42
1854    7     8.86    17.04
1854    8    46.72    17.09
1854    9    12.44    17.38
1854   10   158.20    14.01
1854   11    30.16    11.96
1854   12   452.85     5.73
1855    1   330.00     2.49
1855    2   152.37     4.78
1855    3   105.34     3.43
1855    4    62.70     7.89
1855    5   124.91    11.25
1855    6    60.44    15.24
1855    7   100.08    17.11
1855    8    67.18    16.24
1855    9    55.09    17.33
1855   10   148.73    10.17
1855   11   130.55     9.43
1855   12   184.79     3.22
1856    1   115.96     2.28
1856    2   152.46     3.66
1856    3   147.69     6.49
1856    4   150.37     7.04
1856    5    31.87    13.05
1856    6   121.10    15.47
1856    7    41.48    17.77
1856    8    41.84    20.10
1856    9    21.16    18.00
1856   10   165.85    13.05
1856   11   236.64     9.12
1856   12   154.35     3.37
1857    1   206.87     2.92
1857    2   177.15     3.02
1857    3   125.78     5.85
1857    4   203.49     8.80
1857    5   111.66    12.77
1857    6    54.19    16.52
1857    7    58.98    17.64
1857    8    40.25    16.51
1857    9   137.63    13.42
1857   10    99.38    11.64
1857   11    88.08     7.29
1857   12   122.52     5.66
1858    1   189.65     0.86
1858    2   207.28     4.34
1858    3    32.20     7.07
1858    4    83.31     9.27
1858    5    35.36    13.09
1858    6   120.11    15.00
1858    7    50.78    17.24
1858    8   129.16    18.11
1858    9    52.36    17.03
1858   10   229.65    12.86
1858   11   154.54    10.12
1858   12    89.24     3.62
1859    1   272.07     5.85
1859    2   112.40     4.88
1859    3   101.23     5.57
1859    4    93.44     8.47
1859    5    35.41    13.66
1859    6    27.29    16.83
1859    7    27.55    17.83
1859    8    47.98    18.08
1859    9   168.57    15.11
1859   10   149.47     9.87
1859   11   284.43     6.57
1859   12   145.12     7.22
1860    1   478.04     2.93
1860    2    68.46     1.97
1860    3   118.76     5.97
1860    4    78.89     9.39
1860    5    91.86    12.26
1860    6    75.92    15.34
1860    7    66.96    18.60
1860    8     9.01    18.11
1860    9   187.78    14.59
1860   10    94.31    10.10
1860   11   188.84     9.09
1860   12   359.21     5.15
1861    1   220.88     2.96
1861    2   152.74     1.20
1861    3   137.99     6.10
1861    4    37.08     9.28
1861    5    79.89    12.64
1861    6    44.60    15.05
1861    7    11.13    17.61
1861    8    19.54    18.71
1861    9   135.06    15.39
1861   10   124.53    12.07
1861   11   177.48    10.07
1861   12   158.14     4.81
1862    1   238.90     2.40
1862    2   160.23     3.23
1862    3   121.01     4.94
1862    4   154.57     6.40
1862    5   100.37    12.82
1862    6    55.19    15.29
1862    7    31.56    18.71
1862    8     7.81    19.26
1862    9   106.12    15.04
1862   10    22.20    15.19
1862   11   292.65     8.15
1862   12   424.22     6.00
1863    1    82.02     5.02
1863    2   147.79     4.48
1863    3   139.07     7.27
1863    4    76.29     9.96
1863    5    94.14    12.14
1863    6    24.27    16.82
1863    7    40.55    17.01
1863    8     5.86    18.36
1863    9   122.74    15.53
1863   10    72.47    12.46
1863   11   146.61     9.18
1863   12    83.69     6.60
1864    1   478.22     1.63
1864    2   107.14     4.07
1864    3   117.73     6.25
1864    4   124.22     8.62
1864    5   160.68    11.49
1864    6    80.88    13.76
1864    7    32.62    17.88
1864    8    37.20    18.10
1864    9   109.88    17.59
1864   10   178.25    12.19
1864   11    93.33    10.83
1864   12   356.55     6.49
1865    1   200.52     4.45
1865    2   164.00    -0.84
1865    3   131.46     4.54
1865    4    33.36    10.63
1865    5    85.67    11.97
1865    6    67.08    15.72
1865    7    62.25    17.45
1865    8    73.48    15.97
1865    9    26.33    14.68
1865   10    44.17    13.35
1865   11   327.45     9.39
1865   12   233.80     4.28
1866    1   150.27     1.34
1866    2   165.86     3.63
1866    3   207.75     2.58
1866    4    92.66     8.66
1866    5    58.27    12.91
1866    6    58.24    15.84
1866    7    66.77    16.99
1866    8   124.64    15.89
1866    9    36.20    15.75
1866   10    86.26    13.08
1866   11   227.55     7.62
1866   12   336.21     4.18
1867    1   348.85     1.16
1867    2   194.88     1.75
1867    3   394.51     4.03
1867    4   138.92     8.23
1867    5   111.32    10.82
1867    6    65.02    14.69
1867    7    40.33    16.15
1867    8    29.21    17.18
1867    9    51.36    14.78
1867   10    31.15    11.10
1867   11   149.48     8.93
1867   12   257.75     3.22
1868    1   381.35     2.97
1868    2   132.75     3.33
1868    3   200.68     4.64
1868    4    43.91    10.65
1868    5    44.01    13.05
1868    6    25.55    16.69
1868    7    68.00    17.54
1868    8    58.73    18.52
1868    9   101.54    16.94
1868   10   146.07    15.23
1868   11   168.20     5.54
1868   12   328.09     3.86
1869    1   232.93     2.85
1869    2    90.51     3.55
1869    3    52.78     5.87
1869    4   173.23     8.23
1869    5    10.26    14.20
1869    6    31.58    17.16
1869    7    87.81    16.86
1869    8    32.35    18.26
1869    9   181.62    17.78
1869   10    50.54    13.62
1869   11   221.92     7.38
1869   12   192.39     5.26
1870    1   123.05     1.73
1870    2   177.00     3.34
1870    3   104.60     4.11
1870    4    53.81     7.49
1870    5   166.52    11.04
1870    6    80.04    15.80
1870    7    94.26    17.10
1870    8    45.11    17.27
1870    9    15.19    17.35
1870   10    53.73    13.30
1870   11   248.12     6.25
1870   12   266.41     5.63
1871    1   226.56     4.03
1871    2   305.31     1.89
1871    3   135.00     3.88
1871    4   124.44     7.35
1871    5    22.99    12.83
1871    6    42.23    16.03
1871    7   115.01    17.38
1871    8    30.49    17.82
1871    9     3.18    18.22
1871   10    92.41    12.44
1871   11    97.69     7.38
1871   12   182.20     2.84
1872    1   276.52     1.45
1872    2   172.39    -0.32
1872    3   195.81     2.97
1872    4   133.72     7.98
1872    5    40.42    12.99
1872    6    10.05    16.39
1872    7    21.62    18.06
1872    8    72.39    18.61
1872    9   226.79    14.04
1872   10    51.83    11.60
1872   11   110.24     8.88
1872   12   135.33     5.12
1873    1   413.31     2.47
1873    2   167.26     3.28
1873    3   133.09     6.66
1873    4   202.74     9.28
1873    5   131.03    10.03
1873    6    66.07    13.16
1873    7    31.53    16.91
1873    8    30.24    18.03
1873    9    27.53    17.50
1873   10    78.00    10.96
1873   11    62.39     6.82
1873   12   348.23     2.34
1874    1   232.10    -0.94
1874    2   220.39     0.79
1874    3   155.53     4.08
1874    4   214.22     7.40
1874    5    88.59    11.51
1874    6    46.08    15.63
1874    7    27.58    17.62
1874    8   187.70    16.28
1874    9   165.52    15.36
1874   10   117.39    11.88
1874   11   134.53     7.23
1874   12   265.33     6.57
1875    1   236.54     0.66
1875    2   175.90     4.83
1875    3   105.03     3.50
1875    4    80.71     8.26
1875    5    22.30    12.96
1875    6    28.93    16.12
1875    7   131.27    16.91
1875    8    38.96    17.31
1875    9    26.37    14.96
1875   10   162.74    12.88
1875   11   215.72     7.78
1875   12   388.47     4.64
1876    1   360.12     2.03
1876    2   130.40     3.05
1876    3   103.50     3.78
1876    4   193.39     6.46
1876    5   120.80    11.73
1876    6    27.33    15.84
1876    7    85.23    16.92
1876    8    92.02    16.48
1876    9    29.08    14.30
1876   10    57.87    14.06
1876   11   152.74     8.17
1876   12   354.23     4.79
1877    1    76.17     1.47
1877    2   213.23    -2.04
1877    3   241.40     2.46
1877    4    84.46     7.42
1877    5   164.37    11.84
1877    6    58.87    13.98
1877    7    41.07    16.41
1877    8    15.18    17.18
1877    9    61.99    14.82
1877   10    53.03    13.78
1877   11   166.09     9.85
1877   12   393.56     2.76
1878    1   216.54     3.59
1878    2   133.76     1.68
1878    3    90.63     5.68
1878    4   117.64     9.30
1878    5    22.54    13.33
1878    6   108.94    13.94
1878    7    11.54    16.94
1878    8    67.66    16.89
1878    9    22.93    15.48
1878   10   142.27    11.36
1878   11   212.25     4.52
1878   12   298.65     2.88
1879    1   287.81     2.46
1879    2    34.51     3.76
1879    3    48.24     5.62
1879    4    74.34     9.48
1879    5    38.55    12.74
1879    6    27.39    15.85
1879    7    56.33    16.64
1879    8    42.04    17.65
1879    9    73.90    15.60
1879   10    35.20    11.11
1879   11   200.09     8.24
1879   12   154.88     4.91
1880    1   187.81     4.47
1880    2    84.71     4.89
1880    3   153.44     4.55
1880    4    91.74     8.02
1880    5   112.94    11.07
1880    6    48.58    15.02
1880    7     3.25    18.90
1880    8     6.44    20.14
1880    9     8.16    19.14
1880   10    94.41    11.30
1880   11   145.11     6.70
1880   12   281.93     3.64
1881    1    83.66     3.10
1881    2    76.39    -0.20
1881    3   109.62     4.77
1881    4    57.74     7.55
1881    5    63.63    10.79
1881    6   219.73    13.51
1881    7    85.12    16.12
1881    8     9.92    17.82
1881    9    66.30    16.47
1881   10   137.50    14.38
1881   11   307.81     7.87
1881   12    69.58     5.85
1882    1   109.28     5.25
1882    2   249.35     3.21
1882    3   100.86     5.99
1882    4   141.58     6.95
1882    5    59.73    12.25
1882    6    28.33    14.19
1882    7    28.76    17.27
1882    8     8.32    19.68
1882    9    55.67    13.96
1882   10   151.40    12.11
1882   11   148.01     9.11
1882   12   372.61     5.36
1883    1   448.78     1.14
1883    2   171.64     5.38
1883    3   199.55     5.00
1883    4   135.51     5.80
1883    5   157.82    10.62
1883    6    53.93    15.33
1883    7    17.40    17.84
1883    8    19.12    18.08
1883    9    70.60    16.05
1883   10    86.85     9.48
1883   11   265.13     5.77
1883   12   170.80     3.70
1884    1   229.64     1.51
1884    2   220.44     3.68
1884    3   127.39     5.75
1884    4    97.71     7.42
1884    5    11.25    11.77
1884    6    20.57    15.39
1884    7    21.83    17.99
1884    8   137.52    17.55
1884    9    48.55    16.36
1884   10    53.08    13.64
1884   11   133.61     8.52
1884   12   249.13     2.62
1885    1   347.73     1.06
1885    2   287.21    -0.25
1885    3   236.53     3.77
1885    4   152.34     7.61
1885    5   161.36    10.39
1885    6    27.69    15.05
1885    7    17.82    17.92
1885    8    33.54    18.77
1885    9    40.27    16.91
1885   10   153.96    14.39
1885   11   192.76     8.54
1885   12   215.62     3.41
1886    1    65.85     1.86
1886    2    67.17     2.84
1886    3    94.88     4.62
1886    4   137.07     8.90
1886    5    78.00    12.28
1886    6    51.80    14.26
1886    7    73.31    17.46
1886    8    20.66    18.53
1886    9   126.88    16.18
1886   10   141.43    12.17
1886   11   143.65     9.03
1886   12   329.68     5.38
1887    1   193.78     0.82
1887    2   147.89     2.41
1887    3   274.23     3.64
1887    4    90.46     9.23
1887    5   152.67     9.74
1887    6   142.69    14.21
1887    7    25.02    16.83
1887    8    38.54    16.18
1887    9    28.13    14.72
1887   10   279.72    12.65
1887   11    68.41    10.91
1887   12   131.99     5.98
1888    1   234.78     2.97
1888    2   118.54     3.39
1888    3   232.69     4.77
1888    4   106.31     7.75
1888    5   114.20    11.19
1888    6    70.54    15.22
1888    7    15.62    18.22
1888    8    28.60    17.37
1888    9    27.64    19.31
1888   10   213.05    14.42
1888   11    96.07     9.45
1888   12   188.34     4.09
1889    1    94.86     1.64
1889    2   126.41     2.55
1889    3   247.25     2.36
1889    4   126.26     7.22
1889    5   108.00    11.47
1889    6    17.94    15.31
1889    7    48.18    16.29
1889    8    85.38    18.10
1889    9     7.46    15.72
1889   10   111.79    14.61
1889   11    46.37     9.11
1889   12   294.12     2.02
1890    1   311.09     1.44
1890    2   243.49     4.20
1890    3   176.47     3.50
1890    4    46.78     9.34
1890    5    43.26    13.53
1890    6    10.07    16.71
1890    7    36.04    17.69
1890    8    30.12    19.10
1890    9    45.27    16.46
1890   10   106.95    12.34
1890   11   202.89     8.27
1890   12   294.80     2.71
1891    1   224.52     3.92
1891    2   198.14     3.06
1891    3    88.38     5.33
1891    4    10.59    11.36
1891    5   137.66    11.62
1891    6    56.36    15.16
1891    7    26.25    18.51
1891    8    14.58    18.30
1891    9    20.71    17.02
1891   10   168.63    15.47
1891   11   233.66     9.71
1891   12   421.06     6.33
1892    1   101.43     5.18
1892    2   273.97     4.53
1892    3   142.40     6.23
1892    4   147.34     8.63
1892    5    24.10    14.20
1892    6    34.12    16.58
1892    7    49.75    17.16
1892    8    49.83    17.56
1892    9    65.06    15.64
1892   10    99.59    13.03
1892   11   492.99     4.71
1892   12    81.96     3.99
1893    1   190.92     1.13
1893    2   286.55     0.44
1893    3   243.09     5.79
1893    4    59.00     8.17
1893    5    74.06    13.29
1893    6    21.01    15.04
1893    7    91.12    15.86
1893    8   122.30    17.28
1893    9    76.59    13.30
1893   10    65.77    13.11
1893   11   280.84     8.21
1893   12   384.50     2.03
1894    1   228.41     4.46
1894    2   119.21     2.90
1894    3    81.15     5.93
1894    4   144.84     7.52
1894    5   184.01    10.32
1894    6    48.22    15.11
1894    7    62.90    18.36
1894    8    42.69    18.12
1894    9    52.95    15.12
1894   10    24.73    11.49
1894   11    40.75     9.71
1894   12   162.14     4.28
1895    1   515.86     2.32
1895    2   104.18     2.14
1895    3   179.83     4.40
1895    4    63.43     8.19
1895    5   148.19    11.12
1895    6    20.82    15.71
1895    7    52.22    15.45
1895    8    14.33    17.55
1895    9    15.89    15.62
1895   10    77.62    14.13
1895   11    89.49     5.51
1895   12   246.96     6.29
1896    1   136.91     2.96
1896    2   222.62     1.27
1896    3   140.49     4.38
1896    4   135.59     5.72
1896    5   170.35    10.13
1896    6    84.87    14.20
1896    7    33.64    17.43
1896    8    58.97    16.44
1896    9   103.84    14.18
1896   10   138.00    10.27
1896   11   176.52     9.67
1896   12   313.36     2.50
1897    1   216.69     1.63
1897    2   311.22     2.21
1897    3   102.46     6.85
1897    4    15.29     9.58
1897    5    38.75    12.97
1897    6    54.90    15.27
1897    7    31.00    17.99
1897    8    67.64    17.42
1897    9    37.23    16.39
1897   10    61.62    11.35
1897   11   218.03     5.60
1897   12   273.20     2.59
1898    1   267.24     3.71
1898    2   175.50    -0.08
1898    3    98.45     1.68
1898    4    51.61     6.37
1898    5    19.39    12.42
1898    6    82.71    15.24
1898    7    34.05    15.96
1898    8    61.32    16.54
1898    9    18.58    16.53
1898   10    59.55    11.53
1898   11   112.04     7.14
1898   12   278.54     3.55
1899    1   254.98     3.38
1899    2   193.82     3.74
1899    3   137.71     3.87
1899    4   144.70     7.47
1899    5    73.30    11.21
1899    6   101.54    14.57
1899    7    37.73    16.31
1899    8    52.34    17.58
1899    9    82.88    14.78
1899   10   296.74    11.33
1899   11   101.22     8.22
1899   12   316.19     3.13
1900    1   341.06     3.48
1900    2    58.54     5.09
1900    3   209.78     5.22
1900    4   197.58     5.09
1900    5    87.84    12.19
1900    6    13.59    15.83
1900    7    50.14    17.80
1900    8   159.97    15.23
1900    9    33.37    15.21
1900   10   108.41    11.16
1900   11   164.27     4.96
1900   12   391.26     5.57
1901    1   475.36     0.60
1901    2   180.90     2.08
1901    3   127.63     2.35
1901    4    34.24    10.23
1901    5   135.42    11.24
1901    6    63.25    14.89
1901    7    52.27    16.10
1901    8    63.25    17.83
1901    9    29.41    15.26
1901   10   169.70    14.33
1901   11    86.62    10.33
1901   12   134.53     6.12
1902    1   171.17     3.82
1902    2   197.07     3.00
1902    3    64.58     5.05
1902    4   132.65     9.97
1902    5   113.27    11.01
1902    6    21.67    15.77
1902    7    10.30    18.58
1902    8    37.78    18.11
1902    9    86.18    15.67
1902   10    73.02    16.70
1902   11   290.16    10.45
1902   12   438.71     4.47
1903    1   130.45     0.97
1903    2   192.53     1.89
1903    3   219.53     3.27
1903    4    66.65     7.45
1903    5    63.69    12.31
1903    6    20.29    15.71
1903    7    36.26    19.44
1903    8     8.64    19.12
1903    9   157.99    16.66
1903   10   188.01    11.91
1903   11    84.24     7.35
1903   12   164.48     3.51
1904    1   340.85     3.08
1904    2    36.98     2.67
1904    3   145.18     3.94
1904    4   139.07     8.29
1904    5   156.38    10.65
1904    6    25.75    15.26
1904    7   117.72    16.43
1904    8    34.98    18.01
1904    9   127.75    14.04
1904   10    57.66    11.21
1904   11   127.71     7.72
1904   12   207.17     3.70
1905    1   259.93     2.42
1905    2   118.41     0.42
1905    3   147.86     1.95
1905    4   192.40     5.69
1905    5    35.10    12.31
1905    6    14.48    16.40
1905    7    69.34    16.69
1905    8    35.45    17.52
1905    9    51.08    15.10
1905   10   156.22    12.53
1905   11   279.13     8.62
1905   12   234.50     3.80
1906    1   188.12     4.62
1906    2    87.87     3.56
1906    3   176.65     4.37
1906    4    89.82    10.30
1906    5    90.89    12.57
1906    6    86.59    15.20
1906    7    16.00    18.41
1906    8    61.88    15.12
1906    9    11.27    16.77
1906   10    56.67    13.17
1906   11   123.28     6.07
1906   12   269.05     4.85
1907    1   393.09     2.91
1907    2   198.60     0.62
1907    3    26.84     4.10
1907    4    99.59     8.20
1907    5    63.11    11.84
1907    6     9.87    15.92
1907    7     9.18    18.55
1907    8    42.14    19.90
1907    9    94.69    14.53
1907   10   112.33    11.50
1907   11    59.34     9.56
1907   12   489.41     2.03
1908    1   291.39     3.48
1908    2    55.13     5.50
1908    3   114.93     5.26
1908    4    41.69    10.29
1908    5    35.06    11.81
1908    6   106.65    15.10
1908    7     4.43    18.29
1908    8    10.95    20.40
1908    9    26.79    18.72
1908   10   217.74    13.70
1908   11   316.52     9.86
1908   12   196.63     6.27
1909    1   472.80     2.50
1909    2   197.15     6.09
1909    3   116.12     5.55
1909    4   149.57     8.26
1909    5   132.93    10.29
1909    6    71.57    16.69
1909    7    18.76    17.68
1909    8   177.76    17.45
1909    9   192.87    14.40
1909   10    78.80    13.28
1909   11    75.14     7.50
1909   12   394.86     4.39
1910    1   277.47     2.97
1910    2   141.47     1.79
1910    3    74.52     7.13
1910    4    45.08     9.81
1910    5    16.87    13.74
1910    6   123.66    14.03
1910    7    17.75    17.51
1910    8    27.68    17.42
1910    9    64.88    16.80
1910   10   176.00    13.34
1910   11   173.08     7.98
1910   12   136.37     2.69
1911    1   261.32     3.94
1911    2    95.57     4.82
1911    3    58.48     5.54
1911    4    90.89     9.66
1911    5    54.24    12.56
1911    6    47.46    15.62
1911    7    39.63    16.23
1911    8    33.11    18.76
1911    9   144.90    16.44
1911   10   201.21    12.98
1911   11    63.29     9.78
1911   12   104.24     5.29
1912    1   272.55     3.04
1912    2   177.73     1.75
1912    3    79.49     6.91
1912    4   103.12     8.69
1912    5   196.06     9.36
1912    6    59.13    13.63
1912    7    20.68    16.81
1912    8     8.29    17.63
1912    9     3.89    18.85
1912   10   178.22     8.78
1912   11   279.73     7.49
1912   12   360.89     5.00
1913    1   198.37     3.16
1913    2   141.88     2.90
1913    3   110.65     1.83
1913    4   130.83     6.88
1913    5    67.12    13.12
1913    6    50.07    15.42
1913    7    26.56    16.72
1913    8    31.24    16.39
1913    9   117.51    13.28
1913   10   103.96    13.39
1913   11   145.57     8.06
1913   12   114.34     3.89
1914    1   139.45     1.88
1914    2   193.25     0.23
1914    3   109.45     3.45
1914    4    88.81     7.33
1914    5    40.55    12.93
1914    6    79.17    14.49
1914    7    24.02    16.65
1914    8    47.53    16.25
1914    9    10.92    15.68
1914   10   119.11    12.54
1914   11   366.03     5.79
1914   12   124.20     4.87
1915    1   269.20     2.45
1915    2   142.46     3.39
1915    3    83.78     4.37
1915    4   136.32     9.24
1915    5   144.75    11.22
1915    6   113.86    13.04
1915    7    29.11    17.44
1915    8    13.64    18.39
1915    9    33.86    17.12
1915   10   235.29    11.94
1915   11   149.68     8.11
1915   12   270.00     5.07
1916    1   130.40     1.29
1916    2   250.08     2.27
1916    3    90.42     4.68
1916    4   116.00     6.96
1916    5   123.49    12.36
1916    6    79.69    14.74
1916    7    40.15    18.54
1916    8    15.47    18.77
1916    9    94.17    14.28
1916   10     7.94    13.38
1916   11   215.39     6.74
1916   12    59.86     6.43
1917    1   365.59     1.21
1917    2    83.50     4.04
1917    3   103.62     3.70
1917    4    80.18     7.94
1917    5    46.05    12.97
1917    6   100.46    14.23
1917    7    40.16    16.11
1917    8     9.29    18.73
1917    9    55.57    14.46
1917   10    46.96    12.91
1917   11   117.58     9.55
1917   12   291.87     4.81
1918    1   322.02     2.90
1918    2   282.97     3.15
1918    3    91.04     5.19
1918    4    99.54     7.48
1918    5    30.15     9.53
1918    6   111.57    13.66
1918    7    36.00    16.61
1918    8    69.30    18.60
1918    9   335.63    12.25
1918   10    48.08    12.10
1918   11   367.76     7.78
1918   12   127.86     2.59
1919    1   304.41     0.64
1919    2   201.47     2.52
1919    3   228.35     3.48
1919    4   118.86     7.72
1919    5    86.06    11.46
1919    6    69.02    13.92
1919    7   166.87    15.29
1919    8    17.76    17.24
1919    9     6.33    17.06
1919   10   194.30    11.04
1919   11   137.40     8.63
1919   12   112.84     3.52
1920    1   227.36     3.93
1920    2   298.83     0.94
1920    3    94.71     4.45
1920    4    43.98     7.38
1920    5    35.22    12.45
1920    6    60.84    15.20
1920    7    39.88    15.86
1920    8    30.48    18.15
1920    9    33.20    15.15
1920   10   128.69    14.10
1920   11   107.02    10.04
1920   12   126.86     3.41
1921    1   225.70     4.80
1921    2    69.85     1.43
1921    3    51.21     5.56
1921    4    83.02     8.43
1921    5    62.91    12.47
1921    6    68.54    16.67
1921    7    59.03    17.34
1921    8    44.98    18.56
1921    9   121.79    14.32
1921   10   227.42    10.80
1921   11   112.27     6.19
1921   12   401.60     1.17
1922    1   121.91     1.02
1922    2   160.16    -0.08
1922    3   182.60     2.35
1922    4   126.52     8.05
1922    5   134.97    10.99
1922    6    12.26    16.03
1922    7    79.35    17.60
1922    8    86.86    17.57
1922    9    52.24    15.84
1922   10   126.97     9.83
1922   11   120.16     5.31
1922   12   159.13     4.78
1923    1    89.62     4.73
1923    2   172.32     3.33
1923    3   163.42     6.57
1923    4   160.63     8.16
1923    5   179.85    10.64
1923    6    90.71    14.92
1923    7    70.72    17.03
1923    8    31.28    17.62
1923    9   189.66    12.13
1923   10   141.80     7.34
1923   11    89.13     7.92
1923   12   287.21     0.70
1924    1   277.30     0.57
1924    2   102.98     0.14
1924    3   157.80     2.24
1924    4    47.11     7.66
1924    5    33.38    12.11
1924    6   109.01    12.99
1924    7    27.56    17.21
1924    8    23.31    17.06
1924    9    51.18    16.65
1924   10   153.94    11.90
1924   11   343.39     5.22
1924   12   147.52     3.05
1925    1   216.45     4.84
1925    2   122.05     3.45
1925    3   155.89     4.31
1925    4    63.41     8.66
1925    5    58.55    11.51
1925    6    39.89    14.66
1925    7     3.36    18.94
1925    8    79.85    18.45
1925    9    31.01    16.12
1925   10   224.96    11.92
1925   11   304.98     6.14
1925   12   150.03     5.95
1926    1   387.60     3.25
1926    2   145.89     2.52
1926    3   151.77     6.22
1926    4    46.29     7.74
1926    5    63.72    10.86
1926    6    51.57    15.17
1926    7    71.06    17.10
1926    8    15.01    18.26
1926    9    97.83    13.21
1926   10    71.26    13.86
1926   11   135.90     8.47
1926   12   327.94     2.21
1927    1   218.72     3.60
1927    2   207.55     1.87
1927    3   122.41     3.78
1927    4    90.65     8.25
1927    5    60.06    11.17
1927    6    63.95    14.19
1927    7    31.54    16.71
1927    8    28.36    17.55
1927    9   142.54    15.32
1927   10   100.62    12.97
1927   11   245.32     6.44
1927   12   587.21     2.68
1928    1    59.84     1.29
1928    2   112.29     0.83
1928    3   156.20    -0.47
1928    4    62.79     8.05
1928    5   130.89     9.85
1928    6    30.33    14.17
1928    7    37.15    16.33
1928    8    28.62    15.82
1928    9    52.03    15.70
1928   10    96.18     9.93
1928   11   151.31     5.68
1928   12   157.51     3.69
1929    1    50.86     3.56
1929    2   149.69     0.22
1929    3    55.46     5.75
1929    4    85.96     8.38
1929    5    38.47    12.19
1929    6    27.12    14.91
1929    7    50.17    17.43
1929    8    28.52    15.27
1929    9    16.80    16.95
1929   10    31.67    11.40
1929   11   163.12     7.22
1929   12   247.01     4.34
1930    1   399.03     1.36
1930    2   202.79     2.57
1930    3    81.24     4.80
1930    4   128.80     6.47
1930    5   115.54     9.61
1930    6    59.62    13.73
1930    7    35.93    16.39
1930    8    36.40    16.71
1930    9    19.07    16.91
1930   10    20.65    11.22
1930   11   179.78     7.42
1930   12   572.52     2.24
1931    1   501.45     0.02
1931    2   161.82     3.01
1931    3    94.96     2.39
1931    4   258.92     6.13
1931    5    87.47    10.86
1931    6    66.39    13.15
1931    7    69.12    15.87
1931    8    47.12    16.49
1931    9    64.52    14.27
1931   10    90.31    11.68
1931   11   117.36     9.65
1931   12   171.79     4.74
1932    1   208.67     1.41
1932    2   192.02     1.02
1932    3   198.65     2.29
1932    4   139.23     6.97
1932    5    85.46     9.12
1932    6    27.54    13.90
1932    7    93.86    15.45
1932    8    20.24    17.25
1932    9   162.36    12.82
1932   10   191.81     8.75
1932   11   220.86     7.77
1932   12   357.79     3.44
1933    1    93.09     4.45
1933    2    70.70     4.90
1933    3   237.88     3.73
1933    4    56.14     9.31
1933    5    21.88    12.73
1933    6    10.67    16.67
1933    7     4.14    19.13
1933    8    63.44    17.96
1933    9    13.38    19.04
1933   10    55.21    12.81
1933   11   131.86    11.40
1933   12   160.97     5.35
1934    1   236.94     2.13
1934    2    68.96     2.78
1934    3   143.47     6.27
1934    4    42.36    10.79
1934    5    64.47    12.72
1934    6    20.65    15.36
1934    7    39.60    18.84
1934    8    52.39    18.68
1934    9    60.86    16.45
1934   10    32.50    13.81
1934   11   242.00     9.27
1934   12   447.64     5.29
1935    1   221.16     1.98
1935    2   162.31    -1.29
1935    3   165.27     5.60
1935    4   132.09     7.39
1935    5   175.36    10.15
1935    6    45.41    14.13
1935    7    27.71    16.75
1935    8     8.36    18.46
1935    9    22.97    16.40
1935   10    83.17    13.66
1935   11   251.46     8.36
1935   12   150.77     3.28
1936    1   249.06     3.61
1936    2   250.55     0.90
1936    3    90.73     4.28
1936    4   191.28     5.80
1936    5    92.65    11.42
1936    6    20.42    15.39
1936    7    17.22    17.48
1936    8    28.26    18.61
1936    9    43.76    16.93
1936   10    57.28    13.03
1936   11    56.05     9.53
1936   12   430.70     7.36
1937    1   508.28     0.17
1937    2   374.81     0.39
1937    3   172.27     6.02
1937    4    85.17     7.92
1937    5    50.89    12.60
1937    6    52.05    15.67
1937    7    72.20    17.74
1937    8    21.96    17.12
1937    9     6.31    16.23
1937   10    66.22     8.86
1937   11   216.24     6.31
1937   12    46.20     4.81
1938    1   217.36     1.29
1938    2    81.30     1.59
1938    3   141.36     4.51
1938    4    90.23     7.18
1938    5    55.83    11.14
1938    6    11.52    15.90
1938    7     7.89    18.45
1938    8    26.99    19.13
1938    9    55.36    15.14
1938   10    84.43    13.54
1938   11   207.25     7.70
1938   12   520.03     4.31
1939    1   169.91     1.82
1939    2   111.72     2.44
1939    3   185.62     2.15
1939    4   103.46     7.95
1939    5   133.18    11.02
1939    6    33.95    14.77
1939    7    50.42    16.67
1939    8    22.21    17.66
1939    9    79.26    15.98
1939   10    71.93    13.56
1939   11   276.39     7.07
1939   12   396.91     4.76
1940    1   219.69     0.73
1940    2   216.92    -0.05
1940    3   139.09     4.35
1940    4   160.06     8.08
1940    5   125.15    11.06
1940    6    73.54    14.32
1940    7    26.81    16.32
1940    8    29.81    17.58
1940    9    49.17    17.50
1940   10   162.88    10.67
1940   11    95.16     3.94
1940   12   170.86     3.57
1941    1    74.98     4.76
1941    2    95.36     5.09
1941    3   173.65     5.61
1941    4    91.81     8.94
1941    5    74.94    12.60
1941    6    48.85    16.39
1941    7    21.47    18.19
1941    8    53.00    17.22
1941    9    89.49    14.20
1941   10   211.44    12.44
1941   11   234.44     6.28
1941   12   139.97     5.68
1942    1   178.41     0.22
1942    2    98.08     2.61
1942    3    98.11     6.53
1942    4   212.00     6.81
1942    5    53.18    12.29
1942    6     6.66    16.31
1942    7    51.73    16.20
1942    8    64.65    17.90
1942    9    31.18    16.53
1942   10    78.53    12.08
1942   11    95.62     4.78
1942   12   421.92     3.80
1943    1   538.12     1.50
1943    2   116.64     2.94
1943    3   113.72     6.69
1943    4    55.51     9.27
1943    5   106.95    12.16
1943    6    42.75    15.49
1943    7    68.41    16.63
1943    8    34.17    17.36
1943    9    76.10    14.10
1943   10    66.66    14.42
1943   11   294.02     7.73
1943   12   394.13     4.17
1944    1   232.48     3.67
1944    2   285.43    -1.45
1944    3   125.23     3.62
1944    4    61.70    10.55
1944    5     3.12    14.19
1944    6    26.19    16.58
1944    7    36.98    18.05
1944    8   111.82    17.62
1944    9    12.61    17.77
1944   10    22.18    13.20
1944   11   139.38    11.55
1944   12   364.38     3.84
1945    1   168.77     3.12
1945    2    35.89     4.94
1945    3   172.69     2.30
1945    4    40.35    10.40
1945    5    88.30    12.26
1945    6    59.15    15.05
1945    7    17.47    17.64
1945    8    64.25    17.77
1945    9   167.01    15.45
1945   10   160.54     7.78
1945   11   228.87     6.82
1945   12   141.62     1.72
1946    1   286.33     3.26
1946    2   368.93     2.28
1946    3    46.23     5.75
1946    4    60.46    10.73
1946    5    42.79    13.74
1946    6    73.53    15.28
1946    7    47.07    17.98
1946    8   109.00    17.43
1946    9   123.69    14.04
1946   10   110.97    11.46
1946   11    73.52    11.09
1946   12   333.85     3.51
1947    1   355.17     4.24
1947    2   166.02     2.60
1947    3   132.64     5.46
1947    4   198.83     7.06
1947    5    52.80    12.01
1947    6    93.46    15.27
1947    7   114.62    16.89
1947    8    12.15    16.92
1947    9    32.33    15.68
1947   10   290.67     9.82
1947   11    80.44    10.07
1947   12   224.52     6.24
1948    1   166.13     2.05
1948    2   259.46     4.72
1948    3   218.26     3.78
1948    4    56.58     8.76
1948    5    66.44    13.55
1948    6   117.66    13.84
1948    7   123.14    14.98
1948    8    70.05    17.22
1948    9    55.92    15.97
1948   10    90.22    15.79
1948   11    52.60    11.64
1948   12   262.81     6.45
1949    1   116.80     1.59
1949    2   396.00     1.95
1949    3   111.97     4.35
1949    4   143.52     8.06
1949    5    52.95    11.26
1949    6   193.03    14.48
1949    7    57.18    16.65
1949    8    24.16    17.05
1949    9    68.32    15.46
1949   10   139.68    12.91
1949   11   135.92     8.04
1949   12   250.37     4.43
1950    1   168.21     4.27
1950    2   234.57     2.80
1950    3   132.82     0.94
1950    4   146.29     6.50
1950    5    33.26    12.58
1950    6   110.12    14.81
1950    7    16.72    18.38
1950    8    58.73    17.73
1950    9    43.78    16.11
1950   10   185.46     8.95
1950   11   274.92     7.04
1950   12   157.19     3.52
1951    1   196.14     1.95
1951    2   116.76     2.18
1951    3    19.34     8.28
1951    4     6.20     7.52
1951    5    70.53    12.48
1951    6    37.68    15.03
1951    7    13.04    18.79
1951    8    34.06    18.98
1951    9    44.88    14.98
1951   10   117.90    13.04
1951   11   346.19     4.36
1951   12   219.05     3.53
1952    1   263.10     2.37
1952    2    52.92     5.22
1952    3    76.74     6.68
1952    4    67.15     9.58
1952    5    55.75    11.88
1952    6   163.08    13.96
1952    7    16.19    18.12
1952    8    87.66    17.30
1952    9   114.14    15.90
1952   10    49.85    10.28
1952   11   196.15     6.81
1952   12   189.96     4.84
1953    1   289.30     4.67
1953    2    36.18     4.46
1953    3    40.77     4.87
1953    4   167.33     6.91
1953    5    58.99    12.77
1953    6    78.74    15.44
1953    7    19.14    17.56
1953    8    40.72    17.88
1953    9    54.25    16.53
1953   10    47.72    13.44
1953   11   257.61     9.17
1953   12   136.12     6.49
1954    1   183.92     3.58
1954    2    73.25     4.22
1954    3   164.29     5.22
1954    4   118.46     8.45
1954    5    80.96    11.21
1954    6    93.15    13.10
1954    7    18.55    18.45
1954    8    55.68    15.89
1954    9    49.96    15.12
1954   10    16.98    14.73
1954   11   102.32     8.89
1954   12   377.46     2.99
1955    1   190.38     1.69
1955    2   112.36     0.80
1955    3   140.18     2.27
1955    4    32.52     6.92
1955    5    78.28    10.72
1955    6     6.07    16.37
1955    7    40.85    17.50
1955    8    57.92    16.99
1955    9   182.71    13.36
1955   10   113.60    12.63
1955   11   189.03     8.87
1955   12   175.52     3.87
1956    1   276.23     1.15
1956    2   273.87     2.83
1956    3    48.68     4.16
1956    4    40.55     7.25
1956    5   110.80    11.84
1956    6    54.45    14.45
1956    7    55.06    16.04
1956    8    32.93    15.25
1956    9    16.66    15.69
1956   10    58.95    11.82
1956   11   258.83     7.93
1956   12   196.76     4.64
1957    1   232.29     5.35
1957    2   137.62     0.67
1957    3   146.56     5.82
1957    4    16.08     8.05
1957    5    48.75    12.70
1957    6    98.49    15.21
1957    7    16.61    18.08
1957    8    91.43    17.48
1957    9    27.61    16.81
1957   10   282.22     8.08
1957   11   146.53     8.20
1957   12   228.69     5.03
1958    1   105.53     4.21
1958    2   202.05     5.13
1958    3   152.22     6.28
1958    4   102.47     8.80
1958    5    34.85    12.80
1958    6   109.30    14.65
1958    7    16.63    17.21
1958    8    68.69    16.14
1958    9   138.15    13.98
1958   10     2.22    13.64
1958   11   206.25     5.41
1958   12   272.12     6.60
1959    1   256.95     4.04
1959    2   203.61     2.21
1959    3   318.09     2.73
1959    4    38.29     9.76
1959    5    14.53    12.70
1959    6    34.86    16.70
1959    7    52.36    16.46
1959    8    27.53    16.17
1959    9     9.11    17.77
1959   10   198.20    11.84
1959   11    33.27     8.69
1959   12   305.00     3.32
1960    1   314.22     1.80
1960    2   123.50     4.76
1960    3    78.43     5.02
1960    4    82.19     9.85
1960    5   139.70     9.63
1960    6    85.10    13.53
1960    7    58.75    15.42
1960    8    15.81    17.90
1960    9    10.81    16.70
1960   10    37.32    10.86
1960   11    65.21     6.22
1960   12   309.94     2.83
1961    1   397.57     2.81
1961    2   120.30     2.30
1961    3   221.93     3.84
1961    4    65.98    10.02
1961    5   138.88    11.45
1961    6    23.80    14.84
1961    7    82.47    16.01
1961    8     9.20    16.23
1961    9    45.62    15.20
1961   10    45.85    14.96
1961   11   275.44     9.18
1961   12   336.50     5.68
1962    1   305.55    -0.32
1962    2   159.35     0.78
1962    3    70.90     4.22
1962    4   148.92     5.46
1962    5   202.78     9.64
1962    6    36.92    13.57
1962    7     8.89    16.97
1962    8    23.33    17.74
1962    9    16.54    17.31
1962   10    89.97    12.53
1962   11   204.82     7.06
1962   12   104.11     2.50
1963    1    97.26     3.37
1963    2   135.60     2.91
1963    3   218.81     1.55
1963    4    69.64     8.62
1963    5    32.13    11.89
1963    6    17.04    15.61
1963    7    15.38    17.92
1963    8    57.35    16.17
1963    9    73.13    14.15
1963   10   185.74    11.33
1963   11   147.17    10.93
1963   12   168.40     4.48
1964    1    95.64     4.36
1964    2   207.63     3.75
1964    3    90.05     5.94
1964    4   143.79     7.59
1964    5   128.98    10.66
1964    6   117.03    13.20
1964    7    24.30    16.05
1964    8    59.35    16.04
1964    9     9.91    17.07
1964   10    48.29    13.48
1964   11    93.69    12.85
1964   12   356.02     6.20
1965    1   377.00     2.20
1965    2   134.13     5.37
1965    3   115.12     6.04
1965    4    57.93     9.95
1965    5    57.29    12.39
1965    6    36.92    16.50
1965    7     7.77    18.33
1965    8    68.90    16.86
1965    9    43.07    16.22
1965   10    39.08    14.78
1965   11   108.67    10.48
1965   12   115.64     5.26
1966    1    84.71     3.15
1966    2   336.15     3.72
1966    3    83.59     5.26
1966    4   159.02     8.52
1966    5   177.95    11.99
1966    6    22.01    14.79
1966    7    84.95    16.30
1966    8    37.44    16.85
1966    9    77.64    16.22
1966   10    95.16    13.18
1966   11   163.66     8.80
1966   12   273.79     2.91
1967    1   178.01     2.36
1967    2   128.65     2.93
1967    3   219.14     5.30
1967    4    26.94    11.37
1967    5   185.72    12.99
1967    6    55.75    14.77
1967    7    25.47    17.06
1967    8    40.04    18.62
1967    9     2.29    19.06
1967   10    22.28    14.51
1967   11   244.11     4.30
1967   12   284.24     3.08
1968    1   143.03     3.49
1968    2   138.37     3.01
1968    3   105.71     0.90
1968    4    37.96     7.56
1968    5   109.33    11.49
1968    6   166.59    13.15
1968    7    24.25    15.92
1968    8    47.46    15.87
1968    9    22.27    15.72
1968   10    87.83    14.26
1968   11   102.55    10.71
1968   12    62.44     2.48
1969    1   267.67     4.29
1969    2   143.26     4.83
1969    3   211.31     4.08
1969    4   109.40     8.24
1969    5    70.18    10.57
1969    6   111.30    14.53
1969    7    12.92    17.06
1969    8     7.18    18.65
1969    9    11.74    16.85
1969   10   139.67    15.29
1969   11   330.05     7.50
1969   12   107.91     3.68
1970    1   151.05     4.20
1970    2   132.50     2.35
1970    3   241.09     2.90
1970    4   129.66     9.48
1970    5   172.36    10.44
1970    6    18.91    16.14
1970    7    65.71    17.08
1970    8     9.56    18.82
1970    9   109.76    15.12
1970   10   216.10    11.60
1970   11   146.33     7.67
1970   12   286.13     5.23
1971    1    37.51     1.94
1971    2   108.80     5.54
1971    3   272.38     3.12
1971    4    61.98     9.84
1971    5    92.23    11.73
1971    6    96.82    13.58
1971    7    41.07    16.31
1971    8     8.08    18.31
1971    9    26.55    18.31
1971   10   126.73    12.71
1971   11   190.32     6.00
1971   12   220.68     2.11
1972    1    84.35     2.25
1972    2   158.39     1.75
1972    3   144.14     5.43
1972    4   175.61     5.80
1972    5   102.49    11.65
1972    6   117.40    12.56
1972    7    40.24    15.54
1972    8    31.48    15.95
1972    9    49.14    16.60
1972   10    36.26    14.77
1972   11   164.42     6.31
1972   12   226.84     5.32
1973    1   375.26     1.07
1973    2   186.25     1.21
1973    3   127.95     4.48
1973    4   186.71     6.96
1973    5    23.33    13.17
1973    6    50.69    14.59
1973    7     5.77    17.86
1973    8   113.60    17.94
1973    9    11.66    17.19
1973   10    48.44    12.41
1973   11   107.27     8.59
1973   12   268.53     6.28
1974    1   213.89     3.50
1974    2   102.15     1.71
1974    3   128.98     4.47
1974    4   109.04     6.92
1974    5   129.69    11.27
1974    6    61.44    14.89
1974    7     3.31    18.35
1974    8    40.35    18.38
1974    9    35.20    16.65
1974   10    39.25    15.96
1974   11   210.79     8.51
1974   12   210.16     6.69
1975    1   264.38     5.06
1975    2    77.39    -0.29
1975    3   146.12     2.54
1975    4    65.08     7.05
1975    5    87.26    12.83
1975    6    32.60    15.35
1975    7    63.89    17.51
1975    8    57.25    16.83
1975    9    48.95    13.45
1975   10    29.24    13.21
1975   11   238.66     8.62
1975   12   293.61     2.67
1976    1   267.22     3.90
1976    2   223.35     2.63
1976    3   128.95     4.97
1976    4   134.31     6.27
1976    5    93.12    11.35
1976    6    40.62    14.33
1976    7    90.81    16.41
1976    8    56.98    16.80
1976    9    21.64    15.44
1976   10    31.51    14.12
1976   11   222.13     9.08
1976   12   330.73     4.27
1977    1   530.85     1.96
1977    2   133.82    -0.01
1977    3   128.31     5.97
1977    4   131.64     7.82
1977    5   108.27    12.22
1977    6    57.50    14.98
1977    7    58.10    17.29
1977    8    95.46    17.55
1977    9    79.02    15.39
1977   10    96.81     9.64
1977   11   109.40     8.32
1977   12   191.81     4.20
1978    1   402.91     4.30
1978    2    70.79     7.01
1978    3   113.36     5.98
1978    4    61.82     8.83
1978    5    36.38    12.86
1978    6    17.86    17.20
1978    7    12.20    18.62
1978    8    42.26    16.33
1978    9    42.17    15.47
1978   10    72.46    14.55
1978   11   130.47    10.82
1978   12   199.97     4.14
1979    1   213.67     4.22
1979    2   101.68     3.83
1979    3    44.10     3.12
1979    4   152.69     6.99
1979    5   125.94    12.52
1979    6    88.76    14.89
1979    7    47.93    16.88
1979    8    18.14    19.40
1979    9    37.95    15.79
1979   10    70.89    10.10
1979   11   103.21     7.15
1979   12   254.11     5.53
1980    1   255.08     2.25
1980    2    98.39     3.27
1980    3   202.98     5.92
1980    4   125.67     9.47
1980    5   100.80    10.91
1980    6   177.03    13.98
1980    7    58.40    15.20
1980    8    16.26    18.58
1980    9    18.71    17.45
1980   10   177.45    10.76
1980   11   118.26     9.89
1980   12   228.20     5.53
1981    1   184.26     1.88
1981    2   224.47     1.46
1981    3    67.61     3.62
1981    4    69.95     7.57
1981    5    62.67    12.80
1981    6    55.41    14.86
1981    7    65.76    16.61
1981    8    66.31    17.07
1981    9   116.99    15.42
1981   10    22.11    11.86
1981   11   241.03     6.79
1981   12   391.26     4.39
1982    1   231.31     2.16
1982    2   336.26     1.20
1982    3   163.40     2.39
1982    4   101.32     7.00
1982    5   105.08    10.05
1982    6    43.43    13.68
1982    7    43.79    16.60
1982    8    17.49    16.89
1982    9    20.23    16.19
1982   10     2.12    16.12
1982   11   237.56     8.40
1982   12    84.69     6.04
1983    1   165.69     4.48
1983    2   196.52     1.45
1983    3   104.31     6.84
1983    4   109.23     8.41
1983    5   100.31    12.93
1983    6    37.57    16.60
1983    7     1.72    20.11
1983    8     7.50    19.36
1983    9    31.10    19.05
1983   10   149.81    15.30
1983   11   119.17     7.38
1983   12   276.37     5.24
1984    1   248.86     2.12
1984    2    54.06     5.80
1984    3   183.64     4.55
1984    4   132.92     5.72
1984    5    19.08    13.37
1984    6    92.93    12.99
1984    7    13.54    17.76
1984    8    64.05    18.04
1984    9     5.60    18.01
1984   10    96.21    11.33
1984   11   153.74     7.79
1984   12   238.14     5.22
1985    1    63.37     3.01
1985    2   109.66     4.74
1985    3    48.94     3.15
1985    4    33.51    11.04
1985    5    34.02    12.56
1985    6    75.35    15.14
1985    7    56.31    17.09
1985    8    19.98    20.50
1985    9    32.91    15.94
1985   10    22.35    16.50
1985   11   330.14     5.84
1985   12   112.22     6.35
1986    1   279.17     3.52
1986    2   169.98     3.36
1986    3   262.77     4.97
1986    4   178.65     7.91
1986    5    94.32    11.61
1986    6    64.31    14.50
1986    7    15.21    18.11
1986    8    33.27    16.69
1986    9     5.63    17.15
1986   10    59.94    13.55
1986   11   218.63     7.81
1986   12   205.12     4.84
1987    1   287.33     3.06
1987    2   148.84     3.22
1987    3   211.38     2.56
1987    4   104.73     8.92
1987    5    75.77    12.92
1987    6   193.47    14.40
1987    7    78.64    17.37
1987    8    14.70    17.43
1987    9    38.41    18.09
1987   10    74.75    13.98
1987   11   293.71     7.56
1987   12   357.32     3.04
1988    1   328.10     1.26
1988    2   194.04     2.62
1988    3   149.23     4.09
1988    4   157.18     6.33
1988    5    52.76    12.27
1988    6    23.91    16.77
1988    7   162.24    17.13
1988    8     2.41    18.91
1988    9     7.50    18.75
1988   10   104.29    14.57
1988   11   162.11     7.35
1988   12   227.00     5.94
1989    1   434.06     2.37
1989    2    40.95     4.16
1989    3   195.10     6.21
1989    4    97.76     8.19
1989    5    14.18    12.33
1989    6    29.86    16.13
1989    7    27.05    17.80
1989    8     9.82    18.46
1989    9    84.44    15.14
1989   10    63.39    13.11
1989   11   282.43     9.37
1989   12   118.68     5.39
1990    1   250.14    -0.67
1990    2    12.07     2.14
1990    3   149.28     4.92
1990    4    75.97     9.87
1990    5   102.69    11.85
1990    6     7.15    16.50
1990    7   105.40    18.70
1990    8    53.20    17.63
1990    9    29.26    13.04
1990   10   160.45    11.67
1990   11   300.14     7.64
1990   12   133.36     4.17
1991    1   207.61     3.62
1991    2   164.58     3.47
1991    3   134.95     5.40
1991    4    34.99     9.85
1991    5    79.18    13.24
1991    6    29.58    15.60
1991    7    60.59    17.04
1991    8    86.20    17.82
1991    9    23.39    17.71
1991   10    96.12    14.03
1991   11   199.14     8.51
1991   12   201.71     4.10
1992    1   254.61     3.04
1992    2   219.23     3.09
1992    3   106.67     4.93
1992    4   140.44     6.66
1992    5    74.13    13.35
1992    6    26.31    15.82
1992    7    56.24    17.36
1992    8    39.56    18.34
1992    9    65.10    14.75
1992   10   184.26    10.07
1992   11   192.42     7.53
1992   12   281.26     4.54
1993    1   238.00     4.86
1993    2    65.25     3.14
1993    3   159.00     6.11
1993    4   170.77     4.87
1993    5    51.53    11.79
1993    6   104.25    14.35
1993    7    91.20    16.19
1993    8    68.12    17.44
1993    9   130.16    12.33
1993   10   119.07    10.46
1993   11   126.07     9.59
1993   12    94.79     5.08
1994    1   217.50     3.33
1994    2   126.02     0.70
1994    3   138.71     3.37
1994    4   183.72     7.80
1994    5    55.80    11.30
1994    6    34.87    15.20
1994    7    50.01    16.40
1994    8    37.11    17.96
1994    9    38.55    15.98
1994   10   138.66    11.37
1994   11   145.40     7.20
1994   12   168.33     3.59
1995    1   149.73     4.04
1995    2   103.36     3.36
1995    3   103.46     5.53
1995    4    80.79     9.38
1995    5   150.99    12.15
1995    6    52.97    15.01
1995    7    44.50    17.56
1995    8    88.16    17.48
1995    9    41.40    15.53
1995   10   262.38     9.96
1995   11   338.03     7.63
1995   12   187.21     4.41
1996    1   173.04     1.10
1996    2   181.73     1.02
1996    3   145.20     3.97
1996    4   145.71     7.31
1996    5   152.22    11.37
1996    6    11.68    15.81
1996    7    49.50    17.77
1996    8    43.17    17.77
1996    9    46.46    16.49
1996   10    95.20    14.20
1996   11   121.02     7.54
1996   12   370.96     2.97
1997    1    98.97     4.09
1997    2   221.37     1.88
1997    3    43.99     7.14
1997    4    68.68    10.63
1997    5    45.38    12.78
1997    6    74.19    15.30
1997    7    14.35    18.74
1997    8    10.16    18.71
1997    9    17.33    17.16
1997   10   147.89    12.47
1997   11   198.46    10.58
1997   12   334.43     1.65
1998    1   230.78     4.44
1998    2    98.74     4.60
1998    3   150.80     6.24
1998    4   119.81     9.66
1998    5   100.54    11.45
1998    6    33.54    16.07
1998    7    50.10    16.88
1998    8    85.22    16.88
1998    9    35.27    15.76
1998   10   132.83    10.83
1998   11   210.62     9.45
1998   12   352.22     4.90
1999    1   397.53     0.24
1999    2   158.19    -0.05
1999    3   226.44     4.46
1999    4   126.81     7.05
1999    5   113.28    10.25
1999    6    75.68    13.67
1999    7    13.55    17.09
1999    8    75.06    18.97
1999    9    73.79    15.39
1999   10     8.70    15.67
1999   11    97.43     9.47
1999   12   293.27     4.02
2000    1   341.18     0.64
2000    2   199.25     1.94
2000    3    33.77     8.07
2000    4   126.38     8.44
2000    5    41.51    10.87
2000    6     1.97    17.96
2000    7    55.95    18.06
2000    8    45.28    18.68
2000    9     5.52    20.00
2000   10   144.61    17.13
2000   11    62.59     9.10
2000   12   326.67     4.67
2001    1   210.65     4.26
2001    2   184.51     5.29
2001    3   207.51     5.59
2001    4    87.89     9.18
2001    5    90.72    13.02
2001    6    50.93    16.14
2001    7    73.75    18.54
2001    8    18.31    20.49
2001    9    51.74    16.51
2001   10   113.78    10.38
2001   11   182.85     7.21
2001   12   365.28     3.10
2002    1   185.76     1.92
2002    2   201.35     3.00
2002    3   213.47     6.04
2002    4    92.36     9.31
2002    5    80.36    11.86
2002    6    30.17    15.48
2002    7    91.08    16.38
2002    8    17.26    19.20
2002    9    42.58    16.25
2002   10   106.84    15.91
2002   11   351.61    10.63
2002   12   293.22     6.39
2003    1   425.18     3.56
2003    2   174.55     3.24
2003    3   194.99     3.23
2003    4    80.38     7.78
2003    5    47.06    12.75
2003    6    62.22    15.80
2003    7    48.38    17.76
2003    8   160.48    16.17
2003    9    35.85    16.10
2003   10    37.82    11.08
2003   11   337.24     7.74
2003   12   129.16     6.57
2004    1   177.19     5.53
2004    2   109.57     1.59
2004    3   178.63     5.43
2004    4   131.69     7.53
2004    5    62.62    13.14
2004    6    38.82    16.27
2004    7    97.77    17.70
2004    8    45.50    16.50
2004    9    50.63    15.78
2004   10   134.51    12.87
2004   11    74.35    10.12
2004   12   222.77     7.27
2005    1   192.90     3.51
2005    2   113.92     4.33
2005    3   235.12     5.61
2005    4   136.78     8.33
2005    5    89.75    12.24
2005    6    40.62    15.70
2005    7    23.58    17.62
2005    8    71.57    19.51
2005    9   127.79    17.46
2005   10   148.06    11.27
2005   11   342.43     8.13
2005   12   226.23     5.51
