1850    1   128.54   -11.94
1850    2   187.55    -3.82
1850    3   165.99    -5.53
1850    4    87.99     8.96
1850    5    98.74     8.05
1850    6    92.02    15.52
1850    7    61.09    14.76
1850    8    17.64    20.45
1850    9    24.23    16.24
1850   10    96.57     9.27
1850   11   308.94     2.15
1850   12    77.92    -3.88
1851    1   314.50    -6.53
1851    2    97.39    -6.78
1851    3    44.20     3.40
1851    4   138.89     7.52
1851    5   191.55    11.09
1851    6    65.11    16.07
1851    7    82.36    16.07
1851    8    18.92    13.90
1851    9    95.36    12.26
1851   10   130.14     7.60
1851   11   247.32     2.75
1851   12   199.21    -4.37
1852    1   144.13    -8.99
1852    2   196.00    -3.37
1852    3    58.67    -2.12
1852    4    94.34     8.60
1852    5   165.81    10.33
1852    6   120.96    16.01
1852    7    48.49    14.98
1852    8    90.24    12.79
1852    9   196.36    12.24
1852   10    33.20     2.39
1852   11   196.37    -0.14
1852   12   368.03    -3.19
1853    1   127.42    -7.31
1853    2   133.07    -7.00
1853    3    69.65     3.44
1853    4    79.59     8.55
1853    5   103.89    12.05
1853    6    17.76    15.08
1853    7    25.36    20.32
1853    8    49.90    17.12
1853    9    93.46    10.93
1853   10    60.83     8.90
1853   11   127.07     3.51
1853   12   317.85    -0.70
1854    1   194.08    -1.36
1854    2   181.27    -4.06
1854    3   166.24     0.16
1854    4   216.93     5.63
1854    5   169.87     7.83
1854    6    75.97    11.34
1854    7    11.49    15.25
1854    8    31.24    15.99
1854    9    15.97    14.08
1854   10   148.07     9.23
1854   11    36.82     5.75
1854   12   382.10    -1.91
1855    1   214.25    -5.51
1855    2   148.84    -2.01
1855    3    95.85    -1.70
1855    4    48.88     6.35
1855    5   197.80     9.50
1855    6    96.28    13.67
1855    7    92.15    15.44
1855    8    22.56    13.88
1855    9    69.88    14.24
1855   10   131.54     4.26
1855   11   169.83     4.03
1855   12   178.69    -4.07
1856    1    99.28    -6.21
1856    2   157.92    -1.61
1856    3   141.07     2.43
1856    4   173.70     3.84
1856    5    68.59    13.01
1856    6   140.72    15.13
1856    7    58.02    16.73
1856    8   113.22    18.92
1856    9    30.34    15.15
1856   10   117.79     7.99
1856   11   188.89     3.50
1856   12   107.04    -3.87
1857    1   173.14    -5.49
1857    2   224.68    -2.66
1857    3   141.94     2.09
1857    4   245.27     5.68
1857    5   167.42    11.24
1857    6   122.82    16.62
1857    7    79.98    16.73
1857    8    40.32    13.70
1857    9    99.89     9.60
1857   10    71.21     5.91
1857   11    75.37     0.66
1857   12    95.44    -0.40
1858    1   155.30    -8.58
1858    2   224.17    -0.19
1858    3    40.46     3.53
1858    4   118.32     7.49
1858    5   130.39    12.02
1858    6   120.55    13.19
1858    7    58.40    15.69
1858    8   110.58    15.61
1858    9    36.09    13.41
1858   10   243.08     7.60
1858   11   133.54     3.99
1858   12    83.72    -4.04
1859    1   251.15    -0.21
1859    2   134.51    -1.03
1859    3   128.59     0.92
1859    4   102.07     5.32
1859    5    49.72    13.32
1859    6   102.61    17.10
1859    7    16.41    16.56
1859    8    34.93    17.30
1859    9   135.47    11.13
1859   10   178.48     4.37
1859   11   194.55     0.19
1859   12   109.33     0.80
1860    1   303.92    -4.46
1860    2    57.84    -5.43
1860    3   164.74     1.90
1860    4   107.45     7.52
1860    5   120.54    10.64
1860    6    99.70    14.20
1860    7    47.83    18.78
1860    8     5.36    17.65
1860    9   127.94    11.06
1860   10   107.28     4.39
1860   11   191.83     3.74
1860   12   358.62    -1.17
1861    1   186.54    -5.30
1861    2   157.53    -6.24
1861    3   156.52     2.21
1861    4    44.55     7.15
1861    5   137.23    11.84
1861    6    61.72    13.31
1861    7    17.79    16.61
1861    8    14.78    17.31
1861    9   145.84    11.55
1861   10    92.53     6.44
1861   11   158.92     4.57
1861   12   152.59    -1.82
1862    1   168.68    -5.24
1862    2    85.91    -5.24
1862    3   100.83     0.19
1862    4   155.74     2.35
1862    5    86.31    11.54
1862    6    51.13    15.19
1862    7    50.93    19.90
1862    8     3.57    19.62
1862    9   119.63    11.30
1862   10    30.15    10.60
1862   11   274.03     3.09
1862   12   346.39    -1.03
1863    1   109.28    -1.98
1863    2   146.97    -1.49
1863    3   185.78     3.27
1863    4   105.73     7.26
1863    5    92.83    11.02
1863    6    25.18    17.35
1863    7    27.97    15.72
1863    8     4.18    16.52
1863    9    56.44    12.58
1863   10    74.23     7.35
1863   11   169.80     3.24
1863   12    55.10    -0.37
1864    1   355.53    -6.71
1864    2   113.62    -2.88
1864    3   132.17     2.38
1864    4   168.69     6.36
1864    5   174.99     9.66
1864    6   106.01    11.57
1864    7   103.90    17.78
1864    8    30.09    17.57
1864    9   116.03    14.97
1864   10   167.74     6.86
1864   11    47.40     4.62
1864   12   281.69    -0.15
1865    1   221.67    -2.16
1865    2   131.97   -10.84
1865    3   138.06     0.22
1865    4    72.82     9.54
1865    5   117.82    10.32
1865    6   102.58    15.36
1865    7   108.82    16.69
1865    8    48.02    12.95
1865    9    26.72    10.69
1865   10    48.20     8.23
1865   11   295.55     3.65
1865   12   212.83    -2.73
1866    1   161.58    -6.50
1866    2   184.31    -1.83
1866    3   236.02    -3.54
1866    4   126.85     6.77
1866    5   127.85    13.05
1866    6    79.22    16.50
1866    7    67.29    16.45
1866    8    91.35    13.55
1866    9    49.25    11.94
1866   10    70.95     8.39
1866   11   239.46     1.37
1866   12   303.25    -2.26
1867    1   246.84    -8.48
1867    2   132.19    -5.97
1867    3   318.56    -0.80
1867    4   158.52     6.01
1867    5   115.13     9.25
1867    6   106.20    14.70
1867    7    64.16    14.09
1867    8    40.91    15.23
1867    9    51.80    11.32
1867   10    29.89     4.99
1867   11   141.61     2.95
1867   12   212.02    -3.70
1868    1   306.41    -3.34
1868    2   162.30    -2.29
1868    3   140.57     0.28
1868    4    44.06    10.63
1868    5    74.82    13.03
1868    6    52.40    16.87
1868    7    96.27    16.30
1868    8    89.27    16.54
1868    9   106.36    13.55
1868   10   133.58    11.02
1868   11   155.41    -2.73
1868   12   197.03    -3.37
1869    1   221.97    -6.34
1869    2   101.72    -4.02
1869    3    85.61     2.02
1869    4   201.75     5.90
1869    5    57.40    14.87
1869    6    49.12    16.87
1869    7   109.85    14.56
1869    8    14.57    16.73
1869    9   131.91    14.63
1869   10    72.55     8.37
1869   11   221.02     1.52
1869   12   150.28    -0.12
1870    1   119.88    -7.91
1870    2   192.90    -3.37
1870    3   130.93    -0.53
1870    4    78.75     5.99
1870    5   125.21     9.57
1870    6   133.80    15.97
1870    7    69.58    16.07
1870    8    38.08    15.08
1870    9     8.90    13.58
1870   10    48.48     7.80
1870   11   212.96    -0.37
1870   12   210.96    -1.23
1871    1   185.22    -1.62
1871    2   253.79    -5.06
1871    3   164.93    -1.11
1871    4   117.99     5.04
1871    5    45.82    12.86
1871    6    55.04    16.61
1871    7   160.34    16.39
1871    8    22.49    15.79
1871    9     0.93    15.16
1871   10    79.37     7.22
1871   11    32.17     1.26
1871   12   103.35    -4.05
1872    1   204.63    -7.18
1872    2   143.42    -9.84
1872    3   194.14    -3.03
1872    4   163.61     5.67
1872    5   147.60    13.29
1872    6    92.67    15.74
1872    7    26.78    19.59
1872    8    36.87    18.19
1872    9   131.17    10.66
1872   10    81.80     6.14
1872   11   130.56     3.49
1872   12    78.67    -2.27
1873    1   303.92    -5.37
1873    2   147.88    -4.56
1873    3   127.21     3.07
1873    4   240.80     7.01
1873    5   165.62     7.96
1873    6    81.68    11.08
1873    7    14.98    16.71
1873    8    37.85    16.49
1873    9    23.56    14.49
1873   10   136.63     5.64
1873   11    37.73     1.54
1873   12   253.50    -4.86
1874    1   180.83    -9.67
1874    2   156.50    -8.02
1874    3   166.09    -1.73
1874    4   185.36     5.59
1874    5   145.74     9.96
1874    6    74.08    14.89
1874    7    64.39    18.01
1874    8   199.46    13.57
1874    9   112.45    11.74
1874   10   124.02     7.54
1874   11   182.91     0.23
1874   12   145.72    -0.46
1875    1   143.30    -7.73
1875    2   178.51    -0.85
1875    3   129.68    -1.03
1875    4   100.58     6.12
1875    5    22.06    13.04
1875    6   112.30    16.84
1875    7   101.57    16.59
1875    8    29.18    15.50
1875    9    30.21    12.46
1875   10   105.42     8.09
1875   11   150.81     1.95
1875   12   309.18    -3.79
1876    1   260.60    -5.40
1876    2   111.87    -4.67
1876    3    67.36    -0.43
1876    4   198.33     3.73
1876    5   140.37    11.61
1876    6   124.93    15.61
1876    7   109.06    17.18
1876    8    92.96    14.26
1876    9    29.27    10.45
1876   10    42.31     9.26
1876   11   160.79     2.13
1876   12   243.27    -2.50
1877    1    63.52   -10.02
1877    2   169.96   -11.72
1877    3   231.36    -3.13
1877    4   125.75     5.41
1877    5   214.81    11.05
1877    6    47.96    12.89
1877    7    71.63    15.93
1877    8    18.42    15.64
1877    9    63.45    10.57
1877   10    52.43     9.20
1877   11   134.14     3.72
1877   12   302.68    -5.94
1878    1   216.72    -4.29
1878    2   134.64    -7.48
1878    3   102.89     1.23
1878    4   105.16     7.95
1878    5   131.46    14.24
1878    6   106.47    12.55
1878    7    35.21    16.11
1878    8    70.33    15.12
1878    9    21.23    11.96
1878   10   180.79     5.96
1878   11   168.10    -4.40
1878   12   223.37    -3.54
1879    1   245.37    -4.68
1879    2    23.81    -3.40
1879    3    80.59     2.02
1879    4    85.76     7.76
1879    5   104.10    12.57
1879    6    87.08    16.10
1879    7   148.52    15.57
1879    8    41.41    15.11
1879    9    78.04    12.06
1879   10    47.95     4.81
1879   11   168.83     2.10
1879   12   149.06    -1.14
1880    1   176.34    -2.74
1880    2   122.22    -1.22
1880    3   144.84     0.39
1880    4   117.21     4.83
1880    5   172.08     9.93
1880    6   136.77    14.27
1880    7    20.36    19.15
1880    8     5.03    19.83
1880    9     9.96    17.30
1880   10    69.98     5.77
1880   11   158.77     0.77
1880   12   229.04    -2.83
1881    1    78.97    -7.01
1881    2    71.86    -7.81
1881    3   120.12    -0.19
1881    4    73.40     5.34
1881    5   122.85    10.10
1881    6   180.82    12.31
1881    7    97.23    14.53
1881    8    10.22    16.92
1881    9    77.73    12.80
1881   10   119.61     9.75
1881   11   264.75     1.01
1881   12    69.33    -1.55
1882    1    69.22    -2.11
1882    2   242.54    -3.24
1882    3    89.71     1.79
1882    4   118.13     3.91
1882    5    99.05    11.51
1882    6    57.11    13.51
1882    7    51.44    17.65
1882    8    18.45    19.41
1882    9    39.44    10.13
1882   10   117.69     7.08
1882   11   171.19     3.92
1882   12   300.46    -1.06
1883    1   309.28    -8.42
1883    2   207.91    -1.45
1883    3   177.30     0.57
1883    4    75.68     2.28
1883    5   186.16     9.53
1883    6   100.39    15.97
1883    7    44.09    19.32
1883    8    32.48    17.53
1883    9    67.82    12.76
1883   10    80.33     4.22
1883   11   225.10    -0.72
1883   12   131.95    -4.87
1884    1   174.05    -7.04
1884    2   219.22    -1.80
1884    3   162.17     2.36
1884    4   108.19     4.31
1884    5    37.34    11.89
1884    6    60.80    16.29
1884    7    20.26    18.67
1884    8   110.22    16.22
1884    9    38.18    12.87
1884   10    41.88     8.89
1884   11    97.48     3.48
1884   12   212.67    -5.64
1885    1   239.88   -10.01
1885    2   244.28    -7.63
1885    3   168.91    -1.91
1885    4   146.08     4.95
1885    5   151.67     8.45
1885    6    67.52    16.55
1885    7    87.30    19.08
1885    8    30.20    18.41
1885    9    16.52    14.32
1885   10   145.61    10.19
1885   11   195.24     3.34
1885   12   206.97    -4.33
1886    1    75.63    -7.75
1886    2    84.04    -3.03
1886    3    95.88    -0.44
1886    4   171.96     6.48
1886    5   108.92    11.46
1886    6    91.45    13.74
1886    7    93.09    17.32
1886    8    14.78    17.29
1886    9   136.85    13.13
1886   10   146.57     6.49
1886   11    77.98     3.63
1886   12   276.24    -2.95
1887    1   145.51    -8.72
1887    2    97.67    -5.56
1887    3   216.61    -1.08
1887    4   130.38     6.97
1887    5   123.55     8.03
1887    6   150.04    12.90
1887    7    51.36    16.72
1887    8    61.26    13.78
1887    9    28.38    10.85
1887   10   239.91     6.96
1887   11    58.69     5.25
1887   12   127.50    -0.52
1888    1   188.03    -4.41
1888    2   133.41    -2.26
1888    3   257.45     0.35
1888    4   112.03     4.45
1888    5   120.75     9.63
1888    6    99.37    15.67
1888    7    52.46    18.26
1888    8    16.94    14.77
1888    9    42.54    17.17
1888   10   205.65     8.84
1888   11   119.65     3.85
1888   12   129.31    -3.96
1889    1    57.82    -5.52
1889    2   160.10    -3.88
1889    3   244.85    -2.83
1889    4   150.80     4.95
1889    5   110.27    11.34
1889    6    66.17    15.25
1889    7    38.33    15.22
1889    8    60.43    17.13
1889    9     0.04    11.53
1889   10   135.27     9.64
1889   11    48.65     2.68
1889   12   230.69    -5.77
1890    1   222.68    -6.38
1890    2   188.29    -3.90
1890    3   183.97    -1.14
1890    4    55.26     7.44
1890    5    91.31    12.65
1890    6    22.41    17.88
1890    7    49.31    17.27
1890    8    33.02    17.57
1890    9    54.95    12.52
1890   10   107.68     6.88
1890   11   201.24     2.52
1890   12   221.00    -5.58
1891    1   176.09    -4.45
1891    2   163.49    -2.55
1891    3   100.63     0.70
1891    4    50.24    11.03
1891    5   135.20     9.79
1891    6    86.35    14.10
1891    7    51.61    19.22
1891    8    25.14    17.65
1891    9    17.23    14.58
1891   10   157.38    10.85
1891   11   220.38     3.74
1891   12   345.78     0.26
1892    1   100.04    -1.03
1892    2   232.44    -1.97
1892    3   203.24     2.16
1892    4   213.56     5.34
1892    5    31.73    14.48
1892    6    87.93    15.86
1892    7    78.05    16.82
1892    8    38.49    15.50
1892    9    75.60    11.56
1892   10    65.38     8.51
1892   11   392.24    -3.30
1892   12    89.26    -5.23
1893    1   136.14    -7.36
1893    2   220.65    -7.81
1893    3   201.60     2.37
1893    4    98.37     6.28
1893    5   153.33    13.07
1893    6    35.96    14.62
1893    7    58.53    14.54
1893    8    72.68    15.62
1893    9    87.02     8.90
1893   10    66.23     8.39
1893   11   294.50     1.43
1893   12   265.28    -7.26
1894    1   218.49    -2.84
1894    2   123.74    -4.00
1894    3    76.87     2.20
1894    4   141.34     4.55
1894    5   220.56     7.69
1894    6    47.66    15.62
1894    7   123.38    19.12
1894    8    49.30    16.48
1894    9    54.07    11.99
1894   10    18.87     5.97
1894   11    47.09     3.70
1894   12    93.95    -2.86
1895    1   352.10    -5.83
1895    2    90.63    -4.96
1895    3   150.66    -0.18
1895    4    74.56     6.52
1895    5   204.94     9.56
1895    6    57.45    15.50
1895    7    46.73    13.07
1895    8    33.56    16.31
1895    9     3.94    12.54
1895   10    49.03     9.96
1895   11    92.00    -1.19
1895   12   249.04    -0.91
1896    1    93.40    -4.60
1896    2   152.81    -7.80
1896    3   145.00     0.41
1896    4   138.63     2.50
1896    5   218.01     9.06
1896    6   204.07    13.17
1896    7    52.88    17.14
1896    8    99.17    14.80
1896    9    85.53    10.66
1896   10   117.20     5.18
1896   11   199.71     3.96
1896   12   251.13    -6.37
1897    1   203.93    -7.59
1897    2   229.45    -5.13
1897    3   167.19     3.21
1897    4    31.66     7.89
1897    5    70.31    11.97
1897    6    79.72    15.04
1897    7    65.96    17.05
1897    8    30.47    16.34
1897    9    51.12    12.99
1897   10    73.44     5.81
1897   11   171.65    -1.40
1897   12   245.81    -5.49
1898    1   243.99    -3.47
1898    2   156.62    -9.49
1898    3    73.36    -4.57
1898    4    82.32     4.44
1898    5    81.26    12.95
1898    6   176.50    15.15
1898    7    53.49    15.59
1898    8    59.01    15.14
1898    9    25.42    13.78
1898   10    72.68     6.13
1898   11    91.17     0.58
1898   12   246.80    -3.19
1899    1   255.86    -4.64
1899    2   167.16    -4.20
1899    3   112.39    -0.30
1899    4   123.14     5.31
1899    5    92.90    10.32
1899    6   149.00    13.92
1899    7    53.37    15.67
1899    8    51.57    16.71
1899    9    86.59    10.49
1899   10   233.98     6.12
1899   11    77.16     2.09
1899   12   195.87    -3.77
1900    1   263.36    -3.28
1900    2    55.84    -0.68
1900    3   234.70     1.09
1900    4   223.87     1.07
1900    5   124.32    12.85
1900    6    17.16    16.41
1900    7    82.39    17.22
1900    8   101.43    13.03
1900    9    31.26    12.16
1900   10    80.07     5.91
1900   11   138.80    -2.83
1900   12   313.84    -0.32
1901    1   351.87    -8.69
1901    2   173.91    -6.32
1901    3   102.89    -4.95
1901    4    61.80     9.89
1901    5   110.95    10.54
1901    6    57.84    15.28
1901    7    34.02    14.85
1901    8    37.46    15.55
1901    9    30.72    11.62
1901   10   134.73     9.53
1901   11    96.83     4.27
1901   12   116.76    -0.31
1902    1   138.90    -4.32
1902    2   165.07    -2.83
1902    3    48.65     0.33
1902    4   132.34     7.82
1902    5   139.03     9.09
1902    6    50.80    15.07
1902    7    44.19    18.02
1902    8    35.89    16.95
1902    9    75.85    12.00
1902   10    49.18    12.42
1902   11   215.10     4.46
1902   12   421.87    -2.65
1903    1   116.51    -7.12
1903    2   155.35    -5.83
1903    3   132.76    -1.58
1903    4    72.78     4.74
1903    5   123.31    11.75
1903    6    77.39    16.28
1903    7    59.55    20.50
1903    8    14.06    17.88
1903    9   164.02    13.81
1903   10   180.43     6.70
1903   11    82.09     1.74
1903   12   124.11    -5.06
1904    1   320.41    -4.40
1904    2    46.33    -4.77
1904    3   116.24    -0.69
1904    4   188.61     6.16
1904    5   162.48     8.97
1904    6    59.89    15.93
1904    7   116.28    14.75
1904    8    33.86    16.40
1904    9   108.32     9.98
1904   10    52.57     5.63
1904   11    83.84     1.77
1904   12   180.17    -3.39
1905    1   225.97    -5.49
1905    2    96.93    -7.96
1905    3   125.83    -3.70
1905    4   210.44     2.88
1905    5    84.93    13.20
1905    6   141.45    17.34
1905    7    39.93    16.97
1905    8    39.28    16.51
1905    9    52.37    11.62
1905   10   146.32     7.91
1905   11   245.28     3.29
1905   12   172.33    -3.08
1906    1   179.63    -0.85
1906    2   113.59    -2.80
1906    3   134.06     0.18
1906    4   122.13     8.58
1906    5   118.76    10.97
1906    6   106.71    14.67
1906    7    45.47    18.66
1906    8    62.08    11.75
1906    9    23.77    13.57
1906   10    67.31     8.18
1906   11    99.67    -1.61
1906   12   232.13    -2.45
1907    1   348.87    -4.14
1907    2   120.21    -8.82
1907    3    25.60    -1.57
1907    4    92.71     5.86
1907    5    97.85    11.83
1907    6    51.94    17.73
1907    7    18.83    19.31
1907    8    44.96    20.54
1907    9    86.06    10.78
1907   10   137.57     5.77
1907   11    28.51     3.36
1907   12   368.07    -6.00
1908    1   275.47    -3.65
1908    2    45.68    -2.52
1908    3   119.55     1.25
1908    4    39.24     9.01
1908    5    93.37    10.34
1908    6   168.28    14.02
1908    7    61.06    18.16
1908    8    27.81    20.30
1908    9    32.37    16.02
1908   10   185.86     9.20
1908   11   267.53     4.24
1908   12   182.79    -0.29
1909    1   339.39    -7.16
1909    2   154.13    -3.86
1909    3   114.13     1.66
1909    4   159.35     5.29
1909    5   180.01     7.69
1909    6    83.41    17.98
1909    7    26.44    16.69
1909    8   130.59    15.29
1909    9   136.33    11.79
1909   10    87.10     7.80
1909   11    58.90     1.77
1909   12   287.71    -2.79
1910    1   196.42    -6.50
1910    2   113.59    -6.48
1910    3   104.97     3.82
1910    4    98.25     7.98
1910    5    25.01    13.19
1910    6   180.81    12.47
1910    7    19.97    16.19
1910    8    32.44    15.98
1910    9    37.70    14.39
1910   10   156.31     8.06
1910   11   128.90     2.03
1910   12   128.78    -5.22
1911    1   215.74    -4.66
1911    2    96.54    -0.62
1911    3    50.22     1.42
1911    4   125.24     7.53
1911    5    95.39    11.40
1911    6    65.86    13.53
1911    7    32.98    14.77
1911    8    45.32    17.48
1911    9   166.04    12.65
1911   10   171.23     7.83
1911   11    39.18     2.78
1911   12   131.70    -2.26
1912    1   211.43    -4.17
1912    2   168.88    -7.07
1912    3    53.08     3.51
1912    4   107.81     6.99
1912    5   145.44     7.20
1912    6    86.62    12.37
1912    7    18.67    15.59
1912    8     4.92    16.32
1912    9     0.41    17.67
1912   10   171.65     3.26
1912   11   240.88     1.04
1912   12   332.32    -1.47
1913    1   121.81    -4.05
1913    2   129.43    -3.54
1913    3   121.35    -3.67
1913    4   107.27     4.94
1913    5    70.73    13.38
1913    6   137.07    15.16
1913    7    12.23    16.78
1913    8    13.07    14.76
1913    9    76.81    10.05
1913   10    78.25     9.14
1913   11   114.57     1.68
1913   12   123.82    -2.16
1914    1   100.31    -4.30
1914    2   116.24    -7.41
1914    3    93.17    -1.07
1914    4   110.51     4.50
1914    5    68.88    13.13
1914    6   145.30    14.13
1914    7    98.28    15.88
1914    8    36.76    14.17
1914    9     2.77    12.37
1914   10   120.29     7.57
1914   11   334.82    -0.27
1914   12   114.51    -1.37
1915    1   226.26    -4.17
1915    2   158.15    -2.36
1915    3    96.72     1.19
1915    4   106.91     7.71
1915    5   212.24     9.80
1915    6   135.20    11.20
1915    7    77.04    16.87
1915    8     7.65    16.81
1915    9    14.15    13.97
1915   10   174.39     6.11
1915   11   155.54     2.28
1915   12   200.48    -1.52
1916    1    90.32    -6.36
1916    2   207.44    -4.31
1916    3   109.27     0.83
1916    4   118.54     4.64
1916    5   172.85    12.04
1916    6   113.06    14.63
1916    7    57.53    19.05
1916    8    21.43    17.73
1916    9    91.87    10.61
1916   10     2.89     8.01
1916   11   156.50    -0.60
1916   12    75.73     0.41
1917    1   324.29    -6.63
1917    2    56.65    -3.41
1917    3   115.55    -1.08
1917    4    68.82     5.55
1917    5   116.97    13.40
1917    6   106.62    12.32
1917    7    77.29    15.14
1917    8    21.77    18.22
1917    9    37.67    10.31
1917   10    35.86     7.95
1917   11    85.32     3.74
1917   12   222.66    -2.08
1918    1   241.71    -5.25
1918    2   189.29    -3.79
1918    3   131.90     1.11
1918    4   120.09     4.62
1918    5    43.08     7.14
1918    6   115.86    11.66
1918    7    91.32    16.07
1918    8   103.20    17.93
1918    9   316.00     7.30
1918   10    67.49     7.60
1918   11   284.49     1.31
1918   12    87.29    -7.11
1919    1   240.02    -7.99
1919    2   214.53    -6.40
1919    3   228.42    -1.66
1919    4   139.31     5.11
1919    5   134.14    10.76
1919    6   100.26    13.67
1919    7   208.26    13.22
1919    8    15.23    16.32
1919    9    19.26    15.08
1919   10   197.18     5.55
1919   11   132.00     3.42
1919   12   100.04    -6.43
1920    1   170.41    -3.57
1920    2   248.04    -7.04
1920    3   102.92     0.15
1920    4    53.76     5.54
1920    5    95.03    12.42
1920    6    51.13    14.29
1920    7    54.80    13.92
1920    8     5.96    17.14
1920    9    33.55    11.74
1920   10   125.24     9.85
1920   11    56.24     4.98
1920   12   106.31    -3.47
1921    1   211.99    -1.62
1921    2    53.00    -4.60
1921    3    27.47     1.33
1921    4   123.06     5.44
1921    5   116.93    11.13
1921    6    84.22    16.98
1921    7    60.11    15.80
1921    8    82.12    17.61
1921    9    74.15    10.19
1921   10   230.64     5.30
1921   11    83.73    -0.05
1921   12   289.77    -6.64
1922    1   105.04    -8.41
1922    2   108.11   -10.27
1922    3   202.11    -3.55
1922    4   181.93     5.48
1922    5   164.03     9.34
1922    6    95.94    16.68
1922    7   128.27    16.93
1922    8   115.18    16.08
1922    9    30.69    11.70
1922   10   172.84     4.57
1922   11   105.35    -2.45
1922   12   193.15    -2.42
1923    1    85.63    -1.22
1923    2   228.26    -1.62
1923    3   172.92     2.53
1923    4   225.02     4.75
1923    5   180.59     8.75
1923    6    87.79    14.04
1923    7    78.90    16.25
1923    8    46.24    16.58
1923    9    92.88     7.49
1923   10   127.29     1.16
1923   11   104.45     2.01
1923   12   217.25    -8.11
1924    1   233.24    -8.07
1924    2    73.16   -10.58
1924    3   149.54    -3.98
1924    4    65.98     6.22
1924    5    61.91    12.60
1924    6   126.74    11.77
1924    7    63.12    17.82
1924    8    12.14    16.40
1924    9    69.47    13.72
1924   10   192.73     6.43
1924   11   314.84    -2.62
1924   12   103.03    -4.48
1925    1   200.33    -1.00
1925    2   128.97    -2.50
1925    3   169.74    -0.64
1925    4    68.78     5.83
1925    5    31.73    10.50
1925    6    90.60    14.79
1925    7    97.32    19.72
1925    8    46.18    16.86
1925    9    22.56    13.70
1925   10   241.26     6.84
1925   11   278.74    -0.87
1925   12   148.48    -2.06
1926    1   325.85    -3.42
1926    2   120.08    -5.08
1926    3   155.40     2.36
1926    4    38.66     6.17
1926    5    78.15     9.45
1926    6   103.09    14.64
1926    7    98.42    16.69
1926    8    56.49    15.74
1926    9    88.27     9.03
1926   10   116.33     9.50
1926   11   168.20     3.01
1926   12   237.25    -5.91
1927    1   135.60    -6.59
1927    2   170.52    -4.55
1927    3   131.53    -0.95
1927    4    98.46     6.47
1927    5   106.57    10.47
1927    6    92.26    13.53
1927    7    26.53    16.15
1927    8    21.75    16.70
1927    9   134.21    12.45
1927   10    87.91     8.08
1927   11   211.21    -0.59
1927   12   413.13    -5.20
1928    1    61.06   -10.13
1928    2   139.46    -6.31
1928    3   128.40    -7.30
1928    4    73.72     6.55
1928    5   169.74     8.88
1928    6    62.88    12.72
1928    7    47.74    16.45
1928    8    16.63    13.94
1928    9    50.24    12.91
1928   10   115.90     4.10
1928   11   154.17    -0.60
1928   12   135.43    -2.37
1929    1    53.99    -1.89
1929    2   138.26    -6.85
1929    3    65.95     2.30
1929    4    99.33     6.42
1929    5    44.00    12.63
1929    6    53.61    14.53
1929    7    96.57    17.95
1929    8    16.88    12.94
1929    9    18.26    14.08
1929   10    28.94     5.99
1929   11   151.31     0.79
1929   12   202.91    -2.57
1930    1   298.20    -5.72
1930    2   186.66    -5.03
1930    3    94.24    -0.92
1930    4   149.71     3.31
1930    5   159.38     8.06
1930    6    57.89    12.29
1930    7    65.12    16.53
1930    8    42.98    14.65
1930    9    11.02    14.40
1930   10    29.11     5.63
1930   11   127.50     1.42
1930   12   418.34    -4.80
1931    1   354.97    -6.83
1931    2   126.59    -7.45
1931    3   126.97    -2.82
1931    4   258.74     3.43
1931    5   142.50     9.48
1931    6    80.79    12.42
1931    7    60.62    15.02
1931    8    36.15    15.60
1931    9    83.23    10.19
1931   10   120.43     7.26
1931   11    93.03     3.21
1931   12   165.48    -0.87
1932    1   183.32    -7.99
1932    2   148.16    -7.47
1932    3   179.38    -2.82
1932    4   172.89     4.72
1932    5   117.79     7.68
1932    6    30.95    13.74
1932    7   106.87    14.39
1932    8    41.28    16.69
1932    9   119.68     8.68
1932   10   183.84     3.50
1932   11   195.88     2.00
1932   12   318.79    -3.67
1933    1    95.36    -1.43
1933    2    94.86    -0.93
1933    3   186.35    -0.90
1933    4    84.81     7.58
1933    5    30.83    12.54
1933    6    33.48    17.77
1933    7     1.95    19.74
1933    8    58.05    16.96
1933    9    17.51    16.33
1933   10    47.54     7.63
1933   11   142.87     5.37
1933   12   147.08    -3.70
1934    1   221.96    -6.23
1934    2   110.12    -2.87
1934    3   156.80     2.51
1934    4    60.70     9.84
1934    5   141.49    11.66
1934    6    34.78    14.49
1934    7    46.24    18.83
1934    8    40.63    17.81
1934    9    37.36    13.20
1934   10    26.21     9.03
1934   11   273.07     3.14
1934   12   424.03    -2.20
1935    1   237.49    -7.32
1935    2   107.45   -11.52
1935    3   160.73     0.82
1935    4   126.06     5.42
1935    5   204.79     8.11
1935    6    68.39    13.33
1935    7    50.18    16.24
1935    8    11.68    18.18
1935    9    24.82    14.03
1935   10   108.59     9.10
1935   11   198.42     2.76
1935   12   127.60    -3.56
1936    1   209.98    -3.95
1936    2   219.73    -6.59
1936    3    72.87    -0.86
1936    4   210.27     3.06
1936    5    86.53    10.92
1936    6    75.77    15.93
1936    7    28.33    18.04
1936    8    24.72    17.95
1936    9    63.44    14.62
1936   10    70.05     7.91
1936   11    60.50     3.27
1936   12   361.97     1.07
1937    1   322.13    -8.06
1937    2   287.55    -7.87
1937    3   198.63    -1.08
1937    4   106.18     5.81
1937    5    78.39    12.98
1937    6   125.04    15.16
1937    7   133.64    17.35
1937    8    20.49    14.07
1937    9     9.14    13.47
1937   10    88.41     3.09
1937   11   175.26    -0.72
1937   12    47.35    -2.67
1938    1   208.97    -6.02
1938    2    99.35    -7.86
1938    3   130.40     0.18
1938    4   100.49     4.52
1938    5    94.72     9.70
1938    6    67.23    16.42
1938    7     9.14    19.58
1938    8    11.81    18.48
1938    9    53.52    11.91
1938   10    45.96     9.06
1938   11   129.27     1.98
1938   12   410.72    -2.50
1939    1   133.44    -5.98
1939    2   123.53    -5.84
1939    3   175.69    -2.26
1939    4   103.79     6.20
1939    5   163.76    10.68
1939    6    85.98    15.07
1939    7    95.77    16.79
1939    8    24.65    16.35
1939    9    58.09    12.63
1939   10    73.06     8.51
1939   11   221.32     0.42
1939   12   326.16    -1.56
1940    1   198.87    -7.17
1940    2   129.21    -8.79
1940    3   149.07    -0.50
1940    4   194.80     6.22
1940    5   101.24    10.66
1940    6   107.03    14.35
1940    7    54.71    15.52
1940    8    56.82    17.47
1940    9    42.86    14.56
1940   10   124.46     5.41
1940   11    68.53    -3.80
1940   12   123.20    -5.17
1941    1    82.62    -0.38
1941    2    84.50    -0.55
1941    3   176.95     1.57
1941    4   136.53     6.82
1941    5    72.57    12.50
1941    6   135.07    16.89
1941    7    42.57    19.23
1941    8    48.56    14.16
1941    9    79.92    10.38
1941   10   194.87     6.85
1941   11   197.45    -0.13
1941   12   121.15    -0.79
1942    1   151.04    -8.93
1942    2    65.08    -6.66
1942    3   128.86     3.01
1942    4   235.75     3.93
1942    5   127.00    12.14
1942    6    16.13    17.05
1942    7    57.97    15.10
1942    8    42.26    16.09
1942    9    30.30    13.66
1942   10    87.61     6.61
1942   11    74.30    -1.99
1942   12   346.30    -3.26
1943    1   367.23    -5.53
1943    2   111.92    -5.54
1943    3   118.47     2.30
1943    4    64.60     8.48
1943    5   142.88    10.13
1943    6    57.96    15.73
1943    7    56.09    16.68
1943    8    22.70    17.34
1943    9    90.93    10.27
1943   10    75.59     9.53
1943   11   235.01     1.37
1943   12   296.52    -2.83
1944    1   194.76    -3.90
1944    2   208.18   -11.15
1944    3   140.03    -2.15
1944    4   100.83     9.15
1944    5    42.91    15.77
1944    6   129.95    17.28
1944    7    93.12    17.59
1944    8    84.76    14.64
1944    9     2.33    14.75
1944   10    24.18     7.82
1944   11   147.45     5.86
1944   12   281.01    -3.49
1945    1   150.32    -3.62
1945    2    64.36    -0.18
1945    3   179.90    -3.59
1945    4    59.27    10.16
1945    5   136.90    11.70
1945    6    82.35    15.22
1945    7    54.02    18.01
1945    8    76.17    16.16
1945    9    61.34    11.93
1945   10   130.16     2.31
1945   11   193.99     1.20
1945   12    75.57    -6.88
1946    1   265.47    -4.35
1946    2   322.61    -5.28
1946    3    44.29     0.47
1946    4    85.48     9.74
1946    5   120.11    13.27
1946    6   120.70    14.54
1946    7    39.40    18.74
1946    8    89.23    15.76
1946    9   110.05    10.54
1946   10    99.61     6.23
1946   11    55.78     5.14
1946   12   242.24    -3.98
1947    1   249.19    -4.60
1947    2    97.20    -5.16
1947    3   141.08     1.44
1947    4   184.72     4.07
1947    5    76.14    11.47
1947    6    92.89    15.12
1947    7   108.22    16.52
1947    8    20.42    14.80
1947    9    76.64    12.00
1947   10   313.16     4.37
1947   11    65.67     4.06
1947   12   247.93     0.19
1948    1   214.25    -6.53
1948    2   257.26    -1.80
1948    3   190.95    -0.37
1948    4    96.03     6.40
1948    5   168.94    12.46
1948    6   110.66    12.69
1948    7   145.17    13.59
1948    8   117.85    16.01
1948    9    62.70    11.73
1948   10    86.92    11.28
1948   11    49.00     4.84
1948   12   240.11    -1.18
1949    1   111.56    -5.99
1949    2   326.21    -5.79
1949    3   125.07    -1.43
1949    4   170.07     6.08
1949    5    69.53     9.51
1949    6   197.75    13.56
1949    7    77.52    15.45
1949    8     3.64    15.25
1949    9    60.74    11.81
1949   10   181.57     8.31
1949   11   129.72     1.06
1949   12   219.82    -2.24
1950    1   154.98    -1.29
1950    2   231.33    -4.85
1950    3   100.35    -4.88
1950    4   128.30     3.70
1950    5    55.68    13.06
1950    6    82.88    14.66
1950    7    67.14    18.10
1950    8    39.10    15.83
1950    9    47.76    12.66
1950   10   145.33     2.77
1950   11   193.38     1.91
1950   12   131.63    -3.48
1951    1   128.86    -5.69
1951    2   107.08    -5.46
1951    3    31.14     5.48
1951    4     7.06     5.26
1951    5    78.38    11.42
1951    6    63.27    14.51
1951    7    10.68    19.47
1951    8    22.72    18.21
1951    9    66.22    11.53
1951   10    95.85     8.55
1951   11   245.09    -2.71
1951   12   171.13    -3.66
1952    1   224.87    -5.91
1952    2    80.01    -1.78
1952    3    82.46     2.73
1952    4    88.45     8.36
1952    5    77.91    11.24
1952    6   154.34    12.41
1952    7    30.63    17.80
1952    8    86.91    15.45
1952    9    81.84    12.66
1952   10    48.11     4.22
1952   11   202.24     0.65
1952   12   170.19    -1.35
1953    1   218.84    -0.49
1953    2    18.53    -1.88
1953    3    39.52     0.32
1953    4   210.92     3.65
1953    5   139.33    12.66
1953    6    87.66    15.64
1953    7    30.54    18.23
1953    8    54.51    17.55
1953    9    46.80    13.98
1953   10    20.22     9.20
1953   11   215.68     3.78
1953   12   138.18     0.44
1954    1   115.79    -2.03
1954    2    95.68    -1.19
1954    3   140.49     0.68
1954    4   162.86     5.96
1954    5   187.63     9.62
1954    6   126.69    11.14
1954    7    32.55    18.31
1954    8    26.91    13.15
1954    9    71.16    12.25
1954   10     8.81     9.99
1954   11    72.15     2.19
1954   12   298.57    -5.42
1955    1   183.61    -6.36
1955    2   103.94    -8.67
1955    3   132.17    -5.32
1955    4    36.81     4.58
1955    5    87.31     9.08
1955    6    58.35    18.36
1955    7    57.37    16.96
1955    8    26.56    14.86
1955    9   173.73     9.74
1955   10    84.04     8.31
1955   11   189.75     3.75
1955   12   159.09    -5.81
1956    1   231.31    -7.71
1956    2   293.87    -4.32
1956    3    59.24    -2.34
1956    4    47.05     5.43
1956    5   124.22    10.96
1956    6    80.10    14.33
1956    7    86.16    16.31
1956    8    77.10    12.79
1956    9    26.82    12.80
1956   10    42.40     5.95
1956   11   185.87     2.23
1956   12   134.49    -2.05
1957    1   226.82     0.01
1957    2   129.58    -5.99
1957    3   145.53     1.92
1957    4     7.03     5.88
1957    5   107.15    13.12
1957    6   118.80    17.05
1957    7    80.29    19.92
1957    8   117.27    15.96
1957    9    35.35    14.31
1957   10   286.84     1.96
1957   11   147.61     2.81
1957   12   204.73    -0.74
1958    1    90.67    -3.56
1958    2   169.55    -1.63
1958    3   142.23     2.51
1958    4   183.28     5.73
1958    5    99.60    12.23
1958    6   133.34    13.65
1958    7    10.32    16.85
1958    8    63.43    13.79
1958    9   103.12     9.59
1958   10     4.34     7.85
1958   11   125.98    -2.05
1958   12   194.59     1.72
1959    1   245.90    -2.62
1959    2   211.17    -4.93
1959    3   246.01    -3.42
1959    4    78.00     8.56
1959    5    56.18    12.76
1959    6    45.35    17.38
1959    7    45.85    15.66
1959    8    10.27    14.72
1959    9     3.84    16.53
1959   10   141.13     6.63
1959   11    46.72     2.35
1959   12   239.27    -3.82
1960    1   305.58    -6.26
1960    2   147.84    -3.66
1960    3    97.44     0.67
1960    4    93.36     8.12
1960    5   137.76     7.00
1960    6    65.90    12.41
1960    7    83.98    14.56
1960    8     6.61    18.07
1960    9    14.49    14.07
1960   10     8.61     5.79
1960   11    21.29    -0.68
1960   12   253.16    -3.72
1961    1   315.35    -6.01
1961    2    99.38    -4.42
1961    3   169.49    -0.39
1961    4    64.42     9.10
1961    5   184.40    10.48
1961    6    56.19    13.76
1961    7    85.43    14.59
1961    8     7.07    14.07
1961    9    39.39    11.50
1961   10    50.54    10.56
1961   11   206.71     4.01
1961   12   254.98    -0.66
1962    1   207.06   -11.30
1962    2   121.32    -8.12
1962    3    53.95    -0.19
1962    4   151.82     2.65
1962    5   218.59     7.83
1962    6    38.66    13.16
1962    7    45.43    18.45
1962    8     8.36    17.09
1962    9     6.30    15.45
1962   10    84.71     7.90
1962   11   169.64     1.62
1962   12    77.94    -5.84
1963    1   101.96    -2.31
1963    2   145.38    -2.52
1963    3   216.87    -2.90
1963    4   110.04     7.22
1963    5    70.60    12.39
1963    6    22.36    16.21
1963    7    21.69    18.81
1963    8    46.92    14.35
1963    9    66.38    10.35
1963   10   123.59     6.57
1963   11   129.74     5.82
1963   12   167.12    -2.98
1964    1    83.09    -2.02
1964    2   210.86    -1.50
1964    3   107.25     1.73
1964    4   183.59     5.26
1964    5    83.90     9.61
1964    6   133.98    11.17
1964    7    19.08    16.06
1964    8    30.81    14.15
1964    9     9.12    14.25
1964   10    52.49     9.13
1964   11    88.26     7.06
1964   12   309.43    -0.70
1965    1   281.00    -6.23
1965    2   148.94    -1.46
1965    3   143.92     2.23
1965    4    80.45     7.67
1965    5    52.24    12.11
1965    6    55.75    16.96
1965    7    15.06    18.16
1965    8    75.11    15.49
1965    9    35.03    14.06
1965   10    33.87     9.54
1965   11    91.48     4.47
1965   12    98.11    -1.26
1966    1    54.23    -6.62
1966    2   392.80    -2.40
1966    3   116.90     0.97
1966    4   154.99     5.59
1966    5   186.54    10.55
1966    6    50.51    13.96
1966    7    60.78    14.42
1966    8    19.46    15.29
1966    9    66.79    13.72
1966   10    92.67     8.69
1966   11   127.97     3.23
1966   12   153.35    -4.11
1967    1   171.85    -6.35
1967    2    91.14    -3.71
1967    3   235.95     1.29
1967    4    55.34    10.44
1967    5   203.86    11.70
1967    6   131.58    13.97
1967    7    35.04    17.43
1967    8    40.50    18.23
1967    9     0.97    17.74
1967   10    20.83     9.89
1967   11   196.94    -3.14
1967   12   265.52    -3.67
1968    1   135.62    -3.95
1968    2   163.96    -3.41
1968    3    75.77    -5.40
1968    4    64.10     5.89
1968    5   167.08    11.10
1968    6   235.52    11.29
1968    7    36.85    15.13
1968    8    71.48    13.36
1968    9    23.75    11.80
1968   10    97.57     9.91
1968   11    84.30     4.63
1968   12    57.65    -5.19
1969    1   218.05    -2.58
1969    2   166.26     0.09
1969    3   177.66    -0.63
1969    4   106.18     6.35
1969    5   118.19     9.08
1969    6   119.02    14.02
1969    7    26.60    17.02
1969    8     5.09    17.26
1969    9     1.92    14.47
1969   10   128.13    11.09
1969   11   279.21     1.58
1969   12   112.24    -3.03
1970    1   139.78    -2.75
1970    2   175.90    -3.69
1970    3   218.88    -2.37
1970    4   150.11     7.97
1970    5   165.95     8.50
1970    6    95.62    17.20
1970    7    51.55    16.87
1970    8    13.90    18.48
1970    9    77.81    11.21
1970   10   192.56     6.30
1970   11   136.65     0.74
1970   12   324.85    -1.29
1971    1    51.79    -6.01
1971    2   105.93     1.57
1971    3   225.79    -1.83
1971    4    98.46     7.69
1971    5    96.31    10.71
1971    6   144.66    12.45
1971    7    52.61    15.27
1971    8     7.40    16.11
1971    9    11.61    16.10
1971   10   110.76     7.43
1971   11   169.81    -0.04
1971   12   121.52    -5.77
1972    1    60.66    -5.83
1972    2   125.28    -4.66
1972    3   172.20     1.65
1972    4   174.37     2.50
1972    5   181.08    11.01
1972    6   146.03    10.55
1972    7    62.32    14.52
1972    8    18.91    13.63
1972    9    62.04    13.75
1972   10    39.61    10.23
1972   11   150.68    -0.34
1972   12   190.33    -0.91
1973    1   275.62    -5.90
1973    2   141.93    -7.20
1973    3    97.94    -0.04
1973    4   226.74     4.01
1973    5    31.12    15.94
1973    6    69.92    14.41
1973    7    14.20    18.06
1973    8    74.38    16.59
1973    9    18.40    15.57
1973   10    59.67     7.33
1973   11   121.62     3.00
1973   12   219.31     0.47
1974    1   175.71    -2.79
1974    2   104.40    -4.90
1974    3   113.83     0.53
1974    4   125.07     4.26
1974    5   178.21    10.37
1974    6    70.63    14.44
1974    7    13.28    18.89
1974    8    62.79    17.21
1974    9    23.24    14.15
1974   10    39.40    12.16
1974   11   257.60     1.96
1974   12   186.18     1.47
1975    1   289.89    -0.71
1975    2    52.57    -8.78
1975    3   179.61    -2.13
1975    4   143.59     3.79
1975    5   172.09    11.70
1975    6   117.70    14.86
1975    7    74.33    17.45
1975    8    22.87    14.99
1975    9    22.99     9.20
1975   10    19.23     8.60
1975   11   237.16     2.84
1975   12   194.45    -5.18
1976    1   231.48    -3.58
1976    2   210.46    -3.41
1976    3   144.36     1.05
1976    4   126.38     3.55
1976    5   127.66    10.75
1976    6    47.43    14.80
1976    7    99.53    15.55
1976    8    47.78    15.10
1976    9    15.09    11.96
1976   10    26.40     9.38
1976   11   200.58     3.05
1976   12   346.10    -3.66
1977    1   355.36    -6.72
1977    2   119.53    -8.40
1977    3   160.71     0.85
1977    4   133.65     5.69
1977    5   112.25    12.87
1977    6    77.17    15.76
1977    7    37.04    17.54
1977    8    66.81    16.19
1977    9    67.14    11.64
1977   10    94.05     3.83
1977   11   134.06     2.90
1977   12   162.90    -1.92
1978    1   286.44    -1.81
1978    2    51.30     2.13
1978    3   120.07     2.17
1978    4    74.11     7.21
1978    5    67.24    12.13
1978    6    31.05    19.46
1978    7    19.46    18.48
1978    8    28.42    14.61
1978    9    33.82    12.61
1978   10    88.96    10.03
1978   11   100.73     4.98
1978   12   132.57    -2.30
1979    1   177.65    -1.97
1979    2    98.68    -0.84
1979    3    43.25    -2.39
1979    4   161.43     3.98
1979    5   135.79    11.38
1979    6   183.44    13.51
1979    7   134.39    16.34
1979    8    16.10    19.75
1979    9    37.07    12.08
1979   10    73.93     4.39
1979   11    67.00     0.43
1979   12   243.69    -0.47
1980    1   158.79    -6.66
1980    2   113.75    -3.25
1980    3   205.23     2.01
1980    4   197.27     7.10
1980    5   133.57     8.67
1980    6   199.99    12.78
1980    7    90.03    13.15
1980    8    23.50    17.69
1980    9    14.24    14.36
1980   10   158.42     5.46
1980   11   155.94     4.07
1980   12   202.83    -1.38
1981    1   172.12    -5.78
1981    2   171.07    -6.79
1981    3    27.43    -1.33
1981    4    82.98     5.43
1981    5    55.15    13.03
1981    6    56.15    15.23
1981    7    85.37    16.06
1981    8    90.40    15.41
1981    9    95.62    11.50
1981   10     7.45     5.45
1981   11   216.02     0.44
1981   12   317.91    -3.18
1982    1   213.47    -5.38
1982    2   281.29    -6.25
1982    3   152.35    -4.31
1982    4   109.06     5.00
1982    5   139.67     8.49
1982    6    44.13    13.46
1982    7    67.16    16.08
1982    8     8.95    15.65
1982    9    10.82    13.59
1982   10     0.00    11.88
1982   11   210.49     0.97
1982   12    93.25     0.19
1983    1   194.58    -1.50
1983    2   120.63    -5.25
1983    3   128.75     3.27
1983    4   109.30     6.20
1983    5   123.56    13.65
1983    6   108.77    17.28
1983    7    21.86    21.41
1983    8     3.36    19.00
1983    9    23.12    17.33
1983   10   149.93    10.78
1983   11   109.24    -0.46
1983   12   247.41    -0.98
1984    1   182.14    -6.27
1984    2    53.54     0.32
1984    3   172.54     0.66
1984    4   186.44     2.27
1984    5    30.86    13.88
1984    6   169.33    11.24
1984    7     7.71    17.41
1984    8    88.15    17.05
1984    9     1.83    15.49
1984   10    95.31     5.94
1984   11   166.73     1.50
1984   12   187.96    -2.95
1985    1    60.38    -3.42
1985    2   100.24    -0.20
1985    3    26.43    -2.33
1985    4    62.95    10.37
1985    5    70.15    12.07
1985    6   118.62    14.68
1985    7    64.35    15.62
1985    8    27.24    21.33
1985    9    21.02    12.64
1985   10    26.32    12.01
1985   11   272.87    -1.10
1985   12   132.63    -0.64
1986    1   206.63    -2.83
1986    2   198.77    -2.96
1986    3   202.57     1.04
1986    4   180.09     5.28
1986    5   130.00     9.89
1986    6   137.51    14.17
1986    7    33.50    18.39
1986    8    21.34    15.05
1986    9     8.09    14.42
1986   10    31.01     8.38
1986   11   199.94     1.20
1986   12   149.45    -2.75
1987    1   216.91    -5.14
1987    2   112.03    -5.12
1987    3   178.75    -2.35
1987    4   152.41     6.94
1987    5   105.17    12.57
1987    6   185.39    13.19
1987    7   106.41    17.63
1987    8    27.06    16.67
1987    9    38.03    15.49
1987   10    87.41     8.75
1987   11   219.57     1.68
1987   12   269.33    -4.48
1988    1   218.46    -7.14
1988    2   198.72    -5.29
1988    3   154.10    -2.71
1988    4   125.70     3.23
1988    5   108.12    13.17
1988    6    73.21    17.91
1988    7   158.89    16.60
1988    8     1.25    18.26
1988    9     8.89    17.39
1988   10   111.33     9.81
1988   11   153.42     1.10
1988   12   255.28     0.32
1989    1   299.31    -5.77
1989    2    44.52    -3.83
1989    3   149.57     2.11
1989    4   120.33     5.42
1989    5    57.86    13.07
1989    6   118.52    15.75
1989    7    30.39    17.40
1989    8    30.77    17.85
1989    9    85.85    11.05
1989   10    42.52     8.33
1989   11   289.80     3.08
1989   12   127.10    -0.91
1990    1   154.34    -9.76
1990    2     5.72    -8.45
1990    3   157.40     1.39
1990    4    94.76     9.26
1990    5   112.44    10.60
1990    6    39.08    17.61
1990    7   119.25    18.78
1990    8    59.12    15.63
1990    9    21.60     8.45
1990   10   141.11     6.28
1990   11   275.39     1.39
1990   12   105.33    -5.52
1991    1   179.59    -3.37
1991    2   192.19    -3.26
1991    3   106.26     1.11
1991    4    54.45     8.50
1991    5    72.28    12.94
1991    6    49.09    14.62
1991    7    75.45    15.33
1991    8    65.13    17.04
1991    9    20.15    16.44
1991   10   131.96     9.25
1991   11   161.37     2.09
1991   12   145.25    -4.02
1992    1   223.59    -5.44
1992    2   217.28    -3.89
1992    3   102.66     0.06
1992    4   129.23     3.40
1992    5   102.84    13.72
1992    6    58.35    16.23
1992    7    74.68    17.09
1992    8    39.44    17.03
1992    9    43.07    11.64
1992   10   190.85     4.74
1992   11   204.96     1.55
1992   12   214.63    -3.79
1993    1   207.31    -0.69
1993    2    70.02    -2.61
1993    3   122.42     2.42
1993    4   155.56     0.98
1993    5    80.92    10.84
1993    6   116.89    14.15
1993    7    89.07    15.28
1993    8    70.67    16.13
1993    9   149.11     7.90
1993   10   144.04     4.78
1993   11   112.46     3.16
1993   12   108.82    -2.99
1994    1   196.11    -2.98
1994    2   102.66    -6.49
1994    3   123.95    -1.26
1994    4   188.04     5.33
1994    5    60.64    10.57
1994    6    81.56    16.32
1994    7    72.14    15.35
1994    8    28.92    15.90
1994    9    48.76    12.98
1994   10   135.74     6.02
1994   11   119.99    -0.54
1994   12   121.38    -3.87
1995    1   154.56    -2.83
1995    2    95.14    -1.78
1995    3   115.28     2.26
1995    4   104.51     7.72
1995    5   183.90    10.87
1995    6    87.90    14.63
1995    7    64.10    17.59
1995    8    52.76    16.21
1995    9    38.22    12.00
1995   10   218.57     4.40
1995   11   302.23     1.84
1995   12   182.77    -1.64
1996    1    88.32    -9.53
1996    2   124.40    -7.55
1996    3   160.80    -0.60
1996    4   217.25     5.31
1996    5   179.21    10.07
1996    6    89.86    17.75
1996    7   102.10    18.48
1996    8    22.23    16.17
1996    9    42.39    13.35
1996   10    60.06     9.55
1996   11    97.49     1.32
1996   12   263.20    -5.47
1997    1   106.88    -6.05
1997    2   227.49    -5.49
1997    3    53.08     2.85
1997    4    99.39     9.71
1997    5    75.31    11.87
1997    6    81.59    14.56
1997    7    28.58    20.11
1997    8     1.10    18.17
1997    9     9.64    14.86
1997   10   107.62     7.76
1997   11   191.28     5.29
1997   12   238.61    -6.38
1998    1   217.93    -2.44
1998    2    70.11    -0.16
1998    3   144.91     2.66
1998    4   125.29     8.86
1998    5   107.16    10.21
1998    6    94.23    15.84
1998    7    42.69    15.27
1998    8    77.49    14.38
1998    9    14.82    12.29
1998   10   133.83     5.79
1998   11   137.53     3.63
1998   12   341.15    -1.17
1999    1   293.49    -9.33
1999    2   116.77   -10.67
1999    3   207.93    -2.64
1999    4   152.52     4.18
1999    5    98.42     8.47
1999    6    84.70    13.01
1999    7    13.63    16.60
1999    8    65.57    18.41
1999    9    51.01    11.87
1999   10     0.40    10.90
1999   11    72.07     2.97
1999   12   220.95    -3.35
2000    1   263.54    -8.32
2000    2   237.51    -4.30
2000    3    26.75     3.43
2000    4   109.82     6.83
2000    5    43.03     8.95
2000    6     6.26    20.58
2000    7    70.64    17.86
2000    8    37.64    17.78
2000    9     2.02    18.55
2000   10    91.84    13.06
2000   11    72.24     3.04
2000   12   252.98    -1.97
2001    1   189.96    -3.13
2001    2   210.77    -0.43
2001    3   170.35     2.04
2001    4   132.11     6.69
2001    5   106.07    12.05
2001    6   113.34    16.16
2001    7    85.11    17.64
2001    8    31.68    19.57
2001    9    47.62    12.66
2001   10    80.71     4.97
2001   11   151.11     1.63
2001   12   286.04    -4.74
2002    1   119.34    -6.30
2002    2   203.91    -4.31
2002    3   192.91     2.07
2002    4    66.47     7.89
2002    5    97.46    11.28
2002    6    71.18    15.91
2002    7    90.41    15.27
2002    8     3.62    18.93
2002    9    33.07    13.15
2002   10    89.14    12.24
2002   11   265.38     4.89
2002   12   220.38     0.40
2003    1   387.69    -3.36
2003    2   152.22    -2.35
2003    3   198.54    -1.15
2003    4    77.06     5.36
2003    5    85.20    12.04
2003    6   145.96    16.33
2003    7    71.77    16.87
2003    8   127.40    13.77
2003    9    30.75    13.28
2003   10    54.73     5.81
2003   11   261.67     1.73
2003   12   100.97     0.38
2004    1   171.94     0.39
2004    2   134.25    -5.86
2004    3   165.52     0.78
2004    4   143.27     5.35
2004    5    83.52    13.28
2004    6    81.88    17.01
2004    7    60.70    17.10
2004    8    48.52    14.58
2004    9    46.05    13.18
2004   10    94.99     8.70
2004   11    80.56     4.63
2004   12   226.32     1.14
2005    1   166.36    -4.87
2005    2   161.16    -1.37
2005    3   193.13     1.64
2005    4   114.71     5.61
2005    5   118.28    10.51
2005    6    64.69    15.52
2005    7    22.14    17.48
2005    8    58.26    19.37
2005    9   116.16    14.86
2005   10   134.68     5.70
2005   11   281.80     0.96
2005   12   174.63    -1.74
