1850    1    19.60    -4.92
1850    2    16.33     2.49
1850    3    41.96     2.57
1850    4     8.13    11.70
1850    5    36.64    13.28
1850    6    19.20    21.71
1850    7     0.98    23.45
1850    8     0.00    24.87
1850    9     0.13    20.35
1850   10     2.24    15.18
1850   11    23.22     7.20
1850   12     6.56     1.04
1851    1    14.50     1.05
1851    2    12.20     1.03
1851    3     1.90     6.55
1851    4    25.89    13.85
1851    5     7.22    18.01
1851    6    17.66    23.18
1851    7     9.10    25.26
1851    8     0.28    22.41
1851    9     0.14    19.57
1851   10     3.55    14.24
1851   11    48.74     7.95
1851   12     8.69     2.13
1852    1    31.81    -0.23
1852    2    17.85     1.26
1852    3     1.76     3.18
1852    4    33.12    13.34
1852    5     8.91    17.85
1852    6    32.45    22.99
1852    7    34.03    23.37
1852    8    44.38    21.09
1852    9    33.52    19.09
1852   10     6.20     9.28
1852   11    29.66     3.97
1852   12    43.15     1.72
1853    1    25.95    -5.51
1853    2    11.04     2.94
1853    3     7.79    10.00
1853    4    19.91    13.14
1853    5    17.40    17.96
1853    6    18.98    19.39
1853    7     0.07    26.11
1853    8    12.96    24.20
1853    9    13.56    18.97
1853   10     1.32    13.99
1853   11    23.52     7.77
1853   12    16.77     3.46
1854    1    45.28     2.92
1854    2     3.71     3.58
1854    3    38.12     6.07
1854    4    16.26    12.48
1854    5    47.48    16.60
1854    6    46.83    18.88
1854    7     0.37    23.74
1854    8     0.01    22.55
1854    9     1.10    18.51
1854   10    12.50    14.47
1854   11     3.95     9.41
1854   12     2.61     3.48
1855    1    14.38     1.35
1855    2     0.46     6.04
1855    3     6.74     3.60
1855    4     4.82    10.75
1855    5    44.54    16.33
1855    6    46.67    21.31
1855    7    15.89    22.67
1855    8    17.90    22.28
1855    9     9.54    20.23
1855   10     6.14    11.51
1855   11    16.61     8.73
1855   12    34.28     1.61
1856    1    10.01    -2.31
1856    2    19.25     4.43
1856    3     0.47     7.91
1856    4    53.72    10.59
1856    5    28.73    18.06
1856    6    54.49    20.74
1856    7    13.28    23.49
1856    8     0.00    23.49
1856    9    11.24    20.29
1856   10    17.82    14.49
1856   11    81.69     8.45
1856   12    13.67    -0.33
1857    1    19.39     1.20
1857    2    23.43     3.17
1857    3    29.74     6.51
1857    4    34.47    13.51
1857    5    61.42    16.23
1857    6    33.02    21.02
1857    7    12.25    24.25
1857    8     0.00    22.58
1857    9     1.16    17.46
1857   10    11.18    12.48
1857   11    56.49     4.94
1857   12     7.84     3.16
1858    1    15.06    -2.25
1858    2    12.04     3.27
1858    3     4.55     7.18
1858    4    30.83    12.12
1858    5    23.64    17.36
1858    6     8.08    21.97
1858    7     2.16    23.78
1858    8     6.85    24.14
1858    9    17.99    19.08
1858   10     9.89    13.69
1858   11     8.93     8.35
1858   12     2.22     1.42
1859    1     5.13     4.28
1859    2    10.14     4.63
1859    3    27.15     5.41
1859    4     9.18    11.08
1859    5     8.47    19.58
1859    6     0.00    24.49
1859    7     2.73    24.96
1859    8    12.61    24.44
1859    9     2.53    17.78
1859   10    32.98    11.45
1859   11     4.78     6.05
1859   12    30.30     4.98
1860    1    49.13    -0.96
1860    2     0.14     1.13
1860    3    34.01     7.34
1860    4    42.22    13.25
1860    5    25.44    15.75
1860    6    34.75    20.53
1860    7     7.38    25.43
1860    8     0.00    23.86
1860    9    24.78    17.60
1860   10    37.73    11.62
1860   11    30.18     8.86
1860   12     4.66     4.80
1861    1    11.78     0.80
1861    2    14.30    -0.21
1861    3    51.10     8.06
1861    4    17.75    13.02
1861    5    50.88    15.23
1861    6     7.46    20.26
1861    7    13.93    22.56
1861    8     0.04    22.66
1861    9    19.14    18.74
1861   10    15.81    11.89
1861   11     2.16     8.75
1861   12    30.11     2.89
1862    1     2.66     1.20
1862    2    17.71     1.33
1862    3    41.31     6.90
1862    4    31.20    10.65
1862    5    21.42    18.36
1862    6    47.28    21.51
1862    7     9.11    25.58
1862    8     0.00    25.26
1862    9    15.26    19.83
1862   10     0.04    15.86
1862   11    31.05     8.35
1862   12    11.19     4.44
1863    1    32.57     3.12
1863    2    19.39     5.05
1863    3    28.65     9.29
1863    4    27.51    14.10
1863    5    43.04    16.66
1863    6    17.52    22.99
1863    7     8.86    23.53
1863    8     0.71    23.38
1863    9     8.27    17.90
1863   10    58.65    11.88
1863   11     9.54     8.58
1863   12     1.51     3.71
1864    1     4.03    -1.51
1864    2    27.00     2.89
1864    3    25.78     8.24
1864    4    41.99    10.70
1864    5    51.71    17.58
1864    6    76.37    19.88
1864    7     1.48    22.90
1864    8     0.02    23.62
1864    9     0.00    20.25
1864   10    34.35    13.16
1864   11    15.46     7.32
1864   12    39.74     4.38
1865    1     8.56     1.91
1865    2    74.73    -2.78
1865    3    18.15     5.19
1865    4     9.28    13.51
1865    5    53.28    15.75
1865    6    21.14    20.97
1865    7     7.28    24.32
1865    8     0.06    21.40
1865    9     2.79    16.70
1865   10    14.69    13.74
1865   11    21.98     7.10
1865   12    30.93     1.75
1866    1    68.14    -4.20
1866    2    45.93     2.45
1866    3     5.29     3.29
1866    4    21.74    11.59
1866    5    10.45    15.46
1866    6    31.05    20.35
1866    7    14.32    23.67
1866    8    11.60    21.46
1866    9    10.41    19.14
1866   10     4.02    14.06
1866   11    39.25     4.30
1866   12     3.80     1.69
1867    1    24.00    -2.35
1867    2    32.97    -2.75
1867    3    23.97     6.49
1867    4    19.31    11.94
1867    5     9.74    15.68
1867    6    58.75    20.93
1867    7    29.56    21.94
1867    8     0.48    23.11
1867    9     3.04    18.84
1867   10    23.73     9.75
1867   11    18.66     6.98
1867   12    31.15    -0.61
1868    1     7.63     0.91
1868    2    45.05     3.72
1868    3    27.61     4.44
1868    4    43.13    13.55
1868    5     7.30    15.86
1868    6    27.14    21.65
1868    7     2.70    23.51
1868    8     1.65    23.49
1868    9    33.87    18.70
1868   10     2.85    15.83
1868   11     7.42     4.89
1868   12    18.47     2.41
1869    1    30.91     1.33
1869    2    24.93     3.62
1869    3    13.05     6.70
1869    4    11.87    11.17
1869    5     0.82    18.24
1869    6    26.18    23.57
1869    7     2.55    25.05
1869    8     8.90    23.27
1869    9     8.84    18.05
1869   10     0.09    14.29
1869   11    23.22     5.63
1869   12    21.35     2.91
1870    1    13.30    -1.51
1870    2    18.54     2.10
1870    3    35.34     4.11
1870    4    11.34    10.61
1870    5    52.76    15.77
1870    6    29.87    21.04
1870    7     4.73    24.09
1870    8    40.71    22.93
1870    9    28.40    17.66
1870   10    28.00    11.37
1870   11    17.88     4.98
1870   12     8.22     1.72
1871    1    14.48     0.18
1871    2    24.17     1.06
1871    3    49.27     5.36
1871    4    13.31    11.09
1871    5    24.19    16.51
1871    6    19.47    21.00
1871    7     6.25    24.53
1871    8     1.55    22.36
1871    9     0.00    17.21
1871   10     8.19    12.46
1871   11    13.45     5.29
1871   12    17.03     0.18
1872    1     3.03    -1.41
1872    2    15.45    -3.24
1872    3    32.94     5.01
1872    4     4.93    12.51
1872    5     3.30    16.77
1872    6    29.57    22.71
1872    7     1.85    24.75
1872    8     0.00    25.71
1872    9    44.47    17.16
1872   10    14.92    11.60
1872   11     7.23     8.37
1872   12    59.16     2.75
1873    1    11.02     0.47
1873    2    28.55     2.04
1873    3     7.53     7.30
1873    4    68.66    10.66
1873    5    55.47    14.47
1873    6    49.16    19.35
1873    7    24.37    22.99
1873    8     7.39    22.39
1873    9    13.59    18.68
1873   10    20.94    11.64
1873   11    11.05     4.34
1873   12    36.89    -0.34
1874    1    23.79    -4.09
1874    2    12.40    -0.60
1874    3    63.40     6.23
1874    4    28.18    11.46
1874    5    21.85    17.11
1874    6    28.08    20.29
1874    7     8.37    24.43
1874    8    21.70    22.12
1874    9    29.82    18.24
1874   10    39.07    13.78
1874   11    16.68     6.10
1874   12     4.95     1.79
1875    1    38.30    -2.74
1875    2     6.11     6.13
1875    3     7.79     6.31
1875    4    45.34    11.04
1875    5    33.03    17.50
1875    6    18.52    22.21
1875    7    16.18    24.17
1875    8     2.65    23.22
1875    9    14.42    19.30
1875   10    33.70    12.80
1875   11    29.66     7.11
1875   12    22.25     3.30
1876    1     3.91    -0.26
1876    2    10.00     1.33
1876    3    40.01     3.19
1876    4    12.33    10.01
1876    5     9.43    18.82
1876    6    33.73    22.30
1876    7     1.24    24.41
1876    8     0.00    23.64
1876    9     0.31    18.40
1876   10     1.63    13.00
1876   11    33.65     6.08
1876   12     2.17     2.92
1877    1    40.53    -1.68
1877    2    25.98    -5.33
1877    3    11.24     5.64
1877    4    20.56    11.22
1877    5     1.31    16.94
1877    6     6.52    21.17
1877    7    26.36    22.60
1877    8     6.71    22.54
1877    9    10.71    15.89
1877   10    14.79    14.25
1877   11     3.57     9.30
1877   12    12.24     0.26
1878    1    12.17     1.52
1878    2    18.30    -0.69
1878    3    60.76     6.69
1878    4    31.10    12.49
1878    5     0.51    17.39
1878    6    41.91    20.42
1878    7     0.36    23.17
1878    8     4.21    23.51
1878    9    15.67    18.87
1878   10    18.99    11.89
1878   11    32.93     3.56
1878   12    22.98    -0.48
1879    1     3.24     1.11
1879    2     3.45     2.17
1879    3    23.57     6.24
1879    4    26.29    12.84
1879    5    30.17    16.36
1879    6    38.52    22.62
1879    7     9.30    23.56
1879    8    58.81    22.45
1879    9     2.58    19.22
1879   10    18.24    10.43
1879   11    12.50     8.39
1879   12     1.23     2.78
1880    1     2.47     2.85
1880    2    18.57     5.11
1880    3    12.93     6.32
1880    4     7.20    13.18
1880    5    69.22    16.57
1880    6    27.32    22.36
1880    7     4.03    25.49
1880    8     0.00    25.08
1880    9     5.02    21.70
1880   10    14.21    11.48
1880   11    28.30     5.82
1880   12     9.46     1.71
1881    1     0.78    -0.47
1881    2     3.28    -1.91
1881    3    30.56     4.42
1881    4    47.82    11.49
1881    5    52.96    15.74
1881    6    75.29    18.96
1881    7     5.01    22.69
1881    8     0.00    24.37
1881    9     3.30    20.13
1881   10    14.44    14.06
1881   11    10.42     8.07
1881   12     3.41    -0.61
1882    1    17.67     1.60
1882    2    17.03     1.36
1882    3    73.40     4.54
1882    4    19.21     9.33
1882    5    16.87    17.64
1882    6    51.99    19.94
1882    7    48.99    24.49
1882    8     0.00    25.04
1882    9     3.47    18.45
1882   10     6.44    14.09
1882   11     5.62     9.30
1882   12    14.35     3.23
1883    1    14.51    -0.95
1883    2     6.79     6.93
1883    3    22.16     5.98
1883    4    26.90     7.98
1883    5    29.87    16.52
1883    6     6.50    22.89
1883    7    24.11    26.14
1883    8     0.86    23.08
1883    9     7.70    19.23
1883   10    24.83     9.91
1883   11    25.14     5.55
1883   12    19.29     1.20
1884    1    11.92    -1.86
1884    2    48.09     2.08
1884    3     0.51     8.42
1884    4    34.14    12.28
1884    5    14.87    15.89
1884    6     2.83    21.53
1884    7     0.67    25.20
1884    8     0.73    22.68
1884    9    33.82    19.63
1884   10     2.21    15.10
1884   11    53.34     8.01
1884   12    15.09    -0.83
1885    1     1.89    -2.12
1885    2    25.59     1.06
1885    3    81.78     4.31
1885    4    14.10     9.52
1885    5    38.35    15.23
1885    6    12.35    20.09
1885    7     0.98    24.27
1885    8     1.00    23.46
1885    9     0.00    19.21
1885   10    26.94    14.90
1885   11    69.16     6.35
1885   12    30.67     1.50
1886    1    33.10    -2.16
1886    2    22.75     3.19
1886    3    19.01     4.40
1886    4     9.75    13.73
1886    5   122.36    17.52
1886    6     8.27    20.90
1886    7    19.68    24.00
1886    8     0.00    22.75
1886    9     7.16    19.63
1886   10    16.40    11.89
1886   11     2.78     7.85
1886   12     3.92     2.91
1887    1    46.56    -4.53
1887    2    19.41     0.51
1887    3    42.78     3.90
1887    4    18.12    10.58
1887    5    65.21    14.83
1887    6    33.60    19.30
1887    7     0.97    21.61
1887    8     8.97    21.94
1887    9     0.02    18.97
1887   10    18.79    14.16
1887   11    20.66     8.95
1887   12    10.41     2.30
1888    1    30.88    -0.98
1888    2     6.91     2.09
1888    3    14.09     9.19
1888    4    18.73    10.45
1888    5   104.77    16.07
1888    6    23.02    21.67
1888    7     1.23    23.44
1888    8     3.44    21.91
1888    9     0.01    20.16
1888   10    14.94    14.35
1888   11    34.73     7.39
1888   12    33.69     0.90
1889    1    18.50    -2.80
1889    2    12.21     2.37
1889    3    43.38     4.10
1889    4    16.25    12.22
1889    5    36.53    16.76
1889    6    59.11    20.04
1889    7    40.12    22.33
1889    8    18.95    22.29
1889    9     2.48    16.69
1889   10     3.43    13.66
1889   11    40.65     6.83
1889   12    18.00    -2.49
1890    1     7.41    -0.50
1890    2    23.79     3.29
1890    3    48.85     4.57
1890    4     1.07    10.40
1890    5     6.85    17.33
1890    6    17.74    22.48
1890    7     9.54    24.03
1890    8     9.82    23.30
1890    9     0.50    18.43
1890   10    47.33    11.98
1890   11    49.51     8.53
1890   12    28.23    -1.04
1891    1    34.30     1.52
1891    2     9.54     2.14
1891    3    16.70     6.94
1891    4     0.62    15.60
1891    5    60.37    16.16
1891    6    14.02    20.40
1891    7     9.38    24.62
1891    8     0.04    24.32
1891    9     1.64    20.38
1891   10     4.75    16.54
1891   11    12.91     9.53
1891   12    26.63     5.52
1892    1    20.69     3.18
1892    2    41.27     1.83
1892    3    32.99     6.91
1892    4    41.10    12.80
1892    5     3.66    18.58
1892    6    51.45    21.22
1892    7     4.11    24.14
1892    8     2.11    22.18
1892    9    10.34    16.99
1892   10    32.26    12.66
1892   11    10.07     2.82
1892   12    24.12     1.25
1893    1    34.78    -4.19
1893    2    14.77    -0.71
1893    3    11.91     6.39
1893    4     6.84    11.48
1893    5    12.87    17.49
1893    6    32.57    20.21
1893    7     2.00    23.24
1893    8    18.99    21.63
1893    9     6.50    17.20
1893   10     1.91    13.62
1893   11    10.54     8.63
1893   12    15.23    -0.33
1894    1    26.08     1.22
1894    2    24.13     1.81
1894    3    29.59     5.39
1894    4    54.99     8.17
1894    5    73.11    15.81
1894    6    29.26    21.39
1894    7     0.08    24.63
1894    8    16.96    24.03
1894    9     0.00    18.99
1894   10     7.75    10.47
1894   11     1.11     7.78
1894   12    14.62     2.69
1895    1    12.20     1.60
1895    2    28.89     2.50
1895    3     9.20     5.51
1895    4     4.31    10.67
1895    5    60.47    16.32
1895    6     5.16    23.04
1895    7    35.21    22.09
1895    8     4.26    22.48
1895    9     6.80    17.71
1895   10     4.10    14.00
1895   11     8.18     4.50
1895   12    11.44     4.29
1896    1     6.57    -1.46
1896    2    37.14    -0.73
1896    3    64.77     4.04
1896    4    28.09     9.68
1896    5    48.25    15.09
1896    6    52.24    20.35
1896    7     7.12    23.13
1896    8     0.66    21.97
1896    9     6.44    17.76
1896   10    23.67    11.84
1896   11     3.31     8.68
1896   12     7.14    -0.31
1897    1     4.05    -0.32
1897    2     2.27     2.62
1897    3    34.80     9.43
1897    4    14.14    13.51
1897    5    23.28    16.78
1897    6    13.83    22.45
1897    7     0.64    24.68
1897    8     1.51    23.95
1897    9     7.73    18.20
1897   10    14.45    10.05
1897   11     2.83     3.84
1897   12    29.00     0.55
1898    1    29.97     2.27
1898    2    14.58     0.03
1898    3    14.59     4.02
1898    4     3.92     9.91
1898    5    51.92    17.29
1898    6    13.34    22.52
1898    7     8.95    23.95
1898    8    23.23    21.43
1898    9     7.12    18.60
1898   10    33.93    10.17
1898   11     8.46     6.60
1898   12    17.96     0.92
1899    1     0.87     1.48
1899    2    21.07     2.51
1899    3    66.03     3.28
1899    4    20.92    13.50
1899    5    81.80    16.60
1899    6    20.96    20.15
1899    7    20.98    22.85
1899    8     1.10    22.22
1899    9     2.57    17.91
1899   10    14.78    12.67
1899   11     2.47     5.69
1899   12    61.41     0.51
1900    1    11.73     2.12
1900    2     3.48     4.49
1900    3    16.21     8.10
1900    4    29.16     9.41
1900    5     4.23    17.13
1900    6    47.31    22.48
1900    7     1.93    24.59
1900    8     0.12    22.61
1900    9     0.00    19.23
1900   10     1.55    11.36
1900   11     7.81     2.66
1900   12     9.60     3.18
1901    1    27.58    -1.86
1901    2    22.63     0.42
1901    3    21.41     2.69
1901    4    16.11    12.90
1901    5    21.33    17.24
1901    6    16.39    20.89
1901    7     8.47    24.17
1901    8     2.46    23.38
1901    9    10.21    18.71
1901   10     5.46    15.17
1901   11     0.22     9.77
1901   12     7.93     1.90
1902    1    28.08     1.00
1902    2    20.50     1.59
1902    3    53.67     4.53
1902    4    11.06    12.20
1902    5    29.74    17.45
1902    6    17.56    23.07
1902    7     4.87    25.40
1902    8    13.97    22.89
1902    9    12.28    18.65
1902   10     1.32    15.19
1902   11    32.97     9.29
1902   12     7.46     3.49
1903    1     2.79    -3.50
1903    2    41.10    -1.58
1903    3    33.88     2.89
1903    4    49.53     9.52
1903    5    16.42    14.94
1903    6    31.92    21.57
1903    7     0.27    25.19
1903    8    12.43    22.92
1903    9     9.27    21.32
1903   10     8.53    13.52
1903   11     3.52     6.58
1903   12     6.51    -1.50
1904    1     5.43     1.99
1904    2     5.81     0.52
1904    3     3.79     6.03
1904    4    15.81    12.64
1904    5    17.47    17.47
1904    6    18.78    22.30
1904    7     6.28    25.41
1904    8     1.82    22.93
1904    9     4.44    17.52
1904   10    18.63    11.19
1904   11    19.19     6.73
1904   12    19.98     1.42
1905    1     1.14     0.98
1905    2     5.93    -2.92
1905    3    38.77     1.68
1905    4    19.99    10.88
1905    5     9.69    17.11
1905    6    15.22    22.45
1905    7    10.44    25.23
1905    8     9.38    23.37
1905    9    11.72    18.06
1905   10    13.38    13.75
1905   11    14.78     9.32
1905   12    36.41     0.21
1906    1    17.55     3.35
1906    2    41.11     1.83
1906    3    36.02     3.36
1906    4    11.18    12.57
1906    5    33.32    17.12
1906    6    41.81    21.14
1906    7     0.53    25.58
1906    8     4.80    21.12
1906    9     7.41    18.56
1906   10    14.89    12.29
1906   11    22.89     3.13
1906   12     2.61     3.35
1907    1    14.54     2.40
1907    2    45.61     0.25
1907    3     9.05     4.33
1907    4    11.41     9.74
1907    5    10.07    17.49
1907    6    27.39    22.38
1907    7     2.16    26.75
1907    8     0.00    26.06
1907    9    13.85    18.60
1907   10     5.63    13.05
1907   11     1.98     7.33
1907   12    19.37     0.89
1908    1    15.55     2.71
1908    2    10.09     4.22
1908    3    34.85     6.55
1908    4    13.09    11.77
1908    5    18.30    15.84
1908    6    59.60    21.99
1908    7     8.12    23.61
1908    8     1.52    24.35
1908    9     7.42    20.58
1908   10    21.10    15.33
1908   11    41.97    10.74
1908   12     2.67     4.26
1909    1     5.88     0.48
1909    2    10.35     6.71
1909    3     8.37     8.76
1909    4    55.50    10.61
1909    5    27.69    16.91
1909    6     0.88    23.93
1909    7    24.52    26.01
1909    8    17.67    23.19
1909    9     1.87    18.40
1909   10    16.12    12.65
1909   11    13.23     6.35
1909   12    15.09     0.82
1910    1     9.33     0.97
1910    2     1.16     1.19
1910    3    24.24     8.81
1910    4    43.05    12.51
1910    5    15.34    19.28
1910    6    22.81    20.01
1910    7     4.05    23.87
1910    8     0.00    21.61
1910    9     7.08    20.66
1910   10     3.74    15.43
1910   11    41.14     8.45
1910   12    39.13    -0.30
1911    1    24.27     0.58
1911    2    34.55     0.94
1911    3    11.65     6.18
1911    4    24.10    13.23
1911    5     8.62    17.00
1911    6     8.00    23.43
1911    7     0.88    23.97
1911    8    72.15    22.12
1911    9     5.17    19.80
1911   10    31.11    14.26
1911   11     0.98     5.84
1911   12     3.66     2.57
1912    1    20.09     0.61
1912    2    33.01    -2.15
1912    3    22.12     6.33
1912    4    69.81    12.87
1912    5    22.25    15.31
1912    6    14.35    20.35
1912    7    11.31    23.81
1912    8     0.14    22.39
1912    9     0.00    21.54
1912   10    19.93    11.86
1912   11    21.79     8.35
1912   12    17.24     4.41
1913    1    18.96     1.17
1913    2     9.84     1.95
1913    3    16.24     2.15
1913    4    48.28     9.56
1913    5    14.72    16.59
1913    6    27.56    21.14
1913    7     0.70    24.28
1913    8     0.46    21.97
1913    9    11.57    17.03
1913   10    55.65    14.28
1913   11    75.82     7.23
1913   12    10.12     1.37
1914    1    23.87    -0.80
1914    2    27.37    -1.07
1914    3    35.68     3.43
1914    4    14.86     9.34
1914    5    13.74    17.42
1914    6    15.39    21.46
1914    7    73.69    23.96
1914    8     0.96    22.71
1914    9     1.50    19.08
1914   10    13.03    12.45
1914   11    33.38     5.25
1914   12    11.99     2.84
1915    1    17.83    -0.59
1915    2     2.42     2.16
1915    3    44.00     4.95
1915    4    19.16    10.63
1915    5     3.63    14.46
1915    6   107.40    18.60
1915    7    46.69    22.58
1915    8    10.75    23.03
1915    9     1.23    16.74
1915   10    24.13    11.62
1915   11    15.09     7.08
1915   12    26.94     1.96
1916    1    16.71    -2.25
1916    2    14.91     1.37
1916    3    26.61     6.55
1916    4    14.80    10.84
1916    5    15.41    18.33
1916    6    14.48    20.84
1916    7     0.76    25.41
1916    8     0.56    23.33
1916    9     6.28    17.89
1916   10     0.78    11.20
1916   11     4.92     3.67
1916   12     7.60     3.98
1917    1    20.39    -3.33
1917    2     8.37     1.12
1917    3     2.39     4.90
1917    4     4.91     8.78
1917    5     2.47    17.91
1917    6    10.95    21.55
1917    7    22.38    24.41
1917    8     0.41    23.83
1917    9     8.91    17.09
1917   10    33.42    11.73
1917   11     9.61     6.55
1917   12     7.11     2.19
1918    1     9.64     1.85
1918    2     8.11     2.88
1918    3    10.24     6.26
1918    4    14.00    10.80
1918    5    10.67    14.70
1918    6    17.36    20.11
1918    7    67.85    22.75
1918    8     8.96    23.13
1918    9    10.55    16.70
1918   10     8.60    14.14
1918   11    26.79     7.50
1918   12     4.20    -2.87
1919    1     8.36    -2.02
1919    2    23.62     1.90
1919    3    53.59     5.41
1919    4     0.93    11.61
1919    5    17.50    17.43
1919    6    54.57    20.39
1919    7    16.54    21.36
1919    8     0.02    21.59
1919    9     1.44    20.54
1919   10    31.51    12.50
1919   11    11.06     8.13
1919   12    12.71     0.83
1920    1    24.52    -0.45
1920    2    16.29    -1.04
1920    3     8.83     3.90
1920    4     1.02    10.06
1920    5    26.55    15.59
1920    6    70.54    21.01
1920    7     4.05    23.56
1920    8     7.78    21.16
1920    9     4.80    17.64
1920   10    13.10    14.50
1920   11     3.93     8.82
1920   12    24.89     0.69
1921    1    25.08     2.86
1921    2    25.66    -0.02
1921    3     0.17     4.11
1921    4    24.11    11.91
1921    5    83.71    17.46
1921    6     6.48    20.09
1921    7    39.17    22.57
1921    8     7.23    23.03
1921    9    12.60    16.63
1921   10    23.78    11.69
1921   11     8.56     4.91
1921   12    31.34    -2.67
1922    1    64.41    -2.80
1922    2     5.37    -3.46
1922    3    24.08     4.95
1922    4    26.77    10.66
1922    5    39.64    14.52
1922    6     6.34    20.19
1922    7    65.37    22.90
1922    8     5.89    22.60
1922    9     0.45    19.77
1922   10    20.12    11.14
1922   11     8.80     2.87
1922   12    28.74     1.61
1923    1    10.69     1.56
1923    2    17.32     3.54
1923    3    12.99     7.21
1923    4    18.58    10.97
1923    5    23.00    16.27
1923    6    14.79    21.05
1923    7     7.45    24.17
1923    8     0.27    22.93
1923    9    18.27    15.28
1923   10     5.33     8.28
1923   11    30.75     5.61
1923   12     9.62    -1.79
1924    1     2.62    -0.53
1924    2    14.39    -0.30
1924    3    38.44     4.41
1924    4     7.99    11.14
1924    5    14.99    17.79
1924    6    20.69    20.06
1924    7    12.37    24.15
1924    8     0.00    22.83
1924    9     4.34    20.61
1924   10     9.27    13.64
1924   11     7.07     5.21
1924   12    19.91    -1.54
1925    1     7.29     2.86
1925    2    11.03     2.72
1925    3    21.20     4.48
1925    4    29.91     9.20
1925    5    23.24    14.91
1925    6    52.20    19.02
1925    7     0.00    24.00
1925    8    40.39    22.68
1925    9     1.71    19.36
1925   10     9.64    13.68
1925   11    15.14     6.24
1925   12     9.26     4.34
1926    1    17.69     0.34
1926    2    26.50     1.57
1926    3    63.26     5.08
1926    4    20.86    10.53
1926    5    24.65    14.79
1926    6    11.36    21.01
1926    7     0.48    24.52
1926    8     0.00    23.88
1926    9    19.49    17.02
1926   10     6.01    14.64
1926   11    33.73     8.38
1926   12    38.01    -1.37
1927    1    16.53    -1.17
1927    2    51.63     1.86
1927    3    36.66     5.41
1927    4    48.26    11.53
1927    5    26.93    14.98
1927    6    42.38    18.48
1927    7    54.67    20.55
1927    8     0.00    22.56
1927    9     9.48    18.66
1927   10     9.37    13.23
1927   11    23.56     5.59
1927   12    14.31     1.13
1928    1    13.54    -4.06
1928    2    23.08     1.17
1928    3     2.07     0.27
1928    4    20.58    10.71
1928    5    17.17    17.63
1928    6    17.09    21.69
1928    7    22.07    24.61
1928    8     0.17    21.43
1928    9     7.66    18.86
1928   10     0.67    10.77
1928   11    10.27     5.51
1928   12     2.98     3.72
1929    1     6.21     1.74
1929    2     3.12     0.40
1929    3     6.57     6.86
1929    4     9.38    13.03
1929    5    11.28    17.84
1929    6    32.90    22.10
1929    7     0.23    25.10
1929    8     8.04    22.02
1929    9     1.58    18.60
1929   10    35.03    10.73
1929   11     9.73     6.34
1929   12     4.21     2.43
1930    1     4.19     0.61
1930    2    45.30     1.25
1930    3    38.30     6.26
1930    4    34.48     8.19
1930    5    42.36    15.41
1930    6    49.66    20.25
1930    7    10.50    22.40
1930    8    25.76    22.15
1930    9    14.40    19.88
1930   10    53.47    10.67
1930   11    11.07     5.99
1930   12    38.93     0.12
1931    1    70.77    -3.40
1931    2    44.38     1.05
1931    3     6.44     3.67
1931    4     9.57    12.17
1931    5    52.90    16.46
1931    6    25.64    19.11
1931    7    42.30    21.93
1931    8     6.26    21.72
1931    9    12.68    16.27
1931   10     5.81    13.65
1931   11    10.40     7.88
1931   12    51.44    -0.06
1932    1     3.66    -3.08
1932    2    19.65    -0.76
1932    3    18.96     2.81
1932    4    22.35    11.25
1932    5    30.25    14.42
1932    6    43.95    19.58
1932    7    31.15    21.53
1932    8     0.19    21.96
1932    9    19.99    17.36
1932   10    12.53     9.81
1932   11    16.87     8.19
1932   12     7.67     1.36
1933    1     3.58     1.37
1933    2     1.42     5.11
1933    3    33.47     4.71
1933    4    53.12    11.72
1933    5    10.32    16.53
1933    6    15.81    21.70
1933    7     3.23    25.29
1933    8     0.84    23.02
1933    9     1.09    19.64
1933   10    35.65    12.60
1933   11     1.28     9.95
1933   12    11.81     0.40
1934    1    28.93     0.94
1934    2     4.88     1.05
1934    3    31.48     8.05
1934    4    17.63    12.39
1934    5    12.83    17.47
1934    6    13.44    21.38
1934    7     2.12    25.18
1934    8     0.21    24.84
1934    9    28.18    19.23
1934   10    27.01    13.49
1934   11     5.92     9.50
1934   12    12.22     5.65
1935    1     6.17     0.45
1935    2    67.71    -4.39
1935    3    20.86     6.97
1935    4    15.18     9.72
1935    5    56.40    16.31
1935    6    26.98    19.48
1935    7    23.85    22.38
1935    8     0.70    23.11
1935    9     4.61    19.47
1935   10     4.94    14.30
1935   11    61.97     8.21
1935   12    13.68     2.29
1936    1     8.17     0.78
1936    2    10.44     0.51
1936    3    38.14     3.68
1936    4    30.12    10.49
1936    5    35.58    16.32
1936    6    28.92    19.95
1936    7     4.78    23.38
1936    8    24.47    22.53
1936    9     0.03    17.82
1936   10    23.12    12.18
1936   11     0.29     8.06
1936   12     3.33     3.57
1937    1    18.58    -0.53
1937    2    43.43     0.25
1937    3     4.90     6.80
1937    4    76.79    12.27
1937    5    35.63    17.92
1937    6    55.83    20.60
1937    7    30.65    24.47
1937    8     0.24    22.62
1937    9     3.64    18.18
1937   10     1.56    10.16
1937   11    23.17     3.95
1937   12    23.83     0.18
1938    1    23.48    -2.82
1938    2     2.48     0.37
1938    3     2.41     3.79
1938    4    43.93     6.62
1938    5    13.76    16.10
1938    6    70.90    21.82
1938    7     2.31    24.43
1938    8     0.02    24.10
1938    9     0.00    19.72
1938   10     1.89    13.72
1938   11    14.09     6.66
1938   12    11.57     2.76
1939    1    13.36     0.34
1939    2    10.01     2.89
1939    3    70.15     2.31
1939    4    22.31    11.66
1939    5    41.65    17.11
1939    6    17.90    20.86
1939    7     0.21    24.43
1939    8     4.15    23.86
1939    9     0.07    19.49
1939   10    14.28    13.35
1939   11    15.12     5.95
1939   12    17.94     2.71
1940    1    42.36    -0.84
1940    2    45.27    -3.41
1940    3    23.32     5.38
1940    4    26.55    12.51
1940    5    30.93    16.97
1940    6    13.24    21.74
1940    7    30.69    23.59
1940    8     0.00    24.12
1940    9     8.80    20.47
1940   10    75.36    10.28
1940   11    24.04     0.30
1940   12     0.90     0.68
1941    1    20.23     2.84
1941    2     8.98     3.78
1941    3    21.01     7.05
1941    4    39.86    12.47
1941    5    40.89    17.56
1941    6     7.61    22.92
1941    7     0.00    23.49
1941    8    15.11    23.36
1941    9     1.61    18.00
1941   10     8.94    13.47
1941   11    10.53     4.37
1941   12     5.63     3.12
1942    1    13.21    -2.52
1942    2    14.39    -0.61
1942    3    24.20     8.18
1942    4     2.75    13.42
1942    5     1.76    18.23
1942    6     3.88    23.37
1942    7    26.39    23.24
1942    8    22.68    23.56
1942    9     0.05    19.43
1942   10    11.78    13.70
1942   11    11.80     3.62
1942   12    11.76     2.75
1943    1    34.95    -0.29
1943    2    28.25     3.10
1943    3    48.24     8.98
1943    4    22.15    11.68
1943    5     5.67    17.25
1943    6     0.67    21.82
1943    7     3.51    24.09
1943    8     0.01    24.02
1943    9     0.14    16.42
1943   10    21.77    14.38
1943   11    15.67     6.47
1943   12     2.76     3.86
1944    1    24.65     2.85
1944    2    24.59    -1.74
1944    3    21.43     5.59
1944    4    31.80    11.86
1944    5     7.78    17.77
1944    6     2.59    21.97
1944    7    13.53    24.39
1944    8    57.99    23.10
1944    9     4.57    20.01
1944   10     1.06    12.86
1944   11     3.41    11.29
1944   12    17.20     2.60
1945    1    39.53    -0.29
1945    2    30.57     4.14
1945    3    26.07     5.20
1945    4    13.22    11.97
1945    5    19.08    16.97
1945    6     0.00    21.63
1945    7     6.67    24.33
1945    8    14.96    22.70
1945    9    27.86    16.98
1945   10    37.78     8.92
1945   11    18.02     7.35
1945   12    11.35    -0.49
1946    1     8.14     2.09
1946    2    10.79     4.09
1946    3     9.23     7.43
1946    4     2.62    12.48
1946    5    13.21    16.89
1946    6    23.00    21.40
1946    7     3.37    26.17
1946    8    10.94    22.54
1946    9    28.30    17.60
1946   10    17.45    11.96
1946   11     2.37     9.82
1946   12    49.23     1.42
1947    1    16.74     3.66
1947    2    37.93    -0.44
1947    3    63.52     4.48
1947    4    32.48    10.32
1947    5    44.03    17.48
1947    6    41.57    21.83
1947    7     2.35    24.46
1947    8     1.43    21.65
1947    9     0.67    18.33
1947   10    40.73    11.33
1947   11     5.07     8.16
1947   12    38.70     5.74
1948    1    36.25     1.26
1948    2     4.98     4.35
1948    3    17.29     6.08
1948    4    14.43    11.12
1948    5    75.74    15.92
1948    6    29.25    19.98
1948    7    14.81    21.75
1948    8     5.16    22.66
1948    9    13.16    18.72
1948   10     2.67    15.47
1948   11     8.35     9.17
1948   12     3.44     3.04
1949    1    12.20    -0.97
1949    2    25.57     2.16
1949    3     8.46     5.52
1949    4    15.61    11.92
1949    5    16.20    16.43
1949    6     8.24    21.51
1949    7     4.21    25.12
1949    8     7.40    22.91
1949    9     0.11    18.70
1949   10     2.77    14.98
1949   11    18.26     6.53
1949   12     7.97     1.81
1950    1     1.97     3.37
1950    2    11.39     4.76
1950    3    23.97     1.34
1950    4    25.98     9.66
1950    5    13.71    16.50
1950    6    24.82    23.41
1950    7     0.15    23.82
1950    8     4.01    23.63
1950    9     0.00    17.72
1950   10    10.31     8.55
1950   11    40.33     4.51
1950   12    11.29     0.25
1951    1     3.45    -1.03
1951    2     5.11    -0.51
1951    3    21.33     5.73
1951    4     0.95     7.84
1951    5     8.40    16.70
1951    6     7.96    22.76
1951    7     0.43    23.29
1951    8     0.99    23.31
1951    9     1.07    18.64
1951   10     0.53    13.80
1951   11    13.67     2.96
1951   12    15.95     1.63
1952    1    23.60     0.06
1952    2     9.07     4.11
1952    3     3.69     8.31
1952    4    30.74    13.01
1952    5    10.85    17.11
1952    6     7.23    21.31
1952    7     8.98    25.70
1952    8     0.00    22.94
1952    9     3.00    19.34
1952   10    29.25     9.19
1952   11     9.63     6.99
1952   12     3.03     0.59
1953    1     5.10     2.69
1953    2     0.67     2.46
1953    3    41.77     1.93
1953    4    31.04     9.97
1953    5     7.49    17.80
1953    6    21.06    21.90
1953    7     3.32    24.26
1953    8     1.18    23.87
1953    9     7.90    18.91
1953   10     8.55    14.03
1953   11    11.70     8.67
1953   12    23.59     4.62
1954    1    56.46    -0.11
1954    2    36.15     4.51
1954    3    15.68     6.51
1954    4    12.89    12.43
1954    5    27.27    14.76
1954    6    18.30    20.22
1954    7     4.16    24.96
1954    8    24.34    22.28
1954    9     0.00    19.36
1954   10    12.69    14.58
1954   11    23.16     6.23
1954   12    15.82    -1.45
1955    1    38.30     0.05
1955    2    27.70    -0.56
1955    3    18.25     2.67
1955    4     7.21    11.40
1955    5    61.11    16.46
1955    6     2.99    21.25
1955    7    11.88    24.23
1955    8    16.75    21.98
1955    9    38.30    15.69
1955   10    29.26    11.91
1955   11    22.93     7.52
1955   12    19.98     2.80
1956    1     7.43    -2.96
1956    2     6.91     4.47
1956    3     0.51     4.05
1956    4    27.94     8.90
1956    5    18.17    16.53
1956    6    29.89    19.20
1956    7    38.82    21.53
1956    8    12.89    21.17
1956    9     5.26    17.75
1956   10     0.43     9.39
1956   11    22.95     7.86
1956   12    25.51    -0.92
1957    1     8.24     3.15
1957    2    13.06     0.00
1957    3    22.67     8.21
1957    4     1.58    10.38
1957    5    11.40    17.22
1957    6     4.99    23.55
1957    7     0.00    25.26
1957    8     5.27    23.64
1957    9     3.08    20.19
1957   10    31.47     9.12
1957   11    25.37     6.81
1957   12    13.68     3.25
1958    1    20.02     0.49
1958    2     4.17     4.87
1958    3    42.66     5.87
1958    4    32.15    13.17
1958    5    13.48    17.20
1958    6    39.09    21.17
1958    7     3.58    22.60
1958    8    11.11    21.03
1958    9     4.99    17.27
1958   10     0.04    12.74
1958   11    66.83     2.33
1958   12     5.26     4.55
1959    1    43.15     2.32
1959    2    23.57     1.76
1959    3    38.09     4.70
1959    4    15.02    10.96
1959    5    27.32    17.57
1959    6     0.94    21.93
1959    7     3.64    23.27
1959    8    39.24    21.81
1959    9     0.00    20.01
1959   10     3.43    12.96
1959   11     9.96     6.53
1959   12    33.63     2.35
1960    1    15.18    -0.21
1960    2    40.28     3.47
1960    3     7.28     5.70
1960    4    22.73    11.60
1960    5    48.52    13.71
1960    6    20.61    20.31
1960    7     0.01    22.31
1960    8     0.00    24.00
1960    9     4.73    18.43
1960   10    14.11    11.11
1960   11    20.56     2.23
1960   12    16.80     0.71
1961    1    18.28     0.45
1961    2    32.67     1.51
1961    3    29.31     5.59
1961    4     8.26    14.05
1961    5    10.00    16.35
1961    6    14.95    22.26
1961    7    45.17    24.12
1961    8     0.00    20.85
1961    9     4.44    17.61
1961   10     3.47    14.30
1961   11    50.72     7.01
1961   12    16.23     3.01
1962    1     9.69    -4.98
1962    2     9.19    -1.57
1962    3    12.40     3.75
1962    4    34.34     8.75
1962    5    25.50    15.07
1962    6     7.35    20.97
1962    7     3.46    24.62
1962    8     0.11    23.36
1962    9     0.02    19.44
1962   10    31.09    13.07
1962   11    16.20     6.43
1962   12    18.64    -1.28
1963    1    17.40     0.20
1963    2    25.16     3.48
1963    3    33.67     2.79
1963    4    10.07    11.92
1963    5    12.03    17.97
1963    6     6.76    20.36
1963    7     0.00    23.59
1963    8     0.00    22.47
1963    9    27.98    16.25
1963   10    19.17    11.99
1963   11     0.80     9.81
1963   12     6.03     2.83
1964    1    36.61     3.00
1964    2    17.98     3.57
1964    3     5.17     7.32
1964    4    34.03    11.71
1964    5    61.13    14.24
1964    6     9.78    19.79
1964    7     0.18    23.69
1964    8    10.10    21.74
1964    9     4.14    19.16
1964   10    24.79    14.08
1964   11     7.79     9.97
1964   12    11.12     4.81
1965    1     1.05     0.62
1965    2    16.91     5.84
1965    3    21.53     7.55
1965    4    21.83    12.69
1965    5     9.30    17.29
1965    6     7.97    20.91
1965    7     3.70    24.81
1965    8     3.27    23.66
1965    9    22.15    18.44
1965   10     3.65    12.53
1965   11     3.95     9.23
1965   12    12.83     1.37
1966    1    22.86    -2.03
1966    2    17.63     3.05
1966    3    21.94     3.83
1966    4    18.84    12.08
1966    5    21.18    17.90
1966    6    12.78    21.93
1966    7    11.75    23.32
1966    8     8.47    22.10
1966    9    13.59    19.31
1966   10    14.58    14.91
1966   11    27.03     8.63
1966   12    29.81    -2.59
1967    1    12.83    -0.77
1967    2    31.73    -0.59
1967    3     1.42     7.16
1967    4     0.88    12.16
1967    5    11.51    17.06
1967    6    16.49    21.77
1967    7     0.00    25.68
1967    8     4.08    23.85
1967    9     0.00    22.11
1967   10     1.95    14.43
1967   11    13.93     2.66
1967   12    21.32     2.20
1968    1    10.10     2.33
1968    2    30.07     2.51
1968    3    47.88     1.94
1968    4    44.55    10.99
1968    5     9.24    16.85
1968    6    14.35    20.16
1968    7     2.53    23.01
1968    8    25.59    20.42
1968    9     0.00    18.08
1968   10     5.86    15.07
1968   11     8.38     8.47
1968   12    16.12    -0.08
1969    1    22.39     2.34
1969    2     5.90     5.78
1969    3    55.73     4.25
1969    4    22.54    13.70
1969    5    22.35    16.41
1969    6    17.65    20.79
1969    7     5.54    24.77
1969    8     5.17    21.17
1969    9    24.05    18.83
1969   10     8.70    15.30
1969   11     6.32     8.75
1969   12     1.09     0.93
1970    1    31.27     2.64
1970    2    20.06     1.44
1970    3     2.68     4.51
1970    4    20.32    12.51
1970    5    45.34    14.73
1970    6    35.60    21.51
1970    7    16.34    23.59
1970    8     0.06    24.53
1970    9     7.14    18.85
1970   10    22.76    13.17
1970   11     1.01     6.55
1970   12     1.58     4.72
1971    1    42.24    -2.37
1971    2    29.27     2.91
1971    3    44.01     4.11
1971    4     4.01    10.79
1971    5    32.99    16.71
1971    6    19.89    19.64
1971    7     9.15    22.90
1971    8     0.00    22.09
1971    9     0.00    19.55
1971   10     5.22    14.86
1971   11    57.42     4.91
1971   12    18.27    -2.97
1972    1    11.19    -0.82
1972    2    31.46     0.88
1972    3    21.06     6.75
1972    4    75.32     9.35
1972    5    22.65    16.93
1972    6    24.25    18.99
1972    7     9.28    22.18
1972    8    52.44    20.22
1972    9     2.73    19.72
1972   10    16.67    14.27
1972   11    21.47     5.79
1972   12     6.66     4.23
1973    1    40.53    -1.82
1973    2    12.94     0.55
1973    3    21.04     3.55
1973    4    33.94    11.34
1973    5     9.47    18.99
1973    6    29.51    21.22
1973    7     0.80    24.25
1973    8    18.99    22.76
1973    9     1.94    19.71
1973   10    11.72    12.28
1973   11    29.10     7.18
1973   12    18.92     3.77
1974    1    15.73     0.51
1974    2    26.31    -0.32
1974    3    10.33     5.69
1974    4    41.06    10.87
1974    5    26.72    15.62
1974    6    22.01    21.47
1974    7     0.00    24.31
1974    8     0.03    23.06
1974    9     0.00    20.65
1974   10     0.00    16.14
1974   11    12.76     8.39
1974   12    14.04     5.54
1975    1    21.16     5.29
1975    2    66.03    -2.08
1975    3     9.61     4.24
1975    4    12.53    11.40
1975    5    39.17    16.97
1975    6     2.78    20.85
1975    7     3.02    24.65
1975    8     3.24    22.95
1975    9    13.52    15.14
1975   10    23.12    13.62
1975   11     3.69     6.58
1975   12    22.17    -1.01
1976    1     8.83     3.04
1976    2     7.91     3.42
1976    3    19.49     7.06
1976    4    30.82     9.09
1976    5    14.13    16.26
1976    6     7.27    21.13
1976    7    36.68    22.98
1976    8    23.18    21.37
1976    9     3.34    16.42
1976   10    26.72    13.15
1976   11     6.02     8.10
1976   12     6.61     3.13
1977    1    31.21     0.50
1977    2    16.41    -0.73
1977    3    30.23     6.58
1977    4    41.21    10.18
1977    5     7.51    17.33
1977    6     9.95    21.21
1977    7     0.95    24.41
1977    8     2.12    22.99
1977    9    13.17    17.73
1977   10    20.55     9.73
1977   11    23.31     7.39
1977   12    16.51     1.67
1978    1     3.27     2.81
1978    2     0.03     5.54
1978    3     9.57     8.00
1978    4     6.80    12.21
1978    5    36.73    15.31
1978    6     0.00    23.45
1978    7     4.31    25.17
1978    8     8.51    20.93
1978    9     3.96    18.33
1978   10    23.32    15.37
1978   11     0.99     8.51
1978   12    29.41     1.29
1979    1    44.74     1.34
1979    2     9.47     1.07
1979    3    32.63     1.46
1979    4    32.13    10.25
1979    5    73.55    17.83
1979    6    31.48    19.64
1979    7    13.10    22.48
1979    8     0.03    23.95
1979    9     3.82    18.54
1979   10    19.62    10.60
1979   11     6.08     4.88
1979   12    33.72     2.93
1980    1    34.58    -1.73
1980    2    33.51    -0.88
1980    3    16.20     6.58
1980    4    37.67    11.98
1980    5    72.47    16.46
1980    6    21.08    20.28
1980    7    24.72    21.22
1980    8     3.67    23.12
1980    9    13.90    19.98
1980   10    80.39    10.05
1980   11     8.69     7.30
1980   12    17.54     1.85
1981    1     6.55    -0.78
1981    2    37.39    -1.12
1981    3     7.28     1.41
1981    4    10.85     8.58
1981    5     8.69    17.07
1981    6    17.73    19.96
1981    7    21.09    23.44
1981    8     0.01    22.78
1981    9    17.62    19.05
1981   10     4.73     9.95
1981   11     5.32     6.49
1981   12     8.44     3.04
1982    1    19.42     0.12
1982    2    21.33     0.36
1982    3    28.21     4.87
1982    4    36.52    10.99
1982    5    78.88    14.23
1982    6    77.99    19.54
1982    7    34.72    22.22
1982    8     0.16    21.45
1982    9     3.87    17.09
1982   10     0.50    12.91
1982   11     1.17     6.00
1982   12     7.05     1.81
1983    1     2.62     3.19
1983    2    54.69    -0.10
1983    3    15.32     8.00
1983    4    38.49    10.33
1983    5     4.17    17.09
1983    6     6.72    21.93
1983    7     0.00    24.98
1983    8    12.47    23.42
1983    9     0.00    20.62
1983   10    15.92    15.66
1983   11    13.01     5.15
1983   12     4.59     3.86
1984    1     8.18     0.52
1984    2     6.48     3.34
1984    3    11.37     5.65
1984    4    32.49     9.67
1984    5     7.50    18.45
1984    6    30.53    19.28
1984    7     6.01    24.75
1984    8    10.43    23.74
1984    9     3.80    20.91
1984   10    13.04    10.44
1984   11    15.61     5.08
1984   12     6.46     1.14
1985    1    38.93     0.18
1985    2    65.95     2.43
1985    3    25.32     1.62
1985    4     4.69    14.14
1985    5    79.34    15.93
1985    6    70.22    20.74
1985    7     6.99    23.17
1985    8     0.85    23.39
1985    9     4.12    18.12
1985   10     3.29    15.33
1985   11     5.62     4.48
1985   12     3.75     3.61
1986    1    26.10     0.83
1986    2    15.50     3.55
1986    3    12.46     6.31
1986    4    48.45    11.08
1986    5     8.03    15.19
1986    6    51.19    21.81
1986    7     1.12    24.26
1986    8     0.08    21.12
1986    9     5.13    17.48
1986   10    22.53    11.19
1986   11    15.33     6.17
1986   12    17.89     0.75
1987    1     3.60     1.96
1987    2     6.19     2.11
1987    3    14.22     3.52
1987    4    15.35    13.85
1987    5    30.25    18.80
1987    6    25.92    20.74
1987    7     1.02    24.67
1987    8     0.17    23.51
1987    9    17.39    20.83
1987   10     7.62    15.27
1987   11    42.00     7.71
1987   12    18.25     2.06
1988    1    23.56     0.32
1988    2     4.44     2.74
1988    3    14.96     5.24
1988    4    52.46     8.64
1988    5    27.73    17.27
1988    6     8.20    21.74
1988    7    18.31    24.32
1988    8     0.00    25.37
1988    9     0.63    20.36
1988   10     9.41    15.10
1988   11    53.67     7.23
1988   12     3.36     4.86
1989    1    15.41     2.37
1989    2     8.21     1.29
1989    3    23.37     7.52
1989    4    38.35    10.76
1989    5     0.78    17.76
1989    6    59.53    22.60
1989    7     1.15    23.92
1989    8    15.88    23.34
1989    9     6.08    18.57
1989   10    63.58    13.54
1989   11     4.59     9.31
1989   12     5.10     4.38
1990    1    27.40    -4.07
1990    2     3.68    -2.94
1990    3     1.67     5.78
1990    4    14.97    12.00
1990    5    11.39    17.69
1990    6     8.81    23.10
1990    7     2.08    26.57
1990    8     0.22    22.80
1990    9     0.29    15.40
1990   10    54.14    11.93
1990   11     8.37     6.55
1990   12    17.34     2.26
1991    1    14.63     2.51
1991    2    15.42     4.57
1991    3    19.33     6.26
1991    4     8.85    10.70
1991    5     8.83    16.49
1991    6    15.75    22.23
1991    7    13.48    25.38
1991    8     0.00    24.31
1991    9     0.32    20.70
1991   10     3.90    15.64
1991   11    89.09     7.20
1991   12     4.25     0.31
1992    1    26.09     1.35
1992    2    32.87     4.78
1992    3    20.89     4.78
1992    4     3.85    11.32
1992    5    17.35    17.33
1992    6    42.15    21.70
1992    7     0.58    24.58
1992    8     6.37    22.84
1992    9     8.85    19.48
1992   10    46.38    12.60
1992   11    24.52     8.38
1992   12     6.24     3.35
1993    1    11.02     3.42
1993    2     0.22     3.89
1993    3    26.19     9.49
1993    4     8.06    10.07
1993    5     6.37    17.76
1993    6    76.83    21.04
1993    7     1.58    23.71
1993    8    31.33    21.70
1993    9     7.99    15.92
1993   10     1.53    12.11
1993   11     1.86     8.24
1993   12     1.27     1.59
1994    1    10.21     3.55
1994    2    33.35    -0.81
1994    3    12.27     4.06
1994    4    95.44    11.69
1994    5    39.98    15.10
1994    6    16.29    20.56
1994    7     7.96    24.43
1994    8    34.33    20.67
1994    9     0.04    18.82
1994   10    32.91    12.22
1994   11    11.45     5.62
1994   12    35.20     4.05
1995    1     4.92     2.56
1995    2     3.36     3.04
1995    3    55.79     6.22
1995    4    17.54    13.21
1995    5    49.47    17.03
1995    6    49.51    20.50
1995    7     9.02    23.22
1995    8    22.64    22.70
1995    9     6.21    18.16
1995   10     8.88    11.90
1995   11    12.85     7.97
1995   12     9.91     3.11
1996    1    35.88    -5.00
1996    2    49.94    -2.64
1996    3    29.14     3.57
1996    4    45.33    11.30
1996    5    36.60    17.48
1996    6    50.06    22.15
1996    7     2.80    25.68
1996    8     0.37    24.12
1996    9    10.87    18.76
1996   10    10.90    13.26
1996   11    91.82     5.80
1996   12    43.68     0.54
1997    1     0.01     1.61
1997    2    17.72     2.78
1997    3     9.47     9.43
1997    4     2.76    15.23
1997    5     2.45    18.63
1997    6    27.20    23.06
1997    7     0.00    26.76
1997    8     1.56    24.77
1997    9     0.46    20.31
1997   10    31.72    13.48
1997   11    18.07    10.23
1997   12    39.41    -1.85
1998    1     7.99     3.23
1998    2    14.71     5.21
1998    3     7.91     8.51
1998    4    17.89    14.13
1998    5    30.82    17.43
1998    6     4.73    22.78
1998    7     0.09    25.53
1998    8     9.54    23.07
1998    9    25.84    17.67
1998   10    16.46    11.89
1998   11    18.85     6.96
1998   12    14.23     2.69
1999    1    31.24    -2.57
1999    2    37.03    -2.09
1999    3     9.59     7.66
1999    4    20.65    12.45
1999    5    20.32    15.85
1999    6    21.61    20.81
1999    7    36.82    23.65
1999    8     4.87    22.04
1999    9     1.85    18.78
1999   10     0.21    15.75
1999   11    21.19     6.43
1999   12     8.60     2.97
2000    1    10.45    -1.10
2000    2     8.04     4.13
2000    3     2.77     9.72
2000    4    19.84    12.87
2000    5    35.03    15.68
2000    6     0.00    25.29
2000    7     0.81    25.01
2000    8     3.09    24.21
2000    9     0.01    22.96
2000   10    13.16    16.22
2000   11    55.35     6.83
2000   12    32.41     3.40
2001    1     9.25     3.17
2001    2     8.73     6.34
2001    3    12.56     8.80
2001    4    26.60    13.34
2001    5    10.61    19.08
2001    6    16.46    23.22
2001    7     7.90    24.41
2001    8    13.43    26.00
2001    9     2.67    20.08
2001   10    32.60    11.46
2001   11    41.28     6.41
2001   12     6.59     2.02
2002    1    26.04    -0.33
2002    2    35.92     1.16
2002    3    28.43     8.60
2002    4    54.81    11.79
2002    5    45.29    16.46
2002    6    21.22    20.71
2002    7    16.40    22.32
2002    8     0.00    24.51
2002    9     0.15    19.44
2002   10     0.09    17.63
2002   11    21.27    10.08
2002   12     7.67     5.85
2003    1    18.22     3.63
2003    2    16.27     4.05
2003    3    33.54     7.07
2003    4    16.11    11.04
2003    5    58.66    16.42
2003    6    26.15    22.61
2003    7     0.09    25.99
2003    8    22.36    21.65
2003    9     0.67    20.29
2003   10    12.09    11.33
2003   11    17.45     8.73
2003   12     3.88     4.26
2004    1    36.27     5.26
2004    2    18.37     0.62
2004    3    12.43     7.04
2004    4    24.93    11.93
2004    5    43.40    18.70
2004    6     3.22    23.75
2004    7     8.53    24.06
2004    8     3.20    21.53
2004    9    11.67    18.91
2004   10     4.98    14.33
2004   11    35.12     8.67
2004   12    11.97     5.62
2005    1     1.65     1.68
2005    2     2.34     4.45
2005    3    19.30     7.39
2005    4     7.88    12.66
2005    5    63.98    16.47
2005    6    45.57    20.86
2005    7     0.00    24.94
2005    8    31.57    24.28
2005    9     5.18    19.14
2005   10     8.98    12.67
2005   11    15.09     6.83
2005   12     6.44     4.22
