1850    1    75.03    -2.32
1850    2    58.26     1.81
1850    3    77.98     1.80
1850    4    91.75     7.36
1850    5   119.16    12.44
1850    6    84.54    14.46
1850    7    37.59    18.96
1850    8    13.97    19.94
1850    9    24.67    13.97
1850   10    55.19     9.08
1850   11    87.85     1.58
1850   12    58.03     1.91
1851    1   103.48     1.08
1851    2    68.04    -0.97
1851    3   109.07     2.44
1851    4    55.19     5.92
1851    5   124.51    12.16
1851    6    46.49    16.47
1851    7    12.28    21.52
1851    8    29.39    16.81
1851    9    30.82    11.79
1851   10    41.79     6.21
1851   11   107.70    -0.75
1851   12    68.23     0.73
1852    1   103.15     1.81
1852    2    42.45     1.37
1852    3   104.07     3.20
1852    4   109.06     3.72
1852    5   115.74    11.33
1852    6    97.54    15.92
1852    7    45.19    17.56
1852    8    25.87    15.35
1852    9    30.73    11.82
1852   10    72.91     6.64
1852   11   105.86     2.42
1852   12   105.21     1.18
1853    1    69.37    -1.38
1853    2    78.92    -1.74
1853    3    70.90     1.95
1853    4    99.66     6.82
1853    5   152.56    12.27
1853    6    74.00    18.42
1853    7    35.42    17.62
1853    8    28.05    19.54
1853    9    47.70    11.81
1853   10    61.88     4.70
1853   11    69.10     1.88
1853   12    24.25     1.05
1854    1    83.43    -1.08
1854    2    38.46     1.84
1854    3    71.03     0.06
1854    4    82.87     7.20
1854    5   119.99    11.28
1854    6   150.21    14.42
1854    7    64.27    15.90
1854    8    40.47    16.47
1854    9    80.69    13.33
1854   10    82.88     6.97
1854   11    90.74     1.72
1854   12   141.05    -0.70
1855    1    65.21    -0.99
1855    2    72.15     0.37
1855    3    93.24     2.75
1855    4   125.80     5.41
1855    5   130.77     8.64
1855    6    78.55    15.57
1855    7    46.68    18.13
1855    8    11.97    16.71
1855    9    14.68    15.30
1855   10    61.13     7.47
1855   11    59.36     2.25
1855   12    75.77    -1.12
1856    1    78.53    -2.82
1856    2    97.02    -2.59
1856    3   109.58    -0.12
1856    4   118.50     5.57
1856    5   138.98    11.92
1856    6    38.01    14.73
1856    7    16.36    21.05
1856    8     9.48    21.18
1856    9    16.31    13.02
1856   10    56.41     4.66
1856   11    82.70     1.34
1856   12    64.25    -0.80
1857    1   123.09    -2.55
1857    2    69.96     3.25
1857    3   100.70     2.57
1857    4   127.80     4.72
1857    5    57.76    13.30
1857    6    94.21    17.70
1857    7    19.02    17.93
1857    8     5.92    20.20
1857    9    19.43    14.22
1857   10    30.01     6.39
1857   11   116.33     0.26
1857   12    63.94    -1.35
1858    1    96.48    -1.76
1858    2    78.47    -0.84
1858    3   110.57     3.65
1858    4    71.81     5.91
1858    5   139.10    10.56
1858    6   135.74    15.65
1858    7    35.53    18.29
1858    8    17.04    18.15
1858    9    32.23    10.65
1858   10    49.63     7.17
1858   11    55.72     3.27
1858   12    70.01    -0.09
1859    1    82.30    -0.51
1859    2    72.24     0.80
1859    3    85.91     3.03
1859    4    87.83     7.54
1859    5   131.29    11.88
1859    6   164.28    12.70
1859    7    57.47    15.41
1859    8    31.09    17.01
1859    9    31.80    12.37
1859   10    36.05     4.81
1859   11    53.05    -0.71
1859   12   105.62    -1.08
1860    1    73.43    -0.62
1860    2    86.02    -2.15
1860    3   134.07    -0.64
1860    4   109.78     3.12
1860    5   124.84    10.24
1860    6    34.23    13.79
1860    7    11.65    19.75
1860    8     7.91    18.68
1860    9    33.70    12.15
1860   10    51.55     3.93
1860   11    31.48     2.38
1860   12    80.54    -2.33
1861    1   116.43    -1.11
1861    2   109.69    -0.14
1861    3    77.98     3.73
1861    4   125.79     5.39
1861    5   106.71    11.64
1861    6   131.20    15.86
1861    7    50.08    16.27
1861    8    31.90    18.91
1861    9    23.79    12.89
1861   10    22.41     5.64
1861   11   111.75     1.92
1861   12    83.81     0.00
1862    1    72.03    -5.95
1862    2    82.47    -0.17
1862    3   112.05     2.64
1862    4   113.08     4.69
1862    5    99.25    10.09
1862    6   124.59    15.29
1862    7    48.44    19.88
1862    8     7.17    21.06
1862    9     8.85    13.14
1862   10    30.36     5.19
1862   11   104.58     1.20
1862   12    82.27    -1.48
1863    1    83.71    -0.17
1863    2   128.54    -1.64
1863    3    78.63     2.83
1863    4   166.10     7.68
1863    5   146.49    12.81
1863    6    55.18    16.33
1863    7     9.70    22.26
1863    8    12.39    19.58
1863    9    37.63    14.34
1863   10    44.76     7.41
1863   11   104.72     4.08
1863   12   140.98     1.92
1864    1    67.59     0.30
1864    2    53.30     1.85
1864    3    75.11     0.21
1864    4   113.66     4.93
1864    5   132.90    11.09
1864    6    98.75    17.23
1864    7    85.46    17.85
1864    8    26.71    19.22
1864    9    18.61    14.60
1864   10    70.50     6.12
1864   11    91.73     1.85
1864   12   104.32    -0.44
1865    1    74.78    -1.42
1865    2    71.13     1.64
1865    3   113.60     1.18
1865    4    78.44     6.90
1865    5   149.68    10.02
1865    6    81.90    12.99
1865    7    70.70    18.86
1865    8    24.71    19.02
1865    9    13.57    12.27
1865   10    29.38     5.90
1865   11    25.98     3.03
1865   12    88.47    -2.59
1866    1   105.05    -2.19
1866    2    86.46    -2.20
1866    3    67.20     0.83
1866    4    89.50     6.31
1866    5   127.24    11.03
1866    6    93.66    13.57
1866    7     5.99    18.85
1866    8     6.91    20.74
1866    9     5.41    14.64
1866   10    59.83     5.99
1866   11   111.67     1.25
1866   12    83.78    -1.21
1867    1    96.59    -2.69
1867    2    94.40    -0.45
1867    3   110.99     1.41
1867    4   122.90     5.13
1867    5   198.43    11.90
1867    6    97.56    13.63
1867    7    11.56    18.76
1867    8     7.45    20.08
1867    9    14.79    13.52
1867   10    66.89     6.60
1867   11   111.52     2.01
1867   12    67.37    -0.32
1868    1    84.41    -0.96
1868    2    99.30     0.48
1868    3    60.35     2.83
1868    4    73.98     4.92
1868    5   148.93    10.49
1868    6   152.92    14.62
1868    7    41.79    18.43
1868    8    10.16    19.97
1868    9     8.27    14.87
1868   10    48.04     8.13
1868   11    73.64     2.16
1868   12    85.33    -0.58
1869    1    59.51    -0.51
1869    2   101.70    -0.93
1869    3   101.52     2.37
1869    4   116.93     6.00
1869    5   118.69    11.44
1869    6   123.56    15.11
1869    7    20.92    19.32
1869    8    11.77    19.39
1869    9    16.77    13.32
1869   10    66.40     5.94
1869   11    37.39     0.85
1869   12    77.43     0.11
1870    1    82.32    -2.23
1870    2    55.91    -1.09
1870    3    83.35     1.19
1870    4    97.64     6.92
1870    5    87.66    12.37
1870    6    68.04    15.38
1870    7     5.74    21.73
1870    8     1.24    21.00
1870    9    30.08    12.23
1870   10    36.79     5.90
1870   11    41.89     2.15
1870   12    80.20    -3.62
1871    1    75.16    -0.16
1871    2   113.64    -0.70
1871    3    85.99     0.22
1871    4   148.65     6.84
1871    5   122.25     9.78
1871    6    98.09    15.24
1871    7    38.95    17.86
1871    8    12.11    19.07
1871    9    70.37    13.38
1871   10    22.63     7.47
1871   11    90.11     2.99
1871   12   155.43    -1.13
1872    1    80.64     0.10
1872    2    79.85    -1.55
1872    3    88.15     1.09
1872    4   109.36     5.76
1872    5   149.43    10.99
1872    6   108.44    15.71
1872    7    53.48    17.42
1872    8    21.22    19.34
1872    9    28.73    12.61
1872   10    33.65     5.18
1872   11    68.29     2.93
1872   12    97.70     0.76
1873    1    62.65    -1.68
1873    2   114.99     0.92
1873    3   127.27    -0.72
1873    4   100.69     5.97
1873    5   114.31     9.25
1873    6    83.86    13.87
1873    7    42.52    17.49
1873    8    26.54    16.59
1873    9    16.63    10.73
1873   10    36.96     6.58
1873   11    40.28     2.62
1873   12    93.08    -1.06
1874    1    85.23    -0.90
1874    2    37.62    -0.45
1874    3   138.15     2.98
1874    4    71.51     8.27
1874    5   143.26    10.91
1874    6    92.32    15.37
1874    7    26.58    18.58
1874    8    28.51    19.52
1874    9    23.66    12.20
1874   10    26.52     5.61
1874   11   127.07     1.77
1874   12   118.56    -2.30
1875    1   105.11    -1.12
1875    2    62.65    -0.56
1875    3    79.59     3.09
1875    4    78.85     5.34
1875    5   138.10    10.31
1875    6    57.16    15.30
1875    7    38.08    19.27
1875    8    11.40    17.14
1875    9    16.57    12.94
1875   10   100.23     5.08
1875   11    74.74     1.03
1875   12    97.49    -3.26
1876    1    49.78    -5.11
1876    2    74.17    -2.34
1876    3    98.39     1.84
1876    4   109.42     5.68
1876    5    96.78    11.39
1876    6   119.50    15.98
1876    7    51.10    19.45
1876    8    24.27    18.82
1876    9    74.63    13.85
1876   10    31.17     7.86
1876   11   113.84     2.87
1876   12   121.32    -1.28
1877    1    95.76    -1.91
1877    2    77.28    -1.16
1877    3   123.72     2.00
1877    4   107.55     5.88
1877    5   140.67    10.21
1877    6    62.61    14.74
1877    7    47.41    18.80
1877    8    18.02    19.41
1877    9    36.37    13.46
1877   10    30.76     6.92
1877   11    87.70     2.39
1877   12    90.36     0.92
1878    1    97.99     0.28
1878    2    91.20     1.26
1878    3    81.44     0.85
1878    4   118.57     6.37
1878    5    68.14    11.54
1878    6    67.38    15.62
1878    7    12.71    20.78
1878    8     6.71    20.59
1878    9    10.60    13.18
1878   10    62.33     6.61
1878   11    45.59     2.15
1878   12    29.89     0.48
1879    1   108.99    -2.73
1879    2    99.55    -5.59
1879    3   132.95     1.14
1879    4    90.16     4.75
1879    5    97.06    12.15
1879    6    69.90    13.35
1879    7    20.13    18.27
1879    8    18.21    19.23
1879    9    78.90    12.17
1879   10   109.01     5.78
1879   11   105.30     1.19
1879   12    82.55     1.84
1880    1    42.70    -0.18
1880    2   122.46    -1.98
1880    3   122.72     0.94
1880    4    46.55     7.33
1880    5   113.75     9.61
1880    6    68.65    14.77
1880    7    26.87    21.23
1880    8     9.28    21.09
1880    9    26.36    12.40
1880   10    70.28     6.33
1880   11    80.84     2.83
1880   12   104.78     0.54
1881    1   101.99     0.94
1881    2   131.39    -1.63
1881    3    97.94     3.42
1881    4   101.35     7.18
1881    5    92.04    13.28
1881    6    96.74    17.37
1881    7    58.42    15.41
1881    8     5.98    20.73
1881    9    11.39    16.39
1881   10    18.94     8.85
1881   11    39.92     3.09
1881   12    86.41    -0.45
1882    1    95.14    -0.74
1882    2    53.60    -4.62
1882    3   117.90     2.07
1882    4   114.23     3.75
1882    5   119.85    11.37
1882    6    81.19    12.59
1882    7     4.30    19.75
1882    8    17.75    19.35
1882    9    12.05    13.36
1882   10    39.15     4.84
1882   11    40.25     2.66
1882   12    85.16    -0.47
1883    1    72.07    -0.48
1883    2    65.36     0.57
1883    3    93.64     5.15
1883    4   131.52     4.46
1883    5   128.41    11.35
1883    6   100.30    14.51
1883    7    54.77    19.38
1883    8    35.23    17.70
1883    9    40.68    13.09
1883   10    64.28     5.94
1883   11    86.47     0.48
1883   12    25.07    -0.26
1884    1    39.53    -1.93
1884    2    68.49     0.78
1884    3    61.01     3.35
1884    4   120.97     6.03
1884    5   150.55     9.56
1884    6   100.61    16.39
1884    7    59.31    16.67
1884    8     9.91    19.65
1884    9    42.53    12.89
1884   10    27.95     6.94
1884   11    68.95     4.32
1884   12    98.57     0.01
1885    1   115.42    -0.62
1885    2    75.58    -0.95
1885    3    95.40     3.05
1885    4   112.14     4.45
1885    5   121.75    10.95
1885    6    99.08    15.25
1885    7    44.09    19.90
1885    8    18.54    20.19
1885    9    13.84    14.94
1885   10    24.42     7.10
1885   11    39.22     0.78
1885   12    75.05    -2.11
1886    1   110.92    -5.96
1886    2    39.62    -4.65
1886    3    94.30     1.19
1886    4    74.60     5.24
1886    5   123.56     9.85
1886    6    75.11    14.58
1886    7    18.41    19.35
1886    8     9.23    22.10
1886    9    31.05    12.32
1886   10    62.27     5.48
1886   11    37.10     1.01
1886   12    79.02     0.41
1887    1    54.44     0.12
1887    2   113.86    -1.97
1887    3    95.75     1.67
1887    4   119.95     3.57
1887    5   135.64    10.98
1887    6    84.48    13.37
1887    7    12.59    19.33
1887    8    26.03    18.20
1887    9     4.99    13.47
1887   10    71.93     5.65
1887   11    78.63     1.73
1887   12    75.96     0.31
1888    1    85.60    -1.98
1888    2    64.00     1.59
1888    3    96.07    -2.25
1888    4    88.48     7.03
1888    5    94.89    12.42
1888    6   104.85    14.28
1888    7    15.40    16.85
1888    8    34.66    16.38
1888    9    24.11    13.48
1888   10    46.96     7.05
1888   11   141.20     2.65
1888   12    72.76    -2.97
1889    1    92.86    -1.84
1889    2    68.54     0.13
1889    3    97.49     1.80
1889    4    93.68     4.53
1889    5   102.55    12.24
1889    6    93.71    16.67
1889    7    25.18    19.96
1889    8    10.23    21.98
1889    9    28.86    13.97
1889   10    66.81     8.12
1889   11    82.49     3.85
1889   12   145.60    -1.00
1890    1    91.06    -1.35
1890    2    49.68     0.09
1890    3   113.84     3.65
1890    4    84.90     7.81
1890    5   118.72    11.63
1890    6   117.23    13.63
1890    7    51.49    17.54
1890    8    23.88    17.81
1890    9    22.72    16.25
1890   10    60.04     5.76
1890   11    10.80    -0.46
1890   12    45.63    -1.70
1891    1   107.91    -2.59
1891    2    55.27    -0.57
1891    3    54.15     4.02
1891    4   104.32     6.33
1891    5   117.92     8.99
1891    6    51.51    13.79
1891    7    29.62    16.95
1891    8    11.89    19.05
1891    9    31.39    13.92
1891   10    57.36     4.95
1891   11   104.26     2.30
1891   12    59.39    -0.04
1892    1    80.83    -2.79
1892    2    89.19     1.52
1892    3   106.74     1.51
1892    4    63.98     4.44
1892    5   155.68     9.75
1892    6    81.42    14.30
1892    7    54.56    16.79
1892    8    86.27    18.89
1892    9    40.83    13.02
1892   10    46.35     4.89
1892   11    38.95     1.39
1892   12    49.36     0.23
1893    1    84.89    -0.13
1893    2    66.60    -0.35
1893    3    98.56     1.00
1893    4    80.59     6.21
1893    5   142.55    11.20
1893    6    82.46    14.82
1893    7     8.77    21.88
1893    8    14.21    20.15
1893    9    16.45    13.00
1893   10    45.46     7.64
1893   11    57.66     2.49
1893   12    41.20    -1.88
1894    1    41.85    -1.01
1894    2    68.79    -5.15
1894    3   108.10     1.67
1894    4   105.54     6.23
1894    5   117.83    12.40
1894    6    54.61    16.73
1894    7    29.45    22.30
1894    8    11.28    19.60
1894    9    32.14    13.89
1894   10    67.48     6.38
1894   11    55.93     3.03
1894   12    97.62     1.12
1895    1    50.03    -1.17
1895    2   108.01     0.01
1895    3   108.42     0.49
1895    4   106.45     6.51
1895    5    94.20    10.98
1895    6    66.11    16.09
1895    7    27.33    18.78
1895    8    12.41    21.55
1895    9    15.13    13.94
1895   10    52.37     6.12
1895   11    95.41     3.62
1895   12    76.72    -0.09
1896    1    91.09    -0.54
1896    2    70.90     0.91
1896    3    89.59     1.50
1896    4    85.64     5.56
1896    5    93.02    10.79
1896    6   129.51    14.49
1896    7    26.22    17.52
1896    8    11.65    21.62
1896    9    25.12    11.48
1896   10    23.39     5.29
1896   11    46.26     2.96
1896   12   126.92    -1.13
1897    1    87.58    -2.36
1897    2    83.20     0.81
1897    3   113.16     1.79
1897    4    96.64     6.80
1897    5   134.32     9.63
1897    6    60.48    17.71
1897    7    47.06    20.09
1897    8    42.38    18.90
1897    9    20.23    11.44
1897   10    38.19     5.80
1897   11    62.42     0.80
1897   12    87.54    -1.10
1898    1   113.23    -0.45
1898    2    81.41     1.15
1898    3    73.75     5.01
1898    4    85.54     5.79
1898    5    82.81    11.12
1898    6   178.49    15.30
1898    7    15.24    19.58
1898    8     3.94    18.39
1898    9    32.83    12.08
1898   10    33.48     6.67
1898   11    94.80     2.60
1898   12    87.07    -1.92
1899    1    71.71    -2.43
1899    2    61.57    -2.53
1899    3   107.61     2.05
1899    4    80.61     3.48
1899    5   131.11    10.81
1899    6    77.61    14.36
1899    7    12.58    20.89
1899    8    15.05    18.40
1899    9    20.59    13.52
1899   10    83.09     6.40
1899   11   116.50     1.76
1899   12   117.24     0.40
1900    1    89.59    -2.42
1900    2   108.29    -1.00
1900    3    80.96     3.05
1900    4   109.63     4.38
1900    5   143.62    10.73
1900    6   139.21    13.55
1900    7    36.69    18.63
1900    8    45.83    17.18
1900    9    46.16    12.24
1900   10    58.95     7.33
1900   11    64.36     2.85
1900   12   149.45    -2.31
1901    1   119.61    -3.26
1901    2    65.93    -3.38
1901    3    84.22     2.58
1901    4   112.52     5.52
1901    5   147.34     9.78
1901    6    95.89    16.26
1901    7    20.05    21.87
1901    8    58.64    18.94
1901    9    82.31    11.88
1901   10    39.65     6.70
1901   11    52.67     3.03
1901   12   117.43     0.85
1902    1    93.10    -1.39
1902    2    85.27    -4.24
1902    3    79.67     0.49
1902    4   139.58     4.38
1902    5   129.66    11.49
1902    6    79.07    13.79
1902    7    20.01    17.59
1902    8    40.16    14.78
1902    9    15.41    10.32
1902   10    52.35     6.31
1902   11    33.14     1.90
1902   12   104.24     0.45
1903    1    51.34    -1.55
1903    2    34.35     0.88
1903    3    66.47     2.88
1903    4    68.17     7.62
1903    5    90.35     9.47
1903    6   150.74    14.80
1903    7    72.20    17.90
1903    8    25.48    18.92
1903    9    16.96    12.40
1903   10    78.72     6.02
1903   11    78.59     2.69
1903   12   126.30    -1.85
1904    1   182.59    -1.61
1904    2    88.19     1.02
1904    3   104.38     4.46
1904    4   138.84     5.65
1904    5   161.54    11.80
1904    6    79.38    14.09
1904    7    47.64    16.37
1904    8    26.20    18.13
1904    9    17.11     9.57
1904   10    55.33     4.83
1904   11   132.85     0.05
1904   12   132.26     0.94
1905    1    86.41    -2.96
1905    2   103.52    -0.99
1905    3    53.72     3.16
1905    4    70.93     7.21
1905    5    85.19    10.96
1905    6    48.39    15.81
1905    7     9.65    20.51
1905    8     8.17    21.49
1905    9    20.44    12.80
1905   10    47.55     6.33
1905   11    76.77     3.16
1905   12    83.47     0.44
1906    1    70.92    -3.27
1906    2    71.72    -3.52
1906    3    86.10     4.02
1906    4    99.68     7.18
1906    5   116.10    11.69
1906    6    94.02    16.61
1906    7    57.68    17.59
1906    8    30.83    19.42
1906    9    48.90    14.29
1906   10    85.61     8.17
1906   11    84.17     2.20
1906   12   126.30    -1.38
1907    1    84.84    -1.67
1907    2    38.32     1.89
1907    3    76.66     1.06
1907    4    74.19     7.03
1907    5   136.86    10.88
1907    6   106.32    15.28
1907    7    31.36    17.18
1907    8    19.97    16.98
1907    9    18.68    12.13
1907   10    62.79     4.14
1907   11    93.20     2.91
1907   12    60.47     1.39
1908    1   115.44    -1.99
1908    2    88.61    -1.18
1908    3    88.56     0.40
1908    4    66.08     5.45
1908    5   109.94    12.74
1908    6    37.43    16.52
1908    7    14.07    17.89
1908    8     9.09    18.04
1908    9    21.52    12.21
1908   10    30.71     6.57
1908   11    89.40     1.61
1908   12    80.56    -0.08
1909    1   126.16    -3.60
1909    2    78.64    -3.20
1909    3    57.45     1.75
1909    4    86.90     9.19
1909    5   148.63    10.03
1909    6   108.40    14.50
1909    7    33.58    18.64
1909    8    12.25    19.25
1909    9    14.96    11.43
1909   10    38.57     5.73
1909   11    87.52     0.64
1909   12   107.60    -4.55
1910    1    69.33    -0.86
1910    2    97.43     0.49
1910    3   101.29     2.10
1910    4    67.61     7.42
1910    5    97.24     9.95
1910    6    93.20    12.81
1910    7    51.30    16.47
1910    8    11.96    20.21
1910    9    24.11    12.78
1910   10    67.98     6.44
1910   11    54.88     1.66
1910   12    69.74    -2.52
1911    1    57.11    -0.12
1911    2    54.35     0.04
1911    3   104.01     2.57
1911    4   104.21     3.45
1911    5   165.59    10.08
1911    6    87.93    14.53
1911    7    48.26    18.82
1911    8    20.25    20.52
1911    9    32.02    14.05
1911   10    41.57     6.34
1911   11    24.17     0.38
1911   12   100.31    -1.89
1912    1    50.77    -3.40
1912    2    65.15    -1.69
1912    3    77.57     1.84
1912    4   135.47     5.31
1912    5   149.93    10.86
1912    6    92.32    14.79
1912    7     9.53    19.23
1912    8     8.66    19.56
1912    9     9.78    12.27
1912   10    60.69     6.75
1912   11    75.65     2.05
1912   12   130.21    -2.25
1913    1    57.64    -2.15
1913    2    50.24     1.98
1913    3   106.81     2.67
1913    4    80.56     4.79
1913    5   102.66    11.88
1913    6    77.33    15.02
1913    7    54.12    19.42
1913    8    12.33    18.83
1913    9    20.55    14.69
1913   10    85.24     8.17
1913   11   103.04     1.46
1913   12   116.74    -0.72
1914    1   112.59    -5.02
1914    2   118.98    -2.04
1914    3    69.13    -0.10
1914    4   139.67     3.75
1914    5   152.55     7.83
1914    6   118.24    13.48
1914    7    21.53    20.18
1914    8    31.99    19.08
1914    9    20.06    11.50
1914   10    16.95     7.00
1914   11    34.12     2.31
1914   12   102.38    -0.26
1915    1   111.79     0.78
1915    2    50.06    -0.97
1915    3    60.41     3.67
1915    4   102.66     4.90
1915    5   145.62    13.31
1915    6    63.06    18.07
1915    7    40.56    19.65
1915    8    15.20    21.66
1915    9    16.74    14.79
1915   10    31.24     5.44
1915   11    52.24     2.73
1915   12   100.54    -0.42
1916    1    92.60     1.83
1916    2    65.95     0.75
1916    3   114.16     1.76
1916    4    50.82     9.35
1916    5   118.32     9.54
1916    6    95.25    16.98
1916    7    45.78    15.63
1916    8    10.22    19.70
1916    9    24.50    14.54
1916   10    73.95     6.49
1916   11   125.26     1.11
1916   12   134.31     0.57
1917    1    94.32    -0.53
1917    2    51.06    -1.10
1917    3   101.79     2.21
1917    4    78.78     9.53
1917    5   145.07    11.01
1917    6    82.47    14.71
1917    7    23.80    18.07
1917    8    30.99    18.02
1917    9    39.37    12.68
1917   10    59.51     6.73
1917   11    71.49     1.40
1917   12    99.24    -0.29
1918    1    80.43    -3.24
1918    2    81.82    -0.26
1918    3   124.99     2.60
1918    4   104.69     5.13
1918    5   126.99     9.39
1918    6    98.57    13.23
1918    7    23.26    19.46
1918    8    20.52    19.10
1918    9     8.37    15.83
1918   10    45.84     8.10
1918   11    60.49     1.10
1918   12   103.72    -0.01
1919    1    29.33    -2.99
1919    2    30.77    -0.33
1919    3    80.32     3.40
1919    4    77.00     4.53
1919    5   131.87    11.47
1919    6   145.37    15.24
1919    7    50.32    18.19
1919    8    29.22    16.95
1919    9    13.96    11.80
1919   10    29.30     4.84
1919   11    77.66     1.56
1919   12    90.03     0.48
1920    1   111.56    -1.98
1920    2    99.06     0.19
1920    3    55.28     0.71
1920    4    96.37     6.28
1920    5   141.26     9.64
1920    6    80.36    15.00
1920    7    21.60    18.69
1920    8    28.42    19.00
1920    9     7.16    10.72
1920   10    56.49     5.55
1920   11    60.36     0.46
1920   12    39.16    -4.46
1921    1    55.65    -0.56
1921    2   142.02    -2.04
1921    3    74.73     2.60
1921    4    91.06     3.07
1921    5   144.86    11.09
1921    6    85.54    15.91
1921    7     9.70    17.13
1921    8     3.00    20.19
1921    9    23.68    13.23
1921   10    66.45     7.32
1921   11   112.68     2.73
1921   12    72.70    -0.88
1922    1   130.48    -3.61
1922    2   109.83    -1.01
1922    3   125.95     2.66
1922    4    96.92     6.20
1922    5   117.78    10.56
1922    6   123.53    14.53
1922    7    49.01    14.96
1922    8    16.40    18.34
1922    9    11.07    17.02
1922   10    35.44     8.94
1922   11    38.95     1.27
1922   12    48.16    -2.29
1923    1    51.66    -1.24
1923    2    82.89     1.11
1923    3   102.71     2.21
1923    4   121.19     7.20
1923    5    98.47    10.39
1923    6   123.37    15.26
1923    7    10.01    20.87
1923    8    18.02    18.56
1923    9    21.67    12.34
1923   10    28.39     5.67
1923   11    46.30     1.21
1923   12    43.27    -0.85
1924    1    85.96    -2.80
1924    2    99.77     0.70
1924    3    87.07     3.98
1924    4    63.80     5.82
1924    5   110.35    11.71
1924    6   125.31    16.25
1924    7    55.94    17.52
1924    8    63.56    16.83
1924    9    48.71    14.44
1924   10    43.95     7.01
1924   11    74.76     0.90
1924   12   117.86    -1.45
1925    1    61.57    -1.22
1925    2   107.10    -1.21
1925    3    71.34     2.47
1925    4    92.46     6.28
1925    5   165.86     9.10
1925    6   121.91    13.81
1925    7     9.20    16.99
1925    8     5.42    18.58
1925    9    30.40     9.35
1925   10    72.92     6.49
1925   11    55.84     2.32
1925   12    71.23     1.75
1926    1   112.37    -3.40
1926    2    38.93    -6.59
1926    3    66.24    -0.18
1926    4    50.39     5.39
1926    5    85.19    11.71
1926    6   137.59    15.46
1926    7    43.91    19.25
1926    8     8.12    19.40
1926    9    19.22    13.39
1926   10    96.83     5.30
1926   11    71.28     1.60
1926   12    81.65    -0.62
1927    1    50.62    -5.47
1927    2    60.67     0.20
1927    3    98.07     2.91
1927    4    73.17     6.75
1927    5   114.68    12.40
1927    6    58.46    14.65
1927    7    15.12    20.71
1927    8     3.47    19.92
1927    9     8.94    16.04
1927   10    77.76     4.86
1927   11    50.43     0.24
1927   12    64.03    -1.92
1928    1   107.13    -1.67
1928    2    59.63    -5.62
1928    3    50.56     0.41
1928    4    86.90     4.81
1928    5   119.27    11.82
1928    6   114.52    14.25
1928    7    13.16    21.22
1928    8     4.51    21.05
1928    9    47.13    13.09
1928   10    52.27     6.87
1928   11    69.87     3.18
1928   12   124.63    -0.29
1929    1   110.46    -2.43
1929    2    85.28    -1.98
1929    3    48.70     2.67
1929    4   117.96     5.97
1929    5   100.52    10.27
1929    6   107.61    14.26
1929    7    29.51    17.85
1929    8    15.48    18.54
1929    9    20.06    14.89
1929   10    64.60     8.53
1929   11    72.83     1.57
1929   12    84.98     0.06
1930    1    53.21    -1.34
1930    2    92.99     0.52
1930    3   101.81     0.79
1930    4   147.72     6.37
1930    5   161.87     9.96
1930    6    99.40    15.56
1930    7    28.87    17.82
1930    8     6.35    20.32
1930    9    16.55    15.34
1930   10    81.63     6.41
1930   11    67.07     2.09
1930   12    72.29    -3.98
1931    1    53.41    -2.16
1931    2    57.65    -1.95
1931    3    90.26     0.97
1931    4    65.95     5.30
1931    5   108.96    11.11
1931    6    69.60    15.39
1931    7     9.55    21.90
1931    8    49.02    18.95
1931    9    54.44     9.45
1931   10    68.39     5.01
1931   11    68.18     2.82
1931   12    89.49    -0.17
1932    1    80.95    -3.73
1932    2    96.64     1.50
1932    3    97.66     1.35
1932    4    98.75     7.17
1932    5   112.57    11.54
1932    6    72.36    17.60
1932    7    26.76    21.26
1932    8    15.04    20.17
1932    9    29.04    16.08
1932   10    56.48     4.08
1932   11    37.86     0.84
1932   12    69.09     0.70
1933    1    77.53    -6.59
1933    2   104.26    -2.47
1933    3    78.59     1.99
1933    4   116.78     6.18
1933    5   102.50    11.56
1933    6    64.79    17.31
1933    7    19.63    21.02
1933    8     8.35    21.94
1933    9    36.92    16.55
1933   10    94.45     8.10
1933   11    65.44     3.85
1933   12   110.75     0.38
1934    1   125.21    -2.30
1934    2    78.50     0.85
1934    3   127.77    -0.62
1934    4    75.08     7.50
1934    5   123.76    13.14
1934    6    88.10    15.31
1934    7    34.85    19.73
1934    8    20.95    16.27
1934    9    27.69    12.90
1934   10    56.59     6.67
1934   11   110.42     2.19
1934   12   122.04    -1.85
1935    1   115.94    -5.52
1935    2    85.37    -3.00
1935    3   105.98     1.18
1935    4    85.28     7.02
1935    5   178.54     9.08
1935    6    51.05    13.18
1935    7    37.93    17.89
1935    8    92.11    15.76
1935    9    19.59    13.19
1935   10    40.74     5.74
1935   11    80.06     2.78
1935   12    58.15     1.36
1936    1    95.13    -3.92
1936    2    54.77    -0.65
1936    3   132.04     2.50
1936    4    83.25     6.41
1936    5    85.81    13.49
1936    6    47.00    16.09
1936    7    15.52    19.76
1936    8    35.02    17.93
1936    9    55.52    13.66
1936   10    33.68     5.96
1936   11    52.23     1.97
1936   12    52.42    -0.22
1937    1    68.97    -0.97
1937    2    48.14     0.39
1937    3   117.31     2.46
1937    4   105.74     6.76
1937    5   121.50    11.47
1937    6    57.50    13.59
1937    7    30.68    17.87
1937    8    23.73    19.99
1937    9    44.37    15.33
1937   10    69.66     8.53
1937   11    72.08     4.49
1937   12   108.78     0.22
1938    1   103.61    -0.78
1938    2    97.42     0.09
1938    3    90.85     1.53
1938    4    78.45     4.52
1938    5   108.28    11.48
1938    6   102.61    13.00
1938    7    30.33    15.52
1938    8     9.75    21.50
1938    9     7.79    15.51
1938   10    83.65     8.13
1938   11    70.77     2.63
1938   12    96.45     1.08
1939    1    72.87    -3.05
1939    2    69.47    -2.09
1939    3    88.59     1.15
1939    4   159.77     5.17
1939    5   173.14     9.65
1939    6   119.10    18.62
1939    7    66.42    18.24
1939    8    34.29    18.43
1939    9    23.97    14.61
1939   10    33.70     6.08
1939   11    31.52     2.71
1939   12    96.59     0.28
1940    1    80.90    -0.72
1940    2    78.44     1.29
1940    3   118.84     0.33
1940    4   124.00     3.69
1940    5   126.04    11.72
1940    6   104.94    14.51
1940    7    14.09    16.86
1940    8     8.57    19.19
1940    9    17.89    13.79
1940   10    39.47     4.57
1940   11    42.28     3.39
1940   12    44.50    -0.17
1941    1    57.13    -0.54
1941    2    81.51    -1.42
1941    3    70.38     3.10
1941    4   101.05     9.39
1941    5   129.39    11.74
1941    6    37.45    16.11
1941    7    12.03    22.46
1941    8     4.53    21.29
1941    9     6.42    13.99
1941   10    39.85     7.85
1941   11    96.26     1.71
1941   12    95.33    -0.09
1942    1    65.51     0.57
1942    2    40.35     2.44
1942    3    83.01     3.60
1942    4   104.22     7.09
1942    5   114.72     9.38
1942    6    75.91    11.95
1942    7    60.10    17.98
1942    8     2.18    18.15
1942    9    15.70    10.50
1942   10    36.56     9.10
1942   11    40.11     2.91
1942   12    69.40    -0.19
1943    1    66.53    -0.38
1943    2    91.15     0.77
1943    3    64.58     4.92
1943    4   101.98     7.43
1943    5   117.68    11.16
1943    6    65.89    15.21
1943    7    56.49    18.35
1943    8    17.35    17.71
1943    9    20.77    11.34
1943   10    51.55     5.45
1943   11    89.14     1.58
1943   12   127.07    -1.19
1944    1    88.49    -3.10
1944    2    90.69    -1.03
1944    3    55.87     4.38
1944    4    77.05     7.53
1944    5   151.38     9.79
1944    6   117.59    16.70
1944    7     9.49    21.95
1944    8    16.78    19.41
1944    9    38.20    10.39
1944   10    27.13     6.68
1944   11   115.12     1.53
1944   12   101.78     1.15
1945    1    73.53     0.41
1945    2   103.94     0.66
1945    3    96.92     2.13
1945    4   122.67     6.35
1945    5   111.25     8.45
1945    6    82.70    15.42
1945    7     7.63    20.49
1945    8     0.05    23.11
1945    9    21.12    13.88
1945   10    28.83     9.34
1945   11   112.78     2.88
1945   12    72.25     0.19
1946    1   105.77    -0.55
1946    2   102.45    -1.84
1946    3    86.87    -0.48
1946    4   124.54     3.91
1946    5   104.93    10.85
1946    6   131.28    14.17
1946    7    51.13    17.87
1946    8    26.38    19.29
1946    9    19.31    15.03
1946   10    54.88     6.12
1946   11    49.92     2.80
1946   12    70.06     1.71
1947    1    94.14     0.67
1947    2    74.03     1.31
1947    3   106.01     2.74
1947    4    98.71     7.09
1947    5   105.94    10.28
1947    6    94.28    15.31
1947    7    38.13    17.13
1947    8    12.36    19.48
1947    9    30.42    13.59
1947   10    63.98     5.10
1947   11    75.14     2.91
1947   12    69.23     0.67
1948    1    90.61    -0.16
1948    2    88.40     1.24
1948    3   138.11     2.07
1948    4   117.57     4.43
1948    5   141.85    11.22
1948    6   100.82    14.92
1948    7    20.01    18.70
1948    8    19.63    18.26
1948    9    13.13    16.05
1948   10    15.58     9.98
1948   11   115.47     1.57
1948   12   110.47    -1.10
1949    1    93.25    -1.45
1949    2    97.57    -2.96
1949    3    94.30     2.58
1949    4   114.02     7.77
1949    5   100.82    10.64
1949    6   142.42    15.67
1949    7    37.04    17.24
1949    8    15.65    19.32
1949    9    10.46    14.92
1949   10    27.84     3.93
1949   11    85.46     1.22
1949   12    42.14    -0.17
1950    1    45.74    -1.98
1950    2    36.13     2.22
1950    3    87.86     3.62
1950    4    66.28     6.93
1950    5   117.64    11.05
1950    6    83.81    15.58
1950    7     8.80    19.88
1950    8    13.12    18.32
1950    9    27.68    12.35
1950   10    56.24     7.01
1950   11   101.83     0.42
1950   12   133.62    -2.26
1951    1    92.71    -3.80
1951    2    76.59    -1.41
1951    3   123.16     2.00
1951    4   118.03     5.29
1951    5   155.03    12.61
1951    6   132.14    14.41
1951    7    48.40    15.60
1951    8    11.68    17.45
1951    9    25.83     9.45
1951   10    34.11     3.30
1951   11    50.76     2.24
1951   12    82.31    -0.84
1952    1    95.13    -1.49
1952    2    67.39    -2.08
1952    3    56.40     1.99
1952    4    81.47     6.44
1952    5    96.38     9.41
1952    6   154.05    13.83
1952    7    43.25    19.09
1952    8    24.37    19.22
1952    9    30.84    12.04
1952   10    39.25     5.87
1952   11     7.70     0.80
1952   12    68.96    -0.24
1953    1    86.04     0.57
1953    2    31.71     1.44
1953    3    60.03     1.38
1953    4    93.84     7.45
1953    5   132.89    10.47
1953    6    75.93    17.03
1953    7    25.19    18.77
1953    8    10.29    21.52
1953    9    18.56    13.79
1953   10    27.80     5.65
1953   11    57.53     0.32
1953   12   111.15     0.06
1954    1   106.91    -3.60
1954    2    82.97     0.78
1954    3   156.48     0.90
1954    4    99.15     3.36
1954    5    89.58    10.31
1954    6   142.63    14.69
1954    7    50.65    15.35
1954    8    26.84    18.31
1954    9    38.82    13.19
1954   10    71.28     8.40
1954   11   110.55     0.85
1954   12    56.94    -2.63
1955    1    59.22    -1.42
1955    2    78.17    -1.49
1955    3    80.11     3.85
1955    4   104.95     6.06
1955    5   143.06    10.73
1955    6    78.99    15.78
1955    7    11.99    15.94
1955    8    14.61    17.09
1955    9    29.02    12.93
1955   10    59.07     7.73
1955   11    78.53     2.82
1955   12   103.61    -1.84
1956    1    81.03     0.09
1956    2    63.42     0.42
1956    3    93.13     0.18
1956    4    68.07     6.50
1956    5   167.04     9.92
1956    6    96.62    14.57
1956    7    14.05    18.97
1956    8    19.09    19.34
1956    9    61.24    11.54
1956   10    53.82     6.05
1956   11    89.35     4.14
1956   12    51.59    -1.07
1957    1    18.47    -2.78
1957    2    67.54    -2.32
1957    3   108.19     3.13
1957    4    78.04     6.85
1957    5    75.61    15.26
1957    6   112.62    16.98
1957    7     1.48    24.43
1957    8    11.51    20.95
1957    9     5.85    14.31
1957   10    28.71     8.32
1957   11    56.78     2.39
1957   12   109.13    -0.51
1958    1    82.49    -4.09
1958    2    57.85    -2.94
1958    3   113.93     0.85
1958    4   126.45     6.35
1958    5   111.97    11.54
1958    6   111.19    14.49
1958    7    42.68    19.13
1958    8    13.87    17.34
1958    9    21.10    15.48
1958   10    78.74     7.51
1958   11    94.22     2.27
1958   12    79.05    -0.72
1959    1   106.34    -3.12
1959    2    88.89     0.74
1959    3    88.25     3.29
1959    4    90.90     7.47
1959    5   144.92    10.14
1959    6   100.45    16.45
1959    7    34.53    17.50
1959    8    35.51    16.42
1959    9    28.48    12.19
1959   10    46.75     8.61
1959   11    54.19    -0.39
1959   12   111.01    -1.07
1960    1    30.86    -3.61
1960    2    44.03    -1.58
1960    3   101.81     4.48
1960    4    68.23     6.60
1960    5    99.86    13.93
1960    6    80.98    14.90
1960    7    18.78    20.77
1960    8    31.30    18.04
1960    9    22.68    14.41
1960   10    84.84     6.43
1960   11    82.11     2.34
1960   12    52.62    -2.43
1961    1    65.01    -3.32
1961    2   106.53    -2.09
1961    3    94.78     1.95
1961    4    73.63     7.97
1961    5    91.28    11.46
1961    6   101.86    14.35
1961    7    20.17    21.16
1961    8    13.90    19.29
1961    9    12.84    13.67
1961   10    35.18     7.95
1961   11    38.12     1.08
1961   12    46.32     0.51
1962    1    80.47    -1.09
1962    2    68.44    -0.40
1962    3   110.13     1.54
1962    4    99.70     6.28
1962    5   135.11     9.99
1962    6    38.46    16.78
1962    7    32.76    18.39
1962    8    40.97    17.20
1962    9    39.56    14.71
1962   10    45.15     6.61
1962   11    64.67     2.85
1962   12   153.42    -0.56
1963    1    86.02    -3.14
1963    2    73.68    -3.85
1963    3    72.15     1.88
1963    4    99.75     4.87
1963    5   112.95    10.26
1963    6    89.78    14.48
1963    7    26.94    18.38
1963    8    21.63    16.82
1963    9     5.60    14.75
1963   10    23.55     5.24
1963   11    57.47     0.34
1963   12    59.80    -1.50
1964    1    37.02    -4.02
1964    2    96.75    -2.76
1964    3   103.56    -0.66
1964    4   108.46     4.52
1964    5    62.60    11.85
1964    6    13.43    17.01
1964    7    17.92    21.96
1964    8    19.39    19.40
1964    9    19.32    13.62
1964   10    47.79     7.16
1964   11    65.68     3.21
1964   12    29.48    -1.04
1965    1   106.88    -2.51
1965    2    78.98    -2.57
1965    3    72.63     1.45
1965    4    96.54     5.31
1965    5   101.20    10.48
1965    6    65.20    15.56
1965    7    12.67    19.75
1965    8    20.08    19.86
1965    9    15.87     9.82
1965   10    69.93     5.60
1965   11    81.52     3.16
1965   12   108.46    -2.73
1966    1   126.28    -0.26
1966    2    68.17    -3.89
1966    3   100.56     2.84
1966    4    86.74     6.79
1966    5   105.03     9.12
1966    6   151.56    14.94
1966    7    46.73    17.38
1966    8    10.46    16.12
1966    9     4.07    14.87
1966   10    55.43     5.82
1966   11    93.73     0.91
1966   12    65.75    -1.60
1967    1    72.06    -1.67
1967    2    70.13    -0.35
1967    3    98.17     0.30
1967    4   106.39     5.89
1967    5   124.73    10.27
1967    6   115.94    15.21
1967    7    33.93    16.85
1967    8    10.17    19.81
1967    9    11.32    11.75
1967   10    86.91     6.35
1967   11    84.91     2.59
1967   12    52.63    -3.51
1968    1   109.19    -1.14
1968    2    90.52    -3.57
1968    3   102.73     2.51
1968    4   112.28     5.92
1968    5   111.31    11.64
1968    6    65.95    16.35
1968    7     8.08    21.94
1968    8    14.88    19.22
1968    9    20.01    15.50
1968   10    20.91     7.54
1968   11    42.17     3.60
1968   12    94.95     0.42
1969    1    90.24    -4.65
1969    2   101.53    -6.16
1969    3    76.30     0.08
1969    4   122.08     4.66
1969    5   118.02     9.94
1969    6    89.29    12.76
1969    7    37.99    18.74
1969    8     3.97    19.65
1969    9    52.27    12.70
1969   10    69.33     6.68
1969   11    83.31     2.11
1969   12   131.58    -1.06
1970    1   105.00    -1.63
1970    2    57.80    -0.83
1970    3    85.21     1.61
1970    4   136.92     7.02
1970    5   143.58    10.91
1970    6   145.92    14.44
1970    7    37.98    16.51
1970    8    51.17    16.00
1970    9    37.80     9.95
1970   10    76.85     6.26
1970   11    62.63     3.03
1970   12    68.80    -3.63
1971    1   112.23    -1.89
1971    2   116.40    -0.78
1971    3    87.19     4.58
1971    4    78.70     4.42
1971    5   112.85     9.07
1971    6    83.60    14.48
1971    7    18.38    21.01
1971    8    35.74    18.48
1971    9    22.51    10.95
1971   10    33.96     6.48
1971   11    24.22     3.91
1971   12    67.23     1.23
1972    1    54.31    -0.69
1972    2    60.95     0.42
1972    3    60.75     0.04
1972    4    85.69     6.39
1972    5   123.07    11.92
1972    6    52.75    16.62
1972    7    21.47    18.94
1972    8     5.60    19.48
1972    9     9.00    12.00
1972   10    35.40     5.47
1972   11    15.70     2.20
1972   12   107.98    -1.39
1973    1    87.29    -0.00
1973    2    72.53     0.75
1973    3    94.29     1.48
1973    4    85.82     7.39
1973    5   146.10    12.57
1973    6    77.06    15.71
1973    7    44.04    19.35
1973    8    16.72    19.88
1973    9    24.18    12.96
1973   10    43.96     5.12
1973   11    44.10     0.92
1973   12    95.34    -0.35
1974    1    79.93    -1.59
1974    2    89.24     0.14
1974    3    72.91     3.46
1974    4   115.72     4.66
1974    5    94.86    11.61
1974    6    85.76    15.30
1974    7    26.67    18.68
1974    8    15.14    18.12
1974    9     6.72    14.44
1974   10    67.81     5.68
1974   11    42.51     1.66
1974   12    68.07    -1.97
1975    1   101.48    -2.20
1975    2    70.25    -2.74
1975    3   132.74     0.58
1975    4    89.79     8.20
1975    5    99.88    12.25
1975    6   102.90    15.56
1975    7    26.37    19.09
1975    8    11.50    18.42
1975    9    33.49    12.92
1975   10    10.15    10.74
1975   11    49.00     3.59
1975   12    84.65    -0.50
1976    1   172.80    -3.07
1976    2    57.81    -2.05
1976    3   114.82     2.63
1976    4    92.65     5.16
1976    5   146.94    10.48
1976    6   104.95    15.22
1976    7    51.17    16.77
1976    8    25.68    18.12
1976    9    21.90    14.90
1976   10    67.65     5.82
1976   11   157.79     1.32
1976   12    63.22    -0.80
1977    1   125.52    -0.57
1977    2    70.97     0.77
1977    3    53.29     3.24
1977    4    65.29     6.92
1977    5   106.88    12.05
1977    6   109.70    15.75
1977    7    11.29    17.06
1977    8     7.61    19.46
1977    9    16.97    15.54
1977   10    54.80     8.34
1977   11    76.69     2.16
1977   12    98.94     1.16
1978    1    77.92    -5.12
1978    2    44.04    -1.89
1978    3    75.53     4.05
1978    4   114.29     7.34
1978    5    88.30    10.74
1978    6    74.44    14.32
1978    7    47.52    18.05
1978    8    23.79    18.39
1978    9    24.28    16.10
1978   10    55.36     8.20
1978   11    60.25     1.82
1978   12   142.08    -1.73
1979    1    58.20    -4.69
1979    2   110.16    -2.81
1979    3    98.14    -0.82
1979    4    90.63     7.58
1979    5   130.53     9.20
1979    6    41.56    16.28
1979    7    13.76    21.42
1979    8    10.13    22.23
1979    9    18.05    14.62
1979   10    42.09     8.80
1979   11    64.68     3.36
1979   12    60.40     0.90
1980    1    86.29    -1.40
1980    2   103.94    -0.57
1980    3    76.45     4.02
1980    4    90.03     7.51
1980    5    94.32    11.31
1980    6    89.06    16.34
1980    7    19.12    21.16
1980    8    13.20    20.74
1980    9    10.13    16.30
1980   10    50.80     6.89
1980   11   104.42     1.21
1980   12    82.06    -1.63
1981    1   108.57    -2.09
1981    2    67.29    -4.57
1981    3   104.45    -0.68
1981    4    65.20     7.42
1981    5    81.04    13.25
1981    6   135.49    15.70
1981    7    29.22    19.70
1981    8    35.28    20.33
1981    9    28.22    13.84
1981   10    60.52     6.45
1981   11    79.86     2.85
1981   12    46.45     0.07
1982    1    62.69    -3.63
1982    2    62.86     1.28
1982    3    76.64     3.24
1982    4    82.07     8.58
1982    5   128.60    11.06
1982    6   110.81    14.77
1982    7    11.97    19.90
1982    8     5.32    20.52
1982    9     6.35    11.53
1982   10    30.96     5.92
1982   11    36.87     0.79
1982   12    83.66    -1.62
1983    1    91.10    -3.24
1983    2    56.52    -0.46
1983    3    64.77     2.53
1983    4   103.58     6.70
1983    5    91.52    12.21
1983    6   104.09    15.61
1983    7    38.87    19.42
1983    8     7.07    20.76
1983    9    22.90    13.16
1983   10    48.53     4.93
1983   11    46.87     1.84
1983   12   104.42     0.21
1984    1    80.75    -6.07
1984    2    59.77     0.79
1984    3    90.89     3.81
1984    4   107.67     5.23
1984    5   110.42    10.07
1984    6    81.27    17.09
1984    7    15.37    21.05
1984    8    26.83    17.48
1984    9    11.64    12.75
1984   10    73.18     8.06
1984   11    78.30     1.81
1984   12    69.14    -2.33
1985    1    60.98    -1.68
1985    2    67.83    -0.88
1985    3    44.82     0.97
1985    4    92.17     7.72
1985    5   124.05    13.11
1985    6    77.28    14.61
1985    7     5.49    20.98
1985    8    26.41    19.61
1985    9    10.91    14.08
1985   10    42.64     9.69
1985   11    42.16     0.53
1985   12    74.89    -0.11
1986    1    87.31    -0.16
1986    2    77.37    -0.25
1986    3    58.54     2.66
1986    4   121.43     5.28
1986    5   117.01    13.10
1986    6   154.23    15.66
1986    7    11.91    19.23
1986    8    27.19    18.51
1986    9    14.65    13.14
1986   10     7.83     8.57
1986   11    53.54     4.56
1986   12    78.23    -0.75
1987    1    68.38    -1.05
1987    2    32.27    -2.43
1987    3   114.04     1.80
1987    4   108.77     5.28
1987    5    98.30    11.94
1987    6    67.76    13.70
1987    7    33.29    18.97
1987    8     7.53    17.79
1987    9    61.83    13.39
1987   10    50.91     7.40
1987   11    58.95     4.04
1987   12    95.53     0.27
1988    1   109.53    -0.31
1988    2    74.08     0.50
1988    3    46.02     4.37
1988    4    88.79     7.77
1988    5    97.20    11.43
1988    6   171.68    14.42
1988    7    27.93    21.05
1988    8    11.94    19.58
1988    9    19.09    11.73
1988   10    27.97     7.45
1988   11    80.51     2.79
1988   12   119.24     1.40
1989    1   130.36    -1.06
1989    2    77.23     2.65
1989    3    50.88     2.05
1989    4    85.52     7.50
1989    5    97.65    12.00
1989    6    99.84    16.42
1989    7    65.27    17.86
1989    8    26.28    19.10
1989    9     6.71    18.72
1989   10    69.82     9.76
1989   11    73.89     2.59
1989   12   108.82     1.55
1990    1    89.88    -2.88
1990    2   116.56    -0.56
1990    3    82.99     0.38
1990    4   118.09     8.45
1990    5   132.47    10.30
1990    6   117.53    15.42
1990    7    20.94    17.88
1990    8    13.05    20.85
1990    9     8.10    12.00
1990   10    51.17     7.20
1990   11    59.56     1.80
1990   12    72.04     0.28
1991    1    99.89    -3.52
1991    2    87.03    -1.26
1991    3    83.75    -0.56
1991    4    94.95     4.88
1991    5    83.77    13.23
1991    6    38.07    19.27
1991    7    11.91    22.32
1991    8     2.39    23.94
1991    9    17.99    14.34
1991   10    25.59     4.46
1991   11    30.53     0.92
1991   12    63.79    -2.24
1992    1    68.96     0.32
1992    2    96.35    -1.40
1992    3    97.16     1.52
1992    4   104.83     6.42
1992    5   123.32    12.23
1992    6    84.44    15.29
1992    7     9.62    19.00
1992    8    57.45    17.95
1992    9    64.81    13.33
1992   10    59.76     7.45
1992   11   119.07     2.21
1992   12    66.83     0.74
1993    1   130.63    -1.57
1993    2    82.89    -0.51
1993    3    90.60     3.13
1993    4    75.43     6.70
1993    5   137.54    10.73
1993    6    71.19    13.82
1993    7    32.73    18.72
1993    8    19.53    18.09
1993    9     9.08    12.22
1993   10    64.85     4.25
1993   11    40.85     2.27
1993   12    95.78     0.76
1994    1   123.14    -2.79
1994    2    73.04    -5.72
1994    3    61.06     1.15
1994    4   122.73     3.44
1994    5   115.16     9.13
1994    6    75.71    15.60
1994    7    18.25    20.55
1994    8     4.07    21.71
1994    9    20.77    17.40
1994   10    41.37     8.71
1994   11    43.80     3.43
1994   12    49.62    -1.73
1995    1   136.00    -1.91
1995    2    39.52    -1.16
1995    3    26.67     4.88
1995    4    90.20     6.77
1995    5    90.75    13.24
1995    6    73.47    15.76
1995    7    14.61    22.03
1995    8    11.61    22.22
1995    9    15.66    14.78
1995   10    77.75     5.90
1995   11    33.92     2.21
1995   12   111.42     0.71
1996    1    56.49     0.14
1996    2    69.14     1.41
1996    3    68.89     2.96
1996    4    62.86     7.08
1996    5   132.15    11.30
1996    6    59.63    16.99
1996    7    11.09    22.01
1996    8     3.16    21.78
1996    9    39.57    14.44
1996   10    59.93     7.49
1996   11   101.79     2.72
1996   12    35.43    -0.73
1997    1    73.99    -1.21
1997    2    62.96     0.86
1997    3    83.00     3.13
1997    4    67.25     8.53
1997    5   113.53    11.39
1997    6    78.09    16.79
1997    7    11.47    20.46
1997    8    17.86    22.04
1997    9    11.02    15.70
1997   10    44.59     7.18
1997   11    83.41     1.40
1997   12    61.51     0.66
1998    1    61.08    -3.22
1998    2   107.71    -1.95
1998    3    66.14     1.33
1998    4    87.41     5.96
1998    5   138.16    12.06
1998    6   106.72    15.38
1998    7    12.54    20.04
1998    8    26.55    18.19
1998    9    18.96    14.70
1998   10   102.27     8.81
1998   11    61.20     4.00
1998   12   137.43     0.34
1999    1    74.80    -0.95
1999    2    89.76    -1.88
1999    3    69.64    -0.66
1999    4   105.18     7.97
1999    5   114.29     9.85
1999    6   133.37    16.71
1999    7    65.30    19.95
1999    8    20.65    18.38
1999    9    23.87    16.06
1999   10    83.54     6.92
1999   11   120.83     2.65
1999   12    75.72     0.85
2000    1   101.64    -4.57
2000    2    94.83     1.76
2000    3    86.17     1.86
2000    4    82.69     7.97
2000    5    92.35    11.75
2000    6   118.71    15.69
2000    7    32.33    20.83
2000    8    40.14    19.54
2000    9    26.51    11.49
2000   10    22.56     6.17
2000   11    65.49     4.16
2000   12    76.04    -2.37
2001    1   105.81    -1.99
2001    2    55.84     1.11
2001    3   122.52     1.27
2001    4    89.00     7.38
2001    5    92.44    12.80
2001    6   115.14    16.43
2001    7    69.48    17.84
2001    8    22.96    21.41
2001    9     4.13    14.49
2001   10    46.32     6.97
2001   11    58.84     2.29
2001   12    84.57    -0.62
2002    1    85.03     0.34
2002    2    62.63     0.65
2002    3   103.23     2.21
2002    4    97.42     6.28
2002    5    95.87    10.83
2002    6    75.06    13.90
2002    7    28.52    19.18
2002    8    16.21    20.79
2002    9    30.22    13.63
2002   10    48.64     8.68
2002   11    80.60     3.78
2002   12    95.42    -0.15
2003    1   133.36    -0.97
2003    2    34.25     2.39
2003    3    94.57     3.97
2003    4    99.99     5.93
2003    5    96.52    12.98
2003    6   106.30    14.95
2003    7    38.48    19.09
2003    8     8.57    18.63
2003    9    45.21    12.26
2003   10    14.79     9.51
2003   11    56.89     2.71
2003   12   135.99     1.06
2004    1   116.71    -4.21
2004    2    64.52    -0.91
2004    3    89.19     2.20
2004    4    87.42     7.32
2004    5   109.33    11.56
2004    6   114.98    13.61
2004    7    53.66    18.59
2004    8    34.45    18.29
2004    9     6.41    14.21
2004   10    37.88     9.89
2004   11    29.07     3.17
2004   12    78.04    -0.08
2005    1    87.70     1.55
2005    2    53.35     2.18
2005    3   132.59     2.36
2005    4   102.52     7.99
2005    5   132.48    13.43
2005    6   109.71    14.69
2005    7     9.67    22.12
2005    8     1.82    23.41
2005    9    34.03    15.45
2005   10    19.45     7.03
2005   11    46.59     1.82
2005   12    39.55     1.01
