1860    1    21.01     0.94
1860    2    75.78    -0.19
1860    3    79.62     2.88
1860    4   149.20    10.06
1860    5   227.80    13.45
1860    6   128.48    19.71
1860    7   165.07    18.37
1860    8    96.40    17.89
1860    9    88.23    14.84
1860   10    34.49     9.52
1860   11    25.15     3.21
1860   12    30.66    -1.67
1861    1    29.19    -0.07
1861    2    10.57    -0.07
1861    3    97.68     5.25
1861    4   103.75    10.19
1861    5   141.98    15.87
1861    6   144.56    19.12
1861    7    39.09    22.55
1861    8    98.16    18.90
1861    9    52.70    12.57
1861   10    52.37    10.31
1861   11    44.88     1.71
1861   12    31.38    -0.29
1862    1    62.71    -1.76
1862    2    37.64    -1.79
1862    3   104.56     2.64
1862    4    94.76     8.97
1862    5   179.65    12.50
1862    6   139.89    18.24
1862    7    82.02    19.73
1862    8    42.92    19.43
1862    9    91.63    15.97
1862   10   110.78     7.60
1862   11    58.47     3.78
1862   12    79.83    -1.86
1863    1     5.79    -5.05
1863    2    44.41    -0.94
1863    3   135.36     3.18
1863    4   162.64     5.92
1863    5   175.14    14.22
1863    6   223.56    18.38
1863    7    97.88    17.10
1863    8    38.01    19.70
1863    9    94.96    13.68
1863   10    80.41     8.58
1863   11    53.82    -0.91
1863   12    74.11    -0.07
1864    1    30.76    -2.86
1864    2    63.49    -1.72
1864    3    62.71     1.75
1864    4   139.64     7.45
1864    5   135.70    16.54
1864    6   137.11    16.70
1864    7    70.19    20.04
1864    8    64.08    20.79
1864    9    59.41    15.13
1864   10    45.47    12.99
1864   11    82.80     0.66
1864   12    22.52    -2.48
1865    1    36.02     0.52
1865    2    39.61    -4.46
1865    3    56.65     2.10
1865    4   178.21     8.03
1865    5   167.01    12.23
1865    6   180.58    17.65
1865    7    61.70    20.48
1865    8    65.77    18.74
1865    9    53.54    13.89
1865   10    57.30     9.43
1865   11    12.69     4.93
1865   12     9.34     0.15
1866    1    20.33     0.75
1866    2    23.31     4.28
1866    3   118.22     4.30
1866    4   103.64     8.32
1866    5   221.30    13.98
1866    6   121.70    16.44
1866    7    26.26    20.59
1866    8    81.71    17.48
1866    9    50.24    15.29
1866   10    27.90    12.66
1866   11    41.36     4.59
1866   12    59.33    -0.41
1867    1    32.96    -2.63
1867    2    26.16     0.08
1867    3    81.08     2.71
1867    4   137.33     7.81
1867    5    88.59    12.20
1867    6   123.81    17.48
1867    7    89.95    20.04
1867    8    57.29    19.00
1867    9    51.26    17.32
1867   10    68.80    11.15
1867   11    79.06     3.16
1867   12    10.06    -1.47
1868    1    65.53    -2.64
1868    2    76.35    -3.72
1868    3    42.43     0.32
1868    4   106.64     7.33
1868    5   208.55    13.71
1868    6   175.67    15.73
1868    7    60.94    20.31
1868    8    79.66    19.87
1868    9    80.08    13.45
1868   10    23.52    12.35
1868   11    48.73     6.22
1868   12    37.13    -0.97
1869    1    26.92    -1.88
1869    2    47.24     1.97
1869    3    72.71     5.30
1869    4    92.83     7.36
1869    5   130.66    17.74
1869    6   167.25    18.00
1869    7   127.64    18.66
1869    8    71.60    18.31
1869    9    86.18    14.58
1869   10    27.77    11.42
1869   11     2.65     6.08
1869   12    40.38    -0.30
1870    1    49.43     1.69
1870    2    77.94     0.53
1870    3    82.93     0.94
1870    4   131.33     6.81
1870    5   210.64    13.52
1870    6   118.26    18.69
1870    7    22.26    21.75
1870    8    90.47    19.31
1870    9    48.30    15.30
1870   10    22.02    10.32
1870   11    44.49     5.09
1870   12    17.13     0.27
1871    1    29.67    -1.23
1871    2    38.44    -1.52
1871    3    87.22     5.18
1871    4   101.15     6.25
1871    5   178.95    12.09
1871    6   167.06    16.00
1871    7    72.23    20.55
1871    8    29.53    22.79
1871    9    42.58    18.02
1871   10    30.61    13.16
1871   11    15.52     5.23
1871   12    53.68     0.42
1872    1    49.47     0.12
1872    2    21.16    -3.15
1872    3    69.11     4.46
1872    4   101.22    10.84
1872    5   255.57    14.75
1872    6   173.40    15.89
1872    7    55.69    19.83
1872    8    41.86    19.77
1872    9    39.28    17.10
1872   10    43.71    11.23
1872   11    71.58     3.99
1872   12    39.75     0.35
1873    1    46.70    -3.17
1873    2    37.34    -1.13
1873    3    21.37     7.62
1873    4   111.11     6.93
1873    5   114.20    13.45
1873    6   150.13    16.84
1873    7    78.77    19.93
1873    8    67.02    17.56
1873    9    84.65    14.80
1873   10    61.73    11.35
1873   11    47.05     4.98
1873   12    60.44    -2.42
1874    1    33.33    -1.81
1874    2    53.36    -0.96
1874    3    37.94     3.53
1874    4   115.41     7.76
1874    5   143.25    12.55
1874    6   195.37    17.05
1874    7    28.57    21.46
1874    8    52.20    22.00
1874    9    64.93    12.53
1874   10   147.17     7.67
1874   11    23.36     5.08
1874   12    24.80     0.87
1875    1    47.00    -0.56
1875    2    20.66    -1.28
1875    3    64.13     0.01
1875    4   119.63     5.14
1875    5   187.26    12.18
1875    6    92.91    19.59
1875    7    45.92    21.54
1875    8    71.19    20.36
1875    9    64.92    14.75
1875   10    64.40     8.27
1875   11    39.11     2.01
1875   12    22.35     0.41
1876    1    21.02    -6.76
1876    2    35.24    -6.76
1876    3    67.48    -2.35
1876    4    40.65     9.38
1876    5   130.00    17.01
1876    6   170.06    16.07
1876    7    53.11    20.51
1876    8    92.66    18.27
1876    9    75.71    13.17
1876   10    30.87    11.75
1876   11    43.74     3.71
1876   12     5.06     0.97
1877    1    37.20    -0.61
1877    2    16.41     1.62
1877    3    91.27     4.43
1877    4   142.16     7.61
1877    5   112.39    12.49
1877    6   112.87    17.26
1877    7    59.09    22.75
1877    8    83.92    21.82
1877    9    88.23    13.10
1877   10    39.50    11.61
1877   11     9.43     6.30
1877   12    60.09    -0.24
1878    1    56.65    -3.52
1878    2    25.45     1.99
1878    3    74.22     0.03
1878    4   130.01     9.02
1878    5   155.11    13.64
1878    6   137.56    19.34
1878    7    68.67    19.25
1878    8    91.49    16.74
1878    9    76.74    14.88
1878   10    20.55    10.42
1878   11    47.34     6.15
1878   12    24.74    -1.23
1879    1    20.14    -7.37
1879    2    28.13    -3.95
1879    3    72.39     0.14
1879    4    84.95     7.70
1879    5   233.73    12.13
1879    6   175.86    16.49
1879    7    84.47    19.01
1879    8    13.28    21.27
1879    9    63.89    14.18
1879   10    93.35     9.25
1879   11    21.22     4.50
1879   12    46.26    -4.04
1880    1    53.49    -6.42
1880    2    31.22    -7.33
1880    3    38.10     1.01
1880    4   140.27    12.71
1880    5   272.18    11.74
1880    6   158.90    17.23
1880    7    72.75    18.57
1880    8    56.07    18.98
1880    9    31.98    15.19
1880   10    38.57     9.19
1880   11    22.48     5.16
1880   12    33.27     1.23
1881    1    67.35    -4.41
1881    2    35.91     0.37
1881    3    76.07     2.25
1881    4   176.24     8.65
1881    5   187.95    13.32
1881    6   138.89    18.44
1881    7    64.46    19.89
1881    8    63.02    19.29
1881    9   137.16    12.71
1881   10    44.13     7.44
1881   11    38.00     3.85
1881   12     9.86     1.89
1882    1    29.72     1.26
1882    2    22.40    -0.50
1882    3   109.11     5.34
1882    4   149.30     9.51
1882    5   201.25    12.61
1882    6   179.93    19.26
1882    7    31.05    22.81
1882    8    60.46    19.76
1882    9    58.43    14.21
1882   10    94.13     8.81
1882   11    30.84     3.51
1882   12    34.81    -1.34
1883    1    17.19    -4.45
1883    2    67.94    -2.15
1883    3   101.19     1.58
1883    4   120.68    11.26
1883    5   198.02    12.48
1883    6   204.20    16.36
1883    7    57.23    21.11
1883    8    45.94    19.63
1883    9    41.58    16.23
1883   10   143.25     7.17
1883   11    20.49     0.92
1883   12    34.62    -1.86
1884    1    77.77    -7.61
1884    2    36.48    -4.91
1884    3    54.42     1.27
1884    4   154.17     6.53
1884    5   177.91    13.16
1884    6   144.02    15.85
1884    7    58.70    18.20
1884    8    89.33    17.49
1884    9    34.37    15.58
1884   10    24.90     9.41
1884   11    45.36     3.69
1884   12    37.28    -7.28
1885    1    47.38    -3.12
1885    2    38.88    -2.27
1885    3    34.26     1.54
1885    4   179.68    10.56
1885    5   195.48    11.64
1885    6   186.94    15.58
1885    7    86.41    18.74
1885    8    62.61    18.78
1885    9    75.89    12.39
1885   10    25.40     9.17
1885   11    12.36     4.25
1885   12    42.72    -2.36
1886    1    12.30    -0.18
1886    2    49.03     1.50
1886    3    83.05     5.82
1886    4   175.13     6.28
1886    5   252.22    12.22
1886    6   123.50    18.97
1886    7    21.97    22.55
1886    8    78.45    19.30
1886    9    84.13    14.73
1886   10    20.36    11.76
1886   11     5.09     3.67
1886   12    52.26    -0.44
1887    1    10.63     0.04
1887    2    53.74    -1.21
1887    3    81.78     2.60
1887    4   110.52     5.95
1887    5   233.39    14.40
1887    6   100.24    19.23
1887    7    78.81    20.35
1887    8    77.53    18.01
1887    9    96.85    14.09
1887   10    67.84    10.18
1887   11     8.87     4.98
1887   12    29.72     0.55
1888    1    25.42    -0.77
1888    2    27.98     0.48
1888    3   102.02     4.64
1888    4   118.31    10.22
1888    5   225.93    13.52
1888    6    85.68    18.26
1888    7    62.39    19.92
1888    8   100.25    18.60
1888    9    93.42    13.13
1888   10    45.92     9.19
1888   11    65.47     6.18
1888   12    49.04     0.14
1889    1    52.39    -3.42
1889    2    48.85    -0.63
1889    3   108.56    -1.05
1889    4   122.77     6.02
1889    5   194.10    13.74
1889    6    87.52    18.06
1889    7   118.80    18.44
1889    8    53.67    18.04
1889    9    70.26    12.98
1889   10    82.49     8.01
1889   11    45.38     3.11
1889   12    37.04     1.93
1890    1    21.15    -0.42
1890    2    47.11    -2.01
1890    3    38.66     5.75
1890    4   179.43     7.55
1890    5   219.40    11.93
1890    6   220.81    14.51
1890    7    37.29    20.91
1890    8    90.72    16.02
1890    9    28.95    14.19
1890   10    92.24     8.66
1890   11    36.65     4.74
1890   12    68.18    -1.69
1891    1    31.33    -9.14
1891    2    66.14    -5.06
1891    3    42.46    -0.61
1891    4   128.21     5.80
1891    5   215.01    13.71
1891    6   190.30    15.59
1891    7    75.74    17.63
1891    8    54.78    17.48
1891    9    71.76    13.84
1891   10    53.01     8.95
1891   11    14.05     5.76
1891   12    28.97     0.28
1892    1    36.33    -0.97
1892    2    24.28     0.89
1892    3    91.96     1.81
1892    4   154.06     8.39
1892    5   140.44    13.39
1892    6    92.99    18.53
1892    7   140.13    18.57
1892    8    58.31    19.95
1892    9    41.85    13.52
1892   10    87.34    10.91
1892   11    28.58     4.35
1892   12    60.65    -6.09
1893    1    51.77    -3.12
1893    2    59.00    -0.61
1893    3    68.81     0.38
1893    4   190.90     7.23
1893    5   120.18    13.97
1893    6   216.49    16.14
1893    7    42.11    20.59
1893    8    66.24    17.88
1893    9    74.21    14.33
1893   10    36.61    10.85
1893   11    66.56     6.26
1893   12    34.67     0.32
1894    1    26.62    -4.74
1894    2    18.23    -1.59
1894    3    90.25     1.14
1894    4   151.06     6.29
1894    5   174.21    16.03
1894    6   118.56    17.72
1894    7     9.61    22.61
1894    8    18.66    24.24
1894    9    53.70    14.56
1894   10    41.95     9.33
1894   11    19.62     3.92
1894   12    12.56    -2.07
1895    1    23.42    -1.95
1895    2     9.64    -0.47
1895    3    87.31     3.24
1895    4   194.88     6.25
1895    5   157.44    13.13
1895    6   122.64    17.46
1895    7    13.50    21.20
1895    8    83.23    17.99
1895    9    20.23    17.16
1895   10    76.99     8.95
1895   11    45.45     3.23
1895   12    29.12    -0.24
1896    1    35.60    -2.60
1896    2    80.24     1.06
1896    3   122.58     6.24
1896    4   124.47     9.28
1896    5   223.94    12.92
1896    6   162.59    17.44
1896    7    61.19    20.42
1896    8   119.16    18.15
1896    9   102.87    11.83
1896   10    21.20    11.23
1896   11   101.11     0.96
1896   12    54.63    -0.17
1897    1    33.74    -0.14
1897    2    62.53     2.99
1897    3   105.41     1.22
1897    4   129.27    10.01
1897    5   136.40    13.22
1897    6   144.34    15.73
1897    7    62.80    20.52
1897    8    94.34    17.13
1897    9    31.14    13.89
1897   10    36.31    10.80
1897   11    49.33     3.87
1897   12    59.18    -2.26
1898    1    15.77    -1.48
1898    2    60.95    -1.50
1898    3    85.28     6.27
1898    4    55.01     8.82
1898    5   202.51    13.01
1898    6   154.24    15.53
1898    7    81.60    18.93
1898    8    58.09    17.83
1898    9    72.00    13.18
1898   10    93.79    10.98
1898   11    15.40     5.66
1898   12    30.45     0.64
1899    1    23.69    -2.07
1899    2    76.86    -1.87
1899    3    58.33     5.29
1899    4   124.11    10.87
1899    5   202.77    12.42
1899    6   112.38    18.95
1899    7    88.07    17.49
1899    8    59.05    17.88
1899    9    42.48    12.91
1899   10    99.97     7.73
1899   11    47.00     2.63
1899   12    31.45    -7.69
1900    1    31.06    -7.22
1900    2    13.54     0.28
1900    3    70.81     3.71
1900    4   141.31     3.29
1900    5   172.16    13.00
1900    6   189.73    16.83
1900    7    45.17    21.14
1900    8     9.75    22.60
1900    9    56.39    12.48
1900   10    29.48     8.54
1900   11    67.16     2.28
1900   12    49.09     0.72
1901    1    63.06    -1.40
1901    2    23.85    -1.70
1901    3    61.73     2.06
1901    4    68.64    11.64
1901    5   150.44    10.73
1901    6    79.85    18.58
1901    7    74.28    19.52
1901    8    51.90    20.09
1901    9    21.37    15.24
1901   10    50.84     8.26
1901   11     3.64     4.98
1901   12    45.92     1.27
1902    1    65.63    -2.70
1902    2    49.36     1.13
1902    3    60.96     2.37
1902    4    96.49    11.26
1902    5   211.66    15.27
1902    6   214.10    18.04
1902    7   158.83    18.66
1902    8   121.31    17.93
1902    9    24.18    15.22
1902   10    47.72     9.80
1902   11    12.36     4.20
1902   12    38.77    -1.15
1903    1    23.98    -2.22
1903    2    50.34    -4.92
1903    3    79.23     2.33
1903    4   128.25     5.23
1903    5   144.76    13.37
1903    6   171.15    15.17
1903    7    67.47    19.61
1903    8    22.36    19.79
1903    9    24.55    15.06
1903   10    15.96    10.55
1903   11    14.75     4.52
1903   12    26.32    -3.49
1904    1    37.43    -1.77
1904    2    58.39    -2.92
1904    3   110.68     4.22
1904    4   156.29     7.48
1904    5   155.56    11.39
1904    6    93.66    16.46
1904    7    54.52    19.78
1904    8    37.76    21.56
1904    9    57.94    11.25
1904   10    34.05     9.63
1904   11    31.68     6.78
1904   12    17.44     0.23
1905    1    29.15    -2.42
1905    2    34.68    -0.96
1905    3    55.01     4.63
1905    4   108.53     8.48
1905    5   206.68    14.64
1905    6   141.77    18.59
1905    7   114.51    18.37
1905    8    74.98    17.72
1905    9    67.29    13.65
1905   10    60.13    10.64
1905   11    50.19     2.15
1905   12    45.28    -0.78
1906    1    45.59    -1.48
1906    2    45.99    -1.79
1906    3    75.21     5.09
1906    4   131.78     7.30
1906    5   118.54    11.94
1906    6   174.10    16.78
1906    7   107.63    17.90
1906    8    42.72    18.33
1906    9    49.68    15.64
1906   10    82.63     8.62
1906   11    40.18     4.46
1906   12    15.37     0.22
1907    1    30.69    -0.78
1907    2    34.11     4.03
1907    3    47.81     6.84
1907    4   100.99     7.48
1907    5   141.13    12.05
1907    6   186.50    16.51
1907    7    38.70    19.25
1907    8    67.14    19.57
1907    9    99.36    12.21
1907   10    25.35    10.07
1907   11    11.48     5.48
1907   12    43.10     1.93
1908    1    73.85    -2.00
1908    2    34.76     1.05
1908    3   117.24     6.33
1908    4   145.91     8.81
1908    5   215.05    12.96
1908    6   199.55    15.98
1908    7    92.63    17.54
1908    8   156.25    16.85
1908    9    88.26    14.80
1908   10    80.09     9.27
1908   11    60.52     1.22
1908   12    34.03    -1.75
1909    1    31.74    -3.72
1909    2    54.03    -0.18
1909    3   117.67     5.91
1909    4   127.96     6.35
1909    5   194.51    12.89
1909    6   220.87    17.82
1909    7    31.21    20.54
1909    8   119.23    19.38
1909    9    81.78    12.04
1909   10    30.25     7.88
1909   11    44.84     1.78
1909   12    26.77    -0.48
1910    1    27.70     0.34
1910    2    69.78    -4.35
1910    3    93.57     1.90
1910    4   102.88     6.11
1910    5   230.01    10.75
1910    6   151.76    16.14
1910    7    99.09    17.77
1910    8    97.07    17.73
1910    9    25.20    14.13
1910   10    30.74     9.36
1910   11    42.02     2.98
1910   12     6.03    -0.17
1911    1    23.31    -1.05
1911    2    17.04     3.30
1911    3    26.77     7.71
1911    4    91.09     7.33
1911    5   257.97    12.01
1911    6   181.28    16.38
1911    7   132.54    17.83
1911    8    87.65    16.18
1911    9    19.73    16.44
1911   10   104.55    11.39
1911   11    37.67     4.98
1911   12    23.65    -0.87
1912    1    37.36    -4.90
1912    2    67.83    -3.31
1912    3    90.29     1.42
1912    4   109.01     6.30
1912    5   190.72    13.23
1912    6    69.73    21.37
1912    7    27.74    21.18
1912    8    62.19    19.68
1912    9    97.26    12.24
1912   10    76.07     4.66
1912   11    37.17     1.54
1912   12    66.07    -3.00
1913    1    52.36    -2.49
1913    2    27.40    -4.83
1913    3    68.77     2.13
1913    4    87.45     8.73
1913    5   144.95    15.66
1913    6   165.97    17.73
1913    7    42.07    18.50
1913    8    57.24    17.94
1913    9    82.23    12.03
1913   10    41.43     9.76
1913   11    65.55     2.25
1913   12    48.83    -7.31
1914    1    41.98    -4.33
1914    2    72.73    -5.48
1914    3   102.11    -0.54
1914    4   128.44     5.63
1914    5   133.68    11.64
1914    6   161.78    18.43
1914    7   165.90    16.45
1914    8    84.97    16.34
1914    9    81.13    14.11
1914   10    49.44     9.71
1914   11    31.40     2.55
1914   12    25.90    -2.84
1915    1    37.31    -1.16
1915    2    41.22    -1.36
1915    3    64.71     0.78
1915    4   118.39     7.35
1915    5   176.57    12.32
1915    6   154.76    16.98
1915    7   111.98    18.08
1915    8    77.03    17.80
1915    9    94.38    12.68
1915   10    37.48     9.15
1915   11    30.84     5.39
1915   12    21.39    -0.82
1916    1    48.84    -4.47
1916    2    20.96    -1.81
1916    3    61.66     0.86
1916    4    92.17     9.18
1916    5   239.71    12.76
1916    6   174.94    16.57
1916    7    88.89    20.61
1916    8   127.12    18.32
1916    9    64.76    12.96
1916   10    26.10    10.67
1916   11    20.48     4.37
1916   12    38.19    -1.13
1917    1    27.96     0.16
1917    2    39.70     1.48
1917    3    91.79     2.37
1917    4   111.18     8.84
1917    5   227.97    13.42
1917    6   217.95    16.90
1917    7    45.16    20.38
1917    8   110.28    17.92
1917    9    68.55    13.75
1917   10    57.82    10.62
1917   11    10.23     3.99
1917   12     7.43    -0.06
1918    1    38.12    -1.97
1918    2    72.06     0.58
1918    3   123.26     3.36
1918    4   105.01     8.49
1918    5   123.79    12.50
1918    6   107.63    17.11
1918    7   114.98    18.62
1918    8    94.33    20.17
1918    9    95.07    15.36
1918   10    33.34     9.07
1918   11    18.51     3.76
1918   12    67.63    -0.95
1919    1    75.18    -4.11
1919    2    27.51    -2.83
1919    3    52.23     2.36
1919    4   125.00     5.33
1919    5   158.73    12.97
1919    6   116.50    16.23
1919    7    46.84    20.68
1919    8    29.49    19.08
1919    9    66.06    15.20
1919   10    49.90    10.48
1919   11    25.10     4.92
1919   12    53.61    -2.17
1920    1    19.40    -0.58
1920    2    45.88     0.46
1920    3   106.22     3.97
1920    4   180.92     9.77
1920    5   166.72    13.84
1920    6   181.03    18.03
1920    7    54.10    20.23
1920    8    57.75    18.74
1920    9   108.35    13.94
1920   10    44.20     7.48
1920   11    55.51     5.33
1920   12    28.60    -0.03
1921    1    31.18    -3.34
1921    2    51.30    -0.62
1921    3    53.09     6.82
1921    4   175.63     9.35
1921    5   202.81    14.49
1921    6   123.23    16.68
1921    7    72.23    18.87
1921    8    47.22    21.38
1921    9    68.32    14.30
1921   10    86.10     9.91
1921   11    18.02     5.32
1921   12    27.08    -0.54
1922    1    29.95    -1.97
1922    2    21.65    -0.15
1922    3    70.70     6.56
1922    4   128.76     7.94
1922    5   196.10    13.74
1922    6   151.19    17.36
1922    7    95.95    17.81
1922    8    55.10    19.73
1922    9    80.91    12.99
1922   10    73.21    12.78
1922   11    34.20     2.92
1922   12     9.24     0.77
1923    1    66.69    -4.53
1923    2    21.67     0.39
1923    3    75.23     4.65
1923    4   125.73     8.41
1923    5   184.02    13.99
1923    6    53.81    22.10
1923    7    67.65    22.53
1923    8    68.62    18.11
1923    9    63.26    14.34
1923   10    19.86     9.68
1923   11    59.00     4.93
1923   12    16.25    -0.41
1924    1    29.20    -1.73
1924    2    49.57     1.12
1924    3   108.40     5.93
1924    4   105.14    10.09
1924    5   183.23    15.57
1924    6   129.09    17.53
1924    7   128.95    17.68
1924    8    65.20    16.77
1924    9    56.76    13.57
1924   10    73.16    10.11
1924   11    34.64     2.85
1924   12    41.46     0.46
1925    1    24.08    -0.23
1925    2    17.81     1.82
1925    3    80.21     5.18
1925    4   141.29     8.08
1925    5   177.89    13.25
1925    6   120.05    17.96
1925    7   133.62    18.72
1925    8   108.12    16.46
1925    9   123.10    13.45
1925   10    33.06    10.72
1925   11    40.39     4.86
1925   12    15.36    -2.15
1926    1    75.33    -3.70
1926    2    32.17    -2.72
1926    3    75.44     3.72
1926    4   153.16     6.73
1926    5   141.66    11.44
1926    6   115.11    19.40
1926    7    79.20    20.15
1926    8    76.64    17.69
1926    9    46.13    14.62
1926   10    69.11     9.40
1926   11    33.71     3.65
1926   12    48.88    -2.08
1927    1    50.65    -3.75
1927    2    38.58    -0.75
1927    3    77.24     2.83
1927    4   207.51     8.37
1927    5   123.77    15.91
1927    6   155.00    17.83
1927    7    77.04    19.24
1927    8    99.78    18.77
1927    9    38.95    16.31
1927   10    22.42    11.13
1927   11    29.74     4.75
1927   12    32.10     1.19
1928    1    25.83    -3.08
1928    2    94.49    -4.09
1928    3    58.10     4.12
1928    4   136.13    11.21
1928    5   216.49    14.05
1928    6   161.59    18.02
1928    7     3.82    23.83
1928    8    96.10    21.22
1928    9    46.21    13.50
1928   10    77.86     8.48
1928   11    23.01     4.03
1928   12    16.79    -0.76
1929    1    42.86    -1.28
1929    2    58.76    -2.70
1929    3    61.74     4.41
1929    4   125.91     7.85
1929    5   169.75    13.35
1929    6   105.76    18.76
1929    7    49.49    20.91
1929    8    34.01    19.79
1929    9    96.35    15.34
1929   10    79.45     8.33
1929   11    42.81     3.36
1929   12    52.12    -1.19
1930    1    13.63    -3.83
1930    2    24.85     0.71
1930    3    74.55     2.38
1930    4   165.24     8.18
1930    5   194.75    13.56
1930    6   159.71    17.27
1930    7    69.25    18.80
1930    8    68.95    17.94
1930    9    25.47    14.43
1930   10    85.85     7.59
1930   11    58.53     1.37
1930   12    38.83    -0.62
1931    1    17.31    -1.23
1931    2    51.66    -0.48
1931    3    56.94     2.99
1931    4   145.30     9.32
1931    5   158.38    12.18
1931    6   236.79    14.18
1931    7    93.03    19.50
1931    8    40.98    18.50
1931    9    50.42    15.46
1931   10    83.15    10.27
1931   11    54.04     1.48
1931   12     7.96    -0.61
1932    1    18.63     0.27
1932    2    36.19     1.87
1932    3    97.86     1.20
1932    4   169.24     7.91
1932    5   179.78    13.69
1932    6   103.32    18.82
1932    7   103.23    19.71
1932    8    96.78    17.71
1932    9    62.06    15.38
1932   10    55.99     8.45
1932   11    49.14     5.92
1932   12    27.58     0.73
1933    1    30.95     0.90
1933    2    67.01     3.15
1933    3    81.02     0.99
1933    4    73.91    10.97
1933    5   144.87    12.16
1933    6    69.81    20.60
1933    7   182.68    17.31
1933    8    33.86    18.64
1933    9    75.98    13.82
1933   10    58.98     9.42
1933   11    39.77     4.35
1933   12    53.33    -2.88
1934    1    46.58    -3.95
1934    2    21.87    -0.15
1934    3    67.06     2.54
1934    4   146.94     7.15
1934    5   144.82    13.96
1934    6   184.64    17.41
1934    7    36.16    20.50
1934    8    40.82    19.77
1934    9    58.56    13.81
1934   10    85.28     6.87
1934   11    27.56     2.26
1934   12    38.92    -0.18
1935    1    44.91    -1.75
1935    2    49.12     1.29
1935    3    42.20     3.25
1935    4   124.80     8.24
1935    5   179.01    11.85
1935    6   144.91    16.44
1935    7    81.81    18.18
1935    8    83.68    17.79
1935    9    60.03    14.21
1935   10    57.28     9.00
1935   11    49.06     1.21
1935   12    77.79    -6.39
1936    1    24.49    -5.45
1936    2    40.52    -1.07
1936    3    66.74     1.75
1936    4    98.02     8.25
1936    5   201.34    13.92
1936    6   201.89    15.77
1936    7   123.42    18.19
1936    8    25.58    19.32
1936    9    66.39    15.42
1936   10    59.10    12.41
1936   11    38.83     4.11
1936   12    41.95    -1.02
1937    1    39.45    -2.93
1937    2    26.22    -4.05
1937    3    95.53     3.63
1937    4   139.61     8.73
1937    5   214.44    14.32
1937    6   157.87    17.78
1937    7    39.33    20.81
1937    8   110.58    16.73
1937    9    86.66    13.43
1937   10    17.33     9.79
1937   11    14.16     5.15
1937   12    46.85     1.29
1938    1    36.44    -2.92
1938    2    54.57    -3.70
1938    3    60.06     1.29
1938    4   112.25     5.19
1938    5   196.31    14.14
1938    6   166.97    16.40
1938    7    55.49    17.91
1938    8    49.12    19.74
1938    9    60.20    15.32
1938   10    54.02    10.37
1938   11    59.15     3.04
1938   12    48.75     0.28
1939    1    41.36     0.23
1939    2    39.31    -1.51
1939    3    77.92     3.18
1939    4   123.10     9.17
1939    5   143.96    15.41
1939    6   229.01    16.27
1939    7    65.69    17.84
1939    8    77.39    17.23
1939    9    63.32    14.24
1939   10    90.82    10.25
1939   11    13.30     3.24
1939   12    31.94    -3.29
1940    1    38.68    -3.80
1940    2    14.15     1.96
1940    3    22.83     2.87
1940    4   107.06     6.92
1940    5   204.20    14.88
1940    6    84.06    18.85
1940    7    22.43    22.10
1940    8     8.60    22.17
1940    9   102.75    14.91
1940   10    21.78     8.52
1940   11    19.53     2.87
1940   12    35.91    -3.40
1941    1    14.83    -4.49
1941    2    30.55     0.98
1941    3    80.34     2.91
1941    4    78.14     6.75
1941    5   164.80    14.51
1941    6    95.36    18.34
1941    7    39.41    19.89
1941    8    78.56    19.81
1941    9   106.52    11.56
1941   10    51.66     8.87
1941   11     2.43     5.19
1941   12    25.50     0.24
1942    1    24.55     0.37
1942    2    24.26     0.19
1942    3    84.83     1.14
1942    4   144.04     5.88
1942    5   111.83    16.30
1942    6    59.75    20.17
1942    7    67.40    19.67
1942    8    61.11    17.79
1942    9    67.80    16.65
1942   10    35.01    11.97
1942   11    13.23     5.51
1942   12    18.42     1.86
1943    1    25.10     0.50
1943    2    54.92    -3.46
1943    3    61.54     2.35
1943    4   144.57     7.71
1943    5   175.66    11.02
1943    6   193.22    15.30
1943    7   111.55    18.27
1943    8    49.16    18.79
1943    9    69.05    15.33
1943   10    68.84     8.36
1943   11    42.51     3.60
1943   12    41.85    -4.79
1944    1    31.37    -2.93
1944    2    47.46     1.16
1944    3    42.01     3.13
1944    4   108.41     6.42
1944    5   181.46    14.46
1944    6   164.54    16.00
1944    7    51.69    20.01
1944    8    54.56    17.85
1944    9    32.94    13.48
1944   10    69.49    10.38
1944   11    58.30     5.68
1944   12    29.16     0.65
1945    1    40.96    -4.12
1945    2    32.66    -2.63
1945    3    81.92    -0.82
1945    4    85.51     8.28
1945    5   165.57    15.01
1945    6    92.72    18.38
1945    7    73.53    19.80
1945    8    57.69    20.12
1945    9    42.25    13.53
1945   10    85.54     8.84
1945   11    19.13     4.51
1945   12    39.19    -0.73
1946    1    27.37    -1.11
1946    2    37.85    -0.80
1946    3    47.68    -0.62
1946    4    88.36     3.96
1946    5   191.80    15.64
1946    6   104.78    18.38
1946    7    23.20    21.23
1946    8    34.80    19.31
1946    9    51.87    15.97
1946   10    85.32     7.13
1946   11    47.03     4.49
1946   12    28.05    -3.12
1947    1    50.95    -2.15
1947    2    40.27    -1.52
1947    3    95.34     3.51
1947    4    94.62     8.94
1947    5   151.55    15.40
1947    6   119.28    17.04
1947    7    26.66    19.81
1947    8    73.80    18.62
1947    9    30.33    17.29
1947   10    78.07    11.02
1947   11    31.27     5.18
1947   12    19.90     0.58
1948    1    32.92    -3.93
1948    2    35.04     0.11
1948    3    93.58     5.28
1948    4   169.52     9.61
1948    5   129.20    13.35
1948    6   106.33    18.63
1948    7    30.15    21.41
1948    8   115.68    17.17
1948    9    41.31    15.91
1948   10    98.00     8.16
1948   11    45.07     1.50
1948   12    33.28     0.15
1949    1    39.85    -6.60
1949    2    15.87     0.81
1949    3   100.79     3.23
1949    4   124.27     8.12
1949    5   218.98    16.59
1949    6   212.75    17.69
1949    7    67.09    20.44
1949    8    43.23    18.97
1949    9    47.23    14.97
1949   10   117.34     8.45
1949   11    35.53     5.33
1949   12    45.82    -1.32
1950    1    41.09    -2.57
1950    2    34.61    -2.33
1950    3    69.91    -0.01
1950    4   141.65     7.07
1950    5   200.36    11.61
1950    6   152.49    17.52
1950    7    29.93    21.02
1950    8    36.15    18.55
1950    9    57.79    13.60
1950   10   107.39     6.23
1950   11    29.51     3.72
1950   12    29.23    -0.54
1951    1    23.84    -0.22
1951    2    63.56     0.09
1951    3    77.66     2.63
1951    4    98.00     7.30
1951    5   239.99    13.63
1951    6   121.98    17.42
1951    7    91.74    19.79
1951    8    56.57    18.72
1951    9    29.09    14.97
1951   10    48.20     9.61
1951   11    55.01     2.73
1951   12    75.39    -5.17
1952    1    25.40    -5.98
1952    2    38.13    -2.98
1952    3    50.27    -0.59
1952    4   106.81     4.66
1952    5   222.95    13.50
1952    6   157.08    17.48
1952    7    65.36    18.37
1952    8    39.56    18.55
1952    9    66.90    13.04
1952   10    22.17    11.98
1952   11    39.54     1.98
1952   12    30.65     0.25
1953    1    30.90    -2.04
1953    2    44.14    -0.36
1953    3    94.40     2.97
1953    4    72.33     9.61
1953    5   182.58    13.57
1953    6   183.88    16.61
1953    7    20.62    21.07
1953    8   116.67    17.73
1953    9    62.96    13.75
1953   10    49.66     8.13
1953   11    31.09     5.42
1953   12    31.97    -0.36
1954    1    46.50    -2.76
1954    2    65.16    -1.26
1954    3    67.21    -1.14
1954    4   155.24     7.67
1954    5   190.68    12.96
1954    6   170.53    16.86
1954    7   116.75    17.04
1954    8    63.42    16.53
1954    9    56.89    13.24
1954   10    63.08     6.50
1954   11    52.25     3.96
1954   12    27.70    -4.95
1955    1    50.59    -2.88
1955    2    39.62    -1.66
1955    3    45.61     5.36
1955    4   138.81     8.23
1955    5   171.15    12.04
1955    6   136.59    16.75
1955    7    52.61    19.54
1955    8    52.03    19.61
1955    9    64.01    14.18
1955   10    29.36    11.93
1955   11    39.32     2.68
1955   12    38.97    -1.66
1956    1    45.54    -1.82
1956    2    46.85    -0.08
1956    3   107.67     4.60
1956    4    78.44     8.11
1956    5   254.19    12.68
1956    6   128.05    15.93
1956    7    82.17    17.81
1956    8    66.27    16.90
1956    9    59.97    10.40
1956   10    18.52    10.61
1956   11    20.23     5.84
1956   12    22.76    -2.04
1957    1    77.10    -4.04
1957    2    40.69    -4.67
1957    3    63.34    -1.40
1957    4   166.55     9.31
1957    5   219.94    11.69
1957    6   108.34    17.77
1957    7    49.59    20.48
1957    8    86.59    17.85
1957    9    65.66    13.87
1957   10    88.38    10.85
1957   11    61.82     1.74
1957   12    41.96     1.05
1958    1    47.72    -1.27
1958    2    43.60    -1.09
1958    3    64.63     5.45
1958    4   125.12     4.62
1958    5   128.29    14.17
1958    6   140.31    16.83
1958    7    31.00    19.74
1958    8    57.19    18.63
1958    9    93.07    14.50
1958   10    17.84     8.88
1958   11    18.24     2.84
1958   12    17.25    -1.66
1959    1    39.72    -6.95
1959    2    16.43    -1.80
1959    3    50.98     3.80
1959    4   149.12     7.25
1959    5   236.34     9.93
1959    6   195.84    16.43
1959    7    20.84    20.74
1959    8    46.85    18.23
1959    9    62.01    14.29
1959   10    65.97     8.63
1959   11    18.18     1.72
1959   12     8.31    -0.71
1960    1    55.29    -3.53
1960    2    32.53     0.82
1960    3   100.27     3.55
1960    4    93.61     6.51
1960    5   186.80    13.46
1960    6   144.01    16.77
1960    7    41.01    20.87
1960    8    71.29    17.17
1960    9    48.57    14.27
1960   10    68.18     8.71
1960   11    59.49     0.99
1960   12    17.61    -0.50
1961    1    14.08     0.58
1961    2    29.70    -2.59
1961    3    62.67     2.60
1961    4    92.99     7.60
1961    5   140.90    13.37
1961    6   193.37    15.54
1961    7    37.97    18.74
1961    8    64.89    19.28
1961    9    78.78    12.79
1961   10    31.40     8.87
1961   11    54.88     3.89
1961   12    36.43    -0.99
1962    1    38.64    -0.98
1962    2    50.06     0.98
1962    3   128.54     2.74
1962    4   123.13     8.41
1962    5   196.74    14.20
1962    6   186.89    16.62
1962    7    16.89    21.11
1962    8    44.70    19.37
1962    9    75.19    13.72
1962   10    53.78     9.07
1962   11    34.89     4.17
1962   12    29.60    -4.92
1963    1    42.84    -1.82
1963    2    15.46    -0.09
1963    3    95.98     6.51
1963    4    78.50    10.02
1963    5   215.33    10.96
1963    6   175.96    15.68
1963    7    99.56    18.95
1963    8    63.64    17.75
1963    9    51.78    15.00
1963   10    50.49     9.41
1963   11    62.39     2.21
1963   12    44.92    -3.37
1964    1    60.09    -4.20
1964    2    59.46    -0.70
1964    3    99.61     0.64
1964    4   116.57     5.23
1964    5   135.30    13.30
1964    6   120.34    15.52
1964    7    59.41    18.71
1964    8    64.66    18.05
1964    9   114.71    12.12
1964   10    48.76     6.45
1964   11    35.01     3.44
1964   12    11.47    -0.13
1965    1    37.47    -3.95
1965    2    17.06    -1.19
1965    3    47.82    -1.49
1965    4   132.86     6.92
1965    5   124.78    11.93
1965    6   157.31    16.19
1965    7    40.26    18.97
1965    8    54.70    17.18
1965    9    25.63    16.06
1965   10    41.72    10.39
1965   11    23.47     3.96
1965   12    39.21     0.62
1966    1    43.03    -5.95
1966    2    31.40    -2.98
1966    3    79.67     0.33
1966    4   129.95     8.07
1966    5   185.77    14.10
1966    6   146.89    15.87
1966    7   134.45    17.15
1966    8    70.98    18.47
1966    9    59.47    14.17
1966   10   103.12     9.05
1966   11    49.75     1.91
1966   12     6.82    -1.24
1967    1    24.11    -1.44
1967    2    48.96    -0.83
1967    3   101.77     4.61
1967    4   134.47     7.86
1967    5   182.60    12.43
1967    6   166.45    17.25
1967    7    32.55    18.87
1967    8    65.30    17.44
1967    9    46.55    15.27
1967   10    41.04    10.81
1967   11    25.49     3.77
1967   12    70.72    -3.33
1968    1     8.01    -8.69
1968    2    28.44    -3.05
1968    3    61.85     1.47
1968    4   139.13     7.73
1968    5   211.45    13.99
1968    6    33.40    19.55
1968    7    76.07    18.13
1968    8   101.93    17.61
1968    9    41.99    14.23
1968   10    34.42     9.63
1968   11    19.01     2.64
1968   12    16.36    -2.20
1969    1    30.42    -6.72
1969    2    42.03    -2.08
1969    3    48.75    -1.73
1969    4   128.84     5.91
1969    5   149.29    11.97
1969    6    92.03    16.52
1969    7    90.20    18.26
1969    8    26.24    18.61
1969    9    45.83    16.22
1969   10    73.53     8.24
1969   11    31.96     5.72
1969   12    60.26    -3.96
1970    1    47.34    -2.06
1970    2    36.74    -1.82
1970    3    61.61     5.79
1970    4   114.84     7.38
1970    5   128.80    13.37
1970    6   125.57    18.00
1970    7    51.63    20.50
1970    8    55.48    18.12
1970    9    40.76    16.98
1970   10    74.65    10.98
1970   11    56.63     4.27
1970   12    68.11    -7.05
1971    1    25.00    -6.87
1971    2    16.96    -4.45
1971    3   117.81     1.06
1971    4   115.51     7.83
1971    5   183.91    14.20
1971    6   126.46    18.39
1971    7    81.68    18.06
1971    8    53.79    17.71
1971    9    71.20    14.88
1971   10    87.38     8.90
1971   11    58.65     1.22
1971   12    39.15     1.73
1972    1    59.36    -4.03
1972    2    25.84     1.71
1972    3    38.19     2.00
1972    4   106.89     9.79
1972    5   181.47    12.48
1972    6   174.05    15.62
1972    7    50.31    19.19
1972    8    55.19    17.04
1972    9    62.02    12.86
1972   10   107.70     9.82
1972   11    44.15     3.24
1972   12    65.95    -4.26
1973    1    24.55    -5.37
1973    2    46.80    -4.45
1973    3    86.74     3.26
1973    4   163.00    10.53
1973    5    76.11    13.54
1973    6   126.44    17.17
1973    7    80.35    18.67
1973    8    79.76    17.35
1973    9    32.10    15.66
1973   10    48.54    10.99
1973   11    84.24     4.17
1973   12    27.36    -3.33
1974    1    56.45    -4.18
1974    2    19.77    -5.18
1974    3    61.28     0.53
1974    4   163.54     5.92
1974    5   203.27    11.80
1974    6   161.55    18.14
1974    7   122.11    17.21
1974    8    67.27    16.13
1974    9    78.85    12.92
1974   10    82.78     8.96
1974   11    70.70     1.26
1974   12    23.11    -0.68
1975    1    42.05    -2.85
1975    2    46.74    -3.18
1975    3    89.64     5.48
1975    4   124.23     9.79
1975    5   123.60    12.64
1975    6   195.87    17.68
1975    7   123.60    18.14
1975    8    54.97    17.91
1975    9    56.76    12.54
1975   10    96.12     7.80
1975   11    56.18    -0.52
1975   12    33.70    -4.18
1976    1    30.33    -5.84
1976    2    27.71    -3.48
1976    3    86.33     0.51
1976    4    75.57     5.82
1976    5   199.20    11.81
1976    6   193.64    14.05
1976    7    31.22    19.06
1976    8    13.66    19.60
1976    9    86.88    14.26
1976   10    38.52     9.03
1976   11    25.68     2.78
1976   12    10.23    -1.76
1977    1    63.81    -2.86
1977    2    48.50    -4.31
1977    3    65.29     2.61
1977    4    87.51     9.52
1977    5   129.34    11.06
1977    6   171.35    14.79
1977    7    39.59    19.59
1977    8    68.13    18.01
1977    9    49.73    16.81
1977   10    53.20    11.01
1977   11    72.89     2.93
1977   12    43.59     0.76
1978    1    42.39    -2.66
1978    2    58.82     1.65
1978    3    39.23     2.95
1978    4   157.65     6.40
1978    5   193.94    12.64
1978    6   172.07    16.29
1978    7    78.19    18.55
1978    8    59.63    17.39
1978    9    58.39    13.10
1978   10    51.46     8.96
1978   11    34.54     5.65
1978   12     9.60     1.43
1979    1    66.53    -2.43
1979    2    25.11    -0.03
1979    3    69.03     3.42
1979    4   121.12     6.40
1979    5   207.77    14.69
1979    6   147.53    16.98
1979    7   116.60    20.21
1979    8    80.66    16.34
1979    9    63.36    12.73
1979   10    30.67     9.67
1979   11    70.30    -0.78
1979   12    21.40    -1.26
1980    1    30.21    -3.24
1980    2    25.44    -1.21
1980    3    60.02     4.27
1980    4    72.55     9.69
1980    5   170.34    12.89
1980    6   139.64    17.90
1980    7    58.50    20.70
1980    8    51.80    20.09
1980    9    86.00    15.59
1980   10    72.40     8.72
1980   11    50.03     3.76
1980   12    55.98     0.01
1981    1    21.76     0.00
1981    2    51.15    -1.63
1981    3    77.71     4.64
1981    4   142.58    10.28
1981    5   132.81    14.98
1981    6   176.54    15.66
1981    7   107.65    17.19
1981    8    31.22    18.36
1981    9    52.53    16.12
1981   10    32.20     9.99
1981   11    31.91     3.15
1981   12    16.17    -0.40
1982    1    14.84    -3.18
1982    2    21.57    -0.35
1982    3    55.00     4.02
1982    4   130.30     7.62
1982    5   197.60    12.73
1982    6   232.32    16.40
1982    7   150.46    16.71
1982    8    58.51    16.75
1982    9    92.21    13.04
1982   10    50.12     8.50
1982   11    38.97     3.33
1982   12    33.12     0.21
1983    1    31.38    -1.82
1983    2    36.78     2.79
1983    3   132.99     2.28
1983    4    89.60     9.54
1983    5   210.13    12.83
1983    6   199.83    15.31
1983    7    77.76    17.28
1983    8    32.10    18.24
1983    9    83.10    12.55
1983   10    62.34     9.11
1983   11    26.95     3.19
1983   12    44.16     0.40
1984    1    61.06     0.01
1984    2    80.38    -0.91
1984    3    97.20     3.14
1984    4    90.80    12.43
1984    5   185.97    12.18
1984    6   245.21    14.79
1984    7    87.06    18.03
1984    8    90.45    18.12
1984    9    30.88    15.06
1984   10    29.02    10.98
1984   11    26.36     3.38
1984   12    44.94    -0.55
1985    1     8.17     0.55
1985    2    47.71     0.01
1985    3    99.86     3.09
1985    4   119.70     8.28
1985    5   104.47    12.35
1985    6   118.19    18.58
1985    7    29.50    22.93
1985    8    28.54    21.63
1985    9    35.69    15.97
1985   10    46.23    13.12
1985   11    67.73     4.73
1985   12    37.69    -2.26
1986    1    26.05    -2.57
1986    2    42.47     0.77
1986    3    96.12     5.47
1986    4   106.75     9.69
1986    5   161.24    14.86
1986    6   135.71    17.02
1986    7    27.64    20.97
1986    8    11.21    22.85
1986    9    54.04    16.19
1986   10   126.91     7.70
1986   11    59.70     5.00
1986   12    45.47    -2.81
1987    1    51.93    -3.87
1987    2    30.84    -2.99
1987    3    59.14     2.88
1987    4   105.28    10.98
1987    5   236.05    14.47
1987    6   163.51    17.33
1987    7    98.40    19.10
1987    8    30.15    17.50
1987    9    31.01    14.50
1987   10    28.45    11.39
1987   11    95.62     1.91
1987   12    66.28     2.15
1988    1    54.09    -0.25
1988    2    53.66     1.39
1988    3    82.07     2.51
1988    4   121.50     6.81
1988    5   198.20    10.21
1988    6    89.55    17.21
1988    7    29.29    19.97
1988    8    60.62    18.10
1988    9    88.24    14.85
1988   10    13.83    10.05
1988   11    22.93     3.28
1988   12    42.23    -4.32
1989    1    29.36    -6.49
1989    2    42.74    -4.84
1989    3    45.08    -0.87
1989    4    32.08     8.84
1989    5   115.24    14.44
1989    6   175.21    18.02
1989    7    64.47    19.58
1989    8    72.82    18.16
1989    9    23.42    16.95
1989   10     4.32    11.13
1989   11    11.49     4.40
1989   12    66.36    -5.76
1990    1    50.60    -7.40
1990    2    21.78    -0.93
1990    3   148.01     4.37
1990    4   119.89    11.17
1990    5   218.51    15.34
1990    6   164.70    15.64
1990    7    14.33    21.33
1990    8     7.00    23.48
1990    9    40.84    16.75
1990   10    29.84    10.09
1990   11    33.08     4.69
1990   12    27.98    -1.26
1991    1    29.91     0.21
1991    2    40.49     0.35
1991    3    61.01     0.90
1991    4   103.70     8.46
1991    5   209.86    13.66
1991    6   102.75    18.05
1991    7    74.08    19.35
1991    8    37.36    18.82
1991    9    25.24    15.96
1991   10    41.40    10.34
1991   11    61.22     2.86
1991   12    51.58    -4.12
1992    1    21.20    -5.51
1992    2    36.12    -1.76
1992    3    68.14     0.27
1992    4    97.88     5.04
1992    5   142.24    10.77
1992    6   120.96    17.99
1992    7    10.33    22.29
1992    8    52.33    19.26
1992    9    51.68    15.01
1992   10    87.74     6.07
1992   11     2.62     5.53
1992   12    37.07     1.44
1993    1    50.47    -1.24
1993    2    80.20     0.16
1993    3   108.19     1.99
1993    4   134.56     9.33
1993    5   129.36    15.23
1993    6   160.49    16.84
1993    7   181.15    16.13
1993    8    89.34    16.47
1993    9   109.74    12.81
1993   10    68.46    10.58
1993   11    28.83     3.40
1993   12    33.80    -0.22
1994    1     5.42    -2.57
1994    2    70.10    -2.27
1994    3    48.89    -3.87
1994    4   113.53     5.12
1994    5   153.05    12.12
1994    6    96.20    15.94
1994    7    69.77    20.58
1994    8    24.73    21.83
1994    9   103.56    12.40
1994   10    49.31     8.64
1994   11     8.24     1.83
1994   12    15.17    -2.29
1995    1    77.65    -2.89
1995    2    34.32    -5.73
1995    3    45.70    -0.20
1995    4   121.31     8.17
1995    5   119.31    14.25
1995    6    94.10    16.71
1995    7    37.13    20.77
1995    8   109.99    19.60
1995    9    98.38    15.29
1995   10    62.74     8.51
1995   11    65.95    -0.35
1995   12    82.27     1.61
1996    1    19.65     2.20
1996    2    44.40    -0.62
1996    3   115.27     4.81
1996    4   141.58     6.84
1996    5   176.05    12.13
1996    6   144.49    17.69
1996    7    43.43    20.74
1996    8    56.85    19.47
1996    9    85.03    14.65
1996   10    52.10     9.15
1996   11    66.93     2.31
1996   12    48.06    -1.58
1997    1    22.54     0.75
1997    2    20.96     0.71
1997    3    55.21     3.94
1997    4    76.52     8.91
1997    5   131.82    12.23
1997    6   168.86    16.90
1997    7    61.58    18.84
1997    8    56.11    18.78
1997    9    41.91    16.44
1997   10    18.48    12.69
1997   11    23.75     6.27
1997   12    27.23    -2.06
1998    1    40.35    -2.96
1998    2    41.49    -5.29
1998    3    76.42     2.83
1998    4    59.99     8.02
1998    5   155.82    14.01
1998    6   118.70    19.20
1998    7    64.46    21.53
1998    8    87.84    18.41
1998    9    51.95    14.29
1998   10    32.82     8.95
1998   11    31.06     2.07
1998   12    44.65     1.12
1999    1    24.14    -4.80
1999    2    47.09     0.49
1999    3    70.11     1.94
1999    4    79.02     9.73
1999    5   147.64    15.81
1999    6   113.88    18.97
1999    7    84.58    22.35
1999    8    65.25    18.72
1999    9   114.56    13.69
1999   10    36.57    11.32
1999   11    68.29     5.26
1999   12   105.07    -3.61
2000    1    46.82    -2.69
2000    2    27.62    -3.04
2000    3    81.48     3.37
2000    4    92.21     5.15
2000    5   211.83    13.25
2000    6   115.54    17.21
2000    7    60.44    19.90
2000    8    40.22    19.66
2000    9    72.84    16.17
2000   10    59.28    11.82
2000   11    33.79     4.33
2000   12    26.89     0.23
2001    1    26.67    -1.08
2001    2    22.15    -1.40
2001    3    76.39     6.62
2001    4   133.70     6.44
2001    5   161.42    12.46
2001    6   223.50    16.90
2001    7    57.37    17.67
2001    8    73.91    19.21
2001    9    33.19    15.53
2001   10    31.67     9.43
2001   11     3.22     5.70
2001   12    48.36    -0.19
2002    1    27.47     0.66
2002    2    72.67     1.19
2002    3    96.86     6.64
2002    4   168.29     8.81
2002    5   210.71    14.72
2002    6   242.18    17.58
2002    7   105.03    19.11
2002    8    44.97    18.90
2002    9    90.55    13.71
2002   10    36.49    10.82
2002   11    53.47     3.86
2002   12    51.84     0.18
2003    1    48.04    -3.78
2003    2    24.76     0.18
2003    3    77.29     6.64
2003    4   130.08     7.74
2003    5   162.39    13.16
2003    6   181.83    18.26
2003    7    32.47    21.01
2003    8    35.20    22.69
2003    9    72.44    17.03
2003   10    73.15    11.53
2003   11    46.42     4.51
2003   12    44.56     1.93
2004    1    38.55    -0.35
2004    2    48.32     0.40
2004    3    93.38     5.17
2004    4    89.46    10.75
2004    5   152.51    13.31
2004    6   128.69    19.89
2004    7    73.34    21.79
2004    8    57.48    19.29
2004    9    58.07    15.16
2004   10    93.00    11.28
2004   11    72.27     3.35
2004   12    26.88    -0.76
2005    1    48.44    -4.49
2005    2    43.38     2.15
2005    3    88.84     4.01
2005    4   134.79     9.80
2005    5   145.94    14.47
2005    6   109.55    18.53
2005    7    40.08    21.65
2005    8    31.05    21.46
2005    9    32.31    16.50
2005   10    34.37    13.56
2005   11    51.14     5.62
2005   12    33.67    -0.61
