1850    1    34.24    -0.99
1850    2    31.18    -0.04
1850    3    66.33     6.39
1850    4    63.00    13.84
1850    5    77.26    19.71
1850    6    89.36    24.75
1850    7     7.15    26.19
1850    8    30.27    23.94
1850    9    38.29    16.86
1850   10    28.09     9.90
1850   11    30.77     5.25
1850   12    12.71   -14.50
1851    1    35.87    -9.67
1851    2    28.44    -6.73
1851    3    64.15     2.37
1851    4   105.57    11.96
1851    5   112.35    17.32
1851    6   118.07    24.40
1851    7    58.64    24.11
1851    8    40.69    22.01
1851    9    34.70    17.28
1851   10    22.13    12.70
1851   11    47.69     3.35
1851   12    31.63    -3.86
1852    1    34.37    -3.01
1852    2    14.88    -9.78
1852    3    36.99     7.11
1852    4    99.75    14.43
1852    5   137.31    18.87
1852    6   145.92    22.55
1852    7    58.91    23.98
1852    8    11.26    22.83
1852    9    45.18    16.59
1852   10    24.75    12.19
1852   11    32.80     3.50
1852   12    34.59     2.02
1853    1    20.10     0.62
1853    2    53.88     0.09
1853    3    27.27     6.50
1853    4   112.64    13.31
1853    5    61.44    20.27
1853    6    81.18    25.00
1853    7    47.27    23.95
1853    8    47.07    23.75
1853    9    74.34    18.44
1853   10    44.06    11.21
1853   11    82.32     3.75
1853   12    16.54     1.20
1854    1    26.90    -0.15
1854    2    25.93     1.35
1854    3    46.39     7.54
1854    4    93.83    11.54
1854    5   109.75    19.32
1854    6   138.11    23.72
1854    7    22.14    25.69
1854    8    32.93    23.95
1854    9    15.93    18.06
1854   10    31.45    12.88
1854   11    37.71     2.90
1854   12    49.40     1.52
1855    1    33.11     0.66
1855    2    20.59     1.51
1855    3    71.83     4.56
1855    4    49.13    13.63
1855    5   104.37    21.21
1855    6   121.58    21.90
1855    7    72.44    25.82
1855    8    54.78    24.54
1855    9    96.83    17.94
1855   10    30.37    12.21
1855   11    23.59     6.64
1855   12    51.53    -5.73
1856    1    26.28    -4.76
1856    2    22.14    -4.03
1856    3    37.70     6.14
1856    4    87.48    11.03
1856    5    95.82    21.05
1856    6    78.23    23.90
1856    7    35.87    23.73
1856    8    55.70    22.76
1856    9    32.17    17.65
1856   10    18.75     9.92
1856   11    73.11     5.48
1856   12    32.25     0.92
1857    1    40.58   -10.48
1857    2    30.97    -3.73
1857    3    86.22     4.64
1857    4    65.62    12.12
1857    5   148.66    17.60
1857    6    76.06    22.30
1857    7    42.17    23.71
1857    8    38.02    22.49
1857    9    43.24    16.32
1857   10    36.15    10.08
1857   11    29.20     1.93
1857   12    15.06    -4.18
1858    1    22.87    -0.07
1858    2    14.18     2.11
1858    3    93.86    12.73
1858    4    88.62    15.45
1858    5    52.51    20.74
1858    6   125.07    24.32
1858    7    32.05    24.77
1858    8    28.50    22.37
1858    9    15.73    18.49
1858   10    35.15    11.12
1858   11    65.47     3.17
1858   12    42.72    -1.02
1859    1    34.06    -4.70
1859    2    23.45    -3.99
1859    3    54.48     4.06
1859    4   133.05    11.19
1859    5    97.48    16.84
1859    6    95.75    24.42
1859    7    59.32    24.88
1859    8    37.70    21.79
1859    9    28.18    17.27
1859   10    72.06    11.07
1859   11    25.62     5.61
1859   12    31.23    -2.37
1860    1    27.58    -1.81
1860    2    37.81     1.58
1860    3    45.69     7.18
1860    4    88.18    15.22
1860    5   107.99    16.58
1860    6    94.31    23.55
1860    7    31.98    25.49
1860    8    20.61    22.59
1860    9    41.65    17.05
1860   10    23.04    10.56
1860   11    27.55     1.25
1860   12    24.81    -3.13
1861    1    26.15    -7.64
1861    2    32.94    -5.50
1861    3    49.20     3.62
1861    4    88.37    15.04
1861    5    79.63    17.09
1861    6    25.76    23.52
1861    7    15.78    24.76
1861    8    14.04    24.48
1861    9    34.70    16.60
1861   10    49.74     8.07
1861   11    29.65    -0.14
1861   12    27.11     2.82
1862    1    19.54    -0.98
1862    2    42.04     0.79
1862    3    72.70     2.75
1862    4    64.16    12.33
1862    5    69.32    17.84
1862    6    49.41    23.28
1862    7    40.69    24.84
1862    8   107.37    22.01
1862    9    16.52    18.40
1862   10    84.31    11.12
1862   11    19.73     6.09
1862   12    33.77     3.57
1863    1    48.40     0.74
1863    2    31.21     2.14
1863    3    77.48     5.97
1863    4   127.91    12.18
1863    5   183.96    16.75
1863    6   116.31    23.37
1863    7    50.66    25.17
1863    8    49.63    23.92
1863    9    13.94    17.94
1863   10     1.65    14.10
1863   11    13.82     4.13
1863   12    34.62    -1.74
1864    1    27.22    -2.45
1864    2    23.20     0.43
1864    3    29.92     7.05
1864    4   113.42    14.51
1864    5   149.49    18.50
1864    6   129.72    23.22
1864    7     9.10    26.38
1864    8    17.99    23.82
1864    9    39.88    14.69
1864   10    28.52     8.40
1864   11    20.24     5.58
1864   12    28.74    -0.07
1865    1    15.34    -3.63
1865    2    38.58    -1.99
1865    3    43.35     5.92
1865    4   192.27    11.85
1865    5   152.81    17.64
1865    6    68.21    24.79
1865    7    42.47    24.91
1865    8    59.74    23.43
1865    9    23.19    17.79
1865   10    49.96    12.54
1865   11    16.42     8.46
1865   12    32.94     3.11
1866    1    42.72    -0.98
1866    2    24.15     3.01
1866    3    70.38     3.06
1866    4    56.47    13.56
1866    5   186.09    18.02
1866    6    74.22    22.39
1866    7    19.34    24.92
1866    8     5.10    24.86
1866    9    41.04    16.25
1866   10    24.76     9.66
1866   11    37.20     0.56
1866   12    24.12    -0.99
1867    1    15.79    -5.85
1867    2    32.46    -2.07
1867    3    61.67     7.96
1867    4    56.50    14.23
1867    5   113.58    17.59
1867    6    98.25    22.68
1867    7    65.59    23.98
1867    8    39.77    22.07
1867    9    44.40    16.80
1867   10    15.58    13.37
1867   11    38.04     6.93
1867   12    21.36    -5.42
1868    1    32.79    -4.61
1868    2    32.11    -9.12
1868    3    57.70    -0.90
1868    4    77.23    11.22
1868    5    79.74    19.31
1868    6    88.55    23.92
1868    7    55.66    24.12
1868    8     7.95    24.39
1868    9    54.68    15.76
1868   10    35.31    10.94
1868   11    57.97    -1.63
1868   12    34.91   -10.87
1869    1    15.59   -10.64
1869    2    48.73   -14.02
1869    3    29.54     0.45
1869    4    46.60    11.00
1869    5    86.28    17.32
1869    6    46.96    22.26
1869    7    43.37    23.33
1869    8    21.19    23.35
1869    9    19.77    18.24
1869   10     8.16    12.81
1869   11    14.38     1.54
1869   12    32.67    -2.60
1870    1    22.03   -12.47
1870    2    14.81   -13.16
1870    3    56.12     0.41
1870    4   128.33     5.98
1870    5    80.41    16.87
1870    6    44.72    22.63
1870    7    65.05    23.05
1870    8     5.65    22.81
1870    9    43.20    17.44
1870   10    58.77     9.94
1870   11    21.28     4.95
1870   12    67.89    -0.59
1871    1    22.40    -7.12
1871    2    37.96    -0.06
1871    3    17.48     9.05
1871    4    87.37    10.13
1871    5    54.46    18.46
1871    6   124.52    24.46
1871    7    27.39    24.20
1871    8    41.64    23.32
1871    9    68.53    18.59
1871   10    35.59    12.04
1871   11    50.64     6.31
1871   12    38.41     0.70
1872    1    31.98    -1.83
1872    2    43.60    -5.00
1872    3    45.09     3.81
1872    4    77.15    12.44
1872    5    60.35    19.48
1872    6    94.01    24.99
1872    7    24.20    24.64
1872    8    89.31    22.49
1872    9    16.94    17.75
1872   10    47.00    10.85
1872   11    56.56    -0.78
1872   12    28.66    -1.19
1873    1    33.24    -3.12
1873    2    26.35     1.77
1873    3    62.70     6.26
1873    4    48.46    13.67
1873    5   128.13    16.50
1873    6    71.95    22.70
1873    7    14.50    25.44
1873    8    28.87    23.55
1873    9    29.82    19.36
1873   10    40.35    13.31
1873   11    39.56     1.51
1873   12    22.03     2.24
1874    1    32.10    -5.11
1874    2    25.27     3.82
1874    3    45.60     3.65
1874    4    92.77    10.18
1874    5   100.72    19.57
1874    6    21.52    25.55
1874    7   106.44    23.94
1874    8    24.42    22.72
1874    9    42.72    14.73
1874   10    58.72    10.05
1874   11    29.92     6.49
1874   12    60.28    -1.47
1875    1    15.95   -11.72
1875    2    13.66   -12.75
1875    3    35.97     4.84
1875    4    92.08    10.81
1875    5   133.78    20.12
1875    6    72.40    22.84
1875    7    45.59    25.65
1875    8    19.85    22.98
1875    9    61.70    15.66
1875   10    24.71    10.17
1875   11    37.25     5.68
1875   12    56.80    -9.41
1876    1    10.56   -19.23
1876    2    19.61   -14.68
1876    3    28.93    -1.84
1876    4   108.68    10.40
1876    5    60.97    19.79
1876    6   121.85    23.75
1876    7    57.80    24.33
1876    8    37.85    23.00
1876    9    26.82    16.75
1876   10    37.01    10.46
1876   11    35.53     2.59
1876   12    17.66    -0.08
1877    1    24.82    -2.43
1877    2    33.98    -2.18
1877    3    49.83     2.65
1877    4    47.84    11.47
1877    5    56.83    17.90
1877    6    56.05    25.20
1877    7     7.82    26.23
1877    8    38.22    21.36
1877    9    87.86    15.50
1877   10    16.29    11.24
1877   11    51.82     1.19
1877   12    36.00     2.84
1878    1    33.66    -9.75
1878    2    47.35    -0.35
1878    3    36.14     4.26
1878    4    46.77    12.09
1878    5   127.80    19.55
1878    6    69.77    24.64
1878    7    86.42    23.76
1878    8    45.09    22.51
1878    9    13.74    19.68
1878   10    32.32    10.29
1878   11    43.27     2.34
1878   12    24.94    -0.09
1879    1    28.05    -8.16
1879    2    16.62    -2.28
1879    3    57.57     5.71
1879    4   123.00    12.97
1879    5   109.45    17.46
1879    6    42.71    23.17
1879    7    48.76    24.77
1879    8   111.28    21.82
1879    9    32.78    17.31
1879   10    33.01    10.67
1879   11    41.98     2.68
1879   12    21.20    -5.64
1880    1    27.62    -2.00
1880    2    24.82     0.60
1880    3    73.59     4.54
1880    4    73.84    12.89
1880    5   127.84    19.63
1880    6    82.79    25.09
1880    7    20.43    25.00
1880    8    32.74    23.96
1880    9    77.94    16.09
1880   10     4.00    10.92
1880   11    24.99     6.12
1880   12    32.09    -2.58
1881    1    59.77    -5.02
1881    2    22.53    -5.09
1881    3    58.14     3.08
1881    4    70.17     8.83
1881    5   125.95    18.44
1881    6   188.99    23.82
1881    7    43.55    23.53
1881    8    31.53    21.96
1881    9    48.11    18.21
1881   10    60.73     7.78
1881   11    34.05     2.03
1881   12    29.61    -5.34
1882    1    21.77   -10.02
1882    2    32.59     2.21
1882    3    48.73     4.67
1882    4    84.20    14.01
1882    5   140.71    17.42
1882    6    54.21    24.58
1882    7    61.14    23.15
1882    8    16.05    22.26
1882    9    34.56    17.04
1882   10    31.54    11.82
1882   11    17.61     9.40
1882   12    21.74     0.05
1883    1    27.25    -7.30
1883    2    25.18    -8.37
1883    3    57.10     1.56
1883    4    62.76    10.05
1883    5    61.79    20.95
1883    6    46.43    25.82
1883    7    62.29    24.94
1883    8    44.01    23.00
1883    9    45.15    16.47
1883   10    44.16     8.01
1883   11    27.10     5.79
1883   12    27.74    -5.47
1884    1    26.28    -7.75
1884    2    14.94    -2.89
1884    3    41.03     5.61
1884    4    58.24    10.77
1884    5    71.57    21.22
1884    6    61.99    24.18
1884    7    57.91    23.90
1884    8    70.96    20.67
1884    9    42.71    14.12
1884   10    42.64    10.31
1884   11    56.07     0.74
1884   12    27.98     2.52
1885    1    37.08    -4.42
1885    2    24.29    -5.54
1885    3    63.52     6.22
1885    4    52.90    10.38
1885    5    96.25    17.35
1885    6    90.29    24.30
1885    7    38.07    24.57
1885    8     8.08    24.38
1885    9     9.65    18.76
1885   10    21.61     9.39
1885   11    27.96     0.21
1885   12    27.45     2.85
1886    1    30.95   -15.55
1886    2    21.88   -15.21
1886    3    39.25    -0.21
1886    4    51.22     9.64
1886    5    99.15    15.60
1886    6   123.37    23.35
1886    7    40.14    25.33
1886    8    43.30    23.38
1886    9    49.24    17.85
1886   10    42.94    12.30
1886   11    29.99     1.11
1886   12    38.68    -9.97
1887    1    17.87   -12.75
1887    2    24.32   -10.29
1887    3    13.84    -7.30
1887    4    80.43    12.83
1887    5    70.58    17.50
1887    6    27.07    25.85
1887    7    25.49    23.94
1887    8    26.01    23.34
1887    9    32.57    16.64
1887   10    82.96     7.43
1887   11    27.92    -0.96
1887   12    24.00     0.24
1888    1    28.12    -1.12
1888    2    20.50     0.40
1888    3    56.16     8.77
1888    4    50.46    10.59
1888    5   139.33    19.35
1888    6    72.80    23.70
1888    7    41.23    26.58
1888    8    10.94    23.65
1888    9    33.23    17.29
1888   10    98.23     9.55
1888   11    27.35     6.09
1888   12    29.42    -3.05
1889    1    22.21   -14.51
1889    2    22.85   -11.40
1889    3    30.19     2.68
1889    4    77.51    11.64
1889    5    86.57    19.65
1889    6    63.06    23.62
1889    7    76.97    24.13
1889    8    29.32    21.93
1889    9    24.85    18.52
1889   10    48.49    11.03
1889   11    29.31     3.08
1889   12    15.58     1.10
1890    1    33.67    -1.76
1890    2    32.68     0.10
1890    3    29.01     6.21
1890    4    41.43    11.51
1890    5   122.87    18.11
1890    6    51.33    22.51
1890    7    20.85    24.97
1890    8    46.91    21.62
1890    9    34.58    18.32
1890   10    58.03    10.94
1890   11    50.77     0.44
1890   12    23.23    -4.67
1891    1    31.18    -3.85
1891    2    28.85    -1.88
1891    3    53.08     1.33
1891    4   106.17    12.73
1891    5    58.86    18.54
1891    6    72.41    25.64
1891    7    31.61    25.05
1891    8    25.81    23.39
1891    9    41.66    17.52
1891   10    28.78    13.88
1891   11    67.37     6.44
1891   12    38.11   -11.53
1892    1    21.20    -6.20
1892    2    23.23    -1.30
1892    3    26.06     5.42
1892    4    34.11    11.67
1892    5    46.03    19.10
1892    6    76.11    23.64
1892    7   106.91    23.58
1892    8    43.69    22.24
1892    9    26.56    18.98
1892   10    49.55    13.55
1892   11    29.46     3.43
1892   12    53.35    -4.42
1893    1    16.25    -5.08
1893    2    41.88     0.61
1893    3    76.24    -1.35
1893    4    91.31    10.16
1893    5    54.29    19.80
1893    6    62.01    25.53
1893    7    19.72    25.63
1893    8    19.27    21.38
1893    9    40.05    17.88
1893   10    38.04    10.89
1893   11    30.74    -1.70
1893   12     6.40   -12.04
1894    1    14.82   -13.15
1894    2    10.72   -13.21
1894    3    35.90    -0.15
1894    4    91.73    10.34
1894    5    70.89    15.76
1894    6    80.21    23.47
1894    7     9.79    24.79
1894    8    19.56    22.12
1894    9    52.42    17.90
1894   10    28.14    11.71
1894   11    41.90     2.33
1894   12    30.27    -8.78
1895    1    34.74    -9.68
1895    2    19.94   -15.67
1895    3    32.47     2.47
1895    4    45.40    12.46
1895    5   167.54    22.01
1895    6    53.40    23.38
1895    7    52.86    25.10
1895    8    41.77    21.77
1895    9    33.67    15.62
1895   10    23.31    12.34
1895   11    42.41     2.24
1895   12    28.48    -1.82
1896    1    24.38   -13.27
1896    2    15.86    -5.33
1896    3    53.52     5.99
1896    4    87.79    14.88
1896    5   118.58    19.49
1896    6    92.68    22.30
1896    7    41.80    24.98
1896    8    28.67    23.43
1896    9    29.84    18.02
1896   10    44.59    11.96
1896   11    33.39     5.00
1896   12    40.10    -1.36
1897    1    25.51   -10.31
1897    2    30.13     0.54
1897    3    22.41     2.20
1897    4    50.74    15.61
1897    5    76.01    20.10
1897    6    29.55    23.28
1897    7    44.69    25.69
1897    8    40.35    22.68
1897    9    59.29    16.22
1897   10    76.43     7.97
1897   11    42.39     3.40
1897   12    32.99    -2.65
1898    1    32.53    -2.64
1898    2    30.66    -0.74
1898    3    28.55     6.03
1898    4   101.97    14.52
1898    5    96.75    19.05
1898    6    76.71    24.38
1898    7    21.86    24.68
1898    8    24.93    23.24
1898    9    24.96    18.88
1898   10    15.79    12.06
1898   11    55.99     3.03
1898   12    33.41    -1.08
1899    1    18.45    -9.20
1899    2    26.50     3.70
1899    3    62.10     6.72
1899    4   100.79    12.60
1899    5    86.70    20.94
1899    6   114.77    23.08
1899    7    42.05    24.11
1899    8    51.06    22.89
1899    9    71.62    17.85
1899   10    14.62    10.32
1899   11    31.30     5.71
1899   12    42.98    -0.50
1900    1    28.72    -3.54
1900    2    25.40    -3.77
1900    3    69.68     5.84
1900    4   156.19    10.45
1900    5   105.89    18.79
1900    6    35.03    23.40
1900    7    72.23    25.54
1900    8    50.64    24.30
1900    9    37.51    15.84
1900   10    44.89     9.01
1900   11    42.35    -1.31
1900   12    32.08    -1.67
1901    1    26.43    -0.83
1901    2    71.17    -0.03
1901    3    82.28     5.38
1901    4    50.48    10.91
1901    5    71.74    17.49
1901    6   116.69    24.38
1901    7    57.38    24.51
1901    8    24.98    22.05
1901    9    26.48    17.70
1901   10    24.28    13.09
1901   11    40.09     3.34
1901   12    47.11    -5.20
1902    1    17.39   -15.03
1902    2    11.16   -17.71
1902    3    27.09    -0.85
1902    4    60.51    12.89
1902    5   122.95    19.76
1902    6    83.52    22.30
1902    7    19.53    25.44
1902    8    36.07    23.13
1902    9    45.51    18.09
1902   10    26.04    12.45
1902   11    42.86     3.92
1902   12    23.26    -2.92
1903    1    27.10    -3.05
1903    2    19.08     1.25
1903    3    58.91     6.33
1903    4    71.15    10.88
1903    5   108.15    16.82
1903    6    84.56    21.10
1903    7    59.71    26.32
1903    8    53.96    22.85
1903    9     8.52    20.42
1903   10    55.63    10.06
1903   11    73.81    -0.02
1903   12    29.10    -2.11
1904    1    25.68    -3.63
1904    2    38.17     2.28
1904    3    70.99     3.71
1904    4   112.89    10.66
1904    5    84.15    18.45
1904    6   102.90    24.84
1904    7    31.66    24.22
1904    8    36.52    24.26
1904    9     2.73    18.02
1904   10    55.74     8.56
1904   11    17.77     4.83
1904   12    25.85     1.52
1905    1    29.41    -5.86
1905    2    14.14   -12.84
1905    3    43.88     5.30
1905    4    92.17    11.61
1905    5   139.67    19.24
1905    6   177.11    22.24
1905    7    57.16    23.70
1905    8    64.79    21.95
1905    9    71.26    16.88
1905   10    37.19    10.02
1905   11    27.17     5.16
1905   12    47.85    -5.27
1906    1    20.08   -11.80
1906    2    41.38    -9.13
1906    3    42.27    -2.21
1906    4    69.79    11.34
1906    5    93.62    17.55
1906    6   142.85    20.59
1906    7    49.95    23.77
1906    8    50.49    21.90
1906    9    16.97    17.73
1906   10    36.50    11.40
1906   11    14.61     6.37
1906   12    19.98     1.17
1907    1    28.18     2.00
1907    2    23.38     0.94
1907    3    20.56     8.19
1907    4    50.25    15.38
1907    5   109.60    19.14
1907    6    33.18    24.97
1907    7    56.41    24.57
1907    8    15.55    21.75
1907    9    28.44    16.92
1907   10    36.81    11.65
1907   11    41.76     1.17
1907   12    22.60     1.11
1908    1    33.32     2.72
1908    2    30.12    -4.36
1908    3    58.12     3.72
1908    4    68.59    10.92
1908    5   124.93    18.70
1908    6   125.39    22.86
1908    7    55.25    24.45
1908    8    27.51    24.08
1908    9     2.88    18.51
1908   10     6.34    12.47
1908   11    65.79     0.15
1908   12    33.71    -7.38
1909    1    20.34    -2.88
1909    2    34.30     1.64
1909    3    57.99     1.24
1909    4    96.56     8.82
1909    5   137.17    17.47
1909    6    68.27    24.27
1909    7    60.28    25.80
1909    8    31.17    22.51
1909    9    37.98    17.15
1909   10    40.96    10.85
1909   11    22.19     5.66
1909   12    56.01    -3.66
1910    1    25.78    -7.55
1910    2    71.17     0.45
1910    3    41.76     6.28
1910    4    66.85    12.40
1910    5    74.78    19.53
1910    6    33.16    22.21
1910    7    32.04    24.57
1910    8    60.16    22.28
1910    9    30.76    19.17
1910   10    72.08     8.62
1910   11    30.75     4.79
1910   12    29.18    -5.21
1911    1    10.50   -12.96
1911    2    27.22    -8.04
1911    3    33.84    -1.04
1911    4    56.68    10.35
1911    5    86.34    16.02
1911    6    71.55    23.39
1911    7    33.38    24.08
1911    8    98.70    22.18
1911    9    34.76    17.43
1911   10    64.02    10.28
1911   11    25.04     5.66
1911   12    20.97    -4.15
1912    1    20.06    -6.73
1912    2    35.60    -5.72
1912    3    57.01     5.16
1912    4   113.54    13.05
1912    5   132.06    17.50
1912    6    57.30    24.63
1912    7    37.39    24.01
1912    8    24.03    21.35
1912    9    21.06    16.91
1912   10    14.87    11.42
1912   11    13.05     6.73
1912   12    37.29    -8.64
1913    1    20.28    -9.07
1913    2    30.18     2.99
1913    3    39.00     6.22
1913    4    87.59    13.02
1913    5    98.61    17.00
1913    6   109.05    23.16
1913    7    60.00    24.16
1913    8    34.41    22.57
1913    9    43.53    16.68
1913   10    46.94    10.18
1913   11    32.43     5.62
1913   12    20.26    -1.60
1914    1    25.38    -1.09
1914    2    70.76     3.79
1914    3    57.02     2.07
1914    4    69.31    10.35
1914    5   126.11    19.78
1914    6    74.21    24.03
1914    7    30.20    23.70
1914    8    71.53    23.08
1914    9    10.42    19.37
1914   10    38.90    13.31
1914   11    47.21     5.66
1914   12    40.72    -3.19
1915    1    25.69   -12.74
1915    2    16.01   -14.09
1915    3    31.06    -6.62
1915    4   111.41     9.68
1915    5   104.99    19.50
1915    6    27.55    24.93
1915    7    64.08    25.06
1915    8    68.46    23.06
1915    9    42.62    17.07
1915   10    24.62    11.06
1915   11    32.67     4.01
1915   12    29.88    -5.70
1916    1     9.90   -18.54
1916    2    24.15    -9.93
1916    3    28.86    -1.67
1916    4   137.98    11.37
1916    5    69.07    19.32
1916    6    70.30    21.24
1916    7    21.16    24.43
1916    8    42.94    22.42
1916    9    73.76    17.94
1916   10    51.91     9.22
1916   11    44.66     4.68
1916   12    36.72    -0.26
1917    1    20.56    -0.50
1917    2    27.47     1.25
1917    3    63.05     5.33
1917    4    46.26    13.70
1917    5    97.20    18.45
1917    6    29.34    24.07
1917    7    77.77    24.83
1917    8    52.50    22.75
1917    9    19.62    17.38
1917   10    47.23    12.83
1917   11    13.84     4.80
1917   12    25.47    -3.67
1918    1    29.66    -5.97
1918    2    48.16     1.69
1918    3    51.14     2.48
1918    4    62.56    14.65
1918    5   179.92    18.99
1918    6    66.31    24.04
1918    7    18.42    25.20
1918    8    36.46    22.08
1918    9    21.40    17.45
1918   10    26.99    13.21
1918   11    24.38     3.92
1918   12    25.50    -1.52
1919    1    32.55    -2.32
1919    2    34.50     6.16
1919    3    83.38     3.52
1919    4    65.09    14.01
1919    5   127.91    19.31
1919    6    85.78    22.73
1919    7    48.90    26.05
1919    8    51.22    22.66
1919    9    17.80    16.43
1919   10    32.30    11.64
1919   11    30.90     3.47
1919   12    25.26    -0.05
1920    1    29.29    -6.56
1920    2    27.33    -8.70
1920    3    12.59     4.08
1920    4    24.89    13.36
1920    5    79.75    20.21
1920    6    29.89    24.63
1920    7    20.61    25.86
1920    8    13.91    23.44
1920    9    37.33    17.78
1920   10    37.00    10.05
1920   11    22.96     4.62
1920   12    41.02     1.00
1921    1    28.13    -4.48
1921    2    31.98     4.58
1921    3    46.94     4.82
1921    4    47.68    12.06
1921    5    86.39    20.42
1921    6    60.90    23.37
1921    7    59.82    24.68
1921    8    18.87    22.96
1921    9    28.93    16.48
1921   10    46.36    11.20
1921   11    25.84     4.94
1921   12    38.91    -6.19
1922    1    47.77    -9.53
1922    2    20.40    -8.47
1922    3    61.10     0.60
1922    4   107.89    13.86
1922    5   107.69    19.20
1922    6    62.45    24.42
1922    7    81.09    24.99
1922    8    25.69    22.92
1922    9    40.54    16.96
1922   10    41.33    12.61
1922   11    61.35     0.76
1922   12    29.88   -14.57
1923    1    16.54   -17.77
1923    2    23.76   -10.72
1923    3    32.62   -12.63
1923    4   111.67     9.01
1923    5    78.78    17.49
1923    6    37.03    24.91
1923    7    35.66    25.01
1923    8    34.96    22.85
1923    9    56.91    15.99
1923   10    28.96    12.36
1923   11    33.25     6.51
1923   12    27.68    -6.88
1924    1    35.03   -11.64
1924    2    40.33    -4.93
1924    3    93.38     3.81
1924    4    91.18    12.84
1924    5    98.03    18.80
1924    6    98.80    22.85
1924    7    55.48    24.14
1924    8    30.33    21.29
1924    9    16.54    19.09
1924   10    27.26    11.92
1924   11    26.05     7.00
1924   12    33.62     5.06
1925    1    13.01    -5.64
1925    2    38.89    -9.43
1925    3    42.34     0.82
1925    4   102.81     6.65
1925    5    92.96    19.91
1925    6   105.70    24.55
1925    7    73.85    25.16
1925    8    42.91    24.35
1925    9    21.33    16.36
1925   10    49.18    12.91
1925   11    34.56     4.57
1925   12    48.24    -4.31
1926    1    14.12   -14.71
1926    2    38.11    -6.61
1926    3    45.70     6.71
1926    4    97.42    13.09
1926    5   170.43    18.28
1926    6    86.63    22.21
1926    7    57.47    23.92
1926    8    28.82    23.12
1926    9    32.91    19.40
1926   10    22.70    12.97
1926   11    65.50    -2.33
1926   12    30.87   -11.05
1927    1    35.93    -2.45
1927    2    42.32    -1.74
1927    3    38.72     2.39
1927    4    73.55    15.12
1927    5   110.91    18.37
1927    6    21.05    22.91
1927    7    29.79    23.82
1927    8    51.65    22.19
1927    9    28.40    16.36
1927   10    31.50     8.93
1927   11    29.50     4.66
1927   12    35.60    -0.70
1928    1    39.58    -0.95
1928    2    41.99     0.98
1928    3    65.43     8.07
1928    4   146.37    15.48
1928    5   138.19    16.08
1928    6    96.69    22.02
1928    7    38.56    25.06
1928    8    23.84    21.89
1928    9    22.80    17.85
1928   10    47.61    12.88
1928   11    38.95     5.43
1928   12    23.75    -5.37
1929    1    30.33    -2.33
1929    2    45.71     0.25
1929    3    59.86     1.49
1929    4   126.72    11.89
1929    5    90.88    16.16
1929    6    53.52    23.20
1929    7    10.44    24.29
1929    8    23.47    22.84
1929    9    45.82    16.33
1929   10    44.99     8.97
1929   11    30.81     4.69
1929   12    28.83    -0.88
1930    1    34.76    -3.12
1930    2    31.78    -3.72
1930    3    42.46     4.81
1930    4    79.92    10.53
1930    5    90.81    18.31
1930    6    36.49    23.20
1930    7    76.96    24.99
1930    8    22.78    21.86
1930    9    38.61    17.71
1930   10    53.40    11.73
1930   11    27.69     3.30
1930   12    35.30    -0.43
1931    1    19.94   -11.75
1931    2    19.24   -11.14
1931    3    35.75    -0.11
1931    4    69.69    12.00
1931    5   130.38    17.42
1931    6    77.62    24.35
1931    7    15.84    25.44
1931    8    16.86    21.65
1931    9     4.75    18.90
1931   10    75.90     9.83
1931   11    15.49     6.62
1931   12    43.91    -0.19
1932    1    25.17     1.18
1932    2    63.21     2.94
1932    3    53.37     3.55
1932    4    78.37    13.27
1932    5   158.73    21.35
1932    6    67.77    23.40
1932    7    31.58    24.16
1932    8    26.01    23.14
1932    9    24.49    17.55
1932   10    40.54    10.40
1932   11    32.13     4.80
1932   12    25.27    -2.37
1933    1    25.47    -9.85
1933    2    16.06     0.39
1933    3    56.96     9.72
1933    4    65.94    12.60
1933    5    83.50    18.51
1933    6   106.44    21.98
1933    7    40.78    23.50
1933    8    36.98    21.40
1933    9    16.56    16.94
1933   10    37.22     8.04
1933   11    46.96     2.69
1933   12    18.90    -0.68
1934    1    22.12    -3.35
1934    2    21.88    -0.61
1934    3    64.14     6.72
1934    4    38.43    12.80
1934    5    75.45    19.90
1934    6   108.04    23.22
1934    7   101.51    24.82
1934    8    50.25    23.36
1934    9    50.08    17.60
1934   10    66.18     9.59
1934   11    21.08     4.72
1934   12    25.18    -2.49
1935    1    34.97    -8.42
1935    2    23.03   -16.93
1935    3    14.23    -8.24
1935    4   106.46    10.78
1935    5    72.94    19.40
1935    6    41.86    24.26
1935    7    59.37    24.69
1935    8    21.08    22.64
1935    9    27.77    18.47
1935   10    11.46    10.93
1935   11    29.86     4.91
1935   12    23.27    -4.14
1936    1    19.51    -7.64
1936    2    27.02     1.37
1936    3    50.10     2.21
1936    4    71.24    12.82
1936    5    81.73    18.39
1936    6    70.21    23.34
1936    7    56.18    23.78
1936    8    43.20    21.24
1936    9    59.02    15.90
1936   10     4.59     9.90
1936   11    41.91     1.56
1936   12    41.70    -4.72
1937    1    22.12    -8.85
1937    2    31.23     1.17
1937    3    72.32     4.22
1937    4    82.24    11.32
1937    5    38.95    19.01
1937    6    70.03    26.34
1937    7    21.48    24.48
1937    8    29.23    23.09
1937    9    62.82    17.50
1937   10    15.43    12.25
1937   11    91.65     1.19
1937   12    24.28    -0.96
1938    1    29.89    -8.40
1938    2    18.54    -2.81
1938    3    61.54     1.04
1938    4    99.86    10.53
1938    5   124.78    18.07
1938    6   107.35    24.52
1938    7    40.78    24.09
1938    8    53.61    23.32
1938    9     3.32    19.74
1938   10    86.91    10.57
1938   11    19.11     1.33
1938   12    26.50    -2.28
1939    1    19.41    -6.08
1939    2    20.77    -0.08
1939    3    55.24     3.40
1939    4   113.18    12.04
1939    5   115.52    18.06
1939    6   106.03    22.96
1939    7    55.69    23.68
1939    8    24.97    22.77
1939    9    46.33    18.28
1939   10    18.71    13.94
1939   11    25.10     8.90
1939   12    25.70    -9.18
1940    1     8.78   -15.12
1940    2    15.81   -13.60
1940    3    32.06    -5.23
1940    4   107.77    10.61
1940    5   191.27    18.91
1940    6   118.88    21.70
1940    7    51.97    23.01
1940    8    38.82    21.94
1940    9    34.10    16.56
1940   10     7.93    13.85
1940   11    18.45     3.42
1940   12    18.41    -3.39
1941    1    21.77    -0.95
1941    2    31.60    -2.11
1941    3    32.96     6.38
1941    4    65.10    12.97
1941    5    46.71    19.17
1941    6    68.53    24.42
1941    7    79.16    25.01
1941    8    36.00    23.71
1941    9    28.91    17.52
1941   10    37.04     8.18
1941   11    50.72    -0.43
1941   12    21.78    -1.80
1942    1    17.46     0.43
1942    2    23.21     1.42
1942    3   107.78     4.09
1942    4    87.76    13.92
1942    5   159.13    16.37
1942    6    87.41    21.26
1942    7    75.59    24.45
1942    8    22.43    22.40
1942    9    22.73    16.59
1942   10    18.98    12.22
1942   11    36.05     5.39
1942   12    28.41    -7.38
1943    1    16.36   -15.02
1943    2    32.58    -9.47
1943    3    42.69    -5.51
1943    4    82.10     9.18
1943    5    74.63    18.25
1943    6   105.11    23.11
1943    7    26.22    25.96
1943    8    53.16    24.13
1943    9    65.38    16.71
1943   10    67.78     8.92
1943   11    57.67     2.21
1943   12    29.96     2.22
1944    1    26.15    -7.67
1944    2    18.75    -5.67
1944    3    67.01     6.05
1944    4    73.83    13.64
1944    5    77.57    21.13
1944    6    70.50    23.29
1944    7    12.28    25.66
1944    8    26.36    22.83
1944    9    35.93    17.39
1944   10    13.07    13.11
1944   11    51.97     4.44
1944   12    28.17    -1.37
1945    1    36.48    -4.65
1945    2    17.66    -3.79
1945    3    37.99     2.24
1945    4    89.82    13.20
1945    5   113.30    17.69
1945    6   196.59    23.24
1945    7    76.76    24.46
1945    8    56.48    21.88
1945    9    21.78    16.13
1945   10    69.44     9.67
1945   11    45.75     4.38
1945   12    28.80    -5.55
1946    1     9.23   -14.81
1946    2    22.60   -10.65
1946    3    58.57    -4.06
1946    4    30.49    14.06
1946    5    95.09    16.28
1946    6   155.29    23.24
1946    7    60.38    24.73
1946    8    72.25    22.17
1946    9    47.00    15.95
1946   10    44.03    10.51
1946   11    42.23     4.77
1946   12    19.22    -0.26
1947    1    23.21    -1.54
1947    2    23.38     0.24
1947    3    53.72     7.40
1947    4    48.10     9.67
1947    5   154.83    17.82
1947    6    60.05    24.60
1947    7    43.87    26.03
1947    8    46.42    23.60
1947    9    30.98    17.20
1947   10    73.53    10.64
1947   11    27.33     4.97
1947   12    31.72    -1.45
1948    1    27.24    -2.30
1948    2    35.54    -1.39
1948    3    22.52     5.87
1948    4   103.02    11.01
1948    5    94.51    18.47
1948    6   116.71    20.90
1948    7    74.23    22.88
1948    8    50.44    21.65
1948    9     5.52    15.43
1948   10    17.20    11.52
1948   11    28.62     4.46
1948   12    20.75     0.66
1949    1    41.55    -1.51
1949    2    24.55     3.36
1949    3    53.75     6.29
1949    4   122.61    11.40
1949    5   133.74    18.20
1949    6    51.91    24.13
1949    7    50.43    24.99
1949    8    33.59    23.14
1949    9    44.11    17.90
1949   10    18.19    11.81
1949   11    26.39     3.93
1949   12    24.98    -2.14
1950    1    34.06    -2.36
1950    2    32.77    -1.85
1950    3    56.14     4.54
1950    4    88.44    12.78
1950    5    63.16    20.73
1950    6    74.93    23.62
1950    7    66.69    23.51
1950    8    12.62    22.67
1950    9    36.76    17.25
1950   10    10.23    13.49
1950   11    25.84     2.66
1950   12    21.84    -4.64
1951    1    22.95     0.75
1951    2    35.48    -2.29
1951    3    63.77     6.20
1951    4    64.42    13.60
1951    5    78.96    20.00
1951    6    92.67    25.93
1951    7    51.85    25.04
1951    8    38.58    22.18
1951    9    82.29    15.75
1951   10    44.89    11.22
1951   11    50.14    -0.66
1951   12    19.83   -10.03
1952    1    25.51    -8.35
1952    2    20.91    -2.80
1952    3    71.03    10.60
1952    4   102.76    15.42
1952    5    84.51    21.60
1952    6    84.10    24.29
1952    7    46.99    23.60
1952    8     5.67    22.88
1952    9    29.92    17.56
1952   10    53.87     8.17
1952   11    27.59     4.49
1952   12    33.89    -5.19
1953    1    36.96    -8.53
1953    2    18.88    -3.37
1953    3    31.50     6.78
1953    4   118.97    10.84
1953    5    63.33    20.62
1953    6    18.90    26.62
1953    7    42.94    24.22
1953    8    34.90    24.00
1953    9    25.18    19.46
1953   10    17.16    11.98
1953   11    36.04     1.89
1953   12    40.53    -1.35
1954    1    27.47    -4.63
1954    2    19.69    -0.35
1954    3    40.84     4.34
1954    4   117.40     8.70
1954    5   104.05    15.45
1954    6    63.03    23.14
1954    7    19.26    23.82
1954    8    67.23    23.43
1954    9    47.63    19.03
1954   10    39.38     8.41
1954   11    68.98     3.49
1954   12    32.56    -5.37
1955    1    17.37   -12.73
1955    2    20.85    -5.94
1955    3    30.63     5.48
1955    4   167.79    11.61
1955    5    81.06    19.23
1955    6   111.99    24.44
1955    7    19.23    25.80
1955    8    78.20    21.61
1955    9    20.99    17.92
1955   10    31.76     6.80
1955   11    56.28     2.31
1955   12    27.02    -9.48
1956    1    38.11    -6.38
1956    2    19.47    -0.75
1956    3    36.94     4.08
1956    4    74.77    10.04
1956    5   100.65    19.38
1956    6    95.68    24.43
1956    7    45.30    24.85
1956    8    13.15    21.97
1956    9    39.49    18.23
1956   10    26.37    10.35
1956   11    29.59     2.73
1956   12    22.47    -2.90
1957    1    43.74    -7.56
1957    2    19.69   -11.54
1957    3    68.55     3.02
1957    4    91.11     5.89
1957    5   132.20    18.88
1957    6    82.05    25.31
1957    7    46.32    25.13
1957    8    16.61    24.96
1957    9     2.50    17.91
1957   10    42.48    14.33
1957   11    43.85     4.19
1957   12    18.97    -6.48
1958    1     7.34    -4.92
1958    2    28.94     1.95
1958    3    55.62     7.25
1958    4    94.49    13.47
1958    5    65.68    18.88
1958    6   127.21    24.48
1958    7    49.54    23.01
1958    8    17.30    23.53
1958    9    45.25    15.86
1958   10    47.09     8.67
1958   11    44.32     6.39
1958   12    38.22    -2.27
1959    1    21.56   -10.97
1959    2    21.76    -9.11
1959    3    33.31    -3.04
1959    4    80.50     8.07
1959    5    61.43    17.45
1959    6    94.04    22.32
1959    7    60.22    24.03
1959    8    29.08    23.34
1959    9    51.12    17.08
1959   10    31.40    11.59
1959   11    24.65     5.96
1959   12    48.73    -5.55
1960    1    38.44   -10.80
1960    2    11.30   -20.45
1960    3    21.86    -1.58
1960    4    75.06     9.92
1960    5    59.91    18.39
1960    6    80.60    25.61
1960    7     3.40    26.07
1960    8    64.24    21.99
1960    9    10.11    17.00
1960   10    23.96     8.49
1960   11    17.63     3.58
1960   12    20.40    -3.77
1961    1    27.10    -8.02
1961    2    23.16    -4.69
1961    3    67.56     7.49
1961    4    29.49    15.45
1961    5   100.14    18.33
1961    6   151.75    23.78
1961    7    13.46    25.47
1961    8    23.59    22.67
1961    9    26.21    17.96
1961   10    56.52    10.35
1961   11    36.44     1.75
1961   12    25.41     0.10
1962    1    35.68    -4.09
1962    2    44.36    -2.50
1962    3    49.68     1.35
1962    4    96.60     8.33
1962    5   170.99    18.44
1962    6    82.85    22.39
1962    7    83.08    22.98
1962    8    41.91    21.46
1962    9    40.49    15.66
1962   10    40.30     9.92
1962   11    54.91     3.45
1962   12    37.42    -3.32
1963    1    37.19    -4.86
1963    2    21.23    -5.73
1963    3    34.96     5.92
1963    4   155.62    11.57
1963    5   207.06    14.23
1963    6    85.13    23.12
1963    7    46.15    25.47
1963    8    41.67    22.04
1963    9    25.87    15.08
1963   10    32.37    12.67
1963   11    29.85     4.47
1963   12    30.40    -3.68
1964    1    24.59    -4.70
1964    2    30.10    -4.20
1964    3    60.36     2.34
1964    4    72.70    16.30
1964    5    78.52    18.86
1964    6    46.13    24.14
1964    7    35.87    23.96
1964    8    71.41    22.15
1964    9    60.32    15.75
1964   10    13.63    12.03
1964   11    30.65     4.03
1964   12    42.20    -0.33
1965    1    31.22    -0.01
1965    2    57.05    -0.20
1965    3    44.34     4.25
1965    4   126.07    11.31
1965    5    80.63    16.13
1965    6   119.35    23.22
1965    7    32.15    23.60
1965    8    28.08    20.39
1965    9    40.45    16.84
1965   10    18.38     9.98
1965   11    25.90     3.03
1965   12    32.77    -8.67
1966    1    16.90   -15.71
1966    2    12.65   -13.22
1966    3    46.40    -7.14
1966    4    55.61     9.01
1966    5    39.88    17.21
1966    6    14.54    25.72
1966    7    39.02    27.26
1966    8    39.16    24.06
1966    9    27.60    18.39
1966   10    84.82     8.69
1966   11    24.85     6.81
1966   12    25.30    -2.32
1967    1    19.70    -1.19
1967    2     8.98    -1.18
1967    3    16.57     7.77
1967    4   113.78    12.50
1967    5    84.62    20.14
1967    6   107.95    21.43
1967    7    20.70    25.24
1967    8    52.08    25.48
1967    9    40.69    18.64
1967   10    30.40    11.53
1967   11    20.02     1.65
1967   12    22.00    -8.29
1968    1     7.07   -14.31
1968    2    23.18   -11.19
1968    3    32.57    -4.58
1968    4    46.80     8.27
1968    5   125.41    20.45
1968    6    82.98    23.51
1968    7    45.24    24.30
1968    8    10.78    21.67
1968    9    28.08    17.15
1968   10    51.50    11.63
1968   11    32.86     4.68
1968   12    27.97    -6.32
1969    1    14.76   -15.04
1969    2    12.99   -10.10
1969    3    62.09     3.76
1969    4    47.87    12.29
1969    5   154.09    18.58
1969    6    28.01    24.03
1969    7     7.40    24.96
1969    8    32.50    21.93
1969    9    29.63    17.69
1969   10    54.00     9.79
1969   11    31.30     4.73
1969   12    33.50    -1.11
1970    1    32.05   -11.91
1970    2    25.78    -6.11
1970    3    19.59     6.13
1970    4   169.80    12.66
1970    5   116.22    18.47
1970    6    99.74    24.17
1970    7    33.14    24.28
1970    8    48.62    22.21
1970    9    34.83    18.66
1970   10    42.06     8.72
1970   11    31.96     4.77
1970   12    41.76     2.35
1971    1    15.76    -1.36
1971    2    28.40    -2.15
1971    3    72.25     1.22
1971    4    94.06    12.81
1971    5   100.63    17.05
1971    6    57.93    24.99
1971    7    27.29    24.24
1971    8    77.67    20.84
1971    9    22.42    18.17
1971   10    36.36     9.29
1971   11    26.47    -2.05
1971   12    12.33    -7.51
1972    1    21.93    -5.54
1972    2    28.98    -1.70
1972    3    63.73     2.28
1972    4    63.08    13.01
1972    5    98.35    19.61
1972    6    68.78    23.96
1972    7    44.99    25.36
1972    8     7.60    23.39
1972    9    47.59    18.07
1972   10    24.02     9.78
1972   11    31.23     2.62
1972   12    25.41    -9.07
1973    1    25.37    -9.76
1973    2    25.60    -3.83
1973    3    39.30     1.20
1973    4    68.54     9.90
1973    5   171.39    19.47
1973    6    86.44    23.35
1973    7    52.81    24.21
1973    8    33.22    21.85
1973    9    37.64    16.25
1973   10    48.08     8.37
1973   11    36.37     4.24
1973   12    17.40    -0.10
1974    1    29.98    -0.12
1974    2    38.21     1.11
1974    3    48.66     2.42
1974    4    89.14     9.36
1974    5   159.71    16.34
1974    6    91.22    22.36
1974    7    55.80    23.93
1974    8    51.63    21.19
1974    9    33.12    17.20
1974   10    22.96     9.59
1974   11    29.05     4.39
1974   12    32.95    -1.86
1975    1    18.06   -12.26
1975    2    29.64    -0.52
1975    3    53.01     4.56
1975    4    53.32     8.78
1975    5    61.28    18.24
1975    6    84.27    21.56
1975    7    25.11    23.90
1975    8    48.64    21.86
1975    9    44.03    17.32
1975   10    39.55     8.55
1975   11     7.04     1.78
1975   12    51.08    -3.33
1976    1    30.62    -6.24
1976    2    31.15    -0.10
1976    3    74.07     3.37
1976    4    66.81    13.40
1976    5    45.75    20.25
1976    6    67.72    24.27
1976    7    42.41    24.87
1976    8    20.23    23.34
1976    9    33.58    17.15
1976   10    18.19    10.97
1976   11    29.96     4.42
1976   12    40.71    -9.96
1977    1    14.71   -11.66
1977    2    32.48    -2.56
1977    3    65.90     5.90
1977    4    47.64    17.19
1977    5   113.91    18.26
1977    6   110.12    22.82
1977    7    56.86    24.83
1977    8    60.43    22.33
1977    9    29.81    18.63
1977   10    10.25    12.26
1977   11    31.34     3.62
1977   12    12.12    -1.22
1978    1    31.69    -6.11
1978    2    22.01    -0.49
1978    3    62.83    10.20
1978    4   103.42    13.22
1978    5   138.04    20.11
1978    6    59.33    22.73
1978    7    24.97    24.85
1978    8    22.42    21.88
1978    9    24.70    16.98
1978   10    76.84     9.20
1978   11    12.86     6.39
1978   12    26.43     0.98
1979    1    16.40    -5.19
1979    2    25.31     1.99
1979    3    49.79     3.99
1979    4    32.96    12.50
1979    5   106.98    18.96
1979    6    63.93    24.38
1979    7    34.62    25.25
1979    8    45.51    23.01
1979    9    12.92    15.85
1979   10    32.77     8.68
1979   11    43.08     2.65
1979   12    27.07    -8.01
1980    1    23.08    -9.08
1980    2    16.04    -3.72
1980    3    32.45     6.40
1980    4    79.97    17.29
1980    5    81.14    17.49
1980    6    23.60    23.21
1980    7    38.79    22.88
1980    8    14.32    22.22
1980    9    11.94    16.67
1980   10    27.04     9.43
1980   11    44.88     1.92
1980   12    33.27    -9.32
1981    1    14.00   -17.33
1981    2    20.88    -6.25
1981    3    53.95     8.01
1981    4    94.00     9.34
1981    5   131.88    18.52
1981    6   114.11    22.77
1981    7    35.78    26.24
1981    8    39.63    22.16
1981    9    26.52    17.44
1981   10    62.81    11.25
1981   11    17.54     5.56
1981   12    29.39    -0.73
1982    1    19.55    -0.96
1982    2    18.23    -4.63
1982    3    62.07     9.54
1982    4    79.92    14.04
1982    5   111.06    17.88
1982    6    62.30    23.41
1982    7    66.85    23.27
1982    8    37.37    22.70
1982    9     5.08    15.80
1982   10    37.54     9.68
1982   11    30.76     5.82
1982   12    37.16    -0.84
1983    1    10.93    -1.28
1983    2    15.29     0.72
1983    3    54.88     6.03
1983    4    76.97    13.12
1983    5    66.48    19.42
1983    6    96.79    24.25
1983    7    54.36    23.56
1983    8    66.20    22.40
1983    9    10.66    17.72
1983   10    24.43     8.94
1983   11    34.52     4.06
1983   12    41.48    -6.44
1984    1    20.33   -13.96
1984    2    22.54    -5.34
1984    3    35.44    -3.87
1984    4    91.95    11.81
1984    5    80.85    17.69
1984    6    99.29    22.87
1984    7    32.27    24.10
1984    8    10.08    23.54
1984    9    75.82    17.12
1984   10    51.83     8.13
1984   11    22.16     2.73
1984   12    37.47    -0.65
1985    1    13.09   -12.66
1985    2    57.10    -2.62
1985    3    55.62     3.42
1985    4    82.41    10.48
1985    5    78.71    19.10
1985    6    69.32    26.86
1985    7    26.14    24.40
1985    8    20.07    23.18
1985    9     4.98    17.71
1985   10     9.52    12.81
1985   11    42.14     3.05
1985   12    32.35     0.16
1986    1    26.53    -3.75
1986    2    27.81    -3.96
1986    3    50.89     2.33
1986    4    50.87    12.75
1986    5    60.91    19.48
1986    6    34.16    23.54
1986    7    30.45    23.27
1986    8    40.98    24.17
1986    9    35.29    17.10
1986   10    41.95     7.81
1986   11    25.23     3.52
1986   12    34.00    -0.21
1987    1    29.21    -3.35
1987    2    36.10     0.24
1987    3    39.24     4.79
1987    4    87.84    11.92
1987    5   112.03    19.03
1987    6    49.26    23.85
1987    7    12.50    24.81
1987    8    50.12    21.90
1987    9    38.64    17.86
1987   10    21.20    10.48
1987   11    39.81     3.47
1987   12    29.53    -2.28
1988    1    20.70    -2.44
1988    2    34.01    -4.73
1988    3    86.57     2.69
1988    4   111.80    10.71
1988    5   138.09    17.60
1988    6    82.94    25.54
1988    7    31.66    24.35
1988    8    13.14    22.82
1988    9    45.47    16.45
1988   10    52.99     7.75
1988   11    17.92     4.37
1988   12    53.57    -3.96
1989    1    22.58   -12.90
1989    2     7.22   -15.03
1989    3    26.51    -3.33
1989    4    73.42    11.12
1989    5   131.16    18.40
1989    6    82.65    26.46
1989    7    56.03    25.18
1989    8    14.35    24.68
1989    9     9.31    18.87
1989   10    78.03     9.88
1989   11    20.44     4.19
1989   12    17.12    -5.44
1990    1    15.38    -4.81
1990    2    43.60     2.61
1990    3    67.13     5.42
1990    4   132.11     9.67
1990    5   104.37    18.00
1990    6    49.60    23.20
1990    7    55.67    24.44
1990    8    52.30    23.69
1990    9    68.99    15.45
1990   10    36.83    11.89
1990   11    18.48     7.02
1990   12     9.70    -3.25
1991    1    20.72    -0.95
1991    2    46.21     1.21
1991    3    20.15     6.49
1991    4    79.99    14.66
1991    5   118.92    20.39
1991    6    38.92    24.86
1991    7    74.47    24.37
1991    8    22.77    23.76
1991    9    23.99    16.17
1991   10    40.40     9.09
1991   11    40.84     5.19
1991   12    29.60     0.65
1992    1    28.04    -5.39
1992    2    21.68     0.88
1992    3    43.11     5.89
1992    4    83.82    13.62
1992    5    58.96    18.91
1992    6    51.01    24.85
1992    7    27.53    25.20
1992    8    22.86    21.67
1992    9    60.44    17.06
1992   10     3.25    10.36
1992   11    13.45     3.99
1992   12    36.31     0.38
1993    1    16.10    -4.06
1993    2    26.33    -0.03
1993    3    41.62     9.15
1993    4    51.14    11.87
1993    5   118.10    18.54
1993    6   133.94    24.00
1993    7    17.14    25.75
1993    8     3.36    23.18
1993    9    21.23    17.74
1993   10    36.88    13.00
1993   11    32.78     2.66
1993   12    31.34    -0.13
1994    1    41.55    -5.31
1994    2    51.59    -0.03
1994    3    47.27     4.49
1994    4    71.36    12.89
1994    5    64.21    19.21
1994    6    74.62    23.47
1994    7    31.27    24.84
1994    8    44.05    21.99
1994    9    78.16    16.69
1994   10    42.57     9.64
1994   11    43.33     4.42
1994   12    33.45     2.85
1995    1    15.74    -0.44
1995    2    26.17     0.65
1995    3    85.87     7.90
1995    4   122.41    14.86
1995    5    91.47    18.03
1995    6    57.70    25.88
1995    7    50.17    24.95
1995    8    26.06    24.15
1995    9    48.08    18.46
1995   10     8.96    13.16
1995   11    22.15     6.67
1995   12    30.17     2.24
1996    1    35.97     0.48
1996    2    19.75    -0.19
1996    3    63.40     2.93
1996    4   119.51     8.83
1996    5   116.80    18.22
1996    6    37.59    23.84
1996    7    43.53    26.95
1996    8     3.23    23.16
1996    9    44.07    17.30
1996   10     7.66    11.31
1996   11    36.18     5.27
1996   12    19.02     0.70
1997    1    21.45    -5.26
1997    2    47.75    -5.30
1997    3    23.60     6.96
1997    4    39.33    14.59
1997    5    97.65    18.86
1997    6    38.16    25.29
1997    7    22.73    25.93
1997    8     8.10    24.19
1997    9    59.32    18.36
1997   10    23.27    10.49
1997   11    26.62     5.04
1997   12    26.47    -0.68
1998    1    39.63    -5.14
1998    2    47.67     2.90
1998    3    67.95     7.91
1998    4   138.22    12.69
1998    5    97.09    19.69
1998    6   124.57    24.76
1998    7    19.21    25.72
1998    8    43.58    22.56
1998    9    81.99    17.58
1998   10   102.84     9.36
1998   11    30.94     2.18
1998   12    21.02    -3.44
1999    1    28.64     0.47
1999    2    52.92     2.37
1999    3    68.66     3.47
1999    4    33.87    12.59
1999    5    95.73    20.29
1999    6    47.72    24.05
1999    7    81.97    24.88
1999    8    52.08    22.83
1999    9    38.24    19.04
1999   10    51.42    11.01
1999   11    29.35     7.15
1999   12    36.26    -1.70
2000    1    22.54    -3.77
2000    2    20.71    -1.70
2000    3    70.35     0.95
2000    4    61.34    10.74
2000    5   117.20    17.89
2000    6   124.56    25.88
2000    7     4.44    25.39
2000    8    11.31    24.07
2000    9    16.05    18.86
2000   10    30.06    11.66
2000   11    16.11     4.04
2000   12    44.17    -6.51
2001    1    20.54    -9.95
2001    2    34.30   -10.78
2001    3    39.56    -0.48
2001    4    50.86    12.76
2001    5   103.57    19.98
2001    6    53.30    26.46
2001    7    50.63    25.45
2001    8     6.94    24.33
2001    9     3.50    18.51
2001   10    70.03     9.14
2001   11    22.18     5.99
2001   12    47.54    -1.53
2002    1    18.98     2.05
2002    2    18.60     4.00
2002    3    39.55     7.60
2002    4   128.79    14.45
2002    5    84.83    21.17
2002    6    18.58    24.83
2002    7    27.32    25.35
2002    8    48.79    23.99
2002    9    48.30    17.03
2002   10     4.90    11.99
2002   11    24.22     7.52
2002   12    30.62     2.77
2003    1    30.86     1.35
2003    2    41.54     3.07
2003    3    58.92     5.84
2003    4    67.92    12.38
2003    5    94.98    18.02
2003    6   107.57    24.07
2003    7    14.35    26.94
2003    8    17.30    24.04
2003    9    76.51    17.17
2003   10    19.64    14.18
2003   11    17.12     7.53
2003   12    38.65     2.22
2004    1    23.12     1.45
2004    2    25.57     5.13
2004    3    69.85     8.68
2004    4    64.84    12.74
2004    5    68.63    17.63
2004    6    44.23    28.07
2004    7    43.61    26.22
2004    8    82.85    22.87
2004    9    23.06    16.86
2004   10    15.05    12.26
2004   11    37.99     5.73
2004   12    23.95    -3.17
2005    1    41.18     0.58
2005    2    37.18    -2.01
2005    3    31.78     5.11
2005    4    91.20    13.83
2005    5   100.69    18.55
2005    6   115.57    25.31
2005    7    47.05    24.17
2005    8    15.21    22.73
2005    9    24.40    18.58
2005   10    33.55    12.82
2005   11    33.34     0.68
2005   12    25.14   -10.86
