2006    1    93.03     1.93
2006    2    50.38     0.26
2006    3    56.67     1.82
2006    4    52.10     7.36
2006    5    52.27    14.15
2006    6    41.95    20.09
2006    7     7.66    24.34
2006    8     7.88    22.74
2006    9    44.12    16.70
2006   10    48.35    12.66
2006   11    57.83     7.83
2006   12    98.95     4.74
2007    1    75.67    -0.11
2007    2    47.68     3.30
2007    3    38.45     4.91
2007    4    40.96     7.66
2007    5    64.75    12.77
2007    6     4.51    20.43
2007    7    21.97    25.60
2007    8     0.54    22.78
2007    9    56.58    17.45
2007   10   134.10    11.32
2007   11    31.49     6.36
2007   12    61.52     2.39
2008    1    82.10     2.30
2008    2    63.00     1.98
2008    3    70.59     1.64
2008    4    61.45     9.03
2008    5   111.14    11.05
2008    6    38.90    17.15
2008    7     8.61    20.25
2008    8     2.42    21.85
2008    9    12.43    17.06
2008   10    32.65    10.61
2008   11    49.95     8.55
2008   12   133.94     2.55
2009    1    83.64     2.65
2009    2    60.59     2.39
2009    3    34.00     3.76
2009    4    52.00     7.57
2009    5    41.17    12.17
2009    6    16.72    20.87
2009    7     1.67    25.63
2009    8     5.21    24.81
2009    9    37.05    17.81
2009   10    50.95    12.86
2009   11    48.06     7.75
2009   12    59.51     5.79
2010    1    72.62     4.53
2010    2    21.38     4.19
2010    3    66.06     3.27
2010    4    43.10    10.08
2010    5    78.48    12.44
2010    6    28.34    20.85
2010    7     2.69    26.47
2010    8     1.54    23.38
2010    9    32.11    19.49
2010   10    38.59    11.74
2010   11    80.40     8.15
2010   12    71.20     1.93
2011    1    64.46    -2.40
2011    2    67.81     1.05
2011    3    68.94     3.02
2011    4    18.76    10.76
2011    5    86.82    12.76
2011    6    40.17    19.70
2011    7     0.88    25.35
2011    8     6.65    23.10
2011    9     5.19    20.80
2011   10   116.36    13.47
2011   11    88.46     7.53
2011   12    69.76     5.37
2012    1    54.90     3.49
2012    2    54.66     2.57
2012    3    53.57     2.47
2012    4    42.64    11.79
2012    5    47.16    14.61
2012    6    16.34    21.48
2012    7     4.12    25.81
2012    8    57.63    21.23
2012    9    27.88    15.33
2012   10    12.42    12.12
2012   11    84.09     8.71
2012   12    63.62     4.10
2013    1    49.61     2.38
2013    2    89.23    -1.79
2013    3    51.17     4.68
2013    4    63.04     7.34
2013    5    70.65    11.07
2013    6    41.05    19.17
2013    7     5.81    25.08
2013    8     0.27    20.87
2013    9    16.10    19.39
2013   10    72.69    12.51
2013   11    79.39     7.75
2013   12    90.42     3.71
2014    1   104.70     4.64
2014    2    96.41    -1.62
2014    3    79.30     4.49
2014    4    33.83     9.04
2014    5    68.16    13.24
2014    6    21.49    21.55
2014    7    13.06    23.10
2014    8     6.06    24.78
2014    9    23.48    18.71
2014   10    42.77    12.63
2014   11   109.86     8.19
2014   12    69.05     5.72
2015    1    76.19     3.61
2015    2    55.25     1.08
2015    3    30.63     2.25
2015    4    28.48     9.91
2015    5    47.53    12.26
2015    6    47.08    20.76
2015    7    19.71    23.49
2015    8     0.27    22.38
2015    9    14.39    16.74
2015   10     7.29    12.47
2015   11   134.65     6.81
2015   12    77.55     3.91
2016    1    48.86     2.58
2016    2    71.30    -2.44
2016    3    57.74     2.95
2016    4    69.11     7.22
2016    5    33.61    15.72
2016    6    26.77    21.02
2016    7    16.01    24.50
2016    8     0.00    22.44
2016    9    19.81    16.80
2016   10    28.28    13.89
2016   11    40.65     9.51
2016   12    64.45     5.12
2017    1    86.58     3.35
2017    2    43.79     2.01
2017    3    74.51     3.00
2017    4   129.78     6.59
2017    5   103.01    13.22
2017    6    39.78    17.62
2017    7    10.65    24.57
2017    8     2.54    22.89
2017    9    19.00    17.35
2017   10    41.07    13.11
2017   11   103.84     7.95
2017   12    67.54     2.61
2018    1    89.06     2.73
2018    2    70.00     1.40
2018    3    51.59     4.87
2018    4    77.41     4.78
2018    5    55.58    11.59
2018    6    32.13    22.44
2018    7    14.14    23.14
2018    8    10.88    21.33
2018    9    27.27    15.85
2018   10   132.56    10.20
2018   11    60.51     8.44
2018   12   115.02     5.01
2019    1    90.50     3.88
2019    2    66.08     2.30
2019    3    63.27     6.19
2019    4    55.48     9.43
2019    5    29.25    14.20
2019    6    74.38    21.00
2019    7     4.68    25.65
2019    8     1.80    23.17
2019    9     5.62    18.01
2019   10    18.27    16.45
2019   11    53.28     8.91
2019   12   102.45     2.88
2020    1    75.07     4.32
2020    2    66.56     2.37
2020    3    73.39     3.54
2020    4    37.04     8.53
2020    5    34.17    12.98
2020    6    21.66    20.45
2020    7     5.42    26.24
2020    8     8.57    23.19
2020    9    17.12    16.09
2020   10    29.99    14.68
2020   11    97.11     8.83
2020   12    70.16     6.12
2021    1    89.32     4.78
2021    2    52.21     3.76
2021    3   109.68     3.72
2021    4    20.80     9.75
2021    5   114.49    13.36
2021    6    20.67    18.35
2021    7     1.23    25.35
2021    8     1.77    23.63
2021    9    27.16    17.46
2021   10    43.23    11.75
2021   11    50.91     7.16
2021   12    82.98     5.26
2022    1    64.87     0.53
2022    2    62.49     3.29
2022    3    82.10     3.85
2022    4    22.21    10.12
2022    5    27.04    15.21
2022    6    31.46    21.61
2022    7     0.96    26.36
2022    8     0.84    22.36
2022    9    22.01    18.33
2022   10    88.41    10.33
2022   11    89.09     6.41
2022   12    85.59     5.05
2023    1   108.52     2.79
2023    2    48.74    -1.70
2023    3    61.39     4.91
2023    4    82.54     5.94
2023    5   102.58    10.43
2023    6   108.84    16.42
2023    7    12.17    21.68
2023    8     2.82    24.44
2023    9    12.27    18.03
2023   10    28.42    14.26
2023   11    85.31     8.56
2023   12   123.91     2.74
2024    1    86.45     1.61
2024    2    59.63     0.87
2024    3    61.54     4.00
2024    4    50.67     8.75
2024    5    26.50    14.88
2024    6    46.62    19.81
2024    7     5.54    24.87
2024    8     0.92    21.99
2024    9     5.29    18.57
2024   10    24.93    13.97
2024   11    62.90     9.71
2024   12   121.18     5.57
2025    1    51.94     3.83
2025    2    57.43     3.62
2025    3   102.69     3.62
2025    4    11.96    11.34
2025    5    30.78    14.29
2025    6    44.26    20.70
2025    7    40.59    23.31
2025    8    10.59    23.61
2025    9    29.29    15.37
2025   10    76.57    12.82
2025   11    89.86     6.91
2025   12   106.67     0.63
2026    1    96.02     0.62
2026    2    55.45     2.00
2026    3    64.18     4.66
2026    4    36.81    10.08
2026    5    32.98    15.75
2026    6    28.90    21.86
2026    7     3.01    27.95
2026    8     2.02    25.47
2026    9    71.33    15.62
2026   10    27.08    15.39
2026   11    92.32    10.45
2026   12    77.32     4.76
2027    1    87.73     1.17
2027    2    37.30     3.40
2027    3    99.15     4.30
2027    4    48.58     5.99
2027    5    33.87    14.68
2027    6    12.70    20.29
2027    7    11.71    25.88
2027    8    16.09    23.01
2027    9    13.61    21.79
2027   10    20.93    14.63
2027   11   116.60     8.52
2027   12    95.70     4.37
2028    1    77.35     4.98
2028    2   121.01     3.81
2028    3    76.55     5.18
2028    4    61.81     6.75
2028    5    17.23    16.19
2028    6     2.87    21.29
2028    7     0.58    26.30
2028    8     0.11    25.94
2028    9     0.66    22.99
2028   10    63.23    13.53
2028   11    20.61     9.21
2028   12    69.04     6.09
2029    1   102.34     2.98
2029    2    71.25     3.13
2029    3    60.65     6.54
2029    4    20.94    13.66
2029    5    66.29    13.05
2029    6    49.94    20.40
2029    7     7.18    26.19
2029    8     3.96    25.24
2029    9    16.19    19.69
2029   10    73.07    14.10
2029   11   110.30     6.45
2029   12    68.89     3.94
2030    1    87.48     1.74
2030    2    63.26     1.18
2030    3    38.25     5.75
2030    4    35.04    11.42
2030    5    40.19    16.87
2030    6    22.43    21.86
2030    7     1.17    25.54
2030    8     1.03    22.48
2030    9    54.86    14.02
2030   10    72.94    11.59
2030   11    71.87     7.47
2030   12    68.51     3.74
2031    1    68.90     2.35
2031    2    81.32     0.58
2031    3    71.96     3.43
2031    4    78.07     5.96
2031    5    33.36    16.07
2031    6    42.32    20.78
2031    7     9.65    23.55
2031    8     0.74    21.55
2031    9    10.35    17.94
2031   10    30.12    11.04
2031   11    76.67     8.39
2031   12   105.58     4.07
2032    1    51.93     3.08
2032    2    53.33     2.56
2032    3    44.61     6.96
2032    4    31.22    12.72
2032    5    38.27    13.88
2032    6    10.11    23.00
2032    7    21.56    25.24
2032    8     0.00    23.01
2032    9    13.24    20.03
2032   10    86.73    11.42
2032   11    67.44     9.08
2032   12    68.72     7.02
2033    1    98.92     4.44
2033    2    50.67     0.72
2033    3    60.00     5.45
2033    4    57.70     9.65
2033    5    33.41    15.80
2033    6    16.63    23.50
2033    7     5.50    27.52
2033    8    14.03    22.62
2033    9    13.04    18.46
2033   10    32.81    15.67
2033   11    83.35     9.42
2033   12   126.17     4.34
2034    1    91.94     1.96
2034    2    81.92     3.34
2034    3    66.44     5.20
2034    4    57.78     7.12
2034    5    43.59    14.86
2034    6    84.83    18.54
2034    7     2.64    26.57
2034    8     1.63    25.56
2034    9    43.57    18.29
2034   10    15.76    15.21
2034   11    66.84     7.85
2034   12    94.77     3.19
2035    1    62.47     5.79
2035    2    88.44     5.03
2035    3   133.62     2.91
2035    4    53.01     9.47
2035    5    45.67    14.99
2035    6    43.45    18.74
2035    7    25.16    23.34
2035    8     6.04    25.56
2035    9    32.68    18.41
2035   10    50.38    12.53
2035   11   108.79     8.50
2035   12    84.10     5.51
2036    1    83.93     1.86
2036    2    63.47     4.29
2036    3    87.76     4.71
2036    4    79.43     9.53
2036    5    55.54    13.68
2036    6    56.21    18.13
2036    7     6.03    24.04
2036    8    16.32    24.19
2036    9    21.95    17.91
2036   10    44.56    13.85
2036   11   121.42     8.63
2036   12    61.69     6.90
2037    1   113.52     4.55
2037    2    57.54     6.01
2037    3   109.74     5.73
2037    4    30.01    11.46
2037    5    35.26    17.70
2037    6    55.28    22.65
2037    7    17.25    25.12
2037    8     0.73    25.58
2037    9    20.31    16.36
2037   10    63.77    15.10
2037   11    81.01     8.50
2037   12    92.98     5.72
2038    1    68.04     5.26
2038    2    61.94     4.31
2038    3    83.05     4.16
2038    4    34.21    11.46
2038    5    61.03    14.51
2038    6    57.01    22.51
2038    7     5.96    26.63
2038    8     2.49    22.92
2038    9     8.53    17.96
2038   10    22.36    12.93
2038   11    47.17     7.68
2038   12   146.07     5.50
2039    1    80.07     4.32
2039    2   114.27     1.91
2039    3    43.21     7.10
2039    4    52.08     9.49
2039    5    37.78    14.44
2039    6    13.19    23.15
2039    7     1.64    27.14
2039    8     0.02    24.78
2039    9    42.89    18.52
2039   10    41.39    14.07
2039   11    52.99    10.27
2039   12    74.36     4.09
2040    1   112.43     0.87
2040    2    58.79     3.17
2040    3    54.88     6.47
2040    4    78.31     9.17
2040    5    42.20    15.44
2040    6    11.45    23.57
2040    7     0.01    25.63
2040    8     9.04    21.91
2040    9    21.18    20.54
2040   10    50.01    18.52
2040   11    99.83    10.26
2040   12    90.24     6.96
2041    1    98.78     4.72
2041    2    32.63     4.76
2041    3    95.25     4.49
2041    4    73.22     6.69
2041    5    30.75    15.31
2041    6    44.08    21.91
2041    7    22.61    23.91
2041    8     0.70    24.00
2041    9    26.48    19.50
2041   10    27.52    14.91
2041   11    59.96     9.01
2041   12    80.20     4.25
2042    1   107.77     6.03
2042    2    63.56     5.18
2042    3    42.27     7.74
2042    4    67.80     9.25
2042    5    96.40    12.70
2042    6    21.92    21.37
2042    7     5.35    25.32
2042    8     0.71    24.06
2042    9    30.94    18.17
2042   10    69.44    15.10
2042   11    84.70     6.14
2042   12    92.33     4.54
2043    1   116.90     1.40
2043    2    78.66     2.15
2043    3    68.03     2.29
2043    4    41.75     8.91
2043    5    18.20    13.72
2043    6    14.00    23.00
2043    7     4.00    26.16
2043    8     3.96    26.72
2043    9     9.98    19.13
2043   10    58.08    12.41
2043   11   169.27     9.44
2043   12    82.51     6.66
2044    1   125.78     3.16
2044    2    72.74     4.87
2044    3    31.58     3.97
2044    4    61.19     8.52
2044    5    60.19    12.68
2044    6    37.21    21.25
2044    7    11.44    27.21
2044    8     0.20    24.62
2044    9     4.53    19.13
2044   10   124.84    11.17
2044   11    69.65     8.70
2044   12    70.83     4.01
2045    1   108.17     1.11
2045    2    46.12     4.37
2045    3    32.08     7.13
2045    4    40.89     9.17
2045    5    27.65    15.77
2045    6    66.02    19.95
2045    7     3.91    28.44
2045    8     0.73    26.85
2045    9    41.18    18.31
2045   10    40.26    10.89
2045   11    75.62     8.05
2045   12    75.61     4.52
2046    1    87.51     3.76
2046    2    49.17     1.91
2046    3    62.04     6.40
2046    4    38.82     6.99
2046    5    36.84    15.88
2046    6    25.12    22.75
2046    7     4.36    25.67
2046    8     2.27    26.89
2046    9     5.08    19.79
2046   10     5.11    14.73
2046   11    36.89     7.56
2046   12   107.50     6.26
2047    1    96.87     3.08
2047    2    75.50     1.91
2047    3    71.84     5.37
2047    4    57.90     8.60
2047    5    37.77    14.03
2047    6    10.06    23.50
2047    7     6.29    24.42
2047    8     1.38    24.27
2047    9    24.69    21.68
2047   10    47.00    12.63
2047   11    75.08     9.78
2047   12   104.34     5.67
2048    1    85.79     3.88
2048    2    97.35     0.68
2048    3   121.56     6.18
2048    4    69.37     8.91
2048    5    19.20    17.87
2048    6    28.96    20.52
2048    7     4.38    26.00
2048    8     1.26    24.85
2048    9     7.12    18.04
2048   10    17.62    13.59
2048   11     8.34    10.01
2048   12   102.93     5.86
2049    1    84.89     1.83
2049    2    60.96     2.16
2049    3    80.45     4.41
2049    4    55.54     9.22
2049    5    16.86    16.24
2049    6    11.08    24.30
2049    7     1.09    25.41
2049    8     9.11    22.67
2049    9    20.10    18.60
2049   10    10.95    18.14
2049   11    65.80     7.26
2049   12    94.76     6.04
2050    1    99.92     2.02
2050    2    83.25     4.68
2050    3    33.92     9.02
2050    4    47.08    12.09
2050    5    32.95    18.27
2050    6    18.55    23.72
2050    7     0.42    26.24
2050    8     0.09    28.20
2050    9    33.49    20.33
2050   10    68.27    12.98
2050   11    51.08    10.02
2050   12    92.10     6.67
2051    1    99.99     3.44
2051    2    48.20     4.76
2051    3    49.63     6.62
2051    4    50.66     8.88
2051    5    64.85    16.23
2051    6     8.51    20.48
2051    7    17.89    23.60
2051    8     8.42    26.16
2051    9    98.05    16.88
2051   10    58.12    12.45
2051   11    92.78    10.59
2051   12    67.42     5.80
2052    1    91.00     0.32
2052    2    90.83     4.82
2052    3    76.63     5.87
2052    4    49.27    10.80
2052    5    49.68    15.97
2052    6    17.22    22.04
2052    7     0.62    25.42
2052    8     0.19    24.19
2052    9    27.20    19.74
2052   10   108.75    10.82
2052   11    77.87     7.94
2052   12    91.86     6.39
2053    1   149.54     0.64
2053    2    83.76     3.23
2053    3    53.49     7.59
2053    4    83.61     8.00
2053    5    47.76    12.33
2053    6    50.23    21.02
2053    7     0.98    26.99
2053    8     0.54    27.51
2053    9     0.24    20.56
2053   10    46.82    15.58
2053   11    79.13    11.39
2053   12   125.19     6.63
2054    1    56.82     2.58
2054    2    33.32     1.70
2054    3    53.47     8.13
2054    4    23.56    12.03
2054    5    40.10    15.58
2054    6    54.69    21.31
2054    7    28.00    26.92
2054    8     1.71    26.36
2054    9     8.60    23.33
2054   10    81.56    14.58
2054   11    72.66     9.17
2054   12    88.59     6.73
2055    1    58.85     3.25
2055    2    69.59     1.45
2055    3    46.87     6.13
2055    4    66.53     9.29
2055    5    69.83    13.07
2055    6    42.42    22.05
2055    7     1.93    26.90
2055    8     0.02    24.84
2055    9    55.03    17.38
2055   10    84.10    12.86
2055   11    17.87    10.76
2055   12    84.94     5.54
2056    1   108.86     3.14
2056    2    55.80     4.71
2056    3    91.58     4.06
2056    4    97.05     8.43
2056    5    35.90    13.67
2056    6    22.27    22.50
2056    7    22.56    25.79
2056    8     0.38    25.39
2056    9    13.06    22.17
2056   10   150.67    10.65
2056   11    74.39     8.87
2056   12    94.56     4.50
2057    1    71.85     3.85
2057    2    70.74     4.47
2057    3    53.65     6.49
2057    4    68.00     9.39
2057    5    41.92    15.48
2057    6    12.87    22.03
2057    7     2.63    27.50
2057    8     1.23    26.06
2057    9    13.07    21.18
2057   10    32.58    13.99
2057   11    48.09     9.41
2057   12    43.88     5.50
2058    1    96.85     4.82
2058    2    30.20     4.26
2058    3    63.79     6.81
2058    4    20.60    11.73
2058    5    59.79    15.66
2058    6    29.62    23.03
2058    7     0.03    28.27
2058    8     9.18    27.12
2058    9    30.14    22.27
2058   10    49.85    12.34
2058   11    48.41     7.77
2058   12    88.27     5.93
2059    1    73.67     3.90
2059    2    68.36     4.35
2059    3    63.03     7.58
2059    4    49.25     7.55
2059    5    36.20    14.06
2059    6    18.27    24.12
2059    7     0.07    29.39
2059    8     1.57    25.30
2059    9    30.54    19.53
2059   10    22.46    14.98
2059   11    98.02     8.59
2059   12    74.81     6.69
2060    1    93.72     4.21
2060    2    66.96     4.99
2060    3    67.15     6.51
2060    4    27.71     9.51
2060    5    30.96    16.58
2060    6    11.82    21.91
2060    7     5.37    29.65
2060    8     0.16    27.96
2060    9    16.03    22.90
2060   10    38.24    13.26
2060   11    32.59     8.99
2060   12    48.08     5.43
2061    1    40.62     4.31
2061    2    86.88     2.48
2061    3    43.20     8.86
2061    4    86.43     7.60
2061    5    59.02    15.83
2061    6    24.18    22.62
2061    7     2.89    28.49
2061    8     3.32    29.04
2061    9     9.05    22.43
2061   10    48.39    13.72
2061   11    66.10     8.86
2061   12    89.07     6.47
2062    1    97.18     2.31
2062    2    84.01     1.44
2062    3    77.43     3.54
2062    4    39.56    11.43
2062    5    47.30    14.07
2062    6    16.90    20.56
2062    7     2.24    28.64
2062    8     0.98    27.93
2062    9    56.87    20.69
2062   10    53.04    14.79
2062   11    41.03     9.32
2062   12   104.48     5.51
2063    1   111.08     3.25
2063    2    40.65     6.79
2063    3    72.14     8.87
2063    4    40.71    11.35
2063    5   107.95    14.76
2063    6    34.53    22.74
2063    7     9.15    26.57
2063    8     3.40    27.86
2063    9     1.20    21.78
2063   10    73.18    12.93
2063   11    65.83     7.55
2063   12    67.87     5.01
2064    1    93.16     3.39
2064    2    98.91     3.08
2064    3    27.84     8.25
2064    4    67.23    11.04
2064    5    83.22    13.47
2064    6     1.22    23.94
2064    7     1.94    26.71
2064    8     2.63    23.28
2064    9    16.92    17.97
2064   10    37.89    14.25
2064   11    82.64     9.41
2064   12    98.27     5.78
2065    1   103.28     2.78
2065    2    43.17     1.83
2065    3    66.79     5.83
2065    4    38.83    12.23
2065    5    22.89    15.20
2065    6     4.02    26.13
2065    7    11.13    30.62
2065    8     5.37    26.92
2065    9     0.83    19.47
2065   10    47.06    13.52
2065   11    36.84     7.28
2065   12    47.07     7.99
2066    1    62.10     4.90
2066    2    43.41     2.72
2066    3   111.66     6.80
2066    4    19.98    14.72
2066    5    73.40    19.02
2066    6    20.91    22.27
2066    7    12.57    26.40
2066    8     2.20    26.35
2066    9   108.47    18.81
2066   10    35.66    14.91
2066   11    41.99     9.19
2066   12    94.48     6.68
2067    1    67.44     4.07
2067    2    60.08     4.61
2067    3    38.55     5.41
2067    4    86.17     8.92
2067    5    11.10    16.62
2067    6    21.77    23.15
2067    7     6.76    29.77
2067    8     7.26    26.21
2067    9    14.54    19.93
2067   10    21.86    15.84
2067   11    51.12     9.84
2067   12    64.10     4.67
2068    1   114.61     6.76
2068    2    44.99     3.83
2068    3    59.58     6.74
2068    4    29.99    12.46
2068    5    17.18    17.06
2068    6    14.82    25.31
2068    7     1.61    28.50
2068    8    13.84    26.11
2068    9     8.84    22.31
2068   10    31.62    12.19
2068   11    57.74    10.45
2068   12   135.48     7.99
2069    1    99.05     3.88
2069    2    65.60     4.31
2069    3   108.09     6.12
2069    4    58.46    13.18
2069    5    44.81    15.18
2069    6    54.85    20.76
2069    7     0.85    28.67
2069    8    25.14    25.63
2069    9    31.21    19.10
2069   10    64.15    12.66
2069   11    37.34    11.30
2069   12    85.62     7.28
2070    1    95.40     6.18
2070    2    88.52     2.84
2070    3   104.52     4.92
2070    4   111.76     7.73
2070    5    17.61    18.18
2070    6    18.29    21.73
2070    7     0.03    29.56
2070    8     2.24    26.64
2070    9    16.58    21.28
2070   10    46.67    14.75
2070   11    86.68    10.61
2070   12   128.79     6.81
2071    1    55.00     5.23
2071    2    62.52     2.80
2071    3   104.83     5.48
2071    4    40.92     9.84
2071    5    26.60    18.55
2071    6    65.86    22.34
2071    7    13.44    26.92
2071    8     0.10    29.23
2071    9     6.06    21.41
2071   10    27.24    14.62
2071   11    91.45     9.60
2071   12    72.36     7.24
2072    1    86.45     7.56
2072    2    53.12     6.09
2072    3    77.31     7.53
2072    4    34.66    12.36
2072    5    70.02    17.56
2072    6    12.95    26.82
2072    7     0.00    31.26
2072    8    10.30    25.94
2072    9     3.26    22.79
2072   10    43.45    15.43
2072   11    65.62    10.60
2072   12    77.53     4.13
2073    1    94.68     3.81
2073    2    59.24     5.83
2073    3    86.04     4.21
2073    4    27.14    13.20
2073    5    24.72    17.23
2073    6    14.47    23.94
2073    7     4.93    29.86
2073    8    14.27    24.23
2073    9     0.11    22.77
2073   10    67.76    15.30
2073   11   104.48    11.19
2073   12    80.88     8.46
2074    1    93.41     5.32
2074    2    79.24     4.75
2074    3    57.21     6.73
2074    4    43.72    11.01
2074    5    64.59    16.97
2074    6    34.02    19.96
2074    7     4.05    27.67
2074    8     0.01    25.37
2074    9    33.56    22.32
2074   10    32.68    15.59
2074   11    51.04     8.87
2074   12   157.99     6.44
2075    1    79.74     5.11
2075    2   102.44     4.79
2075    3    77.62     4.60
2075    4    64.86    10.56
2075    5    47.17    17.95
2075    6    27.53    22.34
2075    7     0.01    28.69
2075    8     3.38    27.00
2075    9     1.53    20.33
2075   10    66.45    15.09
2075   11    54.22    10.89
2075   12    92.78     6.91
2076    1    91.05     5.58
2076    2    68.13     3.43
2076    3    41.92     7.59
2076    4    52.82    11.65
2076    5    89.41    13.83
2076    6    30.86    22.04
2076    7     4.92    27.37
2076    8     0.00    27.18
2076    9     5.95    21.38
2076   10    90.29    13.55
2076   11   116.11     8.82
2076   12   110.71     5.86
2077    1    69.36     5.17
2077    2    41.22     5.61
2077    3    51.73     6.58
2077    4    47.30    11.42
2077    5    84.91    15.53
2077    6    33.28    22.17
2077    7     9.91    26.98
2077    8     2.80    23.86
2077    9    18.66    18.57
2077   10    70.36    12.73
2077   11    66.61     9.71
2077   12    98.53     7.53
2078    1    49.75     6.23
2078    2    24.84     4.52
2078    3    78.25     6.22
2078    4    58.02     9.08
2078    5    25.87    15.92
2078    6    10.87    23.11
2078    7    18.11    28.33
2078    8     4.52    28.31
2078    9     3.38    24.33
2078   10    32.27    16.87
2078   11    46.11    10.63
2078   12   105.97     8.33
2079    1    96.22     7.80
2079    2    85.83     3.99
2079    3    57.04     5.28
2079    4    25.06    15.82
2079    5    27.12    19.02
2079    6    25.67    25.86
2079    7     3.99    27.37
2079    8     0.59    26.73
2079    9     4.89    19.51
2079   10    46.20    12.24
2079   11    91.35     7.06
2079   12   109.37     5.45
2080    1    74.40     0.84
2080    2    52.07     5.20
2080    3    34.47     9.50
2080    4    58.78     9.58
2080    5    31.35    16.62
2080    6     3.67    24.18
2080    7     0.06    28.37
2080    8    14.44    26.55
2080    9    29.34    22.70
2080   10    32.00    17.13
2080   11   115.37     8.31
2080   12    63.72     6.23
2081    1    77.21     3.42
2081    2    49.95     6.95
2081    3    57.64     7.60
2081    4    30.61    10.89
2081    5    53.16    16.96
2081    6     0.92    25.75
2081    7     1.48    27.03
2081    8     1.90    28.45
2081    9    29.86    18.52
2081   10    59.39    14.22
2081   11    69.10    10.54
2081   12   123.07     3.46
2082    1   131.50     4.19
2082    2    66.49     3.81
2082    3    43.56     6.64
2082    4    44.75    12.17
2082    5    63.75    16.56
2082    6     8.59    23.02
2082    7     2.86    30.19
2082    8     5.24    27.69
2082    9    13.85    23.78
2082   10    72.44    16.43
2082   11   100.12     8.80
2082   12    68.36     6.18
2083    1    49.79     5.67
2083    2    53.79     3.67
2083    3    88.11     5.70
2083    4    83.50     9.95
2083    5    24.75    16.86
2083    6     7.79    23.29
2083    7     2.69    28.35
2083    8     3.85    28.23
2083    9    40.99    19.05
2083   10    40.54    17.75
2083   11    58.44    12.52
2083   12   107.90     7.25
2084    1   138.93     2.94
2084    2    47.91     4.58
2084    3    89.40     7.14
2084    4    43.12    11.00
2084    5    54.69    14.11
2084    6     2.98    24.02
2084    7     4.28    26.70
2084    8    12.14    24.83
2084    9    20.54    17.98
2084   10    33.98    15.90
2084   11    91.24     9.09
2084   12    79.25     6.99
2085    1    38.56     4.64
2085    2    65.64     5.23
2085    3    63.28     7.34
2085    4    50.05    11.47
2085    5    42.12    15.78
2085    6    38.47    23.52
2085    7     0.43    31.09
2085    8     2.05    30.11
2085    9    13.45    22.27
2085   10    72.08    13.36
2085   11    29.01    11.43
2085   12    83.19     8.19
2086    1   108.23     5.98
2086    2    97.34     5.60
2086    3    72.42     8.02
2086    4    41.56    12.18
2086    5    33.20    17.04
2086    6     3.27    25.80
2086    7     1.56    29.10
2086    8     1.97    29.44
2086    9     5.95    22.14
2086   10    26.58    16.65
2086   11    53.36    13.08
2086   12    35.50     8.58
2087    1    79.53     3.83
2087    2    36.45     3.95
2087    3    61.73     7.34
2087    4   106.34     7.83
2087    5    23.75    16.66
2087    6    18.41    26.02
2087    7     1.09    29.75
2087    8     4.40    27.36
2087    9     3.31    23.92
2087   10   103.83    17.23
2087   11   107.05     7.96
2087   12    35.92     7.58
2088    1   125.21     6.11
2088    2    65.91     3.72
2088    3    53.48     6.76
2088    4    50.77    12.29
2088    5    49.67    15.07
2088    6     7.90    26.59
2088    7     0.51    31.89
2088    8     0.08    30.17
2088    9    63.07    21.21
2088   10    32.58    17.15
2088   11    59.66    10.47
2088   12    80.13     7.06
2089    1    85.59     3.59
2089    2    79.80     3.31
2089    3    44.75     3.74
2089    4    58.41    10.05
2089    5    61.79    16.65
2089    6     9.07    22.60
2089    7     7.17    26.91
2089    8     0.28    29.21
2089    9     5.80    24.05
2089   10    46.37    17.79
2089   11    89.25     7.99
2089   12    76.22     6.90
2090    1    83.69     5.95
2090    2    57.76     5.25
2090    3    54.08     7.12
2090    4    46.05    10.18
2090    5    34.06    16.05
2090    6    22.27    24.76
2090    7     1.85    30.91
2090    8    11.02    28.72
2090    9    11.25    22.01
2090   10    15.84    19.35
2090   11    43.61    11.22
2090   12    61.07     7.81
2091    1    96.23     4.98
2091    2    46.42     7.42
2091    3    77.76     7.76
2091    4    36.22    13.75
2091    5    48.45    16.63
2091    6     3.46    26.34
2091    7     0.01    30.56
2091    8     0.01    30.02
2091    9    21.45    20.30
2091   10    61.58    16.00
2091   11    66.26    12.66
2091   12   128.90     6.40
2092    1   101.04     1.74
2092    2    78.14     6.74
2092    3    52.69     7.75
2092    4    39.68    12.72
2092    5    10.43    21.05
2092    6    12.97    28.07
2092    7     7.83    30.05
2092    8     1.74    27.43
2092    9     2.35    22.13
2092   10    65.72    15.13
2092   11    75.43    11.20
2092   12    37.76     8.09
2093    1   136.62     6.22
2093    2   104.34     5.28
2093    3    79.01     5.70
2093    4    64.52    12.08
2093    5    29.35    15.42
2093    6     0.89    26.45
2093    7     1.63    28.76
2093    8     0.56    27.20
2093    9    10.95    20.08
2093   10    35.75    17.32
2093   11    58.26    10.14
2093   12    82.73     8.28
2094    1    90.99     5.46
2094    2    89.62     6.15
2094    3    68.50     8.79
2094    4    51.69     8.49
2094    5    23.41    16.95
2094    6    27.55    24.91
2094    7     1.17    29.53
2094    8     0.00    27.70
2094    9     7.79    21.79
2094   10    61.78    16.82
2094   11   137.23    11.74
2094   12    59.54     7.94
2095    1    86.60     3.37
2095    2   109.92     4.41
2095    3   101.47     7.15
2095    4    23.27    13.34
2095    5   119.32    14.85
2095    6     6.73    25.71
2095    7     5.73    31.17
2095    8     4.90    28.03
2095    9     1.17    23.37
2095   10    16.70    19.36
2095   11   146.43    12.23
2095   12    95.60     8.95
2096    1   130.28     4.85
2096    2    69.87     5.80
2096    3    33.68     8.68
2096    4    38.50    11.59
2096    5    34.04    15.95
2096    6     9.78    23.49
2096    7     0.95    31.28
2096    8     0.00    29.36
2096    9     1.67    22.34
2096   10    47.82    14.79
2096   11   101.99    10.79
2096   12    76.90     8.98
2097    1    91.71     6.76
2097    2    69.77     6.44
2097    3   133.04     7.44
2097    4    92.93    11.62
2097    5    69.56    18.06
2097    6    30.71    23.70
2097    7     0.63    30.20
2097    8     0.06    27.11
2097    9    11.07    21.68
2097   10    42.30    13.52
2097   11    76.34    10.99
2097   12    80.68     8.13
2098    1    87.03     6.43
2098    2    76.58     5.96
2098    3    46.57     9.77
2098    4    13.20    17.15
2098    5    32.63    18.87
2098    6    34.93    23.87
2098    7     8.32    27.21
2098    8     0.21    27.18
2098    9     1.38    20.58
2098   10    29.69    16.19
2098   11   102.92     8.00
2098   12   115.31     5.57
2099    1   109.01     5.51
2099    2    79.33     5.34
2099    3    85.23     6.02
2099    4    27.82    12.73
2099    5    95.12    17.16
2099    6    22.76    23.58
2099    7    13.21    27.55
2099    8     0.21    25.87
2099    9    37.22    24.02
2099   10    17.28    16.25
2099   11    83.23    10.37
2099   12    84.14     7.11
2100    1    83.64     3.75
2100    2    87.25     4.54
2100    3    97.39     5.59
2100    4    36.82    11.41
2100    5    37.43    15.26
2100    6     6.36    27.14
2100    7     5.59    30.45
2100    8    17.35    27.06
2100    9    35.60    22.16
2100   10    56.59    17.78
2100   11    59.57    10.54
2100   12   108.24     5.83
2101    1    92.75     3.24
2101    2    69.56     6.99
2101    3   104.13     4.85
2101    4    27.93    12.89
2101    5    45.66    16.16
2101    6    10.68    24.44
2101    7     1.29    28.10
2101    8     0.01    29.44
2101    9    33.16    22.65
2101   10    39.12    16.19
2101   11    69.72    11.12
2101   12   102.70     8.78
2102    1   106.62     4.24
2102    2   120.94     5.41
2102    3    57.89     9.09
2102    4     9.00    13.28
2102    5    12.83    19.47
2102    6     6.98    26.79
2102    7     0.45    30.85
2102    8     1.19    33.02
2102    9    96.42    19.89
2102   10    53.19    13.88
2102   11    38.30    11.33
2102   12    93.41     8.30
2103    1   124.38     2.64
2103    2    79.28     5.30
2103    3    25.74     7.05
2103    4    76.49    11.10
2103    5    57.67    18.36
2103    6    11.15    26.25
2103    7     1.42    28.60
2103    8     3.02    25.61
2103    9    80.05    16.02
2103   10    42.45    14.61
2103   11    79.19    11.71
2103   12    84.58     7.26
2104    1    88.92     3.51
2104    2    32.07     7.25
2104    3    13.25    11.64
2104    4    21.83    14.64
2104    5    26.80    20.11
2104    6    23.37    30.00
2104    7     3.24    30.15
2104    8     0.05    28.78
2104    9    73.12    18.63
2104   10    41.60    15.04
2104   11    51.04    12.61
2104   12    58.67     9.49
2105    1    78.11     6.70
2105    2    59.79     7.28
2105    3    64.10     9.45
2105    4    60.79    10.28
2105    5    40.66    17.36
2105    6    10.21    24.84
2105    7    18.56    30.80
2105    8    12.66    27.98
2105    9    84.41    22.65
2105   10    89.83    15.28
2105   11   111.31    10.62
2105   12    61.59     7.28
2106    1    52.66     5.34
2106    2    77.70     4.68
2106    3    54.12     9.23
2106    4    32.00    12.66
2106    5    74.18    17.86
2106    6    14.99    25.70
2106    7     1.23    32.96
2106    8     0.22    32.93
2106    9    11.56    24.50
2106   10    38.02    16.29
2106   11    70.05    11.25
2106   12   137.62     6.39
2107    1   128.51     4.68
2107    2   137.43     4.37
2107    3   101.01     5.94
2107    4    68.50    11.62
2107    5    45.86    17.11
2107    6     2.98    25.45
2107    7     1.18    30.81
2107    8     1.42    26.72
2107    9     0.40    24.03
2107   10    51.92    15.73
2107   11    51.91    11.54
2107   12    49.30     9.47
2108    1    61.99     5.83
2108    2    64.07     3.57
2108    3    73.43     6.71
2108    4    53.54    11.25
2108    5    20.51    19.31
2108    6    22.29    23.80
2108    7     4.31    31.13
2108    8     0.03    29.71
2108    9    12.18    23.32
2108   10    44.78    16.70
2108   11    95.73    10.84
2108   12   106.44     8.36
2109    1    52.74     6.14
2109    2    93.40     5.37
2109    3    85.10     7.92
2109    4    43.41    10.49
2109    5    48.10    17.72
2109    6     3.32    26.93
2109    7     1.77    31.24
2109    8     3.44    29.40
2109    9     4.91    27.56
2109   10    48.41    17.55
2109   11    82.68    11.38
2109   12   120.13     8.60
2110    1   145.52     4.51
2110    2   113.90     6.17
2110    3    81.40     7.57
2110    4    64.79    12.45
2110    5    63.53    18.47
2110    6    20.93    25.54
2110    7     0.03    28.16
2110    8     0.85    30.55
2110    9     5.88    23.35
2110   10    74.94    16.05
2110   11    40.09    11.89
2110   12    71.28     7.94
2111    1    68.95     7.47
2111    2    62.77     8.12
2111    3    79.38     9.28
2111    4    42.95    11.57
2111    5    32.87    19.76
2111    6     4.87    28.98
2111    7     6.36    32.37
2111    8    20.75    26.70
2111    9     0.79    23.60
2111   10    46.92    16.57
2111   11    64.27    11.75
2111   12    86.18     7.63
2112    1    54.82     4.97
2112    2    94.64     6.72
2112    3    44.11     9.96
2112    4    20.61    13.43
2112    5    31.58    18.89
2112    6     5.06    25.43
2112    7     2.23    33.19
2112    8     3.26    30.27
2112    9     0.19    23.08
2112   10    58.89    18.56
2112   11    91.16    10.76
2112   12    46.90    10.26
2113    1    77.55     6.27
2113    2    99.31     5.69
2113    3    95.93     7.60
2113    4    79.20    12.63
2113    5    22.16    17.81
2113    6     7.50    25.80
2113    7     0.21    30.38
2113    8     0.96    28.10
2113    9    75.18    22.84
2113   10    32.29    16.92
2113   11    55.04    12.17
2113   12    78.27     6.82
2114    1    89.64     4.70
2114    2    75.37     5.97
2114    3    71.88     8.11
2114    4   148.24     9.30
2114    5    91.27    17.15
2114    6    56.61    21.67
2114    7     2.06    31.49
2114    8     4.75    28.81
2114    9    12.64    23.72
2114   10    30.65    17.10
2114   11    93.80    13.79
2114   12    79.81     6.90
2115    1   106.70     6.35
2115    2   101.55     7.05
2115    3   105.44     6.23
2115    4    69.25     9.24
2115    5    43.26    18.94
2115    6     1.01    27.96
2115    7     2.15    31.38
2115    8    17.75    26.46
2115    9    20.55    25.35
2115   10    39.05    16.25
2115   11   108.01    10.61
2115   12    88.53     5.72
2116    1    74.94     5.83
2116    2    58.08     5.42
2116    3    55.50     6.39
2116    4   125.27    10.18
2116    5    38.76    18.69
2116    6    20.48    27.32
2116    7     0.38    33.64
2116    8     0.05    29.38
2116    9    40.49    22.17
2116   10    18.44    14.96
2116   11    67.74    11.74
2116   12    89.74     7.43
2117    1    74.46     6.19
2117    2    61.74     5.88
2117    3    76.61     7.23
2117    4    77.92    11.98
2117    5    54.66    19.54
2117    6     6.21    27.88
2117    7     0.03    31.58
2117    8     0.00    32.34
2117    9     2.23    24.59
2117   10    40.39    17.51
2117   11    64.44     8.29
2117   12   141.37     8.88
2118    1    70.92     5.75
2118    2    45.33     4.95
2118    3    31.92    10.04
2118    4    24.61    15.74
2118    5    21.22    20.64
2118    6     9.09    26.57
2118    7    14.62    28.99
2118    8     0.19    32.21
2118    9    13.09    22.23
2118   10    86.86    19.23
2118   11    72.98    13.31
2118   12   117.10     6.88
2119    1    89.26     7.27
2119    2   103.79     5.80
2119    3    36.87    10.26
2119    4    43.99    11.36
2119    5    19.29    19.43
2119    6     3.43    26.02
2119    7     6.93    28.10
2119    8     0.00    31.32
2119    9     9.39    25.61
2119   10    45.12    19.42
2119   11    70.73    13.03
2119   12   103.14     9.09
2120    1    90.52     6.33
2120    2    81.21     6.94
2120    3   101.00     7.32
2120    4    40.49    12.07
2120    5    35.67    18.24
2120    6    18.48    25.83
2120    7     0.01    33.44
2120    8     0.11    28.80
2120    9     5.75    25.88
2120   10    42.71    18.09
2120   11   116.27    12.25
2120   12    79.04     7.67
2121    1   111.46     5.39
2121    2    97.03     5.87
2121    3    55.87     8.27
2121    4    20.08    15.07
2121    5     9.62    20.80
2121    6    32.77    25.97
2121    7     8.38    30.96
2121    8     1.56    30.87
2121    9     5.08    22.48
2121   10    28.54    18.30
2121   11    84.98    11.40
2121   12    93.69     7.39
2122    1   155.87     5.48
2122    2    55.00     7.93
2122    3    76.06     7.44
2122    4    60.20     9.83
2122    5    53.13    16.41
2122    6    27.92    22.00
2122    7     0.16    28.35
2122    8     2.43    27.05
2122    9    11.71    22.91
2122   10    41.53    18.10
2122   11    27.43    12.86
2122   12    91.17     8.83
2123    1    65.56     6.68
2123    2    83.36     7.73
2123    3    86.81     8.72
2123    4    60.34    12.55
2123    5    33.90    15.77
2123    6    10.61    26.77
2123    7     0.33    31.26
2123    8    10.33    29.57
2123    9     3.74    22.86
2123   10   129.09    16.47
2123   11    83.18    11.06
2123   12    72.81     7.55
2124    1   111.95     4.12
2124    2    73.53     4.98
2124    3    53.47     8.56
2124    4    67.19    12.77
2124    5    13.72    17.27
2124    6     5.85    28.84
2124    7     4.49    32.48
2124    8     0.22    30.20
2124    9     8.98    24.50
2124   10    22.49    16.79
2124   11    98.23    12.87
2124   12   124.55     7.53
2125    1    72.35     6.97
2125    2   102.47     4.27
2125    3    72.13     7.10
2125    4    19.10    14.07
2125    5    57.69    17.07
2125    6    19.39    26.23
2125    7     5.26    31.36
2125    8     0.78    32.82
2125    9     8.80    23.08
2125   10    39.93    18.00
2125   11    88.89    11.40
2125   12    98.72     8.65
2126    1   114.02     5.95
2126    2    86.22     6.03
2126    3    60.21     8.85
2126    4    51.72    15.22
2126    5    31.74    18.12
2126    6    10.65    26.14
2126    7     0.98    32.59
2126    8     6.69    29.80
2126    9     4.70    24.42
2126   10    86.98    11.77
2126   11    57.83    11.87
2126   12    61.87    10.23
2127    1   101.20     6.01
2127    2    66.70     3.36
2127    3    43.82    11.59
2127    4    49.39    17.12
2127    5    21.58    19.73
2127    6    10.16    28.35
2127    7     2.76    33.53
2127    8    17.10    32.11
2127    9     8.46    25.34
2127   10    82.53    15.24
2127   11    46.58    13.79
2127   12    64.86    10.05
2128    1    77.91     8.52
2128    2    77.85     7.49
2128    3    37.50     9.94
2128    4    53.33    14.15
2128    5    15.90    21.19
2128    6     4.02    29.90
2128    7     0.76    33.59
2128    8     4.44    31.54
2128    9    45.83    23.68
2128   10    28.21    17.23
2128   11    77.95    10.83
2128   12    99.75     7.77
2129    1   102.91     3.79
2129    2    40.62     3.33
2129    3    33.82    11.16
2129    4    76.98    14.19
2129    5    72.88    16.59
2129    6    70.15    24.04
2129    7     1.39    31.18
2129    8    14.57    26.82
2129    9    12.53    23.09
2129   10    95.33    17.96
2129   11    34.98    12.31
2129   12    65.16     8.38
2130    1    99.62     7.15
2130    2    97.42     7.98
2130    3    46.90    11.68
2130    4    46.23    14.48
2130    5    26.60    20.01
2130    6     7.08    29.80
2130    7     0.00    35.40
2130    8     0.04    29.99
2130    9     3.49    26.83
2130   10    86.40    18.45
2130   11    50.31    13.17
2130   12   106.11     8.41
2131    1    87.98     7.27
2131    2    63.48     6.53
2131    3   101.15     7.34
2131    4    42.88    11.41
2131    5    57.20    19.59
2131    6    16.59    26.95
2131    7     3.57    34.09
2131    8     3.54    30.89
2131    9     0.31    25.82
2131   10    50.36    19.09
2131   11    78.66    12.64
2131   12    83.18     8.86
2132    1    55.77     7.95
2132    2    81.93     5.02
2132    3    41.84     9.63
2132    4    28.70    14.40
2132    5    25.32    21.46
2132    6    20.63    28.36
2132    7     0.34    30.54
2132    8     0.48    29.61
2132    9    23.02    22.66
2132   10    23.96    19.34
2132   11    68.80    12.93
2132   12   147.69     8.61
2133    1    68.46     7.45
2133    2    38.43     8.51
2133    3    41.10    13.88
2133    4    48.22    12.32
2133    5    11.79    23.39
2133    6     3.48    29.82
2133    7     2.48    35.37
2133    8     2.82    32.58
2133    9    38.84    24.63
2133   10   126.12    16.39
2133   11    51.23    12.42
2133   12   146.27     9.77
2134    1   125.04     3.26
2134    2    90.34     5.47
2134    3    65.97     8.45
2134    4    24.87    13.93
2134    5    47.93    19.10
2134    6    17.77    26.38
2134    7     0.55    31.75
2134    8     0.19    32.19
2134    9     1.84    23.34
2134   10     5.21    19.12
2134   11    64.89    12.77
2134   12    70.11     8.14
2135    1    73.67     8.03
2135    2    50.19     8.87
2135    3    96.83     8.27
2135    4    24.97    14.27
2135    5    17.79    20.40
2135    6     2.41    28.18
2135    7     0.26    33.12
2135    8     0.00    30.13
2135    9    45.39    23.67
2135   10    50.15    17.25
2135   11    10.82    15.81
2135   12    91.58     8.79
2136    1   169.94     7.23
2136    2    53.23     8.42
2136    3    96.62     5.41
2136    4    97.63     9.20
2136    5    16.56    20.00
2136    6     5.16    27.80
2136    7     2.62    35.44
2136    8     0.71    30.06
2136    9    14.94    25.41
2136   10    31.10    18.77
2136   11   113.72    14.08
2136   12   176.67     7.40
2137    1   140.60     3.73
2137    2   125.58     5.87
2137    3   117.99     6.68
2137    4    68.10    11.57
2137    5    19.06    21.05
2137    6    24.88    27.47
2137    7     9.87    29.26
2137    8     0.00    29.48
2137    9    12.06    24.31
2137   10    20.20    18.66
2137   11    83.17    12.22
2137   12    90.32     8.34
2138    1    93.95     6.81
2138    2    73.75     8.40
2138    3    62.97     9.13
2138    4    48.41    13.97
2138    5    16.99    18.93
2138    6    14.16    23.80
2138    7     1.45    33.81
2138    8     6.86    31.03
2138    9    17.49    23.09
2138   10    70.53    15.79
2138   11   114.52    12.04
2138   12    54.24     9.78
2139    1    56.60     5.50
2139    2    60.81     6.34
2139    3    93.43     8.25
2139    4    37.32    11.33
2139    5    95.95    17.74
2139    6    16.05    25.08
2139    7     3.75    32.03
2139    8     3.33    29.17
2139    9    21.19    22.77
2139   10    16.02    15.95
2139   11   105.93    10.09
2139   12    49.05    10.33
2140    1   104.32     7.75
2140    2    34.92     7.90
2140    3    37.22    10.09
2140    4    35.32    15.14
2140    5    61.72    21.03
2140    6    14.68    25.20
2140    7     1.64    33.32
2140    8     2.88    33.09
2140    9    17.91    25.37
2140   10    57.02    16.17
2140   11    72.74    12.04
2140   12    86.52     8.37
2141    1    47.03     6.06
2141    2    82.31     6.88
2141    3    49.56     7.39
2141    4    38.09    13.48
2141    5    51.04    18.92
2141    6    59.00    24.03
2141    7     0.00    32.08
2141    8     1.32    30.51
2141    9     0.56    26.75
2141   10    36.23    19.78
2141   11    64.81    13.45
2141   12    82.03    10.07
2142    1   116.33     6.89
2142    2   103.68     7.78
2142    3   136.44     6.81
2142    4    19.58    13.82
2142    5    28.37    17.83
2142    6     2.14    26.24
2142    7     2.15    31.80
2142    8     1.60    32.37
2142    9    27.77    24.99
2142   10    54.89    19.18
2142   11    73.45    12.93
2142   12   121.95     9.67
2143    1    64.71     8.98
2143    2    44.12     5.30
2143    3   111.97     8.38
2143    4    25.78    13.56
2143    5     2.81    20.06
2143    6     0.77    26.23
2143    7     0.10    31.26
2143    8     3.14    30.85
2143    9    13.59    25.63
2143   10    47.36    19.26
2143   11   105.80    12.60
2143   12    95.16     8.94
2144    1   113.80     7.97
2144    2   112.79     3.79
2144    3    77.76     8.43
2144    4    21.97    16.28
2144    5    49.22    18.30
2144    6    12.87    28.22
2144    7     0.59    32.52
2144    8     0.88    29.65
2144    9    29.57    22.11
2144   10    96.30    16.16
2144   11   100.48    10.93
2144   12    98.08     8.30
2145    1    58.40     6.21
2145    2    66.18     6.40
2145    3    76.52     6.94
2145    4    92.02    10.13
2145    5     4.90    17.83
2145    6    11.41    25.55
2145    7     4.32    31.13
2145    8     6.83    29.26
2145    9     3.74    26.00
2145   10    74.09    17.75
2145   11   101.01    13.02
2145   12    80.84     8.83
2146    1    72.33     8.33
2146    2    52.37     7.93
2146    3    55.80    10.50
2146    4     4.77    16.58
2146    5    64.53    19.00
2146    6     2.47    27.76
2146    7     0.71    32.49
2146    8     1.55    31.52
2146    9    16.73    25.30
2146   10    40.98    17.10
2146   11    52.09    12.78
2146   12    93.37     8.15
2147    1   107.27     4.62
2147    2   114.31     4.69
2147    3    29.99    10.38
2147    4   113.92    12.27
2147    5    37.51    21.78
2147    6     7.72    24.85
2147    7     0.00    34.41
2147    8     0.24    29.78
2147    9     2.89    22.44
2147   10    67.19    17.66
2147   11    51.59    10.54
2147   12    51.08     8.33
2148    1    98.97     7.29
2148    2    57.90     5.65
2148    3    17.98    11.46
2148    4   123.18    12.00
2148    5    39.48    18.90
2148    6     9.96    28.28
2148    7     0.26    33.48
2148    8     1.47    31.43
2148    9    20.28    27.03
2148   10    79.27    18.49
2148   11    38.07    13.00
2148   12    69.10     8.39
2149    1    84.96     7.17
2149    2    50.87     8.73
2149    3    48.51    11.67
2149    4    41.90    13.64
2149    5    20.56    18.98
2149    6    47.65    24.92
2149    7     0.98    31.20
2149    8     1.42    31.04
2149    9    14.99    24.62
2149   10    17.48    19.61
2149   11    51.38    12.33
2149   12    95.03     9.26
2150    1   101.20     7.78
2150    2    64.43     5.98
2150    3    81.51     9.51
2150    4    40.32    13.68
2150    5    19.00    21.75
2150    6    28.31    26.41
2150    7     7.35    31.93
2150    8     7.78    31.35
2150    9    71.24    23.93
2150   10    68.78    17.06
2150   11   142.01     9.83
2150   12   103.07     7.39
2151    1    74.45     6.61
2151    2   102.22     3.47
2151    3    66.81     7.33
2151    4    58.96    11.93
2151    5    15.43    20.44
2151    6     1.33    28.26
2151    7     3.90    33.94
2151    8    57.61    31.41
2151    9    55.56    22.09
2151   10     4.66    19.87
2151   11    44.50    14.67
2151   12   119.62     7.71
2152    1    77.98     7.69
2152    2    31.58    10.60
2152    3    21.20    14.28
2152    4    36.83    13.90
2152    5    53.71    21.11
2152    6    36.29    28.55
2152    7     0.00    35.10
2152    8     1.01    30.57
2152    9    30.04    22.58
2152   10    28.75    19.37
2152   11   134.74    11.64
2152   12   104.49    10.42
2153    1   113.79     8.07
2153    2    47.26     5.91
2153    3    32.50    11.40
2153    4    41.62    15.48
2153    5     8.91    22.04
2153    6    22.53    26.54
2153    7     1.43    34.46
2153    8     3.73    32.72
2153    9     5.03    24.43
2153   10    33.51    18.64
2153   11    95.90    14.08
2153   12    84.63    11.12
2154    1   116.61     6.97
2154    2   112.06     5.90
2154    3    54.82    10.11
2154    4    21.87    15.12
2154    5    24.91    17.77
2154    6    34.07    24.54
2154    7     0.86    31.40
2154    8     0.01    33.17
2154    9     2.19    26.25
2154   10    17.83    18.18
2154   11    34.93    14.29
2154   12    70.23     9.21
2155    1    72.02     6.95
2155    2    61.08     6.63
2155    3    70.77    10.58
2155    4    16.70    17.23
2155    5    24.89    20.43
2155    6    15.63    29.83
2155    7    27.83    31.95
2155    8     2.00    30.60
2155    9     6.32    22.92
2155   10     6.71    20.10
2155   11    54.69    14.91
2155   12   133.99    10.10
2156    1   104.61     7.17
2156    2    63.58     8.39
2156    3    91.69     9.69
2156    4    35.51    14.45
2156    5    32.08    21.51
2156    6    34.92    27.66
2156    7     9.92    32.19
2156    8    13.89    31.20
2156    9     1.00    24.26
2156   10    33.89    20.62
2156   11    87.17    11.88
2156   12   115.52     9.76
2157    1    81.93     6.89
2157    2   110.28     7.64
2157    3    71.58     9.75
2157    4    50.50    13.77
2157    5    48.76    20.80
2157    6    18.08    27.20
2157    7     4.28    32.52
2157    8    12.70    31.89
2157    9     6.11    27.37
2157   10    19.35    20.52
2157   11    54.16    12.41
2157   12   128.69     7.59
2158    1    90.00     6.54
2158    2    43.48     4.67
2158    3    96.07     4.68
2158    4    40.32    13.81
2158    5    85.54    19.09
2158    6     2.85    26.44
2158    7     0.00    32.78
2158    8    14.80    29.34
2158    9     4.71    27.78
2158   10    34.09    20.30
2158   11    47.60    12.62
2158   12    88.65     8.78
2159    1    60.39    10.04
2159    2    65.42     8.15
2159    3    93.85     9.11
2159    4    51.87    11.67
2159    5    19.79    22.62
2159    6    24.63    26.61
2159    7     5.46    30.49
2159    8     3.57    33.98
2159    9    19.39    24.32
2159   10    11.84    17.30
2159   11    33.41    14.60
2159   12   207.00    10.10
2160    1   147.44     7.28
2160    2   104.14     5.77
2160    3   112.33     6.59
2160    4    52.22    15.23
2160    5    98.57    17.10
2160    6    10.66    25.45
2160    7     0.00    34.35
2160    8     0.00    32.31
2160    9     4.05    26.66
2160   10    16.38    21.19
2160   11    50.78    13.93
2160   12   147.98     9.59
2161    1    95.58     5.98
2161    2    28.89     9.47
2161    3    90.68     7.73
2161    4    58.12    13.97
2161    5    51.44    18.51
2161    6     3.18    26.95
2161    7    13.11    30.21
2161    8     2.85    31.60
2161    9     5.79    24.50
2161   10    12.80    20.72
2161   11   128.80    14.58
2161   12    60.87    10.42
2162    1   111.06     8.33
2162    2    94.88     7.03
2162    3    62.11    11.03
2162    4   113.68    12.74
2162    5    35.44    19.60
2162    6     0.11    29.53
2162    7     2.27    31.34
2162    8     5.88    30.83
2162    9    40.79    24.09
2162   10    33.53    19.08
2162   11    91.81    12.89
2162   12   113.40     9.83
2163    1    64.72     7.43
2163    2    67.47     7.43
2163    3    60.08    10.50
2163    4    54.70    13.86
2163    5    33.69    19.05
2163    6     3.56    28.19
2163    7     2.22    33.15
2163    8     8.95    31.53
2163    9    26.70    23.92
2163   10    37.35    17.92
2163   11    54.16    14.03
2163   12    55.61     6.86
2164    1    48.79     8.24
2164    2   103.09     8.15
2164    3    63.97     8.68
2164    4    99.83    11.51
2164    5     6.17    23.08
2164    6    20.87    26.55
2164    7     4.10    32.88
2164    8     0.00    34.42
2164    9    12.14    26.02
2164   10    14.08    21.27
2164   11    66.27    15.22
2164   12    95.24    10.64
2165    1    93.52     8.24
2165    2    74.40     5.11
2165    3    83.60     9.28
2165    4    18.42    13.00
2165    5    13.88    20.96
2165    6    46.54    27.53
2165    7     0.97    35.94
2165    8     0.26    32.32
2165    9    22.04    26.81
2165   10   109.66    17.16
2165   11    21.10    13.40
2165   12   116.64     8.75
2166    1   115.08     7.63
2166    2    31.41     7.12
2166    3    99.86    10.85
2166    4    61.27    15.20
2166    5    43.47    20.45
2166    6     0.51    29.68
2166    7     0.14    33.61
2166    8     8.41    32.69
2166    9    31.95    24.06
2166   10    34.21    20.04
2166   11    71.02    14.84
2166   12   102.25     7.00
2167    1   102.45     7.35
2167    2   102.28     6.23
2167    3    47.91    11.19
2167    4    34.65    16.16
2167    5    40.54    21.49
2167    6     8.92    29.23
2167    7     0.15    33.82
2167    8     0.32    33.70
2167    9     0.21    27.52
2167   10    41.90    23.29
2167   11    32.06    13.21
2167   12    47.01    12.42
2168    1   136.11     8.38
2168    2   104.51     9.16
2168    3    80.13     9.25
2168    4    78.28    12.99
2168    5    49.93    21.85
2168    6    21.91    29.04
2168    7     2.16    35.67
2168    8     1.69    33.30
2168    9     5.14    24.88
2168   10    32.60    20.54
2168   11    83.53    13.60
2168   12    87.19     9.94
2169    1    90.03     9.22
2169    2    96.40     6.79
2169    3    39.79    12.06
2169    4    52.85    13.69
2169    5    32.81    19.02
2169    6    14.76    30.58
2169    7     1.15    32.97
2169    8     5.83    32.47
2169    9    12.72    22.81
2169   10     7.13    20.58
2169   11   155.80    13.48
2169   12    97.05    10.93
2170    1    70.39     7.20
2170    2   112.50     6.62
2170    3    84.62     9.15
2170    4    40.79    15.70
2170    5    18.39    20.87
2170    6    17.31    27.02
2170    7     1.31    34.16
2170    8     0.23    31.62
2170    9     3.18    28.47
2170   10    21.00    21.86
2170   11   125.70    14.47
2170   12   149.34     8.71
2171    1    92.83     6.26
2171    2    23.54     8.19
2171    3    49.18    13.43
2171    4    47.11    12.76
2171    5     8.75    22.49
2171    6    76.48    25.85
2171    7     0.69    30.27
2171    8     0.59    33.92
2171    9     0.00    28.57
2171   10    33.31    22.13
2171   11    51.63    14.35
2171   12    64.55    10.34
2172    1   130.85     9.49
2172    2    37.44     9.47
2172    3    42.65    10.33
2172    4    19.48    16.86
2172    5    35.73    22.09
2172    6    11.79    27.98
2172    7     1.44    31.20
2172    8     6.78    32.97
2172    9    15.68    25.45
2172   10    25.02    19.92
2172   11   103.79    12.62
2172   12    54.92     8.52
2173    1    65.93     8.08
2173    2    38.38    10.68
2173    3    67.93    10.88
2173    4    63.64    15.00
2173    5    16.89    21.79
2173    6     0.03    30.38
2173    7     0.00    34.84
2173    8     1.01    33.64
2173    9     0.29    24.97
2173   10    19.37    20.74
2173   11   104.32    13.93
2173   12    97.62    11.95
2174    1    61.23     9.15
2174    2    88.10     8.43
2174    3    43.57     7.20
2174    4    14.40    14.60
2174    5    21.85    22.42
2174    6    13.53    30.17
2174    7     0.02    32.91
2174    8     4.84    31.99
2174    9    19.61    26.07
2174   10    42.29    17.95
2174   11    44.28    14.78
2174   12    23.09    10.59
2175    1   122.23     7.17
2175    2    64.12     8.71
2175    3    55.14    10.07
2175    4    48.85    15.33
2175    5    32.89    19.69
2175    6    11.49    25.70
2175    7     4.39    29.98
2175    8     1.26    29.26
2175    9    11.38    28.75
2175   10    13.64    22.95
2175   11    34.41    15.18
2175   12   193.51    10.92
2176    1    79.01     8.17
2176    2    97.06     6.75
2176    3   149.25     7.35
2176    4    59.75    13.52
2176    5    24.44    21.54
2176    6     6.08    28.00
2176    7     1.73    34.95
2176    8     0.80    31.60
2176    9     7.94    26.28
2176   10    76.65    17.37
2176   11    67.29    13.63
2176   12    58.39     9.42
2177    1    61.66     7.95
2177    2    57.43    10.12
2177    3    46.72    12.48
2177    4    50.04    16.81
2177    5    39.59    22.70
2177    6    22.59    28.38
2177    7     0.47    34.92
2177    8     2.63    32.71
2177    9     9.75    24.59
2177   10    16.86    20.82
2177   11    70.56    15.29
2177   12    65.87    10.61
2178    1    61.66     8.58
2178    2    87.50     7.05
2178    3   131.67     8.47
2178    4    41.60    14.17
2178    5    60.67    19.88
2178    6    14.52    27.32
2178    7     0.14    35.43
2178    8     1.12    32.99
2178    9    26.54    23.48
2178   10    14.62    19.42
2178   11    40.05    14.28
2178   12   127.20    10.07
2179    1   118.50     6.49
2179    2    62.87     8.29
2179    3    35.42    12.68
2179    4    38.68    16.68
2179    5    30.73    19.78
2179    6     0.25    30.62
2179    7     0.00    35.43
2179    8     7.37    30.50
2179    9     4.40    25.30
2179   10   113.19    17.61
2179   11    61.66    12.58
2179   12    94.46    12.11
2180    1    71.73     8.57
2180    2    85.52     7.07
2180    3    63.99    10.35
2180    4    15.35    14.99
2180    5    72.23    23.05
2180    6    45.50    26.35
2180    7     2.00    33.65
2180    8     6.02    35.52
2180    9    20.24    26.80
2180   10    42.79    20.74
2180   11   101.98    13.26
2180   12    62.91    10.89
2181    1    99.85    10.00
2181    2   133.29     6.31
2181    3    71.17     8.27
2181    4    48.63    13.30
2181    5    27.06    19.31
2181    6     6.96    27.70
2181    7     1.36    33.24
2181    8    19.39    31.75
2181    9     5.32    27.40
2181   10    63.68    22.80
2181   11    71.76    15.41
2181   12    67.46     8.44
2182    1   106.88     7.20
2182    2    53.20     6.06
2182    3    64.95     8.05
2182    4     8.29    17.96
2182    5    24.45    21.35
2182    6     9.12    29.35
2182    7     0.29    32.47
2182    8     0.70    33.80
2182    9     0.55    29.62
2182   10    43.91    20.09
2182   11    27.01    15.06
2182   12    67.82    12.54
2183    1   128.82     5.57
2183    2    97.41     9.61
2183    3    36.05     9.88
2183    4    24.77    17.56
2183    5    51.48    20.23
2183    6    10.78    29.17
2183    7     0.80    38.17
2183    8     1.55    33.97
2183    9     0.21    29.83
2183   10    47.69    21.26
2183   11   111.61    14.11
2183   12   126.27    10.43
2184    1   100.29     8.92
2184    2    80.40     9.45
2184    3    94.05     9.28
2184    4    29.71    13.71
2184    5    42.67    19.59
2184    6     1.29    29.84
2184    7     0.00    35.34
2184    8     0.09    31.57
2184    9    23.34    24.88
2184   10    19.10    20.40
2184   11     9.96    16.47
2184   12    72.46    12.28
2185    1    97.47     8.27
2185    2    48.78     9.86
2185    3    64.29    13.54
2185    4    39.29    16.32
2185    5    14.73    24.66
2185    6    22.84    30.01
2185    7    14.36    33.78
2185    8    34.99    32.50
2185    9    54.69    23.24
2185   10    66.69    16.69
2185   11   136.92    14.25
2185   12    89.03    10.58
2186    1    71.65     8.16
2186    2    95.93     6.55
2186    3    61.43     9.14
2186    4    93.41    10.23
2186    5    40.18    18.08
2186    6     1.31    29.01
2186    7     0.95    32.93
2186    8     1.05    31.53
2186    9     0.08    27.54
2186   10     9.06    22.54
2186   11    97.27    13.68
2186   12    51.45    11.37
2187    1   103.80     8.14
2187    2    54.39     7.16
2187    3    51.88    10.60
2187    4    37.44    17.14
2187    5    36.99    21.72
2187    6     1.04    28.02
2187    7    10.58    33.72
2187    8     2.97    34.31
2187    9    49.90    25.13
2187   10     6.78    18.50
2187   11    41.93    14.85
2187   12    75.74    11.40
2188    1   101.77     7.75
2188    2    37.71    10.44
2188    3    52.76    10.63
2188    4    20.12    18.87
2188    5    26.64    21.85
2188    6     6.46    27.57
2188    7     0.65    37.79
2188    8     2.88    33.38
2188    9     1.94    24.77
2188   10    19.63    17.97
2188   11    50.31    14.72
2188   12    32.93    11.61
2189    1    47.63     9.19
2189    2    99.26     8.10
2189    3    41.80    11.67
2189    4    58.45    15.48
2189    5    40.24    23.08
2189    6     3.88    32.59
2189    7     0.07    32.95
2189    8     0.00    35.64
2189    9    28.17    26.71
2189   10    87.34    17.30
2189   11    88.51    13.48
2189   12    64.74    10.55
2190    1    76.44     9.67
2190    2    37.23     9.97
2190    3    61.23    16.41
2190    4    97.49    15.44
2190    5    37.32    20.31
2190    6    15.45    29.56
2190    7    12.16    33.10
2190    8     2.93    34.34
2190    9    29.28    24.21
2190   10    28.84    21.27
2190   11   100.04    12.77
2190   12   111.48    11.44
2191    1    72.76    10.10
2191    2    36.17    10.65
2191    3    45.32    12.65
2191    4    34.15    16.52
2191    5    19.01    25.68
2191    6    10.95    30.99
2191    7     0.00    34.20
2191    8     1.42    32.63
2191    9     0.81    27.67
2191   10    47.99    20.41
2191   11    58.88    16.16
2191   12   134.25    10.56
2192    1   102.81    10.06
2192    2    56.16     9.04
2192    3    31.43    11.45
2192    4    80.00    15.43
2192    5    56.24    20.75
2192    6    11.75    27.21
2192    7     0.34    32.30
2192    8     0.53    32.00
2192    9     4.03    26.33
2192   10   103.23    19.35
2192   11    71.43    15.67
2192   12   155.00     8.22
2193    1   149.47     6.91
2193    2    56.80     8.62
2193    3    44.91    11.93
2193    4    64.41    13.51
2193    5    87.16    17.91
2193    6     0.05    30.75
2193    7     4.92    32.45
2193    8    12.16    31.82
2193    9    70.74    24.78
2193   10    20.22    20.01
2193   11    82.07    13.69
2193   12    69.45    11.42
2194    1    37.91     8.76
2194    2    63.98    10.05
2194    3    24.94    14.82
2194    4    78.59    12.67
2194    5    35.35    21.47
2194    6     7.64    30.25
2194    7     1.95    34.15
2194    8     0.80    32.94
2194    9     0.51    26.44
2194   10   118.49    20.96
2194   11    61.11    14.16
2194   12    81.04    10.56
2195    1    57.10     8.11
2195    2    62.63     8.89
2195    3    87.81    10.19
2195    4    34.81    15.22
2195    5    30.18    21.58
2195    6    21.34    29.59
2195    7     0.47    35.19
2195    8     0.00    31.69
2195    9     1.75    27.74
2195   10    77.08    22.71
2195   11    77.71    13.01
2195   12    99.03     8.20
2196    1   150.27     7.56
2196    2    30.95     4.82
2196    3    52.41    10.16
2196    4    79.95    14.08
2196    5    36.55    21.64
2196    6     0.83    31.36
2196    7     9.92    34.94
2196    8     1.33    33.51
2196    9     0.26    27.90
2196   10    28.78    20.30
2196   11   118.61    13.94
2196   12   159.23     9.35
2197    1    95.53     8.20
2197    2    69.72     9.21
2197    3    90.62     9.21
2197    4    41.07    11.75
2197    5    41.98    20.19
2197    6    25.60    29.16
2197    7     0.85    35.95
2197    8     0.09    32.07
2197    9     4.26    28.09
2197   10    73.45    18.36
2197   11    12.52    15.66
2197   12   141.45    11.82
2198    1    90.59     9.26
2198    2    35.49     9.75
2198    3    73.12     9.89
2198    4    10.85    17.52
2198    5    18.34    22.90
2198    6     6.87    29.00
2198    7     7.46    34.88
2198    8    48.51    32.22
2198    9    29.00    25.92
2198   10    36.56    20.40
2198   11    34.05    13.76
2198   12   127.43     9.92
2199    1    75.07     9.33
2199    2    91.49     8.53
2199    3    56.12     8.82
2199    4     6.06    16.87
2199    5    54.12    19.52
2199    6    36.44    27.74
2199    7    14.74    31.80
2199    8     6.81    30.67
2199    9     8.98    26.48
2199   10    40.59    20.83
2199   11    99.46    13.47
2199   12   109.11    10.07
2200    1   126.35     9.62
2200    2   113.56     4.25
2200    3    98.95     8.54
2200    4    12.34    16.39
2200    5    36.34    21.20
2200    6     5.00    30.14
2200    7     3.74    35.47
2200    8     0.40    35.59
2200    9     7.95    28.89
2200   10    60.07    21.51
2200   11   118.79    14.52
2200   12    34.97    11.98
2201    1    37.60     9.07
2201    2    54.39     9.36
2201    3    54.83    13.88
2201    4    19.64    17.34
2201    5    66.29    23.68
2201    6     2.84    29.41
2201    7     2.46    36.89
2201    8     0.82    35.93
2201    9    23.19    26.03
2201   10    16.45    22.77
2201   11   125.47    14.21
2201   12    62.47    12.41
2202    1   105.04     7.90
2202    2    61.38     8.66
2202    3    32.28    10.40
2202    4    80.77    13.75
2202    5    97.99    17.06
2202    6     6.37    29.26
2202    7     0.78    33.91
2202    8     0.97    35.20
2202    9    11.02    27.69
2202   10   100.47    18.29
2202   11    62.02    13.57
2202   12    96.20    10.98
2203    1   116.45     8.99
2203    2    72.27    10.96
2203    3    60.18    10.75
2203    4    38.89    14.49
2203    5    92.79    20.22
2203    6    10.73    28.69
2203    7     6.76    31.76
2203    8     0.09    32.61
2203    9    13.58    26.97
2203   10    60.36    20.30
2203   11    33.20    15.82
2203   12    27.26    11.55
2204    1    76.53    10.94
2204    2    71.06     9.87
2204    3   144.16    10.91
2204    4    69.62    13.89
2204    5    38.84    21.93
2204    6     5.44    29.55
2204    7     2.01    33.99
2204    8     7.61    30.14
2204    9     0.13    26.23
2204   10    98.37    19.74
2204   11   132.30    13.72
2204   12    34.25    10.28
2205    1   106.29     9.72
2205    2    51.21     8.34
2205    3    35.43    13.23
2205    4    20.42    15.46
2205    5    32.12    22.77
2205    6     1.52    30.64
2205    7     9.95    34.86
2205    8     4.92    32.80
2205    9    23.04    25.81
2205   10   104.79    20.35
2205   11    67.79    13.85
2205   12    90.84    10.30
2206    1    75.98     8.98
2206    2    43.71     9.35
2206    3    56.01     8.30
2206    4    81.25    12.42
2206    5    70.10    20.60
2206    6     0.01    29.26
2206    7     0.54    34.36
2206    8     0.00    33.67
2206    9    12.89    25.01
2206   10    54.11    21.38
2206   11    37.79    14.79
2206   12    70.56    11.88
2207    1    41.25     9.93
2207    2    82.72     9.84
2207    3    96.29    10.78
2207    4    23.19    18.46
2207    5     7.56    22.67
2207    6     7.46    33.45
2207    7     0.00    35.34
2207    8     0.00    33.74
2207    9     4.04    25.60
2207   10    36.89    19.42
2207   11    21.14    17.74
2207   12   126.43    10.42
2208    1    91.10     9.38
2208    2   127.07     6.62
2208    3    24.46    12.58
2208    4    40.35    16.43
2208    5     9.85    23.08
2208    6    10.57    31.17
2208    7     0.37    33.02
2208    8     2.02    33.82
2208    9     8.07    27.93
2208   10     7.56    21.59
2208   11    89.58    14.94
2208   12    65.54    10.16
2209    1    63.96     9.20
2209    2    43.26     8.78
2209    3    25.51    14.83
2209    4    33.77    15.29
2209    5    13.46    25.49
2209    6     4.05    30.53
2209    7     7.25    33.77
2209    8    18.04    32.82
2209    9     7.29    28.03
2209   10    42.13    19.08
2209   11   101.86    14.54
2209   12   104.10    10.71
2210    1   120.92     9.03
2210    2    90.28     8.80
2210    3    55.88     8.95
2210    4    76.87    13.13
2210    5    27.76    23.35
2210    6    21.72    29.50
2210    7     0.35    35.80
2210    8     0.77    35.37
2210    9    32.67    26.87
2210   10    71.64    21.49
2210   11   105.50    15.71
2210   12    54.77    12.14
2211    1    68.58     8.76
2211    2   117.99     7.78
2211    3   132.14    10.45
2211    4    31.09    17.14
2211    5    60.49    18.82
2211    6     9.95    28.88
2211    7     2.08    33.34
2211    8     7.98    33.56
2211    9    18.49    25.38
2211   10    39.67    19.75
2211   11    43.80    13.59
2211   12    63.44    10.73
2212    1    98.13    10.41
2212    2    78.60     7.93
2212    3    69.05     6.47
2212    4    22.10    17.64
2212    5    12.87    22.43
2212    6     2.78    30.89
2212    7     0.00    33.82
2212    8     0.77    34.59
2212    9    53.54    26.94
2212   10    70.48    20.18
2212   11   110.33    14.99
2212   12   124.92    10.96
2213    1   117.33     9.75
2213    2    69.50     8.11
2213    3    68.97     7.79
2213    4    43.78    17.17
2213    5    43.79    20.12
2213    6    10.56    30.15
2213    7     0.83    34.88
2213    8     0.71    32.07
2213    9     2.29    25.50
2213   10    13.92    24.46
2213   11   107.90    11.19
2213   12    38.69     9.76
2214    1   118.09     7.39
2214    2    78.83     7.87
2214    3    45.92     8.49
2214    4    72.40    15.44
2214    5    33.18    21.08
2214    6     0.98    31.49
2214    7     1.19    33.23
2214    8     5.36    32.27
2214    9    10.31    27.36
2214   10    49.72    17.70
2214   11    23.88    14.98
2214   12    87.99    12.14
2215    1   118.48     6.56
2215    2    89.89     7.34
2215    3    58.25    10.34
2215    4    43.84    14.71
2215    5    28.57    20.39
2215    6    22.52    28.45
2215    7     0.04    35.25
2215    8    16.18    33.47
2215    9     1.09    26.93
2215   10    64.96    20.34
2215   11   120.01    11.99
2215   12   176.39     9.24
2216    1    25.59     6.55
2216    2    84.13     8.19
2216    3    55.19    11.78
2216    4    51.18    16.89
2216    5    67.78    19.17
2216    6    23.49    28.52
2216    7     3.70    34.91
2216    8     0.00    33.49
2216    9    18.78    26.78
2216   10     9.86    21.28
2216   11   112.12    16.56
2216   12   157.97    11.79
2217    1    67.70     6.98
2217    2    36.61     9.80
2217    3    64.34    12.30
2217    4    17.86    17.41
2217    5    11.75    22.22
2217    6    17.66    31.44
2217    7     1.07    36.81
2217    8    13.94    31.96
2217    9     7.95    26.10
2217   10    53.34    22.56
2217   11    28.71    16.59
2217   12   128.90    10.28
2218    1    66.31     7.66
2218    2   106.36     7.36
2218    3    40.92    13.06
2218    4    32.04    16.23
2218    5    12.95    23.97
2218    6     4.16    31.49
2218    7     0.00    36.67
2218    8     2.81    35.29
2218    9    43.43    25.19
2218   10    44.86    17.22
2218   11    14.41    17.26
2218   12   108.32    11.18
2219    1    87.34     7.93
2219    2    88.06     7.41
2219    3    60.53     8.75
2219    4    43.66    15.93
2219    5    18.33    20.75
2219    6     0.58    32.35
2219    7     4.77    34.69
2219    8     0.53    36.12
2219    9     4.61    27.69
2219   10    92.86    19.05
2219   11    56.42    14.46
2219   12    82.76    11.46
2220    1    71.33     9.02
2220    2   113.96     7.78
2220    3    88.85    10.89
2220    4    43.59    14.81
2220    5    33.72    22.76
2220    6     8.58    30.70
2220    7     0.40    33.89
2220    8     0.10    35.31
2220    9    10.37    25.77
2220   10    27.09    19.72
2220   11    49.58    15.50
2220   12    88.35    10.88
2221    1   110.12     8.71
2221    2    49.21     8.92
2221    3    69.30     9.91
2221    4    77.45    14.04
2221    5    42.87    21.09
2221    6     2.85    28.26
2221    7     0.39    35.95
2221    8     0.26    33.95
2221    9     8.04    28.47
2221   10   102.08    22.38
2221   11    97.40    16.65
2221   12   111.27    12.02
2222    1    53.91     8.80
2222    2   101.17     7.92
2222    3   104.47     9.84
2222    4    36.92    13.55
2222    5     0.57    24.02
2222    6    15.60    30.31
2222    7    17.05    35.00
2222    8     0.46    38.21
2222    9    45.04    27.70
2222   10    82.25    19.39
2222   11   158.55    14.69
2222   12   107.53    11.57
2223    1    61.26     6.56
2223    2    57.02    10.47
2223    3    70.81    11.74
2223    4    57.13    18.14
2223    5    45.84    22.24
2223    6    24.00    29.39
2223    7     0.02    35.56
2223    8     0.02    38.04
2223    9    10.76    28.89
2223   10    45.37    23.04
2223   11    48.11    15.33
2223   12    69.68    12.20
2224    1    70.83    10.68
2224    2    83.43     8.30
2224    3    63.58    10.87
2224    4    39.01    14.62
2224    5    58.29    22.61
2224    6    12.94    30.98
2224    7     5.94    38.27
2224    8     6.93    36.45
2224    9     8.05    28.63
2224   10    33.45    23.59
2224   11    57.56    15.92
2224   12    88.35    10.35
2225    1    56.26    10.84
2225    2    76.14     9.33
2225    3    24.85    12.27
2225    4    54.01    15.95
2225    5    29.40    22.32
2225    6     1.06    32.60
2225    7     0.41    38.15
2225    8     0.72    35.03
2225    9    25.47    26.98
2225   10    30.58    21.49
2225   11    74.23    15.12
2225   12    77.45    11.67
2226    1   122.58     9.18
2226    2    80.75    10.72
2226    3    54.35    11.79
2226    4    22.14    17.53
2226    5    28.43    21.26
2226    6    15.72    30.16
2226    7     2.22    33.25
2226    8     0.86    33.28
2226    9     0.07    27.69
2226   10   130.08    21.33
2226   11   127.68    14.04
2226   12    73.96    11.14
2227    1   115.61     7.37
2227    2    67.35     4.77
2227    3    34.38    10.95
2227    4    92.37    13.65
2227    5    88.82    19.02
2227    6    18.95    28.95
2227    7     0.02    36.87
2227    8     0.65    36.22
2227    9    80.84    27.12
2227   10    55.50    19.47
2227   11   119.23    14.29
2227   12    88.71    10.98
2228    1    77.72     9.81
2228    2    64.46     5.52
2228    3   105.89     8.05
2228    4    53.74    14.21
2228    5    61.98    21.00
2228    6    11.53    27.21
2228    7     0.19    37.26
2228    8    10.85    34.47
2228    9    10.24    28.40
2228   10    53.42    21.38
2228   11    44.02    15.37
2228   12    83.98     9.85
2229    1    66.12    10.24
2229    2    63.92     8.80
2229    3    65.50    12.83
2229    4    34.11    16.74
2229    5   129.41    21.11
2229    6    47.28    27.16
2229    7     0.94    35.55
2229    8     0.05    35.92
2229    9    10.01    28.31
2229   10    62.56    21.32
2229   11    75.73    14.38
2229   12    55.10    12.02
2230    1    57.87     8.74
2230    2    96.92     8.72
2230    3    77.39    10.16
2230    4    23.04    17.11
2230    5    42.57    22.79
2230    6     0.94    32.93
2230    7     0.02    35.37
2230    8     0.93    35.39
2230    9     8.81    29.95
2230   10    28.93    20.71
2230   11    11.91    15.68
2230   12   129.46    11.94
2231    1    70.75    10.80
2231    2    98.34     9.18
2231    3   115.97    10.70
2231    4     3.69    20.38
2231    5    49.67    19.50
2231    6     0.41    31.98
2231    7     0.04    37.90
2231    8     9.12    32.33
2231    9    89.21    23.97
2231   10    34.04    18.59
2231   11   158.17    12.07
2231   12    86.88    10.92
2232    1    63.19    10.04
2232    2   128.76     7.27
2232    3    76.33    11.55
2232    4    19.11    17.69
2232    5    42.46    23.44
2232    6    10.57    28.11
2232    7     0.48    34.56
2232    8     0.10    35.18
2232    9    52.45    23.34
2232   10    38.30    22.26
2232   11   163.85    14.54
2232   12   111.12     9.17
2233    1   145.51     6.52
2233    2    54.87     7.22
2233    3    33.50    12.63
2233    4    77.32    15.46
2233    5    39.14    20.96
2233    6    11.67    29.23
2233    7     2.73    35.48
2233    8     0.07    31.87
2233    9     6.81    28.47
2233   10    28.96    20.75
2233   11    90.88    13.75
2233   12   102.16    11.81
2234    1    81.09     8.95
2234    2   101.11     9.17
2234    3    41.85    12.77
2234    4    92.85    13.58
2234    5    26.22    20.52
2234    6    10.73    31.96
2234    7     7.42    34.98
2234    8     6.04    34.04
2234    9    13.85    28.27
2234   10    31.50    21.88
2234   11   149.61    13.36
2234   12   118.01     8.35
2235    1    45.82     7.26
2235    2    52.46    11.24
2235    3     7.95    17.94
2235    4    75.27    17.16
2235    5    15.35    25.45
2235    6     4.62    32.56
2235    7     4.69    37.03
2235    8     0.82    34.56
2235    9    39.15    30.48
2235   10    21.73    20.94
2235   11    26.33    17.05
2235   12    34.08    13.46
2236    1    93.97    10.83
2236    2   171.46     7.98
2236    3    65.89     9.12
2236    4    29.73    18.68
2236    5    18.37    23.36
2236    6    28.54    31.15
2236    7     3.05    37.23
2236    8     4.26    34.51
2236    9     1.93    30.84
2236   10    21.18    24.45
2236   11    90.61    17.26
2236   12   178.31     7.70
2237    1    81.38    10.14
2237    2   110.75     9.10
2237    3    61.52    10.36
2237    4    53.34    17.18
2237    5    54.31    22.16
2237    6    33.17    31.02
2237    7    10.62    33.81
2237    8     5.80    33.08
2237    9    24.06    25.46
2237   10    42.36    21.34
2237   11   140.22    14.72
2237   12    47.01    12.36
2238    1    72.18     9.82
2238    2    92.63     8.42
2238    3    92.01     9.35
2238    4    41.07    20.16
2238    5    20.02    24.16
2238    6     3.97    31.40
2238    7     0.01    35.26
2238    8     0.65    35.60
2238    9    53.94    28.19
2238   10    13.37    19.84
2238   11    68.64    14.56
2238   12   137.54    12.08
2239    1    40.96     8.01
2239    2    10.23    11.74
2239    3    80.88    14.26
2239    4    58.19    13.54
2239    5    20.04    19.30
2239    6    26.48    29.97
2239    7     0.00    36.22
2239    8     1.32    34.42
2239    9    21.05    22.39
2239   10    46.25    18.45
2239   11    21.62    15.44
2239   12   101.53    12.09
2240    1    49.68     6.03
2240    2    50.40     9.96
2240    3    59.93    12.96
2240    4   112.46    14.54
2240    5    25.37    18.53
2240    6    23.93    30.71
2240    7     4.33    35.30
2240    8     4.28    34.52
2240    9     5.68    29.82
2240   10    74.97    19.75
2240   11    87.08    15.32
2240   12    70.85    12.37
2241    1    40.68     9.84
2241    2    47.21    11.13
2241    3    80.52     9.77
2241    4    57.84    15.87
2241    5    41.59    23.31
2241    6    11.31    30.14
2241    7    14.16    35.72
2241    8     0.31    35.36
2241    9     5.84    29.30
2241   10    40.64    18.83
2241   11    25.95    15.44
2241   12   147.80    10.95
2242    1    55.21     9.32
2242    2    45.81    10.01
2242    3    48.21    13.57
2242    4    61.88    15.84
2242    5    10.05    22.57
2242    6    20.32    32.64
2242    7     0.00    38.22
2242    8     1.43    34.29
2242    9    40.13    24.86
2242   10    56.40    19.97
2242   11    43.60    14.65
2242   12    67.34    11.28
2243    1    85.58    10.50
2243    2    36.70    10.87
2243    3    38.38    14.94
2243    4    92.63    14.44
2243    5    27.73    22.11
2243    6    18.96    30.28
2243    7     6.06    34.58
2243    8     1.58    35.34
2243    9     1.74    33.46
2243   10    68.43    21.88
2243   11    54.05    14.48
2243   12    86.53    11.28
2244    1    78.16     8.04
2244    2    65.60     8.43
2244    3    50.88     9.68
2244    4    37.62    15.74
2244    5    53.69    23.25
2244    6     1.20    29.16
2244    7     0.87    35.49
2244    8     0.31    34.75
2244    9    31.20    26.93
2244   10    72.41    20.80
2244   11    40.08    16.54
2244   12   102.61    11.36
2245    1   128.15    10.77
2245    2    65.74    10.13
2245    3   100.29    10.90
2245    4    53.18    14.89
2245    5    25.42    19.43
2245    6     3.45    29.30
2245    7     0.03    36.47
2245    8    24.27    31.25
2245    9    13.84    23.85
2245   10    44.18    21.86
2245   11    32.11    13.62
2245   12    78.59    10.72
2246    1    79.84     9.16
2246    2    28.81    14.17
2246    3    24.98    12.93
2246    4    14.01    19.04
2246    5    28.76    23.89
2246    6    26.82    30.86
2246    7     0.00    34.66
2246    8     6.45    33.37
2246    9     0.06    27.39
2246   10    17.21    23.58
2246   11    79.88    17.80
2246   12   128.19     9.39
2247    1    84.44     9.06
2247    2    40.98     9.27
2247    3    85.94     9.27
2247    4    23.79    16.72
2247    5    72.90    21.40
2247    6    43.81    28.75
2247    7     0.92    35.15
2247    8     1.50    35.84
2247    9     4.75    27.72
2247   10    24.26    24.41
2247   11    61.66    13.76
2247   12    82.15     9.52
2248    1    95.53     7.39
2248    2    88.67     9.04
2248    3    81.27     9.81
2248    4    29.24    16.26
2248    5    13.57    24.12
2248    6     3.40    30.82
2248    7     2.53    37.50
2248    8    26.82    32.82
2248    9     3.55    30.83
2248   10    62.97    20.55
2248   11    92.36    14.71
2248   12    88.51    11.73
2249    1    70.42     9.97
2249    2    90.49     8.51
2249    3    93.48     8.99
2249    4    40.42    15.89
2249    5    45.78    21.74
2249    6     1.26    33.17
2249    7     4.61    37.13
2249    8     0.43    35.20
2249    9     5.17    29.88
2249   10    19.35    22.58
2249   11    51.64    15.91
2249   12   108.88    12.46
2250    1    98.16     8.89
2250    2    92.57     7.19
2250    3    63.42    10.70
2250    4    55.23    14.74
2250    5    81.97    21.09
2250    6    11.26    30.54
2250    7     0.08    34.87
2250    8     1.64    32.49
2250    9     2.18    26.97
2250   10    42.43    21.26
2250   11    90.98    13.59
2250   12    48.19    12.26
2251    1    78.50    10.01
2251    2    26.02    10.48
2251    3   122.53    11.31
2251    4    38.88    15.43
2251    5    63.26    19.51
2251    6    20.91    28.98
2251    7     0.33    35.87
2251    8     0.50    33.04
2251    9     1.24    27.73
2251   10    44.27    18.64
2251   11    99.41    10.36
2251   12    94.02    11.83
2252    1    79.71     6.40
2252    2    57.39     7.71
2252    3    66.21    12.72
2252    4    47.21    14.84
2252    5    24.31    20.85
2252    6    37.95    31.53
2252    7    19.87    34.16
2252    8     1.63    34.38
2252    9     2.00    28.34
2252   10    77.80    20.46
2252   11    47.56    14.62
2252   12   134.15    10.78
2253    1    94.01     8.09
2253    2    40.41     9.84
2253    3    47.36    12.36
2253    4   114.05    16.93
2253    5     7.59    24.29
2253    6    20.28    29.46
2253    7    13.47    34.93
2253    8     1.57    35.31
2253    9     8.48    31.73
2253   10    16.72    22.87
2253   11    57.52    18.59
2253   12   131.86    11.41
2254    1   123.53     7.05
2254    2    88.02     9.23
2254    3    54.77    11.34
2254    4    27.82    14.85
2254    5    71.46    21.74
2254    6    22.40    30.99
2254    7     2.36    36.77
2254    8     4.15    35.58
2254    9    19.49    27.26
2254   10    63.61    19.17
2254   11    27.24    14.47
2254   12    47.34    11.78
2255    1    55.32    10.96
2255    2    50.48    11.29
2255    3    63.82    12.04
2255    4    64.84    19.66
2255    5    30.66    22.06
2255    6     5.62    30.99
2255    7     0.13    36.57
2255    8     0.01    35.49
2255    9    19.10    26.38
2255   10    41.16    20.70
2255   11   106.91    15.95
2255   12    53.26    10.77
2256    1   115.24     8.65
2256    2    33.50     8.90
2256    3    71.32    10.79
2256    4    49.18    16.92
2256    5   106.67    19.18
2256    6     4.60    26.48
2256    7     0.12    36.41
2256    8     0.00    32.46
2256    9     3.73    28.93
2256   10    30.22    20.92
2256   11    33.60    14.78
2256   12   135.11     8.83
2257    1    94.49     5.98
2257    2    74.22     7.86
2257    3    52.75     9.87
2257    4    75.87    12.98
2257    5    37.13    18.81
2257    6    12.45    29.97
2257    7     3.39    35.68
2257    8    12.12    32.78
2257    9     2.57    28.39
2257   10    29.58    25.54
2257   11    31.73    16.33
2257   12    66.31    11.15
2258    1    69.44    10.94
2258    2    97.63     9.29
2258    3   100.88    10.15
2258    4    45.82    18.40
2258    5    20.66    22.01
2258    6     6.15    32.32
2258    7     1.62    38.45
2258    8     7.26    34.41
2258    9    30.27    28.35
2258   10    44.79    20.85
2258   11    43.22    15.40
2258   12    86.99    11.05
2259    1   106.88    10.03
2259    2   103.90    10.56
2259    3    36.47    14.57
2259    4    90.29    16.22
2259    5    72.84    18.66
2259    6    17.72    30.55
2259    7     0.09    36.31
2259    8    19.10    31.59
2259    9    29.55    26.44
2259   10    57.35    20.44
2259   11    21.82    17.88
2259   12    73.87    11.44
2260    1    51.71     8.68
2260    2    49.37     9.62
2260    3    63.08    11.76
2260    4    49.06    15.69
2260    5    16.42    23.06
2260    6     1.02    28.41
2260    7     1.69    33.79
2260    8     1.23    35.61
2260    9    28.29    28.17
2260   10     7.59    22.64
2260   11   137.72    18.35
2260   12    43.94    12.65
2261    1    84.71     9.26
2261    2   112.80     9.04
2261    3    65.91    13.04
2261    4    87.76    18.03
2261    5    35.56    21.46
2261    6    69.25    27.78
2261    7     7.89    34.46
2261    8    16.67    32.50
2261    9     5.34    29.33
2261   10    31.64    21.60
2261   11    81.89    12.97
2261   12    72.45    11.66
2262    1   145.86     8.99
2262    2    65.23     7.41
2262    3   105.75     6.79
2262    4    72.42    16.32
2262    5    57.66    19.67
2262    6     8.64    30.18
2262    7     0.00    33.19
2262    8     9.06    34.11
2262    9     1.16    27.77
2262   10    63.95    23.54
2262   11    80.22    13.83
2262   12   121.95     9.38
2263    1    65.49     7.88
2263    2    38.18     8.82
2263    3    13.65    17.60
2263    4    26.70    17.67
2263    5    37.53    21.64
2263    6    58.52    29.74
2263    7     2.90    37.47
2263    8     9.97    35.83
2263    9     0.97    29.68
2263   10    19.24    23.84
2263   11    75.76    17.33
2263   12    76.24    12.40
2264    1    28.14    11.19
2264    2    52.36    10.79
2264    3    65.01    11.82
2264    4    67.35    15.84
2264    5    22.33    23.72
2264    6    20.03    31.15
2264    7     7.07    35.76
2264    8     1.55    34.49
2264    9    67.94    27.39
2264   10   101.00    20.39
2264   11    84.77    15.68
2264   12    97.83    11.44
2265    1    70.10    10.60
2265    2    37.42     9.00
2265    3   100.65    10.38
2265    4    60.09    15.24
2265    5    63.54    21.14
2265    6    21.67    31.24
2265    7     0.00    38.49
2265    8     0.36    35.12
2265    9    23.26    29.00
2265   10    64.39    19.12
2265   11    80.22    15.53
2265   12   101.52    12.00
2266    1   145.87     7.37
2266    2    71.46     6.08
2266    3    67.08    11.93
2266    4    86.09    13.73
2266    5    54.59    19.37
2266    6     1.92    28.31
2266    7     0.19    35.85
2266    8     0.00    35.29
2266    9    15.45    26.69
2266   10   106.14    21.83
2266   11   145.55    14.27
2266   12   155.15    10.33
2267    1   130.83     7.58
2267    2    82.94    10.18
2267    3   135.52    10.96
2267    4    64.16    15.21
2267    5    20.62    22.47
2267    6     1.18    30.49
2267    7     0.00    35.70
2267    8     0.08    33.44
2267    9     2.90    27.65
2267   10    38.45    21.74
2267   11    77.13    16.53
2267   12    79.11    11.60
2268    1   129.36     9.00
2268    2    55.96    10.26
2268    3    49.63    11.69
2268    4    81.63    15.54
2268    5    68.96    20.32
2268    6     2.08    31.36
2268    7     0.07    36.93
2268    8     0.00    34.71
2268    9    48.98    26.73
2268   10    17.84    22.84
2268   11    74.83    16.05
2268   12    87.34    11.77
2269    1    95.77     9.43
2269    2    67.10     8.53
2269    3    50.13    11.49
2269    4    17.47    17.74
2269    5    38.41    21.49
2269    6     6.79    31.05
2269    7     2.37    33.37
2269    8     4.23    31.61
2269    9     4.20    23.61
2269   10   119.47    18.51
2269   11    27.08    17.30
2269   12    57.16    13.11
2270    1   142.21     8.72
2270    2   106.74     6.25
2270    3   131.49     8.81
2270    4    27.89    15.81
2270    5    15.36    22.01
2270    6     4.72    31.63
2270    7     0.61    37.56
2270    8     3.24    36.26
2270    9    19.95    28.52
2270   10    75.82    17.53
2270   11    63.53    15.50
2270   12   116.20    11.20
2271    1    46.54     9.74
2271    2    75.51     8.12
2271    3   105.84    10.11
2271    4    28.84    14.62
2271    5    32.36    19.31
2271    6     4.71    29.24
2271    7     0.00    34.84
2271    8     2.71    34.61
2271    9     6.73    29.69
2271   10     5.09    22.60
2271   11    53.86    17.32
2271   12    76.19    12.96
2272    1    65.23    10.01
2272    2   102.20     6.16
2272    3    79.98    11.10
2272    4    16.65    17.74
2272    5    62.35    22.56
2272    6    23.18    30.14
2272    7     8.95    34.50
2272    8     1.85    32.70
2272    9    13.77    25.71
2272   10    35.74    19.68
2272   11   101.61    15.01
2272   12    85.96    11.43
2273    1    84.15     9.34
2273    2    39.74    10.08
2273    3    56.51    12.48
2273    4    75.87    13.62
2273    5    44.84    21.04
2273    6    20.67    31.54
2273    7     2.20    35.18
2273    8     0.28    37.26
2273    9     7.34    26.01
2273   10    33.47    20.44
2273   11    60.58    14.45
2273   12    65.38    10.83
2274    1    31.52    10.56
2274    2    69.40     9.95
2274    3    31.28    14.40
2274    4    35.43    17.64
2274    5    34.24    23.55
2274    6     2.07    34.46
2274    7     0.31    37.14
2274    8     0.00    34.31
2274    9    80.85    25.31
2274   10    32.22    20.20
2274   11   148.77    14.19
2274   12    37.43    12.74
2275    1    39.43    10.43
2275    2    38.34    13.35
2275    3    94.12     9.79
2275    4    64.78    16.02
2275    5    28.50    24.04
2275    6    10.54    31.46
2275    7     5.76    35.90
2275    8     1.85    34.29
2275    9    27.73    28.48
2275   10    20.01    19.02
2275   11    73.07    14.42
2275   12   164.56     9.67
2276    1   126.78     8.13
2276    2    31.99     6.11
2276    3   136.96     9.22
2276    4    49.37    13.25
2276    5    28.81    22.86
2276    6    16.12    30.55
2276    7     8.60    35.25
2276    8     3.80    34.77
2276    9     2.88    26.90
2276   10    27.98    20.95
2276   11    52.03    16.16
2276   12   124.32    11.34
2277    1    78.63    11.65
2277    2    46.00     9.61
2277    3    61.93    10.88
2277    4    28.64    17.23
2277    5    58.51    20.16
2277    6     8.06    31.24
2277    7     0.13    34.93
2277    8     0.31    36.10
2277    9     2.51    27.88
2277   10    54.32    21.26
2277   11    56.85    15.83
2277   12    95.56    12.42
2278    1    72.03    10.33
2278    2    75.11     9.07
2278    3    67.86    12.00
2278    4    16.72    22.11
2278    5     6.76    24.52
2278    6    12.39    30.06
2278    7     0.00    36.58
2278    8     1.57    35.37
2278    9    36.87    27.18
2278   10    36.13    20.33
2278   11    44.68    15.30
2278   12    64.49    11.21
2279    1    79.00     8.67
2279    2    86.57     9.14
2279    3   114.79     9.27
2279    4    47.55    13.92
2279    5    54.21    21.56
2279    6     6.48    28.76
2279    7     2.82    34.86
2279    8     0.00    33.82
2279    9     1.30    30.79
2279   10    39.51    22.22
2279   11    46.93    17.19
2279   12   125.75    10.35
2280    1   150.83     8.87
2280    2    97.01     8.21
2280    3     9.37    12.33
2280    4    32.75    16.44
2280    5    55.35    21.04
2280    6     0.56    30.39
2280    7     5.19    35.34
2280    8    10.98    33.11
2280    9    53.82    24.08
2280   10    49.29    21.17
2280   11   171.69    13.10
2280   12    61.97    12.48
2281    1    36.89     9.86
2281    2   104.76     7.35
2281    3    77.65     9.69
2281    4    58.57    13.63
2281    5    29.89    22.54
2281    6    11.53    29.71
2281    7     0.16    34.92
2281    8     1.44    34.21
2281    9     7.20    28.46
2281   10     3.68    24.89
2281   11    61.67    14.20
2281   12    52.41    11.68
2282    1    69.64    10.83
2282    2   153.73     8.33
2282    3   103.76     7.63
2282    4    49.07    13.69
2282    5    12.08    22.26
2282    6    34.09    28.88
2282    7     2.81    37.34
2282    8     0.50    34.72
2282    9     5.44    29.46
2282   10    63.29    23.27
2282   11    98.33    15.71
2282   12   111.27    11.74
2283    1    64.44    10.33
2283    2    80.73     8.69
2283    3    76.73     8.27
2283    4   105.48    14.97
2283    5    62.11    21.83
2283    6    26.08    28.75
2283    7     0.46    35.31
2283    8     0.91    33.90
2283    9    23.69    24.88
2283   10    64.34    16.50
2283   11    76.29    14.23
2283   12   145.12    10.40
2284    1    94.91     8.50
2284    2    26.49    11.80
2284    3    60.02    11.64
2284    4    76.70    13.87
2284    5    20.44    20.94
2284    6    46.00    28.99
2284    7     1.05    33.83
2284    8    11.45    34.54
2284    9    39.91    28.24
2284   10    37.75    21.21
2284   11    87.71    14.52
2284   12    86.32    12.80
2285    1    44.00    11.05
2285    2    25.54    13.87
2285    3    36.60    15.45
2285    4    51.14    17.85
2285    5    18.01    23.14
2285    6     0.94    31.58
2285    7     9.81    33.25
2285    8     0.60    35.17
2285    9    25.76    24.48
2285   10    44.02    21.48
2285   11    42.40    14.42
2285   12    81.58    13.55
2286    1    59.65     9.52
2286    2    56.08    10.74
2286    3    68.88    12.45
2286    4    69.65    16.72
2286    5    47.79    20.29
2286    6    13.26    32.22
2286    7     4.29    36.29
2286    8     4.25    34.88
2286    9    32.39    26.68
2286   10    45.06    20.80
2286   11    89.45    16.79
2286   12    76.88    11.57
2287    1    84.04    11.40
2287    2    95.20    11.19
2287    3   125.98    11.60
2287    4    62.15    14.57
2287    5    30.18    23.73
2287    6    17.94    27.18
2287    7    11.29    33.96
2287    8     1.36    33.43
2287    9    10.04    28.13
2287   10    37.42    22.83
2287   11    37.55    15.35
2287   12    54.63    11.06
2288    1    98.47    10.83
2288    2    62.34     9.24
2288    3    43.37    11.85
2288    4    37.62    17.53
2288    5    16.65    24.23
2288    6     3.08    32.18
2288    7     0.87    37.17
2288    8     8.66    36.81
2288    9     4.17    29.55
2288   10    41.07    22.78
2288   11    68.22    15.51
2288   12   108.67    11.25
2289    1   120.85     9.40
2289    2    70.23    10.42
2289    3    93.57    10.15
2289    4    93.45    11.79
2289    5    18.99    20.37
2289    6     3.93    30.30
2289    7     0.46    35.59
2289    8     0.83    35.98
2289    9    15.65    27.63
2289   10    47.78    19.58
2289   11    62.93    16.45
2289   12    95.41    12.60
2290    1    91.60     8.74
2290    2    36.17     9.13
2290    3   148.27     9.77
2290    4    67.47    13.51
2290    5    56.79    21.20
2290    6     5.41    28.97
2290    7     3.06    35.74
2290    8     0.56    33.83
2290    9     7.10    27.90
2290   10    33.21    23.74
2290   11   189.17    15.76
2290   12    47.21    12.79
2291    1    89.99     9.75
2291    2    42.50    11.92
2291    3    96.81    12.67
2291    4    32.40    16.07
2291    5    29.46    23.30
2291    6    11.98    30.27
2291    7     2.42    34.19
2291    8    13.27    33.37
2291    9    19.46    26.70
2291   10    54.90    22.97
2291   11    52.19    14.97
2291   12    86.89    10.35
2292    1    66.58     9.34
2292    2    70.89     9.08
2292    3    56.46    13.64
2292    4    42.07    15.36
2292    5    25.25    23.80
2292    6    16.42    32.99
2292    7     1.29    37.32
2292    8     9.96    35.66
2292    9    12.45    28.02
2292   10    26.97    24.35
2292   11    44.98    17.39
2292   12   122.42    12.01
2293    1   126.79     9.27
2293    2    83.93     9.50
2293    3    94.68    11.23
2293    4    23.86    15.51
2293    5    20.63    23.61
2293    6    28.46    30.48
2293    7     3.48    35.41
2293    8     3.24    33.96
2293    9     0.26    29.86
2293   10    90.12    20.95
2293   11    82.50    15.66
2293   12    87.83    11.61
2294    1    93.81    11.52
2294    2    47.18    10.55
2294    3    76.94    12.68
2294    4    19.09    17.19
2294    5     3.98    23.96
2294    6     2.66    29.35
2294    7     7.37    35.56
2294    8     2.86    33.25
2294    9    15.30    28.03
2294   10    71.28    20.89
2294   11    82.62    14.69
2294   12    99.82    11.63
2295    1    45.79    10.86
2295    2    61.46     8.19
2295    3    92.53     7.92
2295    4    10.08    18.51
2295    5    32.96    23.01
2295    6     6.64    31.49
2295    7     0.10    38.28
2295    8     0.00    33.70
2295    9     4.28    28.77
2295   10   102.15    20.14
2295   11   108.08    14.23
2295   12    84.54    11.28
2296    1    63.08     9.81
2296    2    82.48     8.45
2296    3    50.47    13.68
2296    4    64.19    18.25
2296    5    32.04    22.07
2296    6    34.70    28.45
2296    7    11.59    34.93
2296    8    36.21    32.89
2296    9     7.59    25.84
2296   10    57.07    17.65
2296   11    75.46    13.71
2296   12    61.87     9.32
2297    1    90.36     8.62
2297    2    45.42     7.74
2297    3    26.32    13.63
2297    4    14.73    17.64
2297    5    29.56    23.79
2297    6     6.92    31.50
2297    7     0.69    37.69
2297    8     0.13    34.37
2297    9    25.93    29.34
2297   10     1.61    22.42
2297   11    55.60    15.49
2297   12    42.20    11.59
2298    1   112.98     9.10
2298    2    76.14     9.51
2298    3    49.33    11.67
2298    4    53.67    16.26
2298    5    19.75    22.28
2298    6    14.05    29.28
2298    7    12.45    32.46
2298    8     7.54    32.99
2298    9    47.94    27.65
2298   10    83.66    18.50
2298   11    60.00    13.76
2298   12    86.72    11.35
2299    1   133.06     9.38
2299    2    32.48    10.66
2299    3    41.92    12.79
2299    4    28.16    18.13
2299    5     7.88    23.14
2299    6     6.31    29.11
2299    7     8.93    34.05
2299    8     0.88    33.43
2299    9    20.00    28.09
2299   10    28.24    22.65
2299   11   121.26    16.00
2299   12    46.00    11.32
2300    1    56.25    11.48
2300    2    56.93    11.89
2300    3    90.16    10.17
2300    4    43.22    17.06
2300    5    53.93    20.80
2300    6     1.58    32.44
2300    7     1.03    37.10
2300    8     4.40    33.71
2300    9    22.20    29.38
2300   10   128.90    20.44
2300   11    47.08    16.11
2300   12    87.77    11.96
