2006    1    66.50    -4.98
2006    2    56.97    -2.61
2006    3    80.85     1.17
2006    4   124.00     6.32
2006    5    78.28    11.46
2006    6    53.41    16.64
2006    7    31.35    20.40
2006    8    16.60    19.65
2006    9    34.23    14.32
2006   10    52.65     7.79
2006   11    79.12     2.64
2006   12    37.34    -0.85
2007    1    61.93    -1.83
2007    2    79.32    -1.49
2007    3    62.98     3.98
2007    4    58.67     7.40
2007    5    85.12    12.83
2007    6    51.85    16.87
2007    7    64.97    18.53
2007    8    73.95    17.53
2007    9   106.02    12.93
2007   10    79.53     9.80
2007   11    41.87     1.25
2007   12    14.41    -1.80
2008    1    33.17    -2.25
2008    2    32.35    -2.20
2008    3    46.70     4.00
2008    4   106.58     8.97
2008    5   107.09    13.04
2008    6    61.10    14.31
2008    7    54.34    18.11
2008    8    31.83    18.84
2008    9    85.24    14.70
2008   10    69.33    11.32
2008   11    51.82     1.58
2008   12    39.32     1.30
2009    1    32.70    -0.87
2009    2    51.09    -3.26
2009    3    94.21     1.89
2009    4    69.14     7.79
2009    5   136.62    14.11
2009    6    80.98    16.23
2009    7    42.08    20.25
2009    8    80.10    17.61
2009    9    81.41    13.81
2009   10    87.48    10.75
2009   11    79.31     4.60
2009   12    36.78     0.13
2010    1    66.36    -3.47
2010    2    55.55    -0.72
2010    3    90.39     0.46
2010    4   126.71     1.80
2010    5    90.03    11.37
2010    6    94.66    16.34
2010    7    21.61    18.82
2010    8    56.20    18.49
2010    9    78.67    15.31
2010   10   103.14     5.15
2010   11    43.74     3.71
2010   12    57.69    -2.55
2011    1    31.70    -6.23
2011    2    50.36    -7.35
2011    3    64.86     1.55
2011    4    63.16     5.98
2011    5   137.75    12.40
2011    6    70.96    16.19
2011    7    18.03    19.47
2011    8    26.35    20.06
2011    9    74.14    14.04
2011   10    67.57     8.50
2011   11    60.52     2.14
2011   12    55.06    -3.20
2012    1    45.22    -4.48
2012    2    48.15     0.28
2012    3    56.24     3.78
2012    4    43.86    10.27
2012    5    72.96    16.00
2012    6    30.27    18.80
2012    7     6.03    21.81
2012    8    13.39    20.96
2012    9    57.15    16.09
2012   10   146.85     7.52
2012   11    67.25     0.76
2012   12    71.89    -5.18
2013    1    29.63    -3.94
2013    2    33.97    -3.73
2013    3    43.44     2.41
2013    4   118.55     4.72
2013    5    53.33    13.96
2013    6    38.51    16.08
2013    7    52.56    19.62
2013    8    41.27    20.00
2013    9   137.96    13.92
2013   10    64.17     9.10
2013   11    41.90     4.13
2013   12    16.92     0.49
2014    1    30.45    -1.84
2014    2    57.48    -1.31
2014    3   104.72     0.99
2014    4    72.35     7.87
2014    5   105.41    13.01
2014    6    79.10    16.66
2014    7    47.58    19.42
2014    8    22.74    20.12
2014    9    38.77    15.50
2014   10   117.14     9.49
2014   11    79.42     3.22
2014   12    42.85    -1.12
2015    1    32.18    -1.24
2015    2    89.15    -3.97
2015    3    69.51    -0.01
2015    4   106.75     5.31
2015    5   121.57    11.16
2015    6   108.75    18.09
2015    7    48.41    20.34
2015    8    30.74    19.49
2015    9   110.56    14.91
2015   10   238.20     7.10
2015   11    26.99     3.19
2015   12    36.04     0.06
2016    1    22.43    -0.94
2016    2    46.09    -0.99
2016    3    87.40     0.86
2016    4    84.83     9.77
2016    5    73.73    14.01
2016    6    34.95    16.69
2016    7     8.70    20.81
2016    8    55.71    20.57
2016    9    69.19    14.86
2016   10    41.37     9.69
2016   11    59.81    -0.05
2016   12    39.10    -0.36
2017    1    33.43    -2.81
2017    2    54.19     0.61
2017    3    51.05     5.06
2017    4    90.80    10.40
2017    5   135.68    13.29
2017    6   121.89    17.11
2017    7    23.38    19.20
2017    8    36.39    21.15
2017    9   101.29    13.73
2017   10   132.04     7.27
2017   11    45.92     2.84
2017   12    45.77     0.96
2018    1    32.33    -3.09
2018    2    51.96     2.03
2018    3   125.51    -1.34
2018    4    68.83     6.17
2018    5    67.93    14.64
2018    6    88.72    16.19
2018    7     2.22    20.09
2018    8    39.69    18.85
2018    9   160.34    12.95
2018   10    68.08     9.88
2018   11    16.22     5.11
2018   12    42.18    -0.83
2019    1    49.19    -6.07
2019    2    30.58     1.66
2019    3   109.33    -0.58
2019    4    12.94     7.39
2019    5    91.44    13.34
2019    6    75.45    17.66
2019    7    24.46    19.77
2019    8    42.78    21.08
2019    9    81.57    13.89
2019   10    31.63    10.69
2019   11    74.82     3.92
2019   12    40.46     0.51
2020    1    50.66    -4.52
2020    2    35.00     0.11
2020    3    48.46     3.82
2020    4   115.08     6.49
2020    5    87.27    13.71
2020    6    79.57    18.81
2020    7    88.36    18.43
2020    8    58.85    19.54
2020    9    69.46    14.92
2020   10   118.12     9.19
2020   11    60.48     3.32
2020   12    79.83    -5.30
2021    1    52.56    -6.12
2021    2    62.47    -2.86
2021    3    70.63     3.89
2021    4    72.11     6.40
2021    5    96.39    11.19
2021    6    24.99    16.80
2021    7    28.47    19.84
2021    8    54.09    18.43
2021    9    59.57    14.97
2021   10   327.77     5.22
2021   11    41.94     4.08
2021   12    75.63    -2.43
2022    1    48.83    -6.68
2022    2    27.88    -2.61
2022    3    77.93    -3.10
2022    4    47.97     8.19
2022    5    89.01    12.85
2022    6    72.67    17.03
2022    7    12.83    20.18
2022    8    35.09    20.10
2022    9    90.35    15.65
2022   10    43.33     6.93
2022   11    52.89     2.35
2022   12    79.85     0.01
2023    1    46.73    -4.13
2023    2    22.86    -0.50
2023    3    56.68     4.04
2023    4    60.44     9.32
2023    5   101.06    12.24
2023    6   103.82    16.58
2023    7    37.09    19.48
2023    8    32.46    18.40
2023    9    69.87    14.57
2023   10   106.44    12.09
2023   11   133.95     0.91
2023   12    54.38    -6.48
2024    1    34.55    -0.36
2024    2    68.18    -0.62
2024    3    66.29    -5.35
2024    4    95.62     7.70
2024    5    84.14    14.60
2024    6    77.26    17.23
2024    7    56.67    19.87
2024    8    51.31    18.85
2024    9    48.73    15.61
2024   10    46.78     6.55
2024   11    38.53     4.22
2024   12    72.61    -3.45
2025    1    37.83    -0.82
2025    2    36.14     0.65
2025    3    43.28     3.05
2025    4    95.39     7.76
2025    5    50.02    12.07
2025    6    44.06    17.12
2025    7    46.47    20.71
2025    8    17.72    20.76
2025    9    92.26    14.06
2025   10    64.12     9.33
2025   11    37.41     5.33
2025   12    16.82     1.84
2026    1    25.92    -0.35
2026    2    83.74    -0.38
2026    3    90.96     0.60
2026    4    64.87     6.23
2026    5    71.64    13.62
2026    6    30.54    19.38
2026    7    70.91    21.44
2026    8    30.18    19.30
2026    9   115.46    14.59
2026   10    65.65    10.95
2026   11    47.76     3.14
2026   12   126.80    -1.19
2027    1    49.02    -1.36
2027    2    57.29    -2.53
2027    3    57.08     1.92
2027    4    79.70     9.43
2027    5   111.41    12.86
2027    6    54.28    18.05
2027    7    64.61    19.59
2027    8    52.00    19.07
2027    9    85.02    14.12
2027   10    47.79     7.37
2027   11    42.46     4.48
2027   12    50.08    -1.80
2028    1    44.99    -0.78
2028    2    53.23    -4.47
2028    3    62.46     0.05
2028    4    53.72     7.93
2028    5   101.57    13.19
2028    6   111.41    15.50
2028    7    40.37    19.07
2028    8    63.39    18.94
2028    9    48.21    14.63
2028   10    79.27    10.87
2028   11    71.77     6.09
2028   12    62.53    -0.75
2029    1    45.12    -1.85
2029    2    35.63    -2.35
2029    3    67.42     1.06
2029    4    90.87     7.39
2029    5   139.66    14.11
2029    6   111.96    16.94
2029    7    67.60    19.70
2029    8    18.88    19.08
2029    9    85.32    14.51
2029   10    25.81     8.46
2029   11    79.65     4.54
2029   12    94.36    -2.75
2030    1    64.20    -6.28
2030    2    35.35     1.19
2030    3   118.36     3.05
2030    4    85.24    10.83
2030    5   132.20    14.13
2030    6    69.06    18.28
2030    7    25.38    20.35
2030    8    26.56    21.32
2030    9   205.20    16.26
2030   10   163.89     9.05
2030   11    58.61     4.88
2030   12    67.34     1.29
2031    1    73.44    -5.72
2031    2    45.78     0.02
2031    3    86.66     2.96
2031    4    90.44     6.50
2031    5   146.90    14.47
2031    6   148.35    16.05
2031    7   112.46    18.42
2031    8    64.48    17.76
2031    9    50.63    14.41
2031   10   204.92    11.51
2031   11   133.03     6.05
2031   12    74.08    -0.85
2032    1    78.33    -2.36
2032    2    57.35    -0.96
2032    3    54.40     3.88
2032    4   101.39     5.23
2032    5    82.71    12.88
2032    6    72.42    17.01
2032    7    24.86    19.86
2032    8    31.72    21.09
2032    9    62.58    15.15
2032   10    62.14     8.69
2032   11    26.95     4.17
2032   12    72.01    -0.48
2033    1    47.67    -6.01
2033    2    48.30     0.22
2033    3    40.77     2.83
2033    4   112.17     5.80
2033    5   100.09    13.25
2033    6    48.97    16.70
2033    7    47.63    19.85
2033    8    45.69    18.78
2033    9    47.53    15.59
2033   10    83.45    10.02
2033   11    48.57     4.43
2033   12    38.72     0.44
2034    1    22.11    -2.47
2034    2    32.03    -0.34
2034    3    67.11     2.75
2034    4    87.45     7.48
2034    5   113.66    11.47
2034    6    42.71    17.57
2034    7    21.33    20.20
2034    8    35.74    20.58
2034    9    90.94    14.06
2034   10   175.22     7.64
2034   11    93.97     3.84
2034   12    64.51    -0.97
2035    1    48.58    -2.53
2035    2    57.73    -2.59
2035    3   100.32    -3.15
2035    4    47.95    12.18
2035    5    81.23    12.97
2035    6    66.83    18.08
2035    7    10.14    22.09
2035    8    16.88    21.68
2035    9    69.87    16.06
2035   10    97.14     8.16
2035   11    95.40     2.93
2035   12    39.45     1.90
2036    1    27.63     1.64
2036    2    53.18    -1.45
2036    3    92.95     1.27
2036    4    36.12     8.27
2036    5   127.41    14.09
2036    6    50.10    18.04
2036    7    17.00    21.17
2036    8    41.08    20.49
2036    9    74.99    16.25
2036   10    77.69     8.90
2036   11    39.18     6.63
2036   12    27.46     1.88
2037    1    76.27    -0.77
2037    2    22.74     0.34
2037    3    67.31     1.08
2037    4    84.08     6.94
2037    5   158.80    12.96
2037    6    72.19    16.70
2037    7     2.98    20.06
2037    8    12.55    20.81
2037    9    77.18    16.64
2037   10   138.13    10.71
2037   11    39.33     4.15
2037   12    90.74    -1.64
2038    1    60.07    -3.82
2038    2    32.68    -3.80
2038    3    83.63    -0.94
2038    4    97.80     3.33
2038    5   142.02    11.88
2038    6    48.96    16.66
2038    7    43.79    19.74
2038    8    14.18    21.01
2038    9    66.19    16.35
2038   10    75.10    11.38
2038   11   121.33     4.04
2038   12    46.47     0.28
2039    1    73.52    -1.37
2039    2    27.94     1.12
2039    3    77.00     2.26
2039    4    51.70     7.98
2039    5   162.82    14.46
2039    6   129.94    17.57
2039    7    57.05    19.91
2039    8    32.94    19.68
2039    9   138.65    17.02
2039   10    62.39    11.34
2039   11    39.46     4.59
2039   12    84.85    -1.16
2040    1    52.44    -2.25
2040    2    43.45     0.15
2040    3    97.59     4.88
2040    4   102.85    10.34
2040    5   111.89    11.44
2040    6    80.44    16.04
2040    7    40.68    19.48
2040    8    42.51    20.30
2040    9   125.54    14.96
2040   10    28.00     8.72
2040   11    30.88     3.05
2040   12    90.31    -1.01
2041    1    56.78    -4.57
2041    2    41.72    -1.50
2041    3    42.24     4.63
2041    4    77.06     9.23
2041    5    79.36    12.93
2041    6   106.90    17.24
2041    7     5.32    21.00
2041    8    15.09    20.90
2041    9   110.00    16.13
2041   10    31.83     6.66
2041   11    18.07     2.93
2041   12    26.08     1.07
2042    1    14.09    -0.91
2042    2    47.20     1.72
2042    3    59.63     3.98
2042    4   121.25    10.23
2042    5   143.80    14.61
2042    6    55.60    16.17
2042    7    29.20    20.96
2042    8    54.31    21.20
2042    9   233.33    13.31
2042   10    33.20     8.73
2042   11    43.31     5.71
2042   12    72.73    -1.08
2043    1    42.64    -4.31
2043    2    74.12    -5.15
2043    3    59.05     2.53
2043    4   100.55     8.80
2043    5    98.13    12.80
2043    6    51.72    18.33
2043    7    50.94    20.30
2043    8    18.19    20.17
2043    9   109.03    13.89
2043   10    90.38     9.90
2043   11    59.72     4.77
2043   12    50.18     0.66
2044    1    35.73     0.03
2044    2    84.51    -2.68
2044    3    26.77     2.07
2044    4   105.41     7.73
2044    5    31.12    11.99
2044    6    68.81    17.90
2044    7    55.26    20.80
2044    8    37.33    19.24
2044    9    82.32    13.30
2044   10    51.70    10.08
2044   11    39.00     2.45
2044   12    36.47     0.99
2045    1    22.81     2.40
2045    2    74.64     1.42
2045    3    84.48     3.59
2045    4    74.16     8.01
2045    5    62.60    11.85
2045    6    47.08    18.66
2045    7    16.75    21.29
2045    8    40.10    21.65
2045    9    90.71    15.81
2045   10    99.29     8.00
2045   11   143.30     1.09
2045   12    23.67    -1.63
2046    1    70.42    -1.44
2046    2    56.17    -4.94
2046    3    55.95     2.57
2046    4    65.67     7.96
2046    5    35.69    14.94
2046    6    77.34    16.83
2046    7    35.02    21.48
2046    8    21.09    21.59
2046    9   123.50    15.92
2046   10    32.80    10.44
2046   11    37.09     7.30
2046   12    30.92     1.99
2047    1    68.95    -1.37
2047    2    72.76    -3.33
2047    3    89.49     4.26
2047    4   128.97     4.76
2047    5    63.88    14.07
2047    6    24.61    18.81
2047    7    35.15    22.10
2047    8    21.65    21.27
2047    9   106.00    15.29
2047   10   261.37    10.94
2047   11    37.56     3.08
2047   12    43.34    -1.85
2048    1    16.18     0.65
2048    2    42.48     2.43
2048    3    92.76     5.11
2048    4   130.08     7.76
2048    5    44.50    13.67
2048    6    99.50    19.25
2048    7    22.30    23.05
2048    8    86.37    18.70
2048    9    75.79    15.83
2048   10    32.94    13.00
2048   11    38.77     7.56
2048   12    30.47     2.90
2049    1    76.72    -2.52
2049    2    20.31    -0.23
2049    3    18.91     9.63
2049    4   101.84    10.15
2049    5   101.06    14.55
2049    6    98.97    18.63
2049    7    26.12    20.57
2049    8    24.73    19.37
2049    9    63.40    16.22
2049   10    88.83    11.38
2049   11    55.96     5.81
2049   12    65.63    -0.87
2050    1    49.38    -4.31
2050    2    76.94    -2.20
2050    3    85.31     0.39
2050    4    73.57     8.64
2050    5    66.40    12.36
2050    6   116.07    18.05
2050    7    26.73    21.28
2050    8    23.60    21.06
2050    9   122.22    16.05
2050   10    82.97     9.65
2050   11    37.84     6.55
2050   12    72.75    -0.91
2051    1    68.12    -5.65
2051    2    29.07     1.04
2051    3    99.46     2.82
2051    4   129.59     7.56
2051    5    58.76    11.96
2051    6    74.83    17.20
2051    7    31.31    19.27
2051    8     8.76    22.13
2051    9   109.14    17.74
2051   10   178.85    10.89
2051   11    27.63     6.37
2051   12    74.73    -2.36
2052    1    53.55    -3.89
2052    2    42.06    -1.66
2052    3   111.36    -0.48
2052    4    80.02     8.65
2052    5   115.13    14.71
2052    6    82.23    16.50
2052    7    34.65    20.80
2052    8    54.95    20.92
2052    9    46.47    17.43
2052   10    62.20     9.31
2052   11    42.13     5.64
2052   12    36.88     2.05
2053    1    38.96    -1.66
2053    2    60.21    -0.18
2053    3    49.10     2.54
2053    4    33.06     9.35
2053    5   121.00    12.42
2053    6    50.55    18.36
2053    7    26.93    21.41
2053    8    54.01    20.24
2053    9    38.78    17.55
2053   10    40.61    11.05
2053   11   121.36     4.75
2053   12    70.61    -2.00
2054    1    37.91    -0.18
2054    2    66.47     1.34
2054    3    66.48     2.64
2054    4    94.42     8.48
2054    5   103.38    14.49
2054    6    92.44    18.73
2054    7    31.47    20.97
2054    8    64.36    20.24
2054    9    80.10    15.66
2054   10    73.25    10.80
2054   11    60.02     5.19
2054   12    51.13     2.92
2055    1    27.65    -1.76
2055    2    55.19    -0.11
2055    3   100.18     1.20
2055    4    43.98     6.28
2055    5    47.54    15.22
2055    6    73.26    17.04
2055    7    15.09    21.54
2055    8    57.19    20.99
2055    9    86.42    15.71
2055   10   137.21     8.78
2055   11   104.41     3.96
2055   12    40.47    -0.50
2056    1    30.05    -0.63
2056    2    40.88     1.45
2056    3    51.77     4.97
2056    4    78.13     8.79
2056    5   154.20    11.59
2056    6     7.02    18.58
2056    7    26.97    22.08
2056    8    48.52    22.52
2056    9   108.90    15.33
2056   10   218.00     7.72
2056   11    96.42     0.66
2056   12    50.48     0.41
2057    1    41.70    -1.47
2057    2    55.73    -0.70
2057    3    35.59     5.47
2057    4    88.75     8.09
2057    5    42.43    15.03
2057    6    44.52    20.28
2057    7    22.73    21.79
2057    8    43.27    22.16
2057    9   151.33    14.16
2057   10    49.92     7.96
2057   11    33.25     6.28
2057   12    43.46    -0.21
2058    1    59.55    -4.41
2058    2    33.44     0.99
2058    3    40.50     3.60
2058    4    36.22     8.29
2058    5   104.27    14.32
2058    6    30.27    20.28
2058    7    13.02    23.51
2058    8     6.78    23.62
2058    9    48.25    17.48
2058   10    92.91    11.61
2058   11    59.66     5.84
2058   12    49.61     2.62
2059    1    64.03     0.77
2059    2    98.68    -1.20
2059    3    66.21     4.26
2059    4   158.61    12.13
2059    5   128.26    14.13
2059    6    64.37    17.74
2059    7   103.88    19.76
2059    8    80.86    19.64
2059    9   215.89    13.41
2059   10    28.64     9.79
2059   11    41.04     4.98
2059   12    44.32    -1.70
2060    1    33.06    -4.51
2060    2    67.02     0.82
2060    3    97.38     1.43
2060    4   147.85     7.21
2060    5   100.91    12.52
2060    6    51.06    17.75
2060    7    19.00    22.97
2060    8    44.98    21.76
2060    9    95.65    16.37
2060   10    77.21    10.75
2060   11    44.10     4.44
2060   12    68.14     0.61
2061    1    50.43    -2.58
2061    2    41.61    -1.22
2061    3    48.27     6.27
2061    4    89.27    10.14
2061    5   106.10    13.37
2061    6    67.94    16.82
2061    7    36.65    20.69
2061    8    23.14    21.06
2061    9    45.87    15.48
2061   10    98.13     8.79
2061   11    55.37     5.70
2061   12    54.06    -0.07
2062    1    53.10    -1.77
2062    2    27.28     0.09
2062    3    46.69     5.88
2062    4    88.23     8.02
2062    5    81.24    14.19
2062    6    56.10    19.68
2062    7    31.61    20.47
2062    8    29.16    22.98
2062    9    34.85    14.76
2062   10   104.91     6.86
2062   11    91.45     3.64
2062   12    77.91     0.55
2063    1    74.28    -3.08
2063    2    29.14     3.31
2063    3    73.18     5.75
2063    4   100.65    10.66
2063    5   103.93    13.58
2063    6    28.74    19.23
2063    7    25.22    22.68
2063    8     7.49    23.38
2063    9    51.88    17.52
2063   10   110.59    11.64
2063   11    57.83     7.16
2063   12    45.07     0.43
2064    1    50.55     0.68
2064    2    53.54     0.07
2064    3   126.32     0.29
2064    4    59.30     7.68
2064    5   171.85    13.84
2064    6   107.80    18.22
2064    7    55.40    19.83
2064    8     9.45    21.55
2064    9   117.00    16.40
2064   10    96.40    12.43
2064   11   165.10     6.33
2064   12   142.26     1.78
2065    1    28.94     1.36
2065    2    40.75     2.49
2065    3   131.94     5.10
2065    4    88.44     9.67
2065    5    88.88    15.46
2065    6    29.86    20.79
2065    7    98.88    20.26
2065    8   101.79    19.79
2065    9    69.77    16.94
2065   10    96.54    11.70
2065   11    59.22     1.92
2065   12    56.75     0.84
2066    1    37.76    -0.87
2066    2    92.76    -1.43
2066    3   102.55     3.69
2066    4    91.70     7.75
2066    5    46.17    15.44
2066    6    41.94    19.59
2066    7    21.00    23.92
2066    8    77.93    21.62
2066    9   124.84    14.05
2066   10   141.24    10.46
2066   11    79.72     3.08
2066   12    68.81     1.70
2067    1    52.06    -1.82
2067    2    91.48     0.82
2067    3    93.87    -1.51
2067    4    33.56     6.15
2067    5    60.77    15.69
2067    6    59.52    17.96
2067    7    15.68    24.03
2067    8    35.61    22.12
2067    9    90.99    17.02
2067   10   116.33     8.80
2067   11   150.71     1.90
2067   12    78.75     0.13
2068    1    67.66    -1.88
2068    2    35.20    -2.09
2068    3    47.12     3.54
2068    4    68.39    10.41
2068    5    79.77    14.78
2068    6    93.05    16.52
2068    7    44.46    21.45
2068    8    43.41    21.83
2068    9   137.17    17.37
2068   10    68.71    12.74
2068   11   102.43     5.42
2068   12    27.19     3.21
2069    1    48.06     1.55
2069    2    66.48     2.95
2069    3    61.13     5.17
2069    4   166.27     7.63
2069    5    85.34    12.94
2069    6    69.12    18.19
2069    7    19.67    20.13
2069    8    33.64    21.28
2069    9    84.27    15.91
2069   10   113.92    13.43
2069   11    96.68     5.50
2069   12    36.25     0.56
2070    1    19.51    -1.98
2070    2    46.66    -2.42
2070    3    59.96     3.76
2070    4    91.40     6.67
2070    5   107.90    16.71
2070    6    31.90    18.89
2070    7    50.12    21.34
2070    8    46.49    21.88
2070    9   107.58    15.37
2070   10    69.07    11.99
2070   11    44.00     6.16
2070   12    53.95     0.11
2071    1    45.67    -1.32
2071    2    48.82     1.73
2071    3    92.83     4.81
2071    4   123.78     9.23
2071    5   131.01    15.29
2071    6   132.06    18.82
2071    7    45.40    19.82
2071    8    32.92    19.68
2071    9    32.75    15.66
2071   10   105.93    11.87
2071   11    76.07     6.44
2071   12    27.80     2.57
2072    1    88.67    -0.77
2072    2    74.59     0.00
2072    3    61.36     7.19
2072    4   116.95     6.42
2072    5   158.82    13.54
2072    6   107.41    18.43
2072    7    59.91    20.01
2072    8    55.88    19.30
2072    9    61.12    18.62
2072   10   115.60    10.98
2072   11    37.56     4.49
2072   12    44.19     0.57
2073    1    48.05    -3.60
2073    2    51.01     1.67
2073    3    44.26     4.72
2073    4    84.65     7.09
2073    5    34.89    15.55
2073    6    62.35    19.46
2073    7    23.01    23.05
2073    8    69.58    23.49
2073    9    64.77    16.59
2073   10    28.19    11.20
2073   11    31.80     4.66
2073   12    55.64     0.13
2074    1    17.40     0.90
2074    2    70.96    -2.63
2074    3    52.97     4.73
2074    4    63.71    10.45
2074    5    96.16    14.54
2074    6    89.53    19.07
2074    7    32.06    23.35
2074    8    40.89    22.55
2074    9    99.60    15.97
2074   10   128.38    10.46
2074   11   104.51     4.13
2074   12    40.80     2.02
2075    1   125.22    -1.02
2075    2    24.27     1.32
2075    3    76.74     1.87
2075    4    96.94     9.16
2075    5    90.63    14.21
2075    6    58.62    18.72
2075    7    45.93    22.23
2075    8    26.56    22.42
2075    9    76.09    17.73
2075   10    83.54    12.14
2075   11     6.78     7.40
2075   12    98.67     0.36
2076    1    44.94    -2.03
2076    2    40.69     1.69
2076    3    97.61     5.83
2076    4    81.21     9.09
2076    5   134.65    12.13
2076    6    56.42    20.14
2076    7    42.54    23.07
2076    8    61.86    20.03
2076    9    62.00    18.04
2076   10   224.15    10.15
2076   11    62.28     4.05
2076   12    41.40     0.90
2077    1    82.32     0.67
2077    2    24.63    -0.37
2077    3   103.48     3.76
2077    4    69.81    10.36
2077    5   102.90    15.02
2077    6    40.53    20.92
2077    7    55.52    22.21
2077    8    42.90    20.35
2077    9    76.98    17.82
2077   10   282.61     8.62
2077   11    72.60     3.33
2077   12    81.48     0.25
2078    1    57.13    -2.73
2078    2    20.72     1.33
2078    3    21.59     8.39
2078    4   146.11     6.76
2078    5   125.63    13.94
2078    6    72.15    18.45
2078    7    26.40    22.15
2078    8    37.24    20.76
2078    9    78.46    17.99
2078   10    77.40    11.57
2078   11   185.11     3.91
2078   12    57.93    -1.62
2079    1    64.86    -2.93
2079    2     8.10     1.28
2079    3    76.90     5.06
2079    4   107.23     9.76
2079    5    91.94    13.61
2079    6    41.39    20.43
2079    7    29.98    21.80
2079    8    41.42    23.25
2079    9   120.13    16.22
2079   10   120.65    11.70
2079   11    17.68     5.38
2079   12    75.97     2.28
2080    1    93.00    -4.49
2080    2    49.46     0.46
2080    3    56.78     5.86
2080    4   145.45     7.79
2080    5   131.78    14.72
2080    6    60.67    19.05
2080    7    16.50    22.13
2080    8    30.06    22.68
2080    9    58.90    17.21
2080   10    70.06    10.25
2080   11    26.31     6.63
2080   12    73.94     2.17
2081    1    37.52     1.73
2081    2    36.96     3.90
2081    3    36.69     8.74
2081    4    82.12     9.18
2081    5   140.95    13.85
2081    6    91.19    19.91
2081    7    34.03    21.89
2081    8    27.43    20.90
2081    9   208.10    17.03
2081   10   136.56     9.98
2081   11    77.85     7.09
2081   12    51.61     3.81
2082    1   108.10    -0.64
2082    2    61.08     1.59
2082    3    74.27     5.58
2082    4    90.66     9.97
2082    5   174.94    14.81
2082    6    78.63    19.52
2082    7    77.07    20.48
2082    8    31.47    20.53
2082    9   104.55    15.78
2082   10   189.05     9.10
2082   11    21.68     6.00
2082   12    31.72     1.67
2083    1    57.93    -2.07
2083    2    67.12    -1.18
2083    3    68.52     1.93
2083    4   119.59     9.22
2083    5    96.56    15.20
2083    6    73.09    18.75
2083    7    46.29    22.51
2083    8    52.02    21.50
2083    9    70.39    16.43
2083   10    86.75     9.85
2083   11    29.98     5.25
2083   12    55.86     3.25
2084    1    71.35     0.43
2084    2    46.78     1.65
2084    3    61.15     7.28
2084    4   114.82     9.58
2084    5   161.26    14.64
2084    6    61.74    17.43
2084    7    71.85    20.73
2084    8    65.44    20.18
2084    9    86.73    16.37
2084   10    54.27    11.68
2084   11   104.99     4.56
2084   12    37.72     1.80
2085    1   103.94    -3.35
2085    2    30.08     3.62
2085    3    38.25     4.64
2085    4    28.16    10.23
2085    5   107.79    14.53
2085    6    96.43    16.49
2085    7    23.31    23.39
2085    8    33.45    23.69
2085    9   102.79    17.26
2085   10    96.57    11.51
2085   11    90.67     3.90
2085   12    15.23     1.74
2086    1    30.41     1.20
2086    2    48.97     4.31
2086    3   106.55     5.52
2086    4   161.23    10.65
2086    5   103.08    16.78
2086    6    84.00    19.80
2086    7    36.38    21.84
2086    8    65.35    22.46
2086    9    63.38    16.55
2086   10    87.26    12.28
2086   11    44.62     4.93
2086   12    68.96    -3.51
2087    1    37.37    -2.76
2087    2    63.28     0.86
2087    3    71.29     7.39
2087    4    66.17    11.50
2087    5   126.22    14.68
2087    6    94.19    18.63
2087    7     6.04    23.34
2087    8    16.07    22.94
2087    9    82.58    18.43
2087   10    62.14    11.42
2087   11   338.27     6.18
2087   12    68.19     1.68
2088    1    45.38     0.43
2088    2    67.91    -0.65
2088    3    84.47     1.86
2088    4   109.07     9.03
2088    5   125.61    15.81
2088    6    43.92    19.07
2088    7    55.25    22.91
2088    8    24.91    21.78
2088    9   112.81    16.61
2088   10    92.57    11.31
2088   11    82.40     5.61
2088   12    48.49    -2.97
2089    1    49.82    -0.13
2089    2    66.09     0.98
2089    3    24.59     8.35
2089    4    89.98    10.11
2089    5   162.38    14.82
2089    6    98.70    18.52
2089    7    14.08    22.42
2089    8    22.38    23.60
2089    9    65.13    18.16
2089   10    86.19    12.77
2089   11    23.41     8.00
2089   12    61.31     2.62
2090    1    40.14    -3.81
2090    2    68.82    -4.16
2090    3    50.73     4.01
2090    4    51.49    12.11
2090    5    61.27    16.36
2090    6   100.91    19.47
2090    7    44.63    21.47
2090    8    25.47    22.72
2090    9    86.21    17.82
2090   10    80.70    10.16
2090   11    48.25     5.49
2090   12    31.39     1.07
2091    1    64.39    -2.94
2091    2    24.92     0.20
2091    3    95.69     5.74
2091    4   130.91     7.93
2091    5   102.87    13.42
2091    6    38.94    21.05
2091    7    42.19    22.58
2091    8    41.96    23.73
2091    9    69.50    16.75
2091   10    55.03     8.89
2091   11    71.85     6.11
2091   12    26.22     3.13
2092    1    55.09     2.96
2092    2    80.17     0.89
2092    3    37.10     8.45
2092    4    73.16    12.15
2092    5    51.28    16.46
2092    6    83.16    19.19
2092    7    63.94    20.68
2092    8    41.13    23.16
2092    9    74.71    18.19
2092   10    73.17     9.59
2092   11    12.43     7.25
2092   12   122.11     1.21
2093    1    27.05    -0.44
2093    2    45.93    -1.44
2093    3    81.82     3.94
2093    4   127.11     9.88
2093    5    93.28    16.10
2093    6   114.82    18.88
2093    7    21.85    22.75
2093    8    29.21    22.60
2093    9    70.30    18.08
2093   10   184.77    12.09
2093   11    24.96     7.03
2093   12    46.95     3.15
2094    1    92.74     0.56
2094    2    66.73    -4.10
2094    3    58.94     5.45
2094    4   111.21     9.01
2094    5   173.47    13.58
2094    6    66.06    19.78
2094    7    46.27    22.58
2094    8    47.06    20.52
2094    9    75.62    18.88
2094   10    57.89    14.75
2094   11    60.80     8.84
2094   12    52.81     0.79
2095    1    82.83    -1.94
2095    2    61.28    -0.45
2095    3   128.46     1.79
2095    4    55.81    12.67
2095    5    89.13    15.95
2095    6    44.56    20.57
2095    7    16.77    23.04
2095    8    35.29    23.25
2095    9    52.08    17.93
2095   10    78.76    12.28
2095   11    81.76     6.59
2095   12    28.94     1.16
2096    1    65.17    -0.76
2096    2    39.84     1.43
2096    3    44.75     7.81
2096    4    62.58    13.37
2096    5   164.09    14.83
2096    6    43.68    19.31
2096    7    13.76    23.56
2096    8    24.27    24.12
2096    9    73.87    17.35
2096   10    78.48    11.88
2096   11    26.70     9.01
2096   12    35.35     2.21
2097    1    24.83     0.40
2097    2    28.13     3.73
2097    3   101.85     4.23
2097    4   107.06     8.65
2097    5    96.11    12.70
2097    6    59.92    19.12
2097    7    12.51    22.15
2097    8    19.97    24.42
2097    9    88.47    19.52
2097   10   166.37    13.51
2097   11    73.29     8.31
2097   12    53.16     0.62
2098    1    63.70    -2.63
2098    2    49.42    -0.09
2098    3    76.80     4.89
2098    4   182.68     8.98
2098    5    97.01    15.17
2098    6    91.20    19.06
2098    7    55.66    22.45
2098    8    42.02    21.72
2098    9   108.55    18.18
2098   10   239.98    11.22
2098   11    33.33     9.37
2098   12    36.12     1.79
2099    1    57.15     0.26
2099    2    55.09     1.31
2099    3    39.56     5.12
2099    4    94.78    11.78
2099    5   179.38    14.35
2099    6    77.65    20.94
2099    7    30.34    22.44
2099    8    40.21    22.63
2099    9   188.72    16.24
2099   10   120.33    12.16
2099   11    33.89     4.92
2099   12    47.64     4.42
2100    1    38.14     0.12
2100    2   119.99    -1.69
2100    3    76.73     3.29
2100    4   170.44     6.96
2100    5   117.71    16.31
2100    6    76.69    20.02
2100    7    10.53    23.06
2100    8     8.71    21.93
2100    9    32.76    20.40
2100   10    98.94    13.54
2100   11    51.83     3.47
2100   12    39.17    -3.12
2101    1    43.25    -1.83
2101    2    23.11     4.49
2101    3   111.60     5.31
2101    4    50.65    10.97
2101    5   146.17    13.75
2101    6    73.47    20.53
2101    7    17.35    22.83
2101    8    56.42    21.86
2101    9   137.01    16.03
2101   10    47.64    10.14
2101   11    69.56     6.70
2101   12    56.69     2.81
2102    1    79.35    -1.79
2102    2    42.27     3.83
2102    3    82.35     4.88
2102    4   110.93     6.68
2102    5    55.83    16.04
2102    6    36.39    19.88
2102    7    18.33    23.48
2102    8    36.24    22.37
2102    9    55.96    16.95
2102   10   116.25    12.88
2102   11    55.20     7.78
2102   12   102.87     0.33
2103    1    44.20     0.63
2103    2    56.73     3.52
2103    3    97.90     6.76
2103    4    52.57    11.48
2103    5   125.85    13.58
2103    6   105.47    18.30
2103    7    22.14    23.22
2103    8    26.90    23.06
2103    9    59.80    17.08
2103   10    93.56     9.93
2103   11    29.36     7.16
2103   12    77.25    -0.45
2104    1    55.99     0.30
2104    2    19.71     5.57
2104    3    41.44    10.17
2104    4   103.28    11.34
2104    5   132.52    11.87
2104    6    85.99    18.08
2104    7    47.17    22.93
2104    8    49.10    22.60
2104    9    43.09    18.48
2104   10    92.81    11.68
2104   11    95.08     7.51
2104   12    54.79     1.76
2105    1    78.57    -0.58
2105    2    57.65     1.20
2105    3    79.57     4.49
2105    4   126.87     7.60
2105    5   198.14    12.39
2105    6    63.72    19.68
2105    7    40.45    22.23
2105    8    21.62    24.04
2105    9   131.20    16.07
2105   10    60.06     9.61
2105   11    99.73     5.00
2105   12    95.70    -2.93
2106    1    85.79    -1.70
2106    2    45.64     3.57
2106    3   101.65     2.42
2106    4   101.66    10.77
2106    5    84.94    18.16
2106    6    90.35    18.40
2106    7     8.31    23.70
2106    8    79.38    22.56
2106    9   161.79    15.33
2106   10    76.81    11.67
2106   11    58.73     4.43
2106   12    88.27    -0.41
2107    1    18.01    -2.03
2107    2    34.05     1.18
2107    3    62.80     4.36
2107    4    45.43     7.87
2107    5    83.93    15.19
2107    6    70.23    18.61
2107    7    12.11    22.62
2107    8    53.02    23.29
2107    9   121.62    16.06
2107   10    49.94     8.68
2107   11    50.00     4.34
2107   12    68.51     1.97
2108    1    40.46    -2.75
2108    2    60.33     1.62
2108    3    55.00     5.92
2108    4   111.62     8.85
2108    5   132.58    13.86
2108    6    69.08    18.75
2108    7    60.18    22.87
2108    8    51.46    22.44
2108    9   137.62    17.19
2108   10    84.17    12.47
2108   11    79.22     6.96
2108   12    60.07     4.44
2109    1    83.38     0.62
2109    2    44.33    -0.92
2109    3    67.46     8.69
2109    4    67.60    10.30
2109    5   111.47    15.86
2109    6    84.32    18.99
2109    7    55.73    22.84
2109    8    64.12    21.17
2109    9    69.53    16.84
2109   10    62.24    13.49
2109   11    79.41     6.59
2109   12    66.48    -1.25
2110    1    94.60    -1.22
2110    2    47.83     0.64
2110    3    63.24     4.47
2110    4    87.84    10.30
2110    5   101.62    14.55
2110    6    40.20    19.78
2110    7    28.99    22.52
2110    8    49.26    24.34
2110    9   110.66    17.49
2110   10    62.62    12.86
2110   11    64.90     5.86
2110   12    54.43    -0.89
2111    1    47.30     1.45
2111    2    47.93     4.01
2111    3   116.60     2.83
2111    4    74.86    10.83
2111    5   100.47    14.76
2111    6    87.29    18.28
2111    7    44.27    22.95
2111    8    63.86    22.27
2111    9   108.55    15.52
2111   10   100.03    10.84
2111   11    81.45     6.51
2111   12    25.97     3.84
2112    1    88.59    -2.17
2112    2    33.54     0.95
2112    3    48.37     3.95
2112    4   123.35     7.38
2112    5    37.41    17.19
2112    6    15.84    22.90
2112    7    34.15    23.10
2112    8    28.24    23.21
2112    9   158.42    16.15
2112   10    72.64    10.95
2112   11    51.51     8.05
2112   12    49.31     3.42
2113    1    60.57    -0.41
2113    2    24.43     4.52
2113    3    60.76     5.52
2113    4    61.48    11.80
2113    5   100.82    17.53
2113    6    92.24    21.52
2113    7    21.31    24.24
2113    8    46.11    23.54
2113    9    77.24    20.71
2113   10   107.31    13.64
2113   11   143.86     6.99
2113   12    48.83     3.79
2114    1    53.43     2.60
2114    2    27.87     1.81
2114    3    71.66     7.70
2114    4   164.91    11.27
2114    5    50.82    16.16
2114    6    70.08    21.81
2114    7    59.21    22.58
2114    8    83.04    22.66
2114    9   104.97    18.08
2114   10    74.98    12.38
2114   11    69.84     6.15
2114   12    62.47     1.64
2115    1    56.69    -1.99
2115    2    40.59     2.04
2115    3    42.76     7.26
2115    4   108.01    10.74
2115    5    55.78    15.73
2115    6    77.86    19.48
2115    7    25.21    22.12
2115    8    53.71    22.12
2115    9    47.98    16.01
2115   10    50.79    10.48
2115   11    33.99     4.20
2115   12    39.61    -1.35
2116    1    28.00     0.96
2116    2    80.72    -1.34
2116    3    99.39     4.10
2116    4    49.31    13.14
2116    5   146.83    14.91
2116    6    73.34    19.64
2116    7    22.29    23.59
2116    8    31.83    23.67
2116    9    93.51    16.10
2116   10   132.04    11.80
2116   11    39.41     7.84
2116   12   121.24     0.09
2117    1    47.53     1.35
2117    2    40.19     3.33
2117    3    62.92     7.62
2117    4    46.63    12.87
2117    5    99.55    14.78
2117    6    49.94    21.26
2117    7    45.61    23.78
2117    8    50.35    23.63
2117    9    85.15    17.84
2117   10   117.80    11.39
2117   11    38.79     5.09
2117   12    61.79     2.34
2118    1    24.90     1.18
2118    2    50.76    -1.38
2118    3    64.90     4.75
2118    4    35.63    10.61
2118    5    71.58    16.46
2118    6    25.07    21.11
2118    7    12.58    25.82
2118    8    29.50    23.64
2118    9    65.47    17.53
2118   10   143.23    11.32
2118   11    36.55     7.33
2118   12    78.71    -0.85
2119    1    11.28     2.97
2119    2    81.94    -3.20
2119    3    71.51     0.94
2119    4    68.54    10.38
2119    5   107.92    14.21
2119    6    31.96    20.62
2119    7     7.86    22.97
2119    8    11.11    25.86
2119    9    99.70    18.19
2119   10    36.50    11.56
2119   11    37.97     8.08
2119   12    58.21     3.46
2120    1   103.33    -0.95
2120    2    20.07     2.53
2120    3    76.60     6.40
2120    4    64.14    10.48
2120    5   101.84    16.31
2120    6    38.62    19.55
2120    7    24.59    23.42
2120    8    40.28    24.33
2120    9    38.49    17.47
2120   10   172.37    10.90
2120   11     7.14     8.04
2120   12    37.15     4.02
2121    1    14.75     4.43
2121    2    83.11     2.48
2121    3    38.61     4.04
2121    4   127.99     9.23
2121    5   118.32    15.61
2121    6    27.30    20.12
2121    7    30.58    22.33
2121    8    26.69    24.46
2121    9   105.47    16.88
2121   10   139.83    11.08
2121   11   110.28     6.20
2121   12   125.66    -3.77
2122    1    64.02    -2.71
2122    2    33.37     3.44
2122    3    46.10     6.55
2122    4   109.87     6.09
2122    5   105.57    13.59
2122    6    50.35    21.42
2122    7    28.22    23.96
2122    8    16.61    24.70
2122    9    81.10    17.64
2122   10    99.03    10.13
2122   11   132.58     4.53
2122   12    36.02    -0.80
2123    1    55.38    -2.47
2123    2    33.99     2.49
2123    3    56.56     7.08
2123    4    72.77    11.79
2123    5   178.95    16.70
2123    6    52.29    19.97
2123    7    12.81    20.77
2123    8     2.06    25.24
2123    9    30.49    20.58
2123   10   106.13    14.10
2123   11    47.60     7.76
2123   12    76.53     4.83
2124    1    40.01     3.24
2124    2    48.40     2.97
2124    3    81.22     5.22
2124    4    65.43     8.43
2124    5   153.90    17.11
2124    6    70.56    18.87
2124    7    39.43    22.77
2124    8    79.61    22.96
2124    9   115.23    17.27
2124   10   247.97     9.20
2124   11    56.02     6.72
2124   12    67.51     1.44
2125    1    73.75    -0.34
2125    2    30.13     3.94
2125    3    65.98     5.00
2125    4   109.79     7.84
2125    5   150.83    16.21
2125    6    86.61    19.43
2125    7    18.10    23.60
2125    8    52.69    23.76
2125    9   174.77    16.17
2125   10   132.67    10.84
2125   11    21.53     5.79
2125   12    59.28     2.10
2126    1    66.01     1.66
2126    2    21.02     3.53
2126    3    41.79     7.55
2126    4   140.01     8.28
2126    5    79.77    15.07
2126    6    51.24    20.26
2126    7    11.47    24.80
2126    8    38.82    23.45
2126    9    61.74    17.04
2126   10   138.23    11.04
2126   11    58.03     5.95
2126   12    78.20     1.24
2127    1    65.66    -1.97
2127    2    43.82     0.93
2127    3    60.00     5.84
2127    4   116.66    10.67
2127    5    62.44    14.57
2127    6    61.35    21.32
2127    7    28.80    23.13
2127    8    13.17    23.54
2127    9    45.24    17.23
2127   10   120.65    12.26
2127   11   130.84     6.13
2127   12    29.01     3.28
2128    1    30.68     1.78
2128    2    98.06     4.43
2128    3   115.79     5.08
2128    4    86.20    13.91
2128    5   132.18    15.15
2128    6    53.68    21.47
2128    7    48.90    22.38
2128    8    60.28    21.87
2128    9    61.08    17.52
2128   10   150.14    11.27
2128   11    27.56     8.03
2128   12    55.64     1.81
2129    1    53.33     2.16
2129    2   117.16     0.94
2129    3    45.22     6.51
2129    4    73.43    11.46
2129    5    96.60    16.42
2129    6    59.56    20.39
2129    7    25.34    25.49
2129    8    36.95    24.73
2129    9   129.31    18.47
2129   10    51.11    10.39
2129   11    89.64     8.27
2129   12   126.98    -1.31
2130    1    65.15    -0.32
2130    2    19.83     1.73
2130    3    58.54     7.77
2130    4    54.95    11.00
2130    5    95.68    16.95
2130    6    62.12    20.04
2130    7    33.93    24.02
2130    8    55.96    22.82
2130    9    58.58    18.42
2130   10    25.16    12.92
2130   11    61.09     7.31
2130   12    46.45     2.93
2131    1    50.15     0.50
2131    2    67.29     0.81
2131    3    49.56     7.64
2131    4   115.79    10.79
2131    5    43.69    14.27
2131    6     9.70    22.76
2131    7    25.02    23.73
2131    8    21.43    22.31
2131    9    66.57    16.58
2131   10    90.76    11.97
2131   11   129.72     5.73
2131   12    90.93    -2.07
2132    1    51.64    -1.43
2132    2    94.80    -4.46
2132    3    33.44     7.60
2132    4    76.25    12.00
2132    5   165.63    14.22
2132    6    63.61    20.33
2132    7    35.44    24.74
2132    8    29.26    24.37
2132    9    83.55    19.55
2132   10   118.69    13.66
2132   11    11.45     7.91
2132   12   119.73     2.03
2133    1   110.20     1.31
2133    2    74.13     2.14
2133    3    63.70     3.73
2133    4    67.98    11.27
2133    5    92.91    15.55
2133    6    38.66    19.80
2133    7    22.33    24.30
2133    8    65.65    22.05
2133    9   163.10    18.30
2133   10    66.50    13.70
2133   11    29.17     7.38
2133   12    73.95    -2.69
2134    1    35.59     3.24
2134    2    29.65     4.37
2134    3    86.46     6.50
2134    4    76.80     9.55
2134    5    73.73    14.93
2134    6   122.65    20.04
2134    7     6.85    24.88
2134    8    23.13    22.97
2134    9    52.12    19.01
2134   10   206.75    13.07
2134   11    81.83     5.33
2134   12    46.70     2.92
2135    1    84.46     0.51
2135    2    49.70     1.93
2135    3   112.91     6.87
2135    4   109.66     9.10
2135    5    70.54    17.13
2135    6   128.35    19.62
2135    7    79.29    21.35
2135    8    29.40    24.57
2135    9   115.07    18.80
2135   10   147.53    12.24
2135   11    67.69     8.50
2135   12    83.96     0.23
2136    1    60.20    -0.24
2136    2    64.11     2.07
2136    3    91.27     2.36
2136    4    95.06    11.48
2136    5   111.14    16.73
2136    6   127.90    19.37
2136    7    21.93    25.41
2136    8    32.84    24.90
2136    9    62.87    18.94
2136   10    19.21    12.50
2136   11    52.94     2.75
2136   12    28.77     1.98
2137    1    29.80     2.09
2137    2    56.83     1.05
2137    3    77.90     4.68
2137    4    93.42    10.42
2137    5    98.14    16.89
2137    6    80.49    19.01
2137    7    39.53    22.47
2137    8    28.09    22.97
2137    9    67.14    17.92
2137   10    88.56    10.24
2137   11    38.86     6.50
2137   12    84.38     0.45
2138    1    38.88    -1.43
2138    2    56.78     3.03
2138    3   149.56     4.59
2138    4    75.90     8.88
2138    5    51.42    16.69
2138    6    78.68    21.39
2138    7    46.31    22.77
2138    8    31.16    23.93
2138    9    52.40    19.74
2138   10    45.74    12.04
2138   11    76.87     7.03
2138   12    68.04     4.81
2139    1    51.22    -2.03
2139    2    80.02    -1.43
2139    3    72.25     4.72
2139    4   130.51     7.75
2139    5    37.15    17.33
2139    6    71.59    21.60
2139    7    11.53    26.09
2139    8    16.50    25.02
2139    9    73.63    18.09
2139   10   101.17    11.60
2139   11    56.13     4.60
2139   12    87.15     1.64
2140    1    49.18     0.29
2140    2    25.79     0.07
2140    3    41.18     8.13
2140    4   159.80    10.52
2140    5    29.23    18.50
2140    6    77.63    19.83
2140    7     4.40    24.68
2140    8    15.65    23.55
2140    9    43.23    20.41
2140   10   146.54    11.16
2140   11    76.56     5.45
2140   12    40.81     1.00
2141    1    40.12    -2.69
2141    2    24.29     4.31
2141    3    44.73     5.86
2141    4    85.27     9.40
2141    5    86.69    17.46
2141    6    27.89    21.65
2141    7    25.88    25.83
2141    8    29.51    23.30
2141    9    65.06    18.74
2141   10   188.35    10.93
2141   11    24.29     6.93
2141   12    99.45     0.42
2142    1    31.70     2.09
2142    2    99.71    -0.53
2142    3    61.08     6.13
2142    4    98.19     9.31
2142    5    47.91    16.37
2142    6    78.47    22.33
2142    7    15.30    23.80
2142    8    32.21    25.68
2142    9    85.11    19.42
2142   10   100.75    12.07
2142   11    57.23    10.73
2142   12    44.44     2.11
2143    1    22.95     0.99
2143    2    29.42     2.86
2143    3    65.17     6.07
2143    4    88.55    11.86
2143    5   114.76    14.17
2143    6    56.18    19.82
2143    7    37.23    23.95
2143    8    29.09    23.19
2143    9    77.28    18.66
2143   10   176.99    13.20
2143   11    70.13     7.15
2143   12   106.95     0.36
2144    1    62.55    -1.80
2144    2    96.60    -1.94
2144    3    70.69     4.17
2144    4    76.08     8.33
2144    5    47.37    18.10
2144    6    37.64    20.09
2144    7     9.91    25.38
2144    8     8.09    23.33
2144    9   105.78    17.21
2144   10    98.77    11.87
2144   11    21.56     6.49
2144   12    41.42     1.51
2145    1    66.80     1.64
2145    2    77.74    -1.55
2145    3    95.78     4.50
2145    4    76.08    11.10
2145    5   105.64    14.50
2145    6   162.88    18.12
2145    7    28.62    23.17
2145    8    29.36    23.28
2145    9   142.20    18.87
2145   10   116.01    13.91
2145   11    19.40     8.55
2145   12    55.92     5.41
2146    1    85.92    -4.20
2146    2    54.64    -1.42
2146    3    61.15     8.31
2146    4    61.20    12.57
2146    5   104.62    15.61
2146    6    54.19    20.43
2146    7    16.11    23.49
2146    8    41.94    22.74
2146    9    74.01    17.12
2146   10    44.62    11.58
2146   11    74.14     7.42
2146   12    31.46     1.34
2147    1    40.77     1.26
2147    2    54.73     2.27
2147    3    41.81     8.05
2147    4    27.90    13.46
2147    5    65.18    14.57
2147    6    47.51    19.87
2147    7    12.62    24.62
2147    8    48.01    23.67
2147    9   111.32    17.40
2147   10    81.92    12.27
2147   11    11.29     7.27
2147   12    22.54     4.06
2148    1    51.71     0.38
2148    2    80.28     0.64
2148    3    92.44     4.43
2148    4    19.95    13.09
2148    5    90.57    18.21
2148    6    70.06    19.37
2148    7    24.26    23.28
2148    8    32.95    25.27
2148    9   101.51    17.37
2148   10   178.55    12.09
2148   11    84.25     5.83
2148   12    45.68     3.99
2149    1    26.30    -0.10
2149    2    44.26     3.44
2149    3   115.30     4.62
2149    4    25.01    10.72
2149    5   101.75    15.66
2149    6    67.62    20.06
2149    7    13.45    23.63
2149    8     4.83    24.89
2149    9    59.31    17.85
2149   10   120.69    15.15
2149   11   166.55     6.99
2149   12    33.18     4.44
2150    1   120.54     1.09
2150    2    21.81     3.67
2150    3    45.78     5.45
2150    4   135.40    10.70
2150    5   186.16    15.37
2150    6   171.77    18.82
2150    7    79.97    22.22
2150    8    60.31    22.20
2150    9   133.99    16.00
2150   10   103.80    10.60
2150   11   142.27     5.38
2150   12    38.13     1.87
2151    1    40.35     0.11
2151    2    38.03     1.28
2151    3    47.97     4.73
2151    4    98.45    11.71
2151    5    99.93    16.73
2151    6    91.69    20.28
2151    7    46.05    20.66
2151    8    27.49    22.28
2151    9    71.36    18.63
2151   10   117.32     9.78
2151   11    59.25     3.82
2151   12    72.41    -1.38
2152    1    35.43    -0.03
2152    2    92.86    -0.22
2152    3   101.59     4.89
2152    4    46.41    11.37
2152    5    71.56    15.76
2152    6    82.37    18.85
2152    7    28.05    22.65
2152    8    27.65    23.52
2152    9    31.66    16.95
2152   10   121.42     9.75
2152   11    21.26     7.23
2152   12    33.37     4.58
2153    1    52.21     1.75
2153    2   155.49     3.26
2153    3    39.48     8.00
2153    4     2.23    12.18
2153    5   133.65    15.88
2153    6    95.38    19.83
2153    7    55.40    22.90
2153    8    74.71    22.70
2153    9    69.32    17.20
2153   10   144.26    11.80
2153   11    48.63     9.78
2153   12    31.69     1.58
2154    1    43.85     4.08
2154    2    65.95     5.86
2154    3   136.34     7.74
2154    4    78.40    11.09
2154    5   169.16    16.54
2154    6   111.59    21.38
2154    7    27.24    23.41
2154    8    20.55    23.49
2154    9   180.42    18.47
2154   10    23.65    11.40
2154   11    17.55     6.88
2154   12    75.38     2.64
2155    1    74.33    -2.32
2155    2    29.72     0.36
2155    3    13.54     7.83
2155    4    61.50    10.24
2155    5   118.16    13.63
2155    6    57.43    21.24
2155    7    40.41    23.18
2155    8    43.09    21.98
2155    9    72.09    16.87
2155   10   104.84    12.67
2155   11    36.53     3.73
2155   12    29.89     3.22
2156    1    38.27     1.16
2156    2   112.59     0.27
2156    3    33.04     5.40
2156    4    59.25     9.53
2156    5   139.03    16.08
2156    6    21.83    21.79
2156    7    19.65    25.46
2156    8    23.29    25.37
2156    9   106.12    18.80
2156   10    78.50    12.73
2156   11    83.17     8.94
2156   12    68.17     4.01
2157    1    72.83     0.30
2157    2    57.55     1.31
2157    3    44.98     9.77
2157    4   120.86    10.95
2157    5   112.77    16.12
2157    6    84.66    21.17
2157    7    37.47    23.31
2157    8    62.15    23.38
2157    9   148.02    16.21
2157   10    73.23    14.07
2157   11    63.16     7.41
2157   12    81.49     1.89
2158    1    65.82    -2.39
2158    2    62.92    -0.24
2158    3    89.21     6.45
2158    4   127.15     9.88
2158    5   110.04    16.31
2158    6    72.78    21.04
2158    7    45.29    22.75
2158    8    33.66    22.41
2158    9    39.77    16.72
2158   10    62.72    13.18
2158   11    15.56     7.36
2158   12    49.44     3.09
2159    1    34.94    -3.32
2159    2   113.09    -0.52
2159    3    86.73    -2.38
2159    4    62.69    13.77
2159    5    66.31    14.62
2159    6     6.58    22.87
2159    7    20.41    24.90
2159    8    10.26    24.01
2159    9   101.42    18.57
2159   10   106.14    11.98
2159   11    61.15     7.33
2159   12    71.81     3.82
2160    1    46.43     0.06
2160    2    25.30     3.34
2160    3    71.52     6.92
2160    4    65.10    12.65
2160    5    62.15    16.13
2160    6    46.89    21.60
2160    7    48.66    23.27
2160    8    50.90    23.55
2160    9   139.44    17.28
2160   10    20.96    12.83
2160   11   147.13     7.25
2160   12    29.64     2.42
2161    1    58.72    -0.57
2161    2    90.94    -2.50
2161    3   109.36     4.42
2161    4   197.34     7.30
2161    5   141.10    11.30
2161    6   103.37    19.99
2161    7    17.71    23.48
2161    8    41.71    22.81
2161    9   125.81    16.94
2161   10   125.42    11.33
2161   11    63.05     5.34
2161   12   135.18    -1.88
2162    1    13.99     0.95
2162    2    49.32    -1.07
2162    3    62.79     6.77
2162    4    82.96    10.08
2162    5    82.40    16.79
2162    6    26.07    22.32
2162    7    24.80    25.33
2162    8    35.03    22.08
2162    9   212.80    16.85
2162   10    60.27    11.72
2162   11    81.11     8.78
2162   12    31.42     3.11
2163    1    51.96    -3.13
2163    2    85.36    -2.61
2163    3    48.94     4.36
2163    4    71.73    11.32
2163    5    90.16    17.75
2163    6    12.57    22.65
2163    7    22.21    25.37
2163    8    36.71    24.84
2163    9    54.45    19.12
2163   10    92.53    10.87
2163   11    33.10     6.48
2163   12    30.57     2.06
2164    1    34.49    -0.34
2164    2    39.23     5.03
2164    3    71.62     5.36
2164    4    25.49    10.88
2164    5   100.07    16.38
2164    6    94.30    19.65
2164    7     8.61    23.47
2164    8    40.78    22.92
2164    9    68.41    19.12
2164   10   288.15    11.63
2164   11    96.36     5.73
2164   12    24.62     2.56
2165    1    66.37     1.85
2165    2    26.79     2.05
2165    3    87.56     4.36
2165    4    93.72    10.72
2165    5   142.79    15.74
2165    6   150.90    18.47
2165    7    86.80    22.51
2165    8    57.65    22.33
2165    9   128.28    16.70
2165   10    27.32    12.16
2165   11    12.99     9.62
2165   12    43.41     4.70
2166    1    62.29     0.22
2166    2    86.40    -1.31
2166    3   108.67     5.39
2166    4    87.08    10.69
2166    5    90.00    16.37
2166    6    27.24    21.79
2166    7    14.58    25.72
2166    8    28.65    25.55
2166    9    46.49    16.39
2166   10   130.71     8.50
2166   11    34.77     5.41
2166   12    78.01    -0.57
2167    1    62.42     0.76
2167    2    51.32     2.15
2167    3    28.13     7.12
2167    4    66.26    10.22
2167    5   135.65    16.56
2167    6    48.14    21.95
2167    7    58.02    22.91
2167    8    21.14    25.04
2167    9    78.09    18.98
2167   10    52.30    14.91
2167   11    21.07     6.31
2167   12    47.13    -1.44
2168    1    36.85    -0.13
2168    2    72.26     3.23
2168    3    58.93     3.46
2168    4    75.39    11.03
2168    5   213.67    15.37
2168    6    64.83    20.72
2168    7     6.82    24.12
2168    8    12.43    23.98
2168    9   113.89    19.08
2168   10    68.42    13.56
2168   11    16.26    10.06
2168   12    61.61     5.55
2169    1    33.48    -1.57
2169    2    42.64     4.88
2169    3    80.65     5.11
2169    4    36.71    15.70
2169    5    50.92    15.63
2169    6    15.98    21.64
2169    7    19.44    25.54
2169    8    64.38    25.20
2169    9   156.11    18.78
2169   10    25.68    13.46
2169   11    60.53     9.80
2169   12   114.72     3.22
2170    1    95.64     2.37
2170    2    62.23     1.50
2170    3    47.57     5.32
2170    4    87.39     9.18
2170    5   105.60    14.74
2170    6    32.95    19.11
2170    7     7.23    23.56
2170    8    16.07    24.01
2170    9    84.36    18.24
2170   10    75.62    11.06
2170   11    47.93     4.75
2170   12    50.82     1.99
2171    1    12.93     2.03
2171    2    73.92     2.46
2171    3    40.57     6.76
2171    4    85.61    10.63
2171    5    53.02    17.36
2171    6    31.87    21.26
2171    7     5.32    25.47
2171    8    27.61    24.27
2171    9    82.03    19.04
2171   10    61.44    14.44
2171   11    48.48     8.60
2171   12    70.14     2.86
2172    1    76.90     2.76
2172    2    54.12    -0.37
2172    3    80.49     5.95
2172    4    67.73    12.96
2172    5   175.30    14.23
2172    6    33.37    20.30
2172    7    25.38    22.53
2172    8    16.81    24.97
2172    9    77.39    19.73
2172   10   101.38    11.73
2172   11    56.94     9.34
2172   12    46.37     2.99
2173    1    22.66     1.75
2173    2    30.51     4.85
2173    3    47.17     9.35
2173    4   172.23    11.92
2173    5    85.77    15.01
2173    6    86.05    20.36
2173    7    12.88    23.91
2173    8     5.71    25.07
2173    9    34.89    20.36
2173   10   143.27    15.23
2173   11    49.63     9.66
2173   12    40.38     3.32
2174    1    42.78     0.03
2174    2    46.71     4.06
2174    3    86.87     4.78
2174    4   100.91    11.61
2174    5    92.93    15.32
2174    6    20.70    21.42
2174    7     1.59    26.89
2174    8    25.44    24.76
2174    9   150.87    18.94
2174   10    62.05    12.89
2174   11    64.38     5.64
2174   12    71.38     2.05
2175    1    43.15    -0.73
2175    2    73.97    -1.18
2175    3    57.93     5.46
2175    4    42.17    11.89
2175    5   100.40    16.06
2175    6    38.64    21.72
2175    7    31.05    24.49
2175    8    30.00    24.71
2175    9   156.74    17.67
2175   10   127.97    11.22
2175   11    80.61     5.80
2175   12   144.03    -0.76
2176    1    28.91     1.02
2176    2    88.31     2.80
2176    3    55.37     7.01
2176    4   141.08     6.97
2176    5   125.73    15.97
2176    6    67.34    20.79
2176    7    11.79    25.01
2176    8    38.21    24.45
2176    9    41.99    19.43
2176   10    50.24    13.21
2176   11    38.73     6.50
2176   12    52.50     2.97
2177    1    44.79     1.24
2177    2    42.00     5.17
2177    3    92.06     5.47
2177    4    50.17     9.39
2177    5   142.61    13.45
2177    6   103.06    20.91
2177    7    13.65    24.27
2177    8    25.68    24.11
2177    9    88.05    19.08
2177   10    86.41    13.21
2177   11    33.73     9.62
2177   12    61.31     3.55
2178    1    86.80    -2.06
2178    2    34.69     3.79
2178    3    90.18     8.23
2178    4   138.68    11.94
2178    5   144.60    12.83
2178    6    29.57    21.73
2178    7    36.85    21.61
2178    8    29.03    23.05
2178    9    42.87    17.88
2178   10    87.23    14.37
2178   11   174.03     6.37
2178   12    74.10     1.58
2179    1    43.96    -1.76
2179    2    41.33     2.11
2179    3    62.80     6.76
2179    4    51.04    11.84
2179    5    80.02    16.86
2179    6    69.03    20.48
2179    7    14.42    26.24
2179    8    23.96    26.12
2179    9   112.53    19.60
2179   10    90.75    10.06
2179   11    83.53     5.14
2179   12    11.59     2.42
2180    1    51.66     2.05
2180    2    80.33     1.94
2180    3    92.13     6.45
2180    4    67.09     9.69
2180    5    91.99    15.60
2180    6    27.33    22.57
2180    7    14.05    27.72
2180    8    13.53    28.96
2180    9   196.11    17.93
2180   10    82.05    10.95
2180   11    55.10     6.95
2180   12    37.14     4.11
2181    1    34.71     0.91
2181    2    43.86     0.83
2181    3    55.24     7.59
2181    4    66.47    10.73
2181    5   117.05    15.06
2181    6    65.89    20.38
2181    7    50.24    23.39
2181    8    62.18    21.68
2181    9    72.99    18.02
2181   10    32.81    13.89
2181   11    53.00     8.10
2181   12   116.02     2.24
2182    1    59.85     3.43
2182    2   103.85     0.96
2182    3    83.32     3.72
2182    4   151.39     7.57
2182    5    80.40    17.25
2182    6   126.90    21.15
2182    7    47.22    22.24
2182    8    40.31    23.05
2182    9   116.60    18.94
2182   10   193.32    12.11
2182   11    39.46     7.37
2182   12    51.46     2.87
2183    1    42.37     2.18
2183    2    99.62     1.47
2183    3    40.35     2.56
2183    4   107.39     9.47
2183    5    34.05    16.76
2183    6    50.04    19.90
2183    7     6.07    25.44
2183    8    11.65    24.60
2183    9   214.88    18.72
2183   10   163.32    12.43
2183   11   121.32     3.64
2183   12    86.76     0.26
2184    1    57.21    -0.66
2184    2    17.73     3.42
2184    3    47.04     8.16
2184    4    88.25     8.20
2184    5   127.68    15.17
2184    6    30.86    21.99
2184    7    12.96    24.08
2184    8    23.27    25.75
2184    9   120.98    16.43
2184   10    56.91    12.71
2184   11    14.38     4.68
2184   12    51.84     0.38
2185    1    41.76    -2.22
2185    2    27.97     1.90
2185    3    81.82     8.38
2185    4   204.56    10.76
2185    5    63.03    16.23
2185    6    65.42    19.46
2185    7    55.19    22.07
2185    8    38.07    21.13
2185    9    18.71    19.13
2185   10   174.04    13.18
2185   11    88.06     3.55
2185   12    30.28     3.89
2186    1    42.23     2.82
2186    2    60.23     3.45
2186    3    67.64     5.50
2186    4    40.11    13.65
2186    5   144.49    17.11
2186    6    53.38    21.99
2186    7    28.05    24.14
2186    8    28.92    25.01
2186    9   111.61    17.75
2186   10    73.53    11.33
2186   11    19.63     8.79
2186   12    26.36     4.26
2187    1    49.07     0.53
2187    2    31.49     1.61
2187    3    97.25     5.43
2187    4    54.29    11.04
2187    5   118.16    16.24
2187    6   113.09    20.63
2187    7    46.33    23.18
2187    8    41.50    23.38
2187    9    52.17    17.98
2187   10    89.18    11.23
2187   11    12.18     8.63
2187   12    62.96     3.92
2188    1    20.53     0.95
2188    2    75.08     4.02
2188    3   135.20     3.77
2188    4   175.63     9.15
2188    5   141.23    16.43
2188    6   133.02    19.83
2188    7    52.11    21.90
2188    8     3.73    24.36
2188    9    58.19    19.36
2188   10   111.09    11.65
2188   11    46.51     6.19
2188   12    59.90     0.67
2189    1    28.63     2.08
2189    2    38.05     2.72
2189    3    71.71     6.28
2189    4    67.72    13.41
2189    5    76.89    15.31
2189    6    64.31    21.57
2189    7    18.84    25.41
2189    8   100.91    22.87
2189    9   173.04    17.29
2189   10   105.10    12.88
2189   11    45.30     6.61
2189   12    11.01     3.60
2190    1    44.68     1.85
2190    2    53.85     1.82
2190    3    56.75     3.75
2190    4    79.18     8.99
2190    5   113.08    14.77
2190    6    31.28    19.20
2190    7    23.26    26.21
2190    8    14.77    25.69
2190    9    66.85    18.42
2190   10    49.73    13.67
2190   11    25.13     6.57
2190   12    82.70     2.14
2191    1    72.78    -1.32
2191    2    25.27     3.47
2191    3    80.34     6.54
2191    4   146.12     8.01
2191    5   117.33    16.90
2191    6   141.68    20.31
2191    7    43.64    23.77
2191    8    35.51    23.73
2191    9   128.27    19.15
2191   10    52.52    13.07
2191   11   164.62     7.61
2191   12    66.62     4.18
2192    1   112.63     1.92
2192    2    80.93     4.20
2192    3    52.90     8.10
2192    4   108.03    11.58
2192    5    93.42    15.40
2192    6    70.91    21.70
2192    7    11.31    24.52
2192    8    20.91    27.64
2192    9    60.03    18.07
2192   10   156.37    11.42
2192   11    28.97     5.65
2192   12    43.98     0.54
2193    1    65.28     1.19
2193    2    45.06     2.62
2193    3    50.83     6.85
2193    4   110.65    12.10
2193    5   110.58    14.76
2193    6    65.57    19.67
2193    7    53.76    23.04
2193    8    72.17    23.16
2193    9    66.72    18.41
2193   10    70.09    14.37
2193   11   106.38     6.94
2193   12    24.85     2.42
2194    1    42.14     2.35
2194    2    66.81     3.52
2194    3    95.25     4.31
2194    4    78.61     9.06
2194    5    78.06    17.69
2194    6    15.74    21.10
2194    7    11.20    25.68
2194    8    54.44    23.27
2194    9    52.40    17.96
2194   10    80.56    12.27
2194   11    19.92     6.08
2194   12    11.75     4.40
2195    1    33.71     1.88
2195    2    31.66     1.57
2195    3    73.96     6.91
2195    4   101.96    11.75
2195    5    58.04    18.04
2195    6    56.43    21.88
2195    7    56.52    23.40
2195    8    15.24    22.35
2195    9    62.36    19.54
2195   10    91.88    15.96
2195   11   106.06     7.04
2195   12   100.99     4.32
2196    1    29.12     2.92
2196    2    83.08     3.70
2196    3    77.11     4.18
2196    4    48.18    13.85
2196    5   113.31    16.19
2196    6   118.43    20.44
2196    7    62.52    22.89
2196    8    49.05    23.11
2196    9   121.07    17.03
2196   10    60.17    11.98
2196   11    62.19     8.85
2196   12   142.85     4.00
2197    1    93.99    -0.45
2197    2    94.53     1.22
2197    3    55.09     5.38
2197    4    80.00     7.13
2197    5    57.69    16.36
2197    6    70.79    20.48
2197    7    15.71    25.50
2197    8     7.85    27.91
2197    9    56.02    20.34
2197   10    90.27    13.83
2197   11    92.97     8.08
2197   12   106.67    -0.10
2198    1    34.16     0.48
2198    2    47.53     1.51
2198    3    42.94     7.25
2198    4   126.71     9.36
2198    5   147.32    14.87
2198    6    24.05    20.62
2198    7    15.66    23.55
2198    8    16.62    26.30
2198    9    87.81    18.63
2198   10    43.27    12.04
2198   11    19.69     8.51
2198   12    66.52     1.26
2199    1    24.64     0.17
2199    2    50.39     1.72
2199    3    40.54     5.60
2199    4    87.02    11.25
2199    5    79.57    17.67
2199    6    20.64    21.18
2199    7    27.65    26.02
2199    8    66.88    22.67
2199    9    51.41    18.19
2199   10   259.15    11.10
2199   11    52.79     3.63
2199   12    13.86     4.72
2200    1    55.85     2.69
2200    2    68.46     2.45
2200    3    56.85     5.53
2200    4    49.87    13.43
2200    5    77.73    17.20
2200    6    74.30    20.15
2200    7    40.78    24.54
2200    8    10.63    25.90
2200    9    76.32    19.46
2200   10    42.86    12.33
2200   11    23.20     8.99
2200   12    27.23     2.33
2201    1    98.75    -2.57
2201    2    44.27     1.40
2201    3    97.25     4.86
2201    4    90.53     9.25
2201    5    23.45    18.21
2201    6    87.28    22.11
2201    7    29.80    23.74
2201    8    20.03    24.75
2201    9    58.47    20.76
2201   10    58.24    12.79
2201   11    75.45     9.77
2201   12    28.55     2.25
2202    1    26.33    -0.10
2202    2    77.82     1.05
2202    3    18.08     6.19
2202    4    56.70    13.40
2202    5   149.69    15.86
2202    6    89.49    22.23
2202    7    48.73    23.46
2202    8    69.34    23.30
2202    9   154.46    17.17
2202   10    65.14    11.82
2202   11    27.08    10.65
2202   12   114.61     4.56
2203    1    29.04     3.72
2203    2    51.20     1.70
2203    3    53.74     5.24
2203    4   122.62    12.93
2203    5   147.62    16.30
2203    6    89.20    21.28
2203    7    33.59    22.92
2203    8    49.06    23.53
2203    9   131.55    18.13
2203   10   104.60    10.73
2203   11    70.02     7.02
2203   12    47.78     4.77
2204    1    42.83     4.45
2204    2    66.51     2.69
2204    3    71.83     4.15
2204    4   127.20    10.96
2204    5   102.49    15.68
2204    6    35.44    20.83
2204    7     2.09    26.41
2204    8    44.65    24.27
2204    9   118.83    18.34
2204   10    89.70    12.20
2204   11    83.77     7.30
2204   12    36.64     3.39
2205    1    66.57    -2.00
2205    2    78.98    -4.90
2205    3    64.82     4.16
2205    4    59.90    11.12
2205    5    97.47    17.79
2205    6    90.33    20.18
2205    7    45.41    22.92
2205    8     8.62    25.22
2205    9    41.90    19.28
2205   10   109.11    14.22
2205   11   135.01     9.56
2205   12   101.96     2.90
2206    1    73.50     3.95
2206    2    20.87     5.07
2206    3   113.49     6.00
2206    4    87.14    10.27
2206    5    97.70    16.00
2206    6   113.32    20.80
2206    7    33.02    22.95
2206    8    22.62    22.56
2206    9    41.35    21.24
2206   10    31.20    13.46
2206   11    89.91     8.84
2206   12    41.10     4.95
2207    1    63.60     2.30
2207    2    45.40     1.38
2207    3    67.07     6.64
2207    4   137.62    11.18
2207    5   153.07    16.86
2207    6    57.59    20.11
2207    7    36.00    23.04
2207    8    26.67    23.42
2207    9   122.97    20.72
2207   10    89.48    14.15
2207   11    81.93     7.06
2207   12    35.80     0.32
2208    1    55.95     2.97
2208    2    40.58     4.25
2208    3    34.08     8.63
2208    4    81.64     9.08
2208    5   191.10    13.72
2208    6   159.88    18.78
2208    7    68.55    23.08
2208    8    42.23    24.30
2208    9    88.74    20.82
2208   10   112.46    13.42
2208   11    35.68    10.90
2208   12   118.82     3.13
2209    1    93.50    -1.32
2209    2    62.17    -2.24
2209    3    59.70     9.43
2209    4   163.74    12.81
2209    5   111.64    17.61
2209    6   100.48    21.44
2209    7    22.49    22.86
2209    8    89.25    21.39
2209    9    46.35    16.68
2209   10    29.67    14.93
2209   11    62.86    10.80
2209   12    57.36     6.40
2210    1    61.85     5.10
2210    2    67.13     2.43
2210    3    40.27     6.50
2210    4    98.23    12.22
2210    5   107.04    14.78
2210    6    52.41    21.49
2210    7     0.84    25.84
2210    8    26.69    24.55
2210    9   133.27    17.50
2210   10    84.26    13.24
2210   11    50.11     5.81
2210   12   100.62     0.72
2211    1    82.13    -6.13
2211    2    24.91    -0.03
2211    3    25.44     6.82
2211    4    56.56    13.73
2211    5   168.63    15.60
2211    6    56.47    20.16
2211    7    13.90    25.13
2211    8     6.69    25.65
2211    9    34.27    20.39
2211   10   162.63    12.68
2211   11    32.38     9.95
2211   12    46.14     5.17
2212    1    47.12    -0.10
2212    2    30.78     4.12
2212    3    39.58    10.60
2212    4    74.40    13.22
2212    5    77.61    17.04
2212    6     9.78    24.20
2212    7    30.99    24.61
2212    8    34.00    24.06
2212    9    94.27    21.03
2212   10    56.77    13.87
2212   11    85.76     9.35
2212   12   148.65     0.17
2213    1    52.20     2.29
2213    2    69.02     3.22
2213    3    76.26    10.02
2213    4    51.48    15.23
2213    5    44.18    19.75
2213    6    95.75    23.64
2213    7    50.76    23.91
2213    8    48.69    24.41
2213    9   192.96    17.07
2213   10    50.22    10.51
2213   11    73.66     6.15
2213   12    40.78     4.65
2214    1    18.82     4.13
2214    2   120.36    -1.03
2214    3    74.56     5.77
2214    4    37.09    10.05
2214    5    75.59    16.88
2214    6    41.91    22.23
2214    7    62.17    25.98
2214    8    36.81    24.27
2214    9    47.82    19.11
2214   10    50.02    10.56
2214   11    12.06     6.90
2214   12    14.89     3.17
2215    1    55.29     1.82
2215    2    58.26     3.68
2215    3    72.39     4.51
2215    4    50.75    10.18
2215    5   165.62    15.15
2215    6    78.26    20.84
2215    7    38.50    23.65
2215    8    45.93    22.57
2215    9   193.94    18.33
2215   10   171.89    11.32
2215   11    49.29     7.37
2215   12    19.57     3.50
2216    1    63.24     3.89
2216    2   111.25     0.68
2216    3    70.45     7.02
2216    4    65.68    12.43
2216    5   105.11    15.71
2216    6    49.46    22.21
2216    7    12.59    24.85
2216    8    32.63    24.86
2216    9   112.49    17.91
2216   10   104.36    15.66
2216   11    90.78     7.54
2216   12    45.10     3.12
2217    1    97.62     1.12
2217    2    50.74     4.37
2217    3    90.33     1.90
2217    4    93.08    12.64
2217    5   138.53    17.11
2217    6   166.82    20.82
2217    7    54.71    22.77
2217    8    26.13    23.95
2217    9    79.12    18.97
2217   10   110.79    13.55
2217   11    73.60     7.00
2217   12    47.05    -0.34
2218    1    77.61    -1.09
2218    2    34.38     1.39
2218    3    94.89     6.31
2218    4   144.36    11.75
2218    5   123.61    16.27
2218    6    48.07    20.88
2218    7    18.17    24.80
2218    8     6.76    27.93
2218    9    98.58    20.82
2218   10    89.48    13.23
2218   11    13.86     9.15
2218   12    51.80     4.41
2219    1    35.29     0.81
2219    2    46.12     4.37
2219    3    39.67     9.80
2219    4    30.28    14.87
2219    5    88.11    19.24
2219    6    35.21    21.72
2219    7    38.72    24.67
2219    8    16.50    25.06
2219    9   130.84    17.77
2219   10   101.40    14.02
2219   11    52.19    10.72
2219   12    52.38     4.85
2220    1    48.42     2.58
2220    2    80.37     0.22
2220    3    67.48     7.71
2220    4    53.85    12.65
2220    5    81.43    15.60
2220    6    58.51    21.30
2220    7     7.06    26.23
2220    8    61.66    23.90
2220    9   114.60    19.19
2220   10    77.69    12.43
2220   11    84.39     6.08
2220   12    26.43     3.39
2221    1    43.94    -0.12
2221    2    57.15     3.56
2221    3   140.17     5.69
2221    4   115.04     9.13
2221    5    37.59    19.54
2221    6    59.46    21.72
2221    7    25.59    26.09
2221    8    20.97    26.13
2221    9   149.21    16.85
2221   10   121.85     9.11
2221   11    79.88     7.44
2221   12    51.54    -2.37
2222    1    35.91     2.14
2222    2    54.54     4.00
2222    3    33.51     9.33
2222    4    78.70    13.06
2222    5    23.40    16.92
2222    6    42.48    21.91
2222    7    14.60    27.40
2222    8    17.99    24.85
2222    9    39.41    20.82
2222   10    54.32    14.05
2222   11    12.11     9.30
2222   12    14.97     3.24
2223    1    71.95     2.73
2223    2   104.58     2.79
2223    3    94.58     9.41
2223    4   125.57    10.67
2223    5   144.93    15.77
2223    6    69.52    20.84
2223    7    70.69    24.04
2223    8    89.24    23.53
2223    9   220.22    18.05
2223   10    52.08    13.73
2223   11    67.94     7.47
2223   12    87.35     2.29
2224    1    53.49    -1.77
2224    2    55.19     3.25
2224    3    45.81     7.20
2224    4   131.39    10.57
2224    5    40.41    18.16
2224    6    37.84    23.15
2224    7    70.45    23.24
2224    8    55.48    24.69
2224    9    84.54    18.96
2224   10    38.22    14.68
2224   11   150.01     7.95
2224   12    27.46     2.00
2225    1    36.85     2.87
2225    2    88.78     0.28
2225    3    27.48     7.81
2225    4   135.21    14.04
2225    5    61.80    15.52
2225    6    82.22    20.89
2225    7     2.97    25.46
2225    8    47.56    23.78
2225    9    76.26    19.99
2225   10   162.16    13.40
2225   11    55.37     7.21
2225   12    47.05     4.80
2226    1    81.17     1.34
2226    2    74.86     3.47
2226    3    76.43     6.52
2226    4   101.96    11.33
2226    5    78.95    18.35
2226    6    23.58    22.07
2226    7    43.81    25.14
2226    8    10.44    26.20
2226    9   119.03    20.62
2226   10    80.42    14.73
2226   11   118.12     7.92
2226   12   109.77     0.90
2227    1    54.76    -3.01
2227    2    29.34     3.70
2227    3    53.88     7.03
2227    4   112.89     9.76
2227    5   109.01    15.04
2227    6    48.95    22.49
2227    7    28.41    24.05
2227    8    17.45    26.26
2227    9   103.76    18.94
2227   10    51.91    14.33
2227   11    70.29     9.57
2227   12    57.66     1.25
2228    1    99.06     1.63
2228    2    15.14     5.89
2228    3    38.81    11.07
2228    4    74.09    16.80
2228    5   117.75    18.07
2228    6    96.20    20.05
2228    7    26.31    24.35
2228    8    29.70    23.64
2228    9   175.22    20.56
2228   10   182.54    10.35
2228   11   106.07     8.45
2228   12   112.53     5.32
2229    1    68.73     1.44
2229    2    52.27     4.38
2229    3   115.68     5.13
2229    4    85.58    11.30
2229    5    80.91    18.20
2229    6    64.44    20.86
2229    7    59.33    23.30
2229    8    16.39    24.77
2229    9   102.33    20.61
2229   10    71.76    12.66
2229   11    34.61     7.37
2229   12    61.11     1.52
2230    1    51.42     0.85
2230    2   105.03     1.29
2230    3    33.66     8.33
2230    4    42.33    10.89
2230    5    44.58    16.94
2230    6    55.91    22.49
2230    7    47.46    24.04
2230    8    43.34    25.87
2230    9   136.05    19.37
2230   10    73.51    14.39
2230   11    39.76     9.28
2230   12    37.03     3.45
2231    1   108.19     4.21
2231    2    65.26     2.83
2231    3   121.82     5.06
2231    4   104.47    12.30
2231    5   102.55    16.93
2231    6    55.48    22.44
2231    7    11.27    26.18
2231    8    36.48    24.55
2231    9    57.43    19.76
2231   10    80.31    15.04
2231   11   202.81     8.68
2231   12    11.42     1.41
2232    1    32.57     1.68
2232    2    29.26     5.32
2232    3    78.41     8.12
2232    4   154.11     8.98
2232    5    76.62    17.64
2232    6    70.50    21.91
2232    7    45.83    24.78
2232    8    34.95    23.22
2232    9    24.74    19.51
2232   10    53.80    12.71
2232   11    81.88     8.89
2232   12   108.41     2.64
2233    1    69.04    -0.04
2233    2    43.52     5.44
2233    3   123.42     7.19
2233    4   148.34     7.97
2233    5   156.85    15.20
2233    6   127.51    19.74
2233    7    76.78    22.97
2233    8   122.64    21.59
2233    9   124.07    17.92
2233   10   221.72     9.53
2233   11    71.92     8.74
2233   12    51.99     4.46
2234    1    21.97     2.75
2234    2   101.25     0.59
2234    3    57.28     8.15
2234    4   131.60    12.05
2234    5   101.02    14.77
2234    6    63.29    22.71
2234    7    42.53    22.85
2234    8    51.12    24.08
2234    9    80.09    20.04
2234   10   153.54    13.37
2234   11   168.63     3.92
2234   12    49.33     3.22
2235    1    43.48     1.28
2235    2    19.41     3.25
2235    3    74.90     6.31
2235    4    81.69    10.20
2235    5    96.08    14.89
2235    6    43.65    20.90
2235    7    34.84    25.15
2235    8    51.30    23.09
2235    9    64.88    20.13
2235   10   101.62    14.23
2235   11    49.63     7.70
2235   12    52.67     1.34
2236    1    21.72     2.53
2236    2    78.33     3.63
2236    3   101.91    10.00
2236    4    86.56    12.62
2236    5   134.61    15.35
2236    6    55.99    19.18
2236    7    11.52    24.54
2236    8    96.13    22.81
2236    9   163.14    18.05
2236   10   146.32    14.08
2236   11   110.82     8.57
2236   12    81.69     4.19
2237    1    34.54     2.22
2237    2    79.03     2.25
2237    3   113.87     5.72
2237    4    94.14    11.58
2237    5    92.96    17.41
2237    6    86.84    21.15
2237    7    33.85    25.10
2237    8    61.33    23.84
2237    9   258.85    17.27
2237   10   167.38    13.56
2237   11   259.36     6.07
2237   12    31.41     2.99
2238    1    34.38     1.66
2238    2    47.44     4.63
2238    3    88.22     7.47
2238    4   199.67     8.38
2238    5   108.39    15.72
2238    6    77.42    19.80
2238    7    31.66    23.48
2238    8    35.37    27.31
2238    9    77.97    18.60
2238   10   213.18     9.44
2238   11    99.38     3.46
2238   12    26.55     2.90
2239    1    21.33     2.62
2239    2    52.58     3.43
2239    3    88.23     7.40
2239    4    94.59    10.97
2239    5    45.43    16.41
2239    6    63.88    21.51
2239    7    23.26    24.90
2239    8    18.08    24.12
2239    9   147.30    18.99
2239   10    83.02    12.27
2239   11   141.91     6.62
2239   12    11.50     5.19
2240    1    40.33    -0.28
2240    2    80.72     0.43
2240    3    39.25     7.19
2240    4    58.85    12.96
2240    5    91.47    18.37
2240    6    42.38    22.16
2240    7    16.81    27.08
2240    8    47.31    24.97
2240    9   106.82    20.01
2240   10    72.75    13.24
2240   11    63.01     9.02
2240   12    48.00     4.37
2241    1    56.24     0.90
2241    2    57.10     2.69
2241    3    68.22     8.57
2241    4   156.65     9.73
2241    5   188.61    15.18
2241    6   138.69    19.78
2241    7    48.56    24.33
2241    8    41.06    23.14
2241    9    85.26    18.43
2241   10   106.50    12.43
2241   11    54.66     5.66
2241   12    18.37     4.76
2242    1    61.67     0.29
2242    2     8.87     2.63
2242    3    85.88     8.45
2242    4    97.71     9.34
2242    5    93.10    18.41
2242    6    37.35    22.32
2242    7    51.69    23.41
2242    8     5.97    24.16
2242    9    41.48    22.59
2242   10    80.12    13.77
2242   11    21.16     7.26
2242   12    48.38     4.88
2243    1    98.23     0.94
2243    2    34.32     5.50
2243    3    94.30     6.59
2243    4    94.67    14.57
2243    5   129.44    17.17
2243    6    72.77    20.30
2243    7    25.40    23.85
2243    8    52.24    23.64
2243    9    33.13    19.53
2243   10   203.17    11.66
2243   11   110.35     8.15
2243   12    32.66     2.54
2244    1    47.27     1.52
2244    2    53.40     1.31
2244    3    84.23     6.80
2244    4   103.64    11.25
2244    5   131.00    15.00
2244    6    62.64    21.17
2244    7    33.90    24.41
2244    8    12.34    25.07
2244    9   113.56    18.43
2244   10    92.43    12.90
2244   11    19.88    10.14
2244   12    15.72     2.64
2245    1    69.62    -0.68
2245    2    37.82     4.68
2245    3    17.38     8.80
2245    4   170.33     9.04
2245    5   103.98    15.42
2245    6    90.90    19.40
2245    7    27.39    23.48
2245    8    58.56    23.12
2245    9    57.38    18.54
2245   10   152.91    13.11
2245   11    38.50     8.63
2245   12   149.11     1.70
2246    1    48.94     5.23
2246    2   126.67     2.54
2246    3   131.64     3.47
2246    4    85.77     9.12
2246    5    69.97    17.27
2246    6    77.36    21.38
2246    7    20.95    24.20
2246    8     4.71    26.22
2246    9   138.08    18.18
2246   10    95.74    13.20
2246   11   106.10     8.12
2246   12    34.39    -0.40
2247    1    26.34     3.14
2247    2    13.87     4.92
2247    3    59.76     8.96
2247    4    83.50     8.48
2247    5    94.55    16.42
2247    6    75.76    21.98
2247    7    15.17    25.12
2247    8    20.44    26.07
2247    9   163.69    19.44
2247   10   106.07    11.03
2247   11   143.57     7.26
2247   12    62.34     3.17
2248    1    39.58     2.96
2248    2    19.31     6.33
2248    3    46.00     8.92
2248    4    65.08    10.66
2248    5   183.50    16.34
2248    6   112.06    19.12
2248    7    40.33    23.38
2248    8    34.76    23.63
2248    9   139.11    17.13
2248   10    54.50    12.69
2248   11   153.11     7.65
2248   12    32.84     2.43
2249    1   102.16    -1.32
2249    2    32.95     3.04
2249    3    90.29     4.70
2249    4    50.01    12.39
2249    5    83.85    16.75
2249    6    96.19    21.56
2249    7    50.13    22.81
2249    8    55.13    22.94
2249    9    52.68    16.91
2249   10    84.69    11.70
2249   11    82.52     7.20
2249   12    76.82     2.14
2250    1    27.41     4.63
2250    2    18.27     5.30
2250    3    53.34     8.16
2250    4   115.82    13.05
2250    5   110.16    15.93
2250    6    95.97    19.87
2250    7    43.22    24.34
2250    8    47.62    24.27
2250    9   140.73    17.91
2250   10    65.37    12.02
2250   11    75.20    11.10
2250   12    39.99     6.17
2251    1    40.63     2.82
2251    2    93.82     3.56
2251    3    81.83     6.20
2251    4    85.92    12.82
2251    5   149.42    16.20
2251    6    89.06    19.97
2251    7    11.93    23.67
2251    8    61.05    25.37
2251    9   108.92    19.17
2251   10    97.59    12.89
2251   11    33.85     8.10
2251   12    22.32     2.20
2252    1    42.77     2.06
2252    2    56.62     4.63
2252    3   132.10     5.95
2252    4   120.03     8.33
2252    5    76.22    16.55
2252    6    38.36    20.98
2252    7    28.63    23.86
2252    8    71.10    24.40
2252    9   209.58    16.73
2252   10   146.52    12.89
2252   11    50.07     5.50
2252   12    55.70     5.88
2253    1   113.12    -0.90
2253    2    57.26    -1.77
2253    3    38.88     7.32
2253    4    50.76    10.60
2253    5    91.44    16.92
2253    6    76.33    21.71
2253    7    70.93    22.76
2253    8    76.81    22.06
2253    9   118.02    17.06
2253   10   119.11    10.79
2253   11   107.43     4.63
2253   12    76.29     5.91
2254    1    84.07     1.47
2254    2    40.15     4.31
2254    3    55.97     6.76
2254    4    63.85    13.22
2254    5    39.14    17.71
2254    6    61.55    21.09
2254    7    18.54    24.61
2254    8    19.98    25.91
2254    9   206.74    15.98
2254   10    68.61    14.65
2254   11    65.84     9.38
2254   12   119.89     0.90
2255    1    56.84    -1.05
2255    2    45.96     4.78
2255    3    43.47     9.67
2255    4    63.35     9.62
2255    5   129.64    14.86
2255    6    64.63    21.24
2255    7    61.98    23.08
2255    8    80.16    22.42
2255    9   162.17    18.43
2255   10   124.12    14.60
2255   11    62.05     9.90
2255   12    56.18     3.62
2256    1    50.93     4.39
2256    2   113.15     4.39
2256    3    95.91     9.14
2256    4   207.25    10.85
2256    5   115.58    17.38
2256    6    70.89    20.06
2256    7    50.69    23.09
2256    8    50.54    24.83
2256    9   130.07    17.92
2256   10    32.88    12.52
2256   11   107.34     7.85
2256   12    77.47     2.31
2257    1    48.21     2.41
2257    2    35.45     5.24
2257    3    94.60     5.81
2257    4    92.16    11.52
2257    5   105.04    17.10
2257    6    73.57    19.22
2257    7    33.91    24.36
2257    8    22.05    27.23
2257    9   122.19    18.11
2257   10   179.25    12.27
2257   11    16.11     9.65
2257   12    53.07     6.46
2258    1    36.55     1.97
2258    2    76.41     1.66
2258    3    57.90     7.17
2258    4    59.47    11.36
2258    5    75.42    15.60
2258    6   104.79    19.97
2258    7    25.20    25.12
2258    8    59.39    24.79
2258    9    70.28    19.80
2258   10   213.63    12.75
2258   11    32.00     7.88
2258   12    96.57     3.48
2259    1    57.51     3.00
2259    2    27.21     1.95
2259    3   105.79     6.96
2259    4    92.22    15.09
2259    5   142.67    15.32
2259    6    38.48    21.47
2259    7    37.84    24.34
2259    8    24.87    24.30
2259    9    54.15    20.35
2259   10   155.90    13.93
2259   11   145.31     7.52
2259   12    45.76     2.09
2260    1    33.62     1.68
2260    2    47.51     3.11
2260    3    54.12     9.92
2260    4   127.83     8.77
2260    5   130.06    16.74
2260    6    32.42    23.53
2260    7    38.55    23.74
2260    8    46.60    24.95
2260    9    49.00    17.66
2260   10   152.93    13.66
2260   11   105.35     5.04
2260   12    40.21     4.00
2261    1    25.22     2.07
2261    2    30.65     0.90
2261    3    92.23     5.66
2261    4    99.58    10.07
2261    5   134.24    16.95
2261    6   106.12    19.66
2261    7    28.17    22.99
2261    8    27.71    25.27
2261    9    64.80    20.36
2261   10   108.03    12.87
2261   11    50.38     8.57
2261   12   115.51     0.33
2262    1    79.32     1.16
2262    2    88.03    -1.73
2262    3    93.44     4.09
2262    4    80.05    11.74
2262    5    64.58    17.38
2262    6    77.79    21.71
2262    7    13.86    24.88
2262    8    49.95    23.64
2262    9   176.91    18.09
2262   10   115.93    12.45
2262   11     7.77    10.21
2262   12    42.20     5.46
2263    1    48.48     0.40
2263    2    34.94     0.03
2263    3    29.27     8.00
2263    4   189.92    10.08
2263    5    53.86    18.59
2263    6    52.60    21.75
2263    7     2.06    26.17
2263    8    43.98    25.36
2263    9   240.16    16.08
2263   10    48.61    10.38
2263   11    23.53     7.49
2263   12    86.42     3.26
2264    1    25.99     2.96
2264    2    37.53     4.14
2264    3    67.79     7.62
2264    4    79.86    12.22
2264    5   107.94    14.60
2264    6   107.19    19.92
2264    7    49.69    22.98
2264    8    64.16    22.84
2264    9   136.84    19.48
2264   10    70.19    13.73
2264   11    40.21     8.33
2264   12    37.08     4.87
2265    1    56.29     2.42
2265    2    32.64     6.75
2265    3    87.14     5.43
2265    4    80.76    12.14
2265    5    83.83    17.18
2265    6    87.80    21.33
2265    7    24.68    25.13
2265    8    23.52    24.38
2265    9   115.48    18.67
2265   10    54.40    14.38
2265   11    47.31     9.76
2265   12   137.43     3.62
2266    1    96.43     1.50
2266    2    77.92     3.88
2266    3    85.43     4.20
2266    4    66.67    13.05
2266    5   150.06    18.13
2266    6   118.62    20.08
2266    7    79.68    22.71
2266    8    97.73    22.42
2266    9    94.99    18.32
2266   10   150.07    13.16
2266   11    29.05     8.09
2266   12    81.32     3.81
2267    1    13.53     5.06
2267    2    59.72     4.55
2267    3    44.31    11.04
2267    4   164.78     7.11
2267    5    75.19    15.63
2267    6    67.79    21.22
2267    7    32.82    24.09
2267    8    21.98    26.66
2267    9   104.25    18.46
2267   10   143.28    10.94
2267   11    33.53     6.64
2267   12    28.40     2.62
2268    1    80.45     2.47
2268    2    51.31     4.15
2268    3    46.18     7.74
2268    4    69.86    11.33
2268    5    85.37    18.33
2268    6   127.63    20.68
2268    7    22.43    23.63
2268    8    59.15    23.08
2268    9    85.03    16.83
2268   10    75.80    14.31
2268   11    93.94     8.38
2268   12    72.58     2.57
2269    1    56.79     1.51
2269    2    59.97     1.36
2269    3    73.45     9.53
2269    4   102.10    13.24
2269    5   132.34    15.75
2269    6    80.82    20.58
2269    7    42.30    23.89
2269    8    36.42    24.32
2269    9    61.84    20.72
2269   10    46.01    13.14
2269   11    37.61     6.64
2269   12    66.58     0.97
2270    1    69.76     0.64
2270    2    28.89     3.21
2270    3    45.42    10.63
2270    4   129.06    11.57
2270    5    37.71    19.79
2270    6    70.27    22.76
2270    7    13.62    27.96
2270    8    52.33    26.69
2270    9    60.32    19.65
2270   10   168.96    11.86
2270   11   109.00     6.81
2270   12    43.43     1.37
2271    1    31.23     1.47
2271    2    82.68     4.99
2271    3    51.57     5.25
2271    4    49.46    11.80
2271    5   108.92    17.36
2271    6   113.12    20.54
2271    7    26.31    23.79
2271    8    42.79    24.79
2271    9   162.39    19.29
2271   10   164.69    14.40
2271   11    61.34     7.85
2271   12    58.98     2.24
2272    1    67.08    -4.74
2272    2    46.93     0.93
2272    3   143.25     2.59
2272    4   108.28    14.52
2272    5   160.22    15.50
2272    6    65.32    21.90
2272    7    26.23    25.24
2272    8     5.23    25.78
2272    9   106.48    18.98
2272   10    73.67    12.93
2272   11    38.52     8.83
2272   12    35.28     0.69
2273    1    67.13     3.59
2273    2    81.63     5.64
2273    3   117.07     3.94
2273    4   116.85    10.15
2273    5    79.05    16.84
2273    6    80.23    20.82
2273    7    38.32    23.53
2273    8    19.49    24.90
2273    9   143.84    18.65
2273   10    61.07    12.74
2273   11    87.46     7.03
2273   12    51.75     5.38
2274    1    39.84     0.44
2274    2   118.44     0.13
2274    3   110.87     4.77
2274    4   111.88    10.02
2274    5   144.22    15.60
2274    6    63.54    20.47
2274    7    12.08    24.89
2274    8    37.50    23.86
2274    9   158.06    18.34
2274   10   153.17     9.09
2274   11    18.97     5.65
2274   12    31.04     2.96
2275    1    48.01     3.23
2275    2    38.47     3.58
2275    3    57.44     5.18
2275    4    89.35    12.81
2275    5   146.70    15.62
2275    6   128.49    19.42
2275    7    47.59    22.73
2275    8    58.06    23.29
2275    9   108.61    19.91
2275   10   138.70    14.84
2275   11   155.63     7.51
2275   12    31.10     1.31
2276    1    52.10     0.29
2276    2    48.04     2.33
2276    3    56.23     8.26
2276    4    78.36    14.10
2276    5    93.90    16.33
2276    6   123.09    20.85
2276    7    24.35    23.57
2276    8    27.15    25.91
2276    9   109.37    18.66
2276   10    31.33    15.84
2276   11    50.19    10.42
2276   12    98.48     5.66
2277    1    81.45    -1.16
2277    2    61.70     0.75
2277    3   132.97     5.47
2277    4   110.45    13.77
2277    5   131.19    18.84
2277    6    88.93    21.09
2277    7    59.90    22.93
2277    8    54.45    23.01
2277    9    38.23    19.63
2277   10    68.59    14.12
2277   11    78.79    10.52
2277   12    48.95     5.92
2278    1    68.02    -5.35
2278    2    42.66     1.77
2278    3    51.42     9.95
2278    4    69.79    12.53
2278    5    55.10    19.62
2278    6    73.33    21.57
2278    7    53.08    24.15
2278    8    28.18    24.98
2278    9   100.40    19.54
2278   10   104.23    12.62
2278   11    16.28     9.67
2278   12    12.48     5.71
2279    1    59.21     0.85
2279    2    56.91     4.00
2279    3    76.29     5.31
2279    4    47.14    12.07
2279    5   121.20    17.15
2279    6    56.22    20.66
2279    7    15.80    25.93
2279    8    22.76    25.44
2279    9    76.48    19.54
2279   10    85.44    11.91
2279   11   118.12     5.86
2279   12    17.07     2.87
2280    1    42.45     3.91
2280    2    73.86     1.80
2280    3    63.94     5.22
2280    4    91.07    10.65
2280    5   119.99    16.53
2280    6    15.51    22.28
2280    7     8.10    26.74
2280    8     4.61    27.58
2280    9   200.79    19.72
2280   10    96.08    13.55
2280   11    37.57     8.95
2280   12    54.16     5.64
2281    1   115.21     3.60
2281    2    90.41     1.97
2281    3    49.93     4.05
2281    4    19.90    12.78
2281    5    35.74    18.91
2281    6    65.01    22.68
2281    7     8.67    27.31
2281    8    10.18    25.51
2281    9   140.55    20.00
2281   10    51.33    12.88
2281   11    29.23     7.11
2281   12    10.57     4.62
2282    1    63.05     4.33
2282    2    40.84     7.30
2282    3   149.47     6.24
2282    4    81.91    11.05
2282    5   111.44    16.97
2282    6    77.45    21.86
2282    7    45.69    23.44
2282    8    56.19    24.75
2282    9   120.32    18.70
2282   10   167.01    12.79
2282   11    23.70     8.39
2282   12    97.15     3.09
2283    1   146.02     0.11
2283    2    22.15     5.40
2283    3   116.96     6.41
2283    4    89.01    13.20
2283    5   156.65    16.38
2283    6    61.31    19.60
2283    7    34.93    22.76
2283    8    40.94    24.15
2283    9   160.78    18.23
2283   10   120.45    12.66
2283   11    74.37     8.93
2283   12    38.28     2.08
2284    1    57.45     4.35
2284    2   102.58     2.55
2284    3    83.72     7.54
2284    4   125.64     9.86
2284    5   200.10    15.73
2284    6   114.67    19.64
2284    7    31.22    23.07
2284    8    39.76    25.15
2284    9   143.73    19.44
2284   10   218.88    11.61
2284   11    20.95     8.65
2284   12    19.62     4.48
2285    1    36.80     1.60
2285    2    41.76     4.66
2285    3    46.67     6.84
2285    4    93.31    13.16
2285    5    94.91    16.28
2285    6   132.26    20.23
2285    7    38.28    23.90
2285    8    31.07    23.74
2285    9   127.93    19.52
2285   10     7.30    14.09
2285   11    18.65     9.57
2285   12    24.02     5.03
2286    1   159.85     1.13
2286    2    19.55     3.57
2286    3    62.31     7.38
2286    4    51.81     9.88
2286    5   139.39    13.35
2286    6   119.06    20.54
2286    7    37.06    24.58
2286    8    35.26    25.95
2286    9   100.93    19.94
2286   10   228.09    13.37
2286   11   203.54     8.58
2286   12    62.24     4.50
2287    1    40.52     2.52
2287    2    44.04     5.76
2287    3   117.97     6.66
2287    4   102.86     9.99
2287    5   124.72    16.10
2287    6   125.87    21.16
2287    7    41.04    25.07
2287    8    45.51    25.29
2287    9   214.11    17.56
2287   10    56.42    13.67
2287   11    36.27     9.97
2287   12    69.44     5.20
2288    1    45.64     2.45
2288    2    68.39     4.40
2288    3    80.21     7.11
2288    4   101.71    12.52
2288    5   132.64    15.54
2288    6    72.40    22.00
2288    7    43.46    23.26
2288    8   111.93    22.59
2288    9   159.89    17.52
2288   10    33.72    13.57
2288   11   128.26     7.90
2288   12    32.25     3.52
2289    1    52.46     3.47
2289    2    60.48     2.78
2289    3    99.82     4.13
2289    4   133.01     8.93
2289    5   137.79    14.86
2289    6    31.65    23.41
2289    7    23.39    25.27
2289    8    30.66    26.08
2289    9   143.81    19.49
2289   10   182.03    11.95
2289   11    37.83     6.14
2289   12    37.39     1.81
2290    1    56.38     0.97
2290    2    55.92     3.97
2290    3    94.69     7.90
2290    4   110.53    11.17
2290    5   181.09    15.92
2290    6    50.30    18.96
2290    7    25.99    23.38
2290    8    83.04    24.73
2290    9    60.35    18.69
2290   10    87.70    15.46
2290   11    78.92     9.41
2290   12    68.40     3.60
2291    1    10.35     4.59
2291    2    62.88     5.42
2291    3    57.71     7.78
2291    4   100.87     9.72
2291    5   109.41    19.26
2291    6    52.21    21.03
2291    7    18.30    25.30
2291    8    82.24    24.97
2291    9    85.93    18.36
2291   10   164.18    13.77
2291   11    68.28     8.28
2291   12   125.25     0.82
2292    1   118.89    -1.67
2292    2    16.94     3.14
2292    3    97.01     6.31
2292    4   100.09    11.60
2292    5   110.65    16.49
2292    6    35.86    21.23
2292    7     8.91    26.43
2292    8    14.52    26.49
2292    9    77.90    18.58
2292   10   109.06    12.40
2292   11    23.59     8.90
2292   12    49.39     3.99
2293    1    88.66    -0.93
2293    2    58.60     0.55
2293    3    70.33     9.08
2293    4   120.32    12.49
2293    5   121.85    18.14
2293    6    71.86    21.83
2293    7    30.60    24.16
2293    8    40.87    24.64
2293    9    80.80    18.05
2293   10   146.23    12.00
2293   11   174.40     8.64
2293   12    53.76     3.37
2294    1   109.76     0.91
2294    2    69.73     3.44
2294    3    37.28     9.28
2294    4    81.40    12.56
2294    5   136.13    16.75
2294    6    94.75    21.43
2294    7    70.31    22.63
2294    8    47.18    25.19
2294    9    42.14    22.04
2294   10   108.72    11.37
2294   11    36.78     6.77
2294   12    41.14     5.22
2295    1    26.16     3.63
2295    2    79.02     4.40
2295    3    78.43     7.96
2295    4    74.50    10.96
2295    5   116.04    15.06
2295    6    58.58    21.37
2295    7    51.13    23.53
2295    8     8.00    24.22
2295    9   199.73    20.37
2295   10   108.51    13.48
2295   11    32.45     7.98
2295   12    38.08     3.66
2296    1    72.23    -0.07
2296    2    30.76     4.27
2296    3    81.45     8.67
2296    4    92.91    11.97
2296    5   170.62    16.16
2296    6    26.45    21.00
2296    7    14.26    25.97
2296    8    29.57    24.28
2296    9   122.88    17.21
2296   10    17.47    14.49
2296   11    63.46     8.83
2296   12    23.99     1.71
2297    1    28.45     3.83
2297    2    52.93     4.13
2297    3   118.70     6.26
2297    4    88.34    13.82
2297    5   168.82    17.52
2297    6   110.52    22.24
2297    7    88.40    23.45
2297    8    54.19    22.85
2297    9    77.14    19.58
2297   10   104.23    14.55
2297   11    75.82     9.40
2297   12    52.27     5.85
2298    1   110.56    -3.14
2298    2    15.34     0.91
2298    3    75.59     8.88
2298    4   123.66     9.01
2298    5   160.07    16.88
2298    6    85.44    19.91
2298    7    25.94    23.27
2298    8    10.10    25.05
2298    9   115.92    18.32
2298   10   131.46    11.14
2298   11    45.63     6.95
2298   12    31.67     5.38
2299    1    39.96     2.97
2299    2    19.22     2.38
2299    3    38.98     8.57
2299    4   143.58     9.44
2299    5   123.51    15.32
2299    6    66.46    20.43
2299    7    15.22    24.69
2299    8    37.87    24.35
2299    9    84.98    20.92
2299   10   104.60    12.04
2299   11    85.04     8.00
2299   12    55.86     5.92
2300    1    80.32     4.66
2300    2    68.79     3.90
2300    3    75.60     8.85
2300    4    79.62    13.63
2300    5   154.54    17.09
2300    6   128.90    21.38
2300    7    16.24    25.18
2300    8    49.61    25.00
2300    9    60.03    19.50
2300   10   285.12    15.44
2300   11    39.25     8.86
2300   12    49.82     5.24
