1850    1    38.48    -2.22
1850    2    32.93     1.27
1850    3    55.22     6.47
1850    4    31.79    13.51
1850    5    96.02    16.42
1850    6     7.79    28.19
1850    7     2.33    33.19
1850    8     0.02    32.67
1850    9     0.13    21.68
1850   10    10.63    10.84
1850   11    15.00     5.23
1850   12    40.20     2.91
1851    1    45.23    -3.52
1851    2    28.78     1.10
1851    3    35.87     7.02
1851    4    38.45    13.00
1851    5    40.96    17.45
1851    6    13.89    23.54
1851    7     7.76    26.50
1851    8     5.03    26.69
1851    9     1.85    23.57
1851   10    12.19    15.68
1851   11    29.82     1.66
1851   12    44.07     2.03
1852    1    72.54     1.00
1852    2    99.19    -6.80
1852    3    60.03     2.62
1852    4    93.17    11.75
1852    5    70.85    19.16
1852    6    16.46    25.31
1852    7    30.66    25.15
1852    8     2.71    27.43
1852    9     4.76    18.04
1852   10     4.17    11.20
1852   11    50.58     8.22
1852   12    58.49     2.93
1853    1    75.83     1.45
1853    2    39.74    -3.32
1853    3    73.42     2.68
1853    4    33.53    12.86
1853    5    60.56    18.92
1853    6     7.04    29.88
1853    7     3.66    32.67
1853    8     0.63    31.62
1853    9     8.68    21.35
1853   10    25.85    12.61
1853   11    30.77     8.61
1853   12    34.72     1.39
1854    1    38.38     3.36
1854    2    74.52    -0.97
1854    3    42.26     5.94
1854    4    39.97    11.25
1854    5    41.97    18.70
1854    6    25.55    26.92
1854    7     2.29    29.97
1854    8     0.51    28.05
1854    9    21.09    19.34
1854   10    29.99    10.41
1854   11    32.35     5.77
1854   12    75.24     0.97
1855    1   109.03    -0.62
1855    2    42.02    -6.23
1855    3    45.99     4.35
1855    4    84.95    10.11
1855    5    79.05    15.15
1855    6    30.38    25.49
1855    7     1.69    31.00
1855    8     0.59    31.06
1855    9     0.06    23.53
1855   10    34.94    12.06
1855   11    48.23     3.18
1855   12    40.70    -0.34
1856    1    69.54    -0.41
1856    2    45.03     2.26
1856    3    58.22     3.75
1856    4    64.61    10.69
1856    5    47.15    18.12
1856    6    29.29    24.10
1856    7     0.04    27.38
1856    8     0.50    27.81
1856    9    23.62    19.34
1856   10    25.70    11.82
1856   11    57.08     6.13
1856   12    10.93     2.27
1857    1    51.25     0.54
1857    2    57.25     1.23
1857    3    67.63     2.32
1857    4    42.47    11.52
1857    5    35.40    18.56
1857    6    69.52    19.82
1857    7     3.12    28.71
1857    8     2.32    29.07
1857    9     5.83    21.40
1857   10     6.33    13.53
1857   11    36.34     8.05
1857   12    19.59     3.70
1858    1    42.87    -0.91
1858    2    79.01     2.09
1858    3    66.48     6.01
1858    4   112.30    10.28
1858    5    85.84    17.39
1858    6     3.81    29.64
1858    7     9.96    30.05
1858    8    15.03    27.31
1858    9    21.47    19.06
1858   10    11.81    12.60
1858   11    33.61     5.01
1858   12    29.64     3.02
1859    1    37.95     0.60
1859    2    25.86     3.32
1859    3    37.04     9.47
1859    4    79.38    10.74
1859    5    92.54    18.09
1859    6    43.05    22.50
1859    7     7.02    31.99
1859    8     7.61    28.86
1859    9     0.12    21.03
1859   10    40.03    12.20
1859   11    40.34     6.18
1859   12    39.87     2.22
1860    1    47.93     1.42
1860    2    45.39     3.99
1860    3    62.95     6.81
1860    4    29.92    13.94
1860    5   104.67    17.58
1860    6    47.75    24.72
1860    7     0.87    28.94
1860    8     8.25    28.98
1860    9     1.32    20.24
1860   10    28.51    12.38
1860   11    44.76     3.03
1860   12    30.89     4.09
1861    1   106.70    -2.90
1861    2    40.59     4.03
1861    3    73.74     7.24
1861    4    33.58     8.66
1861    5    59.73    16.03
1861    6    21.18    24.44
1861    7     7.54    31.04
1861    8     0.07    30.30
1861    9    10.69    18.52
1861   10    30.11    10.38
1861   11    42.27     4.30
1861   12    25.43     2.20
1862    1    70.09    -1.48
1862    2    87.05     1.28
1862    3    92.84    -0.06
1862    4    53.37    10.59
1862    5    65.94    16.66
1862    6     6.18    23.20
1862    7     2.47    31.39
1862    8    11.05    28.43
1862    9     6.17    20.34
1862   10    11.81    14.75
1862   11    13.98     5.69
1862   12    38.65     3.00
1863    1    85.48    -0.27
1863    2    53.92     2.98
1863    3    23.23     9.89
1863    4    56.13    11.95
1863    5    39.90    18.12
1863    6    36.25    24.56
1863    7     0.73    30.21
1863    8     0.10    27.67
1863    9    15.48    16.69
1863   10    14.34    12.48
1863   11    34.06     7.26
1863   12    76.82     1.38
1864    1    49.91    -3.42
1864    2    70.60    -3.23
1864    3    24.10     8.35
1864    4    58.00    12.52
1864    5    34.35    19.32
1864    6    52.12    19.61
1864    7     7.98    28.19
1864    8     0.16    31.29
1864    9    12.23    19.29
1864   10     7.82    13.95
1864   11   117.97    -0.35
1864   12    44.41     0.94
1865    1    56.53    -0.12
1865    2    41.93    -2.46
1865    3    58.54     2.99
1865    4    25.28    10.98
1865    5    65.19    16.00
1865    6    54.64    22.31
1865    7     0.10    29.81
1865    8     1.30    29.24
1865    9     6.66    23.31
1865   10    18.33     9.43
1865   11    23.11     8.00
1865   12    59.00     3.82
1866    1    87.37    -0.10
1866    2    43.22     1.61
1866    3    74.72     4.96
1866    4    45.84    10.72
1866    5    53.10    16.61
1866    6    12.69    25.52
1866    7     0.73    28.67
1866    8     0.59    32.66
1866    9    12.95    20.29
1866   10    25.57    10.27
1866   11    36.30     4.74
1866   12    52.06     1.80
1867    1    54.30     1.49
1867    2    72.53     1.92
1867    3   143.67     3.83
1867    4    72.95     9.84
1867    5    66.70    19.07
1867    6    22.17    24.52
1867    7    24.49    28.69
1867    8     0.93    28.06
1867    9     3.98    17.37
1867   10    40.99    11.30
1867   11    26.00     6.76
1867   12    39.38     2.19
1868    1    26.81     2.17
1868    2    51.58    -0.66
1868    3    44.39     6.77
1868    4    45.04    14.23
1868    5    83.31    17.72
1868    6    26.69    21.40
1868    7    10.33    29.90
1868    8     0.17    27.84
1868    9     2.86    20.28
1868   10    26.40     8.97
1868   11    29.69     4.45
1868   12    46.63     3.55
1869    1    77.24     0.77
1869    2    35.20     3.83
1869    3    19.78     8.33
1869    4    69.26    10.16
1869    5    25.64    21.30
1869    6    10.16    27.97
1869    7     1.95    30.38
1869    8     0.28    29.14
1869    9     6.69    19.39
1869   10    41.75    10.13
1869   11    28.63     1.93
1869   12    33.09     2.21
1870    1    28.67     3.09
1870    2    51.89     0.02
1870    3    81.84     1.79
1870    4    33.55    13.24
1870    5    68.84    18.29
1870    6    17.55    27.83
1870    7     1.98    32.13
1870    8     2.43    30.55
1870    9    15.34    25.28
1870   10    20.45    11.08
1870   11    39.18     2.80
1870   12    52.32     1.48
1871    1    57.51     0.13
1871    2    84.39   -13.62
1871    3    72.74     1.44
1871    4   119.33     8.51
1871    5    88.13    15.21
1871    6    48.31    23.37
1871    7     7.79    29.65
1871    8     6.44    26.93
1871    9     1.28    17.37
1871   10    40.26    10.30
1871   11    48.47     5.72
1871   12    36.91     2.14
1872    1    97.19     0.49
1872    2    38.86     2.66
1872    3    23.42     7.18
1872    4    33.17    10.95
1872    5    98.07    14.09
1872    6    50.40    22.21
1872    7     0.67    29.65
1872    8     0.00    30.83
1872    9     4.98    15.35
1872   10    21.75    12.54
1872   11    35.21     6.20
1872   12    50.43     2.50
1873    1    86.79    -1.58
1873    2    35.66     0.05
1873    3    35.36     7.18
1873    4    50.92    11.23
1873    5    34.52    19.25
1873    6    19.98    22.62
1873    7     2.94    28.43
1873    8     2.28    28.43
1873    9    10.11    21.55
1873   10    29.82    14.84
1873   11    39.92     6.32
1873   12    47.73    -1.41
1874    1    71.51     0.95
1874    2    44.02     3.64
1874    3   105.54     3.50
1874    4    96.64     7.83
1874    5    56.93    14.72
1874    6    73.73    22.40
1874    7    14.74    28.45
1874    8     0.52    26.49
1874    9     7.82    17.14
1874   10    24.05    11.72
1874   11    44.12     7.29
1874   12    21.83     6.85
1875    1    74.49    -0.45
1875    2    48.39     1.75
1875    3    66.89     4.99
1875    4    77.01    11.64
1875    5    90.20    15.40
1875    6   122.41    22.22
1875    7    26.82    29.46
1875    8     0.01    29.71
1875    9     1.91    21.53
1875   10    29.54    13.15
1875   11    64.20     2.49
1875   12    24.89     3.47
1876    1    29.22     3.45
1876    2    36.59     3.46
1876    3    78.31     5.72
1876    4   153.12     4.90
1876    5    72.78    16.80
1876    6    95.37    20.58
1876    7     5.88    30.20
1876    8     1.36    29.43
1876    9     5.97    21.79
1876   10    25.47     9.92
1876   11    42.46     6.06
1876   12    25.12     5.10
1877    1    41.39     2.63
1877    2    33.14     3.04
1877    3    53.66     6.00
1877    4    40.99     8.58
1877    5    99.58    18.57
1877    6    20.49    25.68
1877    7     1.36    31.85
1877    8     1.88    29.72
1877    9     1.53    23.78
1877   10    18.77    14.10
1877   11    89.74     6.48
1877   12    41.24     0.56
1878    1    75.30     0.78
1878    2    23.98     3.10
1878    3    60.20     6.12
1878    4    63.19     8.06
1878    5    88.55    14.88
1878    6    19.41    27.18
1878    7     0.19    33.40
1878    8     0.74    32.11
1878    9     5.38    20.55
1878   10    20.10    11.49
1878   11    16.62     9.04
1878   12    59.53     1.49
1879    1    40.64     0.90
1879    2    54.97     2.74
1879    3    36.05     5.17
1879    4    45.74    11.01
1879    5    53.71    18.70
1879    6    48.85    21.35
1879    7     9.60    30.86
1879    8     0.01    30.02
1879    9    13.88    21.15
1879   10    13.86    16.89
1879   11    18.55     8.61
1879   12    70.57     0.01
1880    1   106.13    -3.48
1880    2    38.44     5.10
1880    3    57.25     6.38
1880    4    51.25    13.41
1880    5    79.58    17.61
1880    6    42.43    23.29
1880    7     0.81    32.03
1880    8     0.05    31.08
1880    9     0.04    24.33
1880   10    26.52    14.06
1880   11    26.39     3.09
1880   12    75.27    -1.80
1881    1    24.88     2.78
1881    2    48.44     1.40
1881    3    90.71    -2.82
1881    4    63.45     8.77
1881    5    61.37    13.42
1881    6    78.17    21.34
1881    7    16.94    27.77
1881    8     0.40    29.99
1881    9     2.39    20.21
1881   10    22.78    11.09
1881   11    29.74     4.19
1881   12    71.26     1.09
1882    1    77.40     1.99
1882    2    46.34     2.16
1882    3    64.53     2.54
1882    4   100.22    10.80
1882    5    59.91    16.38
1882    6    41.75    22.65
1882    7    24.24    25.74
1882    8     2.00    28.26
1882    9    11.85    20.01
1882   10    22.13     8.70
1882   11    19.54     1.64
1882   12     8.41     4.33
1883    1    11.31     4.92
1883    2    25.81     5.17
1883    3    52.35     6.14
1883    4    33.35    14.05
1883    5    65.89    17.44
1883    6    14.90    28.75
1883    7     0.05    32.34
1883    8     0.00    29.17
1883    9     9.05    19.90
1883   10    27.72    11.01
1883   11    14.00     8.74
1883   12    30.67     1.78
1884    1    65.59    -4.26
1884    2    51.62     2.43
1884    3    88.31     4.98
1884    4    23.77    10.96
1884    5    51.30    20.65
1884    6     8.23    26.11
1884    7     3.34    30.02
1884    8     3.94    26.09
1884    9     3.94    15.59
1884   10    42.01     9.87
1884   11    17.54     6.82
1884   12    36.85     3.65
1885    1    59.84     0.48
1885    2    54.64     0.37
1885    3    43.78     7.52
1885    4    37.73    12.53
1885    5    61.07    20.15
1885    6    42.56    24.47
1885    7    10.11    31.50
1885    8     3.07    27.14
1885    9     0.00    22.99
1885   10     8.36    14.86
1885   11    35.68     6.16
1885   12    24.23     3.24
1886    1    32.32    -3.82
1886    2    47.64    -1.32
1886    3    85.85    -0.59
1886    4   127.35     5.90
1886    5    80.91    15.91
1886    6     6.19    26.00
1886    7     4.47    33.39
1886    8     0.53    29.69
1886    9     1.38    22.95
1886   10    25.64    10.90
1886   11    31.25     8.13
1886   12    61.69    -2.90
1887    1    32.94     2.33
1887    2    20.58     3.97
1887    3    36.73     5.05
1887    4    83.72     7.18
1887    5    79.87    18.42
1887    6    27.19    24.50
1887    7     5.07    30.04
1887    8     4.03    32.72
1887    9     7.19    21.90
1887   10    19.04    10.51
1887   11    19.56     9.36
1887   12    89.99    -2.53
1888    1    31.28    -0.52
1888    2    96.83    -8.59
1888    3    58.62     0.55
1888    4    99.91     9.91
1888    5    91.50    17.95
1888    6    17.08    25.66
1888    7     8.18    28.47
1888    8     2.33    29.02
1888    9     3.45    18.68
1888   10    13.37    16.06
1888   11    11.75     8.68
1888   12    52.84     0.72
1889    1    70.54     1.19
1889    2    82.78     0.59
1889    3    62.60     1.03
1889    4    59.64     7.22
1889    5    27.62    19.82
1889    6    27.66    26.70
1889    7     4.72    29.62
1889    8     0.04    28.54
1889    9     4.81    20.81
1889   10    28.43    11.59
1889   11    79.27     4.75
1889   12    55.88     1.93
1890    1    74.74    -1.66
1890    2    40.82     2.71
1890    3    87.44     5.51
1890    4    71.94    11.37
1890    5   133.81    15.76
1890    6    57.81    21.96
1890    7     3.46    27.58
1890    8     6.30    27.60
1890    9    12.22    21.57
1890   10    16.85     9.67
1890   11    31.82    -0.09
1890   12    38.01    -1.20
1891    1    33.42     2.62
1891    2    62.75    -0.91
1891    3    59.89     1.90
1891    4    40.13    11.93
1891    5    80.31    16.31
1891    6    50.66    19.90
1891    7    12.30    26.40
1891    8     0.00    27.28
1891    9    28.33    19.92
1891   10    23.01    10.64
1891   11    58.22     0.08
1891   12    66.97    -6.57
1892    1   105.76   -10.81
1892    2    30.25     1.04
1892    3    48.35     6.80
1892    4    87.20     9.06
1892    5   107.95    14.74
1892    6    63.46    22.59
1892    7     1.29    31.39
1892    8     0.16    28.29
1892    9     5.86    17.34
1892   10    13.67    14.98
1892   11    43.14     7.27
1892   12    53.47     1.76
1893    1    63.57    -3.57
1893    2    30.28     3.72
1893    3    65.94     5.95
1893    4    28.70     8.33
1893    5    84.75    16.98
1893    6    42.18    23.72
1893    7     1.83    31.83
1893    8     0.04    29.66
1893    9     4.76    20.95
1893   10    24.87    13.34
1893   11    31.75     8.06
1893   12    89.11    -0.67
1894    1    75.86     1.43
1894    2    60.60     3.21
1894    3    72.05     4.09
1894    4    44.85     9.65
1894    5    37.64    16.39
1894    6    12.05    27.53
1894    7     2.51    28.72
1894    8     0.00    29.90
1894    9     4.91    20.59
1894   10    13.99    11.42
1894   11    23.22     7.93
1894   12    15.41     5.08
1895    1    19.16     3.21
1895    2    40.87     1.02
1895    3    71.92     4.36
1895    4    65.69    12.16
1895    5    82.05    18.96
1895    6    39.36    26.97
1895    7     1.74    33.55
1895    8     0.22    30.87
1895    9     3.88    21.82
1895   10    30.89     9.48
1895   11    10.63     5.57
1895   12    30.29     2.88
1896    1    53.40    -2.70
1896    2    29.90     2.75
1896    3    34.39     4.94
1896    4   103.05    11.60
1896    5    91.06    17.47
1896    6    37.28    24.33
1896    7     3.15    31.00
1896    8     0.00    29.23
1896    9     1.44    22.39
1896   10    23.46    12.40
1896   11    27.33     7.04
1896   12    77.17     2.07
1897    1    25.51     1.80
1897    2    97.99    -4.85
1897    3    52.67     4.42
1897    4   131.55     5.51
1897    5    72.17    14.76
1897    6    12.47    27.57
1897    7     3.17    29.80
1897    8     1.02    28.81
1897    9     7.44    22.14
1897   10    16.36    13.85
1897   11    39.77     5.68
1897   12    35.33     4.08
1898    1    64.19    -0.50
1898    2    47.34     3.07
1898    3    49.25     5.22
1898    4    53.91    11.74
1898    5    26.44    22.54
1898    6    22.54    25.29
1898    7     3.47    29.14
1898    8     0.56    25.87
1898    9    24.67    19.37
1898   10    20.72    13.73
1898   11    12.67     9.84
1898   12    12.77     4.06
1899    1    95.15   -11.30
1899    2    30.61    -1.54
1899    3    27.82     9.01
1899    4    74.39     8.34
1899    5    87.14    14.41
1899    6    81.67    21.42
1899    7    28.00    29.16
1899    8     0.81    27.64
1899    9    28.09    16.49
1899   10    24.98     7.44
1899   11    19.13     9.89
1899   12    33.48     1.98
1900    1    33.54     1.28
1900    2    18.14     3.55
1900    3    28.13     6.88
1900    4    23.39    14.30
1900    5    54.89    20.91
1900    6    71.37    23.02
1900    7     4.83    29.77
1900    8    24.30    29.13
1900    9     5.20    15.45
1900   10    35.28    12.67
1900   11    26.39     7.20
1900   12    93.15    -0.15
1901    1    72.91     0.94
1901    2    78.16     2.80
1901    3    68.03     6.24
1901    4   111.52     9.68
1901    5   127.53    17.99
1901    6    32.17    23.21
1901    7     0.89    29.57
1901    8     0.61    27.28
1901    9    18.88    19.77
1901   10    16.36    11.91
1901   11    62.79     5.07
1901   12    31.73     4.29
1902    1    90.77    -0.49
1902    2    53.11    -1.91
1902    3    73.25     2.78
1902    4    91.99    12.31
1902    5    84.16    15.13
1902    6    38.47    24.14
1902    7    10.00    29.76
1902    8     7.19    27.78
1902    9     3.11    21.51
1902   10    44.19    10.19
1902   11    55.69     5.72
1902   12    54.71     0.75
1903    1    45.77     2.93
1903    2    64.63     0.45
1903    3    36.75     5.85
1903    4    79.33     9.15
1903    5    36.33    17.73
1903    6    27.63    25.30
1903    7    10.03    28.95
1903    8     2.26    29.30
1903    9     4.44    19.47
1903   10    23.68    10.08
1903   11    41.80     6.08
1903   12    57.10     1.39
1904    1    74.98    -1.54
1904    2    31.53    -1.45
1904    3    66.45     3.84
1904    4    69.46    10.79
1904    5    92.31    16.15
1904    6    26.91    25.19
1904    7    14.78    29.68
1904    8     0.47    29.26
1904    9    13.96    20.15
1904   10    49.36    12.21
1904   11    31.15     7.91
1904   12    52.49    -1.53
1905    1    30.83    -2.75
1905    2    50.65     0.88
1905    3    30.89     7.65
1905    4    51.38    10.61
1905    5    88.55    19.32
1905    6    24.62    26.64
1905    7     1.03    32.06
1905    8     5.56    28.07
1905    9    15.25    20.96
1905   10    66.35     7.99
1905   11    40.94     5.05
1905   12    33.57    -0.58
1906    1    35.67    -1.41
1906    2    31.64     5.48
1906    3    40.67     6.72
1906    4    87.45     8.89
1906    5    79.65    19.25
1906    6    12.70    23.13
1906    7     0.01    30.14
1906    8     1.45    29.36
1906    9     0.16    24.24
1906   10    23.18    11.73
1906   11    32.09     5.42
1906   12    48.37     2.90
1907    1    31.62    -0.51
1907    2    35.29     1.18
1907    3    45.60     4.29
1907    4    88.31     8.04
1907    5   128.36    17.01
1907    6    73.55    22.77
1907    7     5.08    29.46
1907    8    12.13    29.96
1907    9     0.56    19.69
1907   10     1.23    15.04
1907   11    12.88     6.92
1907   12    65.52     0.24
1908    1    28.40    -0.77
1908    2    48.02    -0.36
1908    3    51.77     5.78
1908    4   112.50     6.90
1908    5    57.23    19.41
1908    6    25.88    23.00
1908    7     3.81    31.31
1908    8     3.69    29.06
1908    9    12.23    19.33
1908   10    16.42    14.57
1908   11    30.78     5.21
1908   12    22.56     0.48
1909    1    31.32     3.15
1909    2    57.36    -0.06
1909    3    60.90     3.09
1909    4    57.48     8.83
1909    5    79.46    14.82
1909    6    29.31    24.42
1909    7     4.73    29.73
1909    8     0.33    28.78
1909    9     3.49    19.17
1909   10    26.22    11.50
1909   11    21.50     7.97
1909   12    32.04     3.53
1910    1    29.72     3.63
1910    2    32.17     3.44
1910    3    93.64     4.47
1910    4    39.72    12.48
1910    5    62.33    17.89
1910    6    19.62    25.29
1910    7     0.32    33.12
1910    8     1.93    29.23
1910    9    14.88    18.75
1910   10    43.99    14.35
1910   11    78.38     5.46
1910   12    99.72     1.09
1911    1    36.55    -2.84
1911    2    31.56     4.37
1911    3    26.74     5.48
1911    4    40.11    11.00
1911    5    34.00    20.36
1911    6    40.37    23.75
1911    7     0.92    30.27
1911    8    11.38    25.42
1911    9     3.70    21.41
1911   10    22.68    10.62
1911   11    53.66     5.27
1911   12    29.94     4.71
1912    1    86.34    -1.69
1912    2    46.02     3.72
1912    3    32.69     9.79
1912    4    46.21     9.97
1912    5    37.43    21.19
1912    6    15.16    25.29
1912    7    16.66    26.73
1912    8     1.62    26.70
1912    9     3.00    18.91
1912   10    12.87    14.47
1912   11    45.82     5.26
1912   12    61.00     2.09
1913    1    35.47     1.89
1913    2    86.72    -5.37
1913    3   116.24    -5.23
1913    4    73.19     9.35
1913    5    50.93    17.52
1913    6    49.55    24.77
1913    7    11.72    26.83
1913    8     8.85    22.02
1913    9     2.77    22.26
1913   10    10.38     9.80
1913   11    67.99     4.86
1913   12    34.95     3.44
1914    1    39.71     2.81
1914    2   104.16    -1.65
1914    3    58.79     2.90
1914    4    46.31     8.20
1914    5    58.29    18.81
1914    6    35.93    22.47
1914    7     0.00    30.14
1914    8     0.98    27.37
1914    9    24.87    17.49
1914   10    14.85    14.86
1914   11    11.02     1.75
1914   12    25.44     2.08
1915    1    57.00     3.63
1915    2    73.05    -4.56
1915    3    73.16     4.56
1915    4    45.59    12.43
1915    5   146.76    15.33
1915    6    77.67    23.25
1915    7    14.13    26.85
1915    8    13.72    27.50
1915    9     3.23    17.51
1915   10    15.21    12.35
1915   11    20.43     7.04
1915   12    34.08     2.62
1916    1    35.45     3.15
1916    2    90.84     0.90
1916    3    56.25     5.05
1916    4   103.91    14.76
1916    5    73.26    15.75
1916    6    22.51    25.93
1916    7    22.18    30.65
1916    8     0.22    29.49
1916    9     7.31    16.08
1916   10    18.46    14.71
1916   11    21.81     9.73
1916   12    39.48     5.37
1917    1   100.66    -2.67
1917    2    55.45     0.20
1917    3    63.15     3.06
1917    4    95.01    10.91
1917    5    82.97    17.76
1917    6    14.96    24.99
1917    7     5.87    29.85
1917    8     1.31    29.43
1917    9     3.15    21.82
1917   10     5.75    16.39
1917   11    88.21     4.83
1917   12    17.93     5.21
1918    1   109.34    -3.05
1918    2    80.99   -12.01
1918    3    51.47    -0.69
1918    4    49.45    10.89
1918    5    91.07    15.01
1918    6    93.60    22.23
1918    7     7.68    30.29
1918    8     2.07    30.03
1918    9     3.45    22.29
1918   10    23.10    13.14
1918   11    27.07     8.32
1918   12    67.21     2.08
1919    1    39.16     1.72
1919    2    57.74    -1.47
1919    3    53.30     7.24
1919    4   116.75    11.95
1919    5    57.57    16.71
1919    6    33.22    24.25
1919    7     9.34    26.98
1919    8     0.97    25.32
1919    9     4.47    22.48
1919   10     1.21    17.02
1919   11    13.55    10.24
1919   12    28.90     4.40
1920    1    31.38     4.07
1920    2    32.89     4.66
1920    3    52.49     7.43
1920    4    59.81    14.66
1920    5    83.54    12.99
1920    6    68.32    23.73
1920    7     4.12    31.31
1920    8     6.80    25.23
1920    9     4.68    16.19
1920   10    19.00     8.98
1920   11   108.84     4.46
1920   12    48.09     2.77
1921    1    33.29     1.28
1921    2    74.84    -5.53
1921    3    45.40     7.35
1921    4   117.77    10.06
1921    5   107.45    14.92
1921    6    24.21    25.02
1921    7     0.57    29.34
1921    8     1.99    27.96
1921    9     0.16    21.57
1921   10     2.19    17.06
1921   11    49.26     7.08
1921   12    40.22     5.19
1922    1    36.27     2.51
1922    2    55.02    -2.68
1922    3    40.99     5.05
1922    4    40.80    14.25
1922    5    42.63    16.66
1922    6    38.31    24.72
1922    7     0.19    30.26
1922    8     0.20    29.21
1922    9     5.89    23.44
1922   10    41.42     9.67
1922   11    22.38     3.73
1922   12    58.47     1.64
1923    1    69.63    -3.43
1923    2    33.91     1.13
1923    3   143.17    -0.20
1923    4    53.75     8.85
1923    5    89.72    16.89
1923    6    40.47    25.29
1923    7     3.60    31.82
1923    8     2.94    27.47
1923    9     6.93    20.16
1923   10    30.34    14.19
1923   11    16.88     5.33
1923   12    31.69     3.64
1924    1    40.87     3.36
1924    2    81.06    -5.46
1924    3    37.58     5.14
1924    4    32.53    12.67
1924    5    84.27    19.76
1924    6    36.14    24.16
1924    7     4.22    29.79
1924    8     0.00    29.06
1924    9     4.54    23.14
1924   10    26.40    11.73
1924   11    16.04     3.11
1924   12    26.49     3.53
1925    1    35.35     2.28
1925    2    61.40     0.19
1925    3    93.95     3.43
1925    4    88.31    12.91
1925    5    80.50    19.12
1925    6    33.74    24.84
1925    7     8.16    30.62
1925    8     5.57    23.90
1925    9     7.03    20.37
1925   10    30.96    12.97
1925   11    59.60     4.79
1925   12    64.40    -0.40
1926    1    26.71     0.82
1926    2    44.00     1.65
1926    3   112.95     2.47
1926    4    51.35     6.87
1926    5   106.77    18.31
1926    6    81.33    20.78
1926    7    13.30    28.39
1926    8     8.06    29.06
1926    9    17.84    21.59
1926   10    17.41    13.20
1926   11    30.71     6.34
1926   12    21.55     4.85
1927    1    96.44    -4.52
1927    2    49.18     1.37
1927    3    48.92     5.01
1927    4   112.20    10.63
1927    5    73.55    15.46
1927    6    46.19    24.46
1927    7    16.43    28.47
1927    8     0.03    29.82
1927    9     1.20    21.46
1927   10    35.55    12.56
1927   11    23.55     8.86
1927   12    42.57     2.87
1928    1    50.32     1.20
1928    2    35.29     2.98
1928    3    34.76     7.73
1928    4    57.25    12.96
1928    5    72.11    17.87
1928    6    42.78    23.93
1928    7    11.78    26.74
1928    8     0.15    24.41
1928    9    10.68    18.44
1928   10    20.77    14.46
1928   11    29.93     7.03
1928   12    27.29     4.05
1929    1    76.82    -2.19
1929    2    63.52    -2.34
1929    3    87.21     0.69
1929    4    87.85     9.59
1929    5   102.50    18.21
1929    6    62.41    23.81
1929    7    19.52    28.27
1929    8     5.81    28.28
1929    9     1.31    22.13
1929   10     3.07    15.29
1929   11    19.42     7.24
1929   12    49.43     3.51
1930    1    49.47    -3.92
1930    2    65.29    -1.03
1930    3    43.20     6.25
1930    4    32.41    11.95
1930    5    42.78    20.89
1930    6    13.52    27.19
1930    7     0.41    32.89
1930    8     0.18    31.31
1930    9     1.11    18.77
1930   10    30.29    13.61
1930   11    14.96    10.40
1930   12    66.14     2.66
1931    1    58.75    -2.01
1931    2    35.38     1.57
1931    3    35.46    10.30
1931    4    52.12    15.59
1931    5    92.06    16.79
1931    6    24.78    22.75
1931    7     2.28    29.65
1931    8     0.00    29.05
1931    9     3.14    19.35
1931   10    17.10    13.86
1931   11    18.68     9.15
1931   12    27.39     5.06
1932    1    50.52     0.71
1932    2    34.38     1.00
1932    3    95.55     2.93
1932    4    48.56     9.12
1932    5    52.23    16.85
1932    6    41.34    23.86
1932    7     2.45    29.71
1932    8     0.00    30.53
1932    9    14.98    20.24
1932   10     7.17    12.94
1932   11    39.04     9.48
1932   12    36.05     3.66
1933    1    76.42    -1.47
1933    2    48.44     2.44
1933    3   108.64     4.16
1933    4   151.27     5.00
1933    5   110.90    13.60
1933    6    92.97    19.88
1933    7    24.95    27.27
1933    8     0.34    29.58
1933    9    43.65    17.58
1933   10    64.20    10.41
1933   11    39.19     7.28
1933   12    45.11     1.54
1934    1    57.65    -3.11
1934    2    44.29     1.76
1934    3    62.25     3.31
1934    4    60.49    12.08
1934    5    28.77    22.00
1934    6    21.32    25.17
1934    7     7.54    31.12
1934    8     0.12    26.60
1934    9     5.73    20.70
1934   10    39.56    13.09
1934   11    14.97     6.44
1934   12    36.65     1.09
1935    1    27.23     3.01
1935    2    47.53     4.11
1935    3    30.05     7.87
1935    4    14.79    14.95
1935    5    67.21    18.01
1935    6    64.49    25.48
1935    7     3.80    31.02
1935    8     1.63    28.41
1935    9     2.16    20.28
1935   10    39.49    10.56
1935   11    47.75     4.13
1935   12    60.22    -0.58
1936    1    43.60    -5.34
1936    2    41.80    -2.64
1936    3    69.45     5.95
1936    4    99.03     9.15
1936    5    70.69    16.25
1936    6    51.40    25.05
1936    7    20.49    27.89
1936    8     2.27    26.54
1936    9    16.79    18.63
1936   10     5.90    16.12
1936   11    15.12     9.36
1936   12    26.07     3.91
1937    1    48.03     2.31
1937    2    41.88     3.83
1937    3    54.11     4.29
1937    4    74.49    11.62
1937    5    34.13    20.76
1937    6    34.89    25.10
1937    7     2.11    33.15
1937    8     3.03    28.02
1937    9    10.54    18.37
1937   10    37.55     9.28
1937   11    40.92     4.56
1937   12    29.55     5.18
1938    1    27.13     1.62
1938    2    65.84     2.53
1938    3    32.73     4.98
1938    4    87.15    11.35
1938    5    53.14    18.88
1938    6    31.37    25.05
1938    7    39.03    26.94
1938    8     1.05    30.60
1938    9     0.98    21.07
1938   10     3.61    12.97
1938   11    14.78     8.09
1938   12    33.55     1.77
1939    1    69.07    -2.45
1939    2    80.90     1.50
1939    3    78.23     6.28
1939    4    19.15    15.61
1939    5    57.59    21.58
1939    6    35.96    25.28
1939    7    10.82    31.42
1939    8     0.00    32.25
1939    9     2.34    18.68
1939   10    17.35    11.77
1939   11    19.12     9.72
1939   12    30.14     3.84
1940    1    55.28    -0.56
1940    2    54.76    -3.03
1940    3    54.85     3.99
1940    4    37.21     9.88
1940    5    60.20    17.54
1940    6    11.53    26.70
1940    7     0.84    28.99
1940    8     0.76    29.73
1940    9     0.61    19.68
1940   10    28.45    12.60
1940   11    14.15     7.86
1940   12    45.09     4.09
1941    1    60.97     2.84
1941    2    69.90     1.82
1941    3    36.68     6.32
1941    4     6.27    16.71
1941    5    51.52    17.31
1941    6    81.38    21.57
1941    7     7.38    30.23
1941    8     0.16    30.02
1941    9     1.62    20.73
1941   10    26.40    11.73
1941   11    66.43     1.21
1941   12    33.13     3.17
1942    1    19.59     4.24
1942    2    91.51    -0.22
1942    3    22.48    10.31
1942    4    81.03     8.72
1942    5    59.21    18.08
1942    6    61.34    21.95
1942    7     2.25    30.88
1942    8     0.27    30.51
1942    9     3.67    21.31
1942   10     3.36    16.28
1942   11    24.54     8.18
1942   12    25.55     3.71
1943    1    42.63     1.51
1943    2    47.08     1.53
1943    3    44.31     1.28
1943    4    91.51     8.34
1943    5    21.42    22.75
1943    6    11.30    25.31
1943    7     5.37    32.15
1943    8     0.00    31.11
1943    9     1.25    20.22
1943   10    30.56    13.86
1943   11    21.77     8.07
1943   12    32.51     2.76
1944    1    40.04     2.66
1944    2    71.04     1.77
1944    3    81.15     1.53
1944    4    78.04    10.65
1944    5   187.82    14.49
1944    6    22.83    22.97
1944    7     4.98    29.78
1944    8     0.05    29.79
1944    9     1.63    20.67
1944   10    30.95    10.05
1944   11    29.01     6.54
1944   12    56.46     1.87
1945    1    51.11     0.72
1945    2    64.28    -0.62
1945    3   121.07     0.40
1945    4    72.25     8.20
1945    5    68.29    18.03
1945    6    14.55    23.65
1945    7     3.37    33.93
1945    8     7.32    28.18
1945    9     0.75    21.94
1945   10    20.78    13.82
1945   11     8.09     5.67
1945   12    35.20     3.68
1946    1    45.77     3.85
1946    2    56.67    -0.55
1946    3    64.79     5.03
1946    4    15.82    12.34
1946    5    78.12    17.95
1946    6    41.95    24.69
1946    7     3.92    30.31
1946    8     2.07    29.89
1946    9     2.44    24.32
1946   10    38.93    11.59
1946   11    23.04     8.49
1946   12    88.17    -0.43
1947    1    51.64    -0.05
1947    2    32.98     4.11
1947    3    50.83     7.51
1947    4    58.97     7.33
1947    5    52.92    17.72
1947    6    59.15    20.46
1947    7     6.85    31.36
1947    8     0.05    27.78
1947    9    23.62    20.93
1947   10    26.38    13.29
1947   11    27.20     5.33
1947   12    32.10     4.84
1948    1    42.55     0.45
1948    2    57.81     3.20
1948    3   102.47     1.03
1948    4    27.10    11.83
1948    5    48.62    18.67
1948    6    54.01    22.86
1948    7     7.08    29.89
1948    8    19.70    27.00
1948    9     8.32    20.69
1948   10     9.67    16.86
1948   11    66.38     7.23
1948   12    65.69    -0.38
1949    1   112.65   -10.66
1949    2    71.87     1.77
1949    3    63.66     3.41
1949    4    63.77    10.90
1949    5    35.40    17.26
1949    6    39.97    22.31
1949    7     0.04    29.99
1949    8     6.35    29.17
1949    9     5.82    19.94
1949   10    41.68    12.85
1949   11    32.85     5.63
1949   12    44.98     0.72
1950    1    65.44     1.48
1950    2    14.17     3.35
1950    3    27.38     6.59
1950    4    79.66     9.38
1950    5   109.96    17.64
1950    6    45.47    25.56
1950    7     0.50    30.58
1950    8     0.13    29.56
1950    9     4.42    19.72
1950   10    16.61    12.06
1950   11    25.73     7.36
1950   12    22.76     6.83
1951    1    54.44     2.38
1951    2    51.76     0.41
1951    3    52.41     5.30
1951    4    49.34     9.13
1951    5    83.76    15.95
1951    6    44.94    23.60
1951    7     7.00    31.43
1951    8     0.18    29.49
1951    9     2.59    25.19
1951   10    55.12    11.71
1951   11   117.77    -2.75
1951   12    46.38     2.36
1952    1    70.58     0.25
1952    2    57.07    -0.36
1952    3   102.54     1.87
1952    4    61.96    10.68
1952    5    49.38    17.75
1952    6    43.68    24.32
1952    7    12.21    27.08
1952    8     0.76    32.72
1952    9     1.10    20.15
1952   10    23.43    12.12
1952   11    16.71     8.22
1952   12    34.16     6.14
1953    1    82.15    -0.31
1953    2    42.37     0.49
1953    3    82.74     3.37
1953    4    40.83    10.83
1953    5    54.76    17.69
1953    6    77.95    20.38
1953    7     1.49    29.70
1953    8     2.37    27.33
1953    9     2.88    18.41
1953   10    12.79    17.07
1953   11    31.61     5.87
1953   12    35.76     3.83
1954    1    32.73    -0.27
1954    2    62.87     1.15
1954    3    26.69     5.89
1954    4    98.17    12.09
1954    5    66.55    15.76
1954    6    36.46    23.35
1954    7    13.20    27.54
1954    8     3.84    27.44
1954    9     4.89    24.33
1954   10    45.58    11.56
1954   11    56.08     4.36
1954   12    32.91     3.39
1955    1    70.80     1.15
1955    2    49.73     2.75
1955    3    33.96     7.87
1955    4    99.45    10.97
1955    5    59.68    18.95
1955    6    45.09    25.56
1955    7    16.58    27.35
1955    8    10.80    27.24
1955    9     9.06    17.59
1955   10     1.32    15.76
1955   11    42.55     3.30
1955   12    36.38    -0.25
1956    1    56.28     2.65
1956    2    91.11    -3.20
1956    3    46.97    -1.24
1956    4    82.99     9.99
1956    5   142.01    16.26
1956    6    67.07    20.23
1956    7     3.96    27.88
1956    8     1.41    31.06
1956    9     3.19    22.66
1956   10    25.95    12.60
1956   11    31.30     5.35
1956   12    19.94     2.33
1957    1    26.39     3.34
1957    2    48.74     2.27
1957    3    33.42     6.75
1957    4    28.53    13.29
1957    5    45.83    19.35
1957    6    11.11    28.24
1957    7     1.19    31.73
1957    8     0.47    31.52
1957    9     4.05    22.19
1957   10    21.75    11.18
1957   11    91.50     6.03
1957   12    47.11     2.42
1958    1    51.98    -1.38
1958    2    70.82     3.59
1958    3    54.00     6.18
1958    4    68.94    10.88
1958    5   111.31    17.50
1958    6    35.63    25.66
1958    7     3.27    29.98
1958    8     8.37    28.70
1958    9     7.59    22.18
1958   10    19.51    14.86
1958   11    16.01     8.53
1958   12    55.62     3.67
1959    1    50.55    -2.04
1959    2    29.43     3.09
1959    3    56.30     6.67
1959    4    42.92    14.58
1959    5    85.70    20.02
1959    6    25.70    25.53
1959    7     0.61    31.45
1959    8     0.00    26.00
1959    9     3.18    20.37
1959   10    28.07    12.69
1959   11    33.05     7.11
1959   12   123.45    -2.81
1960    1    68.02     1.11
1960    2    51.55     3.24
1960    3    88.55     5.39
1960    4    79.77     8.29
1960    5    79.71    16.30
1960    6    33.71    27.91
1960    7    25.39    29.77
1960    8     7.28    28.67
1960    9     2.01    22.39
1960   10    17.65    12.54
1960   11    37.07     7.90
1960   12    44.87     3.48
1961    1    44.22     3.60
1961    2   103.13    -2.07
1961    3   144.48    -3.23
1961    4    74.58     8.09
1961    5    50.84    17.92
1961    6    11.31    28.66
1961    7    10.57    28.94
1961    8     1.94    30.38
1961    9     7.42    20.62
1961   10    28.60    13.67
1961   11    49.12     3.06
1961   12   131.35    -5.78
1962    1    84.06    -4.91
1962    2    39.85     3.35
1962    3    20.76    10.05
1962    4    35.37    12.19
1962    5    84.97    18.19
1962    6    60.71    22.49
1962    7     6.52    27.13
1962    8     3.13    27.31
1962    9     0.58    19.47
1962   10    19.01    12.66
1962   11    14.73     9.92
1962   12    39.20     3.84
1963    1    44.56     2.21
1963    2    81.74     1.85
1963    3    38.36     6.71
1963    4    69.05     7.50
1963    5    30.59    15.70
1963    6     6.43    26.52
1963    7     7.47    29.65
1963    8     0.05    29.17
1963    9     1.35    19.53
1963   10    35.06    12.06
1963   11     7.37     8.29
1963   12    46.60     2.52
1964    1   104.92    -5.74
1964    2    61.47    -1.88
1964    3   100.70     3.66
1964    4    40.47    10.84
1964    5    55.61    20.24
1964    6    16.05    24.20
1964    7     7.87    28.18
1964    8     0.00    29.74
1964    9     4.79    23.59
1964   10     9.79    10.44
1964   11   114.50     4.61
1964   12    25.32     4.63
1965    1    43.82    -0.09
1965    2    27.55     4.00
1965    3    41.50     3.90
1965    4    63.70    12.07
1965    5    54.14    18.57
1965    6    16.53    28.75
1965    7     3.68    30.69
1965    8     4.80    30.51
1965    9    12.19    21.31
1965   10    28.33    10.34
1965   11    27.23     1.98
1965   12    37.85     4.03
1966    1    21.57     4.78
1966    2    38.09     4.35
1966    3    35.38     2.52
1966    4    55.54    10.28
1966    5   119.68    19.30
1966    6    56.95    24.13
1966    7     2.17    29.04
1966    8     0.00    28.09
1966    9     1.00    24.89
1966   10    41.73    12.21
1966   11    10.82     8.05
1966   12    59.83     2.24
1967    1    52.30     1.58
1967    2    48.65    -1.44
1967    3   135.43     2.96
1967    4    83.73    10.52
1967    5    37.49    20.33
1967    6    19.74    25.54
1967    7     5.68    31.48
1967    8     9.33    31.62
1967    9     0.22    22.16
1967   10     2.50    14.39
1967   11    43.47     5.46
1967   12    42.65     4.01
1968    1    52.47    -2.18
1968    2    94.65     2.17
1968    3   103.54    -0.17
1968    4   138.32     9.29
1968    5    89.78    16.81
1968    6    28.84    23.69
1968    7    10.39    28.05
1968    8     3.02    27.93
1968    9    43.20    17.11
1968   10    19.43    13.37
1968   11    46.03    10.37
1968   12    24.88     3.22
1969    1    87.89    -4.29
1969    2    20.34     2.79
1969    3   120.94    -4.90
1969    4    83.48     4.21
1969    5    73.93    13.14
1969    6    31.63    27.63
1969    7    15.80    28.53
1969    8     0.77    29.94
1969    9     0.68    20.79
1969   10    37.55    12.53
1969   11    35.43     5.09
1969   12    54.30     2.94
1970    1    40.65    -9.06
1970    2    41.90     4.22
1970    3   114.55     3.33
1970    4    58.03    10.42
1970    5   105.44    15.23
1970    6    37.35    22.30
1970    7    11.79    28.43
1970    8    13.31    26.99
1970    9    12.15    18.80
1970   10    12.38    12.29
1970   11    17.48     5.50
1970   12    63.65     4.27
1971    1    96.06    -2.28
1971    2    78.63    -2.21
1971    3    51.06     3.80
1971    4    76.78     9.03
1971    5    36.11    18.46
1971    6    21.13    23.38
1971    7     2.88    28.31
1971    8     1.75    28.22
1971    9     1.22    21.59
1971   10    54.29    14.68
1971   11    43.50     6.77
1971   12    29.07     4.40
1972    1   101.42    -1.90
1972    2    44.73     0.53
1972    3    58.88     6.88
1972    4    92.50    11.22
1972    5    68.23    19.34
1972    6    35.31    25.28
1972    7     0.44    33.14
1972    8     5.93    28.75
1972    9     2.81    20.96
1972   10    16.20    19.59
1972   11    30.83     9.77
1972   12    38.38     0.43
1973    1    43.96    -1.75
1973    2    39.10     5.52
1973    3    56.57     3.31
1973    4    27.83    12.64
1973    5    33.01    16.07
1973    6    17.33    28.20
1973    7     2.65    29.53
1973    8     0.66    31.47
1973    9     0.00    21.87
1973   10     0.51    14.34
1973   11    42.71     8.45
1973   12    15.04     4.70
1974    1    38.74     1.61
1974    2    33.33     3.09
1974    3    57.98     4.47
1974    4   104.77     8.21
1974    5    61.23    17.25
1974    6    40.83    22.05
1974    7     0.91    29.89
1974    8     0.12    29.72
1974    9     6.01    22.88
1974   10    18.63    13.01
1974   11    28.28     8.59
1974   12    37.37     3.14
1975    1    46.12     0.35
1975    2    51.84    -7.82
1975    3    57.40     8.88
1975    4    85.41    10.32
1975    5    98.53    14.17
1975    6    51.20    21.97
1975    7     2.10    31.75
1975    8     0.10    29.92
1975    9     2.04    24.92
1975   10    32.04    12.35
1975   11    51.95     8.05
1975   12    56.40     0.61
1976    1    56.11     3.84
1976    2    27.84    -0.53
1976    3    46.09     5.82
1976    4    57.35    10.27
1976    5    95.47    17.85
1976    6    11.58    27.14
1976    7     6.30    32.12
1976    8     4.61    30.50
1976    9     3.46    22.11
1976   10    28.86    12.06
1976   11    51.90     7.18
1976   12    29.59     5.05
1977    1    37.58     0.91
1977    2    79.53    -4.98
1977    3    52.76     4.18
1977    4    80.01    10.56
1977    5    55.08    17.69
1977    6    12.08    26.57
1977    7     0.82    28.98
1977    8     4.50    29.34
1977    9     4.59    22.13
1977   10    31.33    12.80
1977   11    30.48     9.53
1977   12    41.45     3.44
1978    1    65.57     2.19
1978    2    60.56     0.81
1978    3    59.59     3.02
1978    4   153.85    11.11
1978    5    83.08    18.84
1978    6    46.43    23.70
1978    7    23.06    26.23
1978    8    11.76    30.11
1978    9     2.37    23.13
1978   10     1.18    16.68
1978   11    24.88     8.19
1978   12    38.02     3.88
1979    1    62.11    -0.27
1979    2    32.20     0.31
1979    3    53.62     1.97
1979    4    56.95    11.54
1979    5    44.14    21.09
1979    6    22.25    24.51
1979    7     4.75    30.08
1979    8     3.76    30.06
1979    9     0.49    26.50
1979   10    38.59    12.64
1979   11    69.18     6.36
1979   12    17.81     0.68
1980    1    37.67     3.95
1980    2   120.78     1.44
1980    3    67.05     3.96
1980    4   113.25    10.59
1980    5    58.46    18.51
1980    6     9.85    27.68
1980    7     1.57    28.96
1980    8     1.91    29.79
1980    9     4.60    21.32
1980   10    29.74    15.01
1980   11    16.97     5.80
1980   12    29.14     5.19
1981    1    34.01     0.60
1981    2    76.63     2.61
1981    3    78.13     6.89
1981    4    16.78    13.15
1981    5   105.39    14.11
1981    6    25.18    26.68
1981    7     2.39    32.06
1981    8     0.68    28.30
1981    9     2.40    22.29
1981   10    18.39    14.53
1981   11    43.42     8.05
1981   12    44.37     4.59
1982    1    27.83     1.84
1982    2    42.19     3.25
1982    3    94.60     3.29
1982    4    25.56    12.99
1982    5    56.08    21.49
1982    6     0.91    26.33
1982    7     0.64    31.91
1982    8     0.01    28.22
1982    9     2.80    20.13
1982   10     6.59    14.64
1982   11    24.69    11.29
1982   12    54.63     3.28
1983    1    52.29     0.77
1983    2    54.74     1.74
1983    3    50.97     6.49
1983    4    77.42    14.32
1983    5    80.13    18.90
1983    6    68.06    23.20
1983    7    13.88    30.90
1983    8    15.31    29.48
1983    9     2.62    18.62
1983   10   100.11    12.53
1983   11    13.21     7.36
1983   12   112.78    -2.07
1984    1    58.28    -3.15
1984    2    59.18     4.17
1984    3    50.56     4.46
1984    4   132.96    13.05
1984    5   122.12    14.78
1984    6    39.37    22.26
1984    7     3.26    28.69
1984    8    11.12    26.41
1984    9     0.38    24.70
1984   10    16.87    11.68
1984   11    29.62     6.62
1984   12    19.92     4.52
1985    1    47.27     1.87
1985    2    34.47     4.23
1985    3    42.34     7.70
1985    4    54.28    11.83
1985    5    62.97    20.38
1985    6    49.36    24.36
1985    7     0.06    33.03
1985    8     4.58    34.06
1985    9     2.47    22.46
1985   10    18.30    13.47
1985   11    24.35     8.06
1985   12    32.19     3.95
1986    1    44.97     0.13
1986    2    49.93     3.95
1986    3    89.47     3.77
1986    4    41.60    12.68
1986    5    60.55    17.51
1986    6    77.81    26.25
1986    7     1.54    32.34
1986    8     0.97    30.14
1986    9     0.69    24.15
1986   10    27.88    17.12
1986   11    26.57     8.78
1986   12    58.09     3.55
1987    1    39.95    -1.19
1987    2    60.12     4.18
1987    3   151.87     2.15
1987    4    86.69    13.07
1987    5    76.94    14.11
1987    6    19.30    25.98
1987    7     5.78    30.06
1987    8     0.00    27.77
1987    9    14.97    20.06
1987   10    12.77    15.58
1987   11    89.94     6.45
1987   12    65.25    -1.77
1988    1    65.77    -2.62
1988    2    42.10     3.60
1988    3    19.48     9.35
1988    4    58.73    12.08
1988    5    51.34    18.33
1988    6     7.73    27.54
1988    7     2.41    30.93
1988    8     0.41    30.59
1988    9     3.29    21.55
1988   10    19.96    15.20
1988   11    35.90     7.82
1988   12    81.74    -0.24
1989    1    44.26     2.13
1989    2    52.32     1.27
1989    3    68.51     4.19
1989    4    47.36    11.43
1989    5    13.27    22.32
1989    6     1.25    30.63
1989    7     0.42    32.73
1989    8     7.80    29.93
1989    9     5.62    23.34
1989   10    14.92    16.37
1989   11    13.76    11.44
1989   12    30.70     4.41
1990    1    35.53     3.44
1990    2    60.89     5.59
1990    3    22.87     5.99
1990    4    28.87    12.35
1990    5    29.14    18.41
1990    6    12.62    24.82
1990    7     6.75    32.20
1990    8     0.00    30.17
1990    9    11.53    21.15
1990   10    30.91    17.79
1990   11    29.96     7.44
1990   12    24.91    -0.32
1991    1    40.61    -0.96
1991    2    30.73     6.08
1991    3    34.60     7.81
1991    4    55.00     8.55
1991    5    27.99    20.52
1991    6    11.03    26.42
1991    7     6.13    31.26
1991    8     0.04    32.68
1991    9     9.31    24.84
1991   10     4.02    14.08
1991   11    89.49     5.44
1991   12    38.03     4.22
1992    1    42.14     1.51
1992    2    40.46     5.06
1992    3    49.22     7.10
1992    4    79.94     8.43
1992    5    45.83    14.47
1992    6    25.50    26.78
1992    7     1.20    29.44
1992    8     2.56    27.13
1992    9     5.95    25.39
1992   10    34.10    13.66
1992   11    46.14     9.67
1992   12    58.39     3.23
1993    1    47.31     2.78
1993    2    66.99    -0.36
1993    3    62.12    -0.66
1993    4    52.70     9.82
1993    5   104.72    18.27
1993    6    39.49    28.78
1993    7     9.59    31.02
1993    8     0.27    30.93
1993    9     8.18    19.20
1993   10     9.68    14.60
1993   11    45.42     7.82
1993   12    27.47     3.89
1994    1    53.03     2.01
1994    2    35.62     2.20
1994    3    59.48     6.71
1994    4    33.77    15.47
1994    5    33.94    20.04
1994    6    15.89    25.12
1994    7     7.13    32.24
1994    8     0.19    31.22
1994    9     3.36    23.01
1994   10    38.30    12.80
1994   11    51.34     6.28
1994   12    37.07     4.42
1995    1    58.15     3.37
1995    2    68.21     1.20
1995    3    74.12     3.85
1995    4    25.84    14.36
1995    5    18.47    19.29
1995    6    20.45    25.25
1995    7     3.37    33.20
1995    8     0.04    31.33
1995    9     0.51    25.22
1995   10     3.98    15.19
1995   11    29.95     7.03
1995   12    32.13     2.03
1996    1    43.55     3.93
1996    2    34.96     5.46
1996    3    42.03     9.42
1996    4   104.13    12.81
1996    5    30.96    21.44
1996    6    56.93    26.68
1996    7    35.65    27.13
1996    8     1.28    33.07
1996    9     4.66    25.18
1996   10    22.70    12.60
1996   11    15.11     8.44
1996   12    41.37     2.68
1997    1    36.65    -2.02
1997    2    37.59     2.68
1997    3    67.90     7.19
1997    4    62.06    12.11
1997    5    14.10    23.43
1997    6    21.93    26.61
1997    7     2.12    32.50
1997    8     2.58    27.88
1997    9     1.11    24.26
1997   10    36.62     8.64
1997   11    30.80     7.31
1997   12    51.56     3.90
1998    1    48.50     3.26
1998    2    86.77    -1.89
1998    3    74.87     5.43
1998    4    85.94     8.40
1998    5   122.28    13.96
1998    6    48.29    26.08
1998    7     3.00    29.47
1998    8     1.52    31.72
1998    9     0.50    25.11
1998   10    12.41    14.10
1998   11    11.13     8.97
1998   12   115.50    -2.28
1999    1    82.32    -4.26
1999    2    70.83     2.67
1999    3    64.24     3.81
1999    4    40.17    10.99
1999    5    45.36    18.92
1999    6    20.09    27.25
1999    7     6.08    32.01
1999    8     9.28    27.74
1999    9     4.94    21.54
1999   10     3.63    17.30
1999   11    23.43    10.12
1999   12    46.60     3.02
2000    1    35.45     4.67
2000    2    23.76     0.70
2000    3    95.05     4.43
2000    4    51.39    11.47
2000    5    36.26    16.02
2000    6   100.22    24.93
2000    7     1.75    35.78
2000    8     1.12    32.24
2000    9     8.99    24.65
2000   10    17.98    18.31
2000   11    26.39     7.81
2000   12    30.32     4.39
2001    1    47.07     1.96
2001    2    44.00     3.54
2001    3    58.19     1.01
2001    4    67.40     8.30
2001    5    63.50    19.73
2001    6    10.21    28.26
2001    7     0.26    37.54
2001    8     1.64    32.85
2001    9     1.26    24.41
2001   10    28.84    15.52
2001   11    15.89     8.56
2001   12    24.98     4.35
2002    1    20.09     4.75
2002    2    69.11     0.51
2002    3    39.12     8.16
2002    4   100.14     9.84
2002    5    72.48    18.39
2002    6    15.26    29.45
2002    7     6.90    31.90
2002    8     0.08    32.74
2002    9     3.96    22.57
2002   10    17.16    15.15
2002   11    40.60     6.66
2002   12    72.58     4.10
2003    1    38.24     0.73
2003    2    92.70     0.52
2003    3    50.70     3.15
2003    4    79.53     8.29
2003    5   107.32    17.98
2003    6    60.89    23.19
2003    7     0.16    33.85
2003    8     2.65    27.97
2003    9     3.80    24.34
2003   10    52.80     9.19
2003   11    17.01     8.34
2003   12    68.76     3.20
2004    1   106.62     1.95
2004    2    52.45     3.04
2004    3    80.17     6.96
2004    4    80.00     9.11
2004    5   123.50    16.07
2004    6    44.45    28.12
2004    7     2.56    32.01
2004    8     0.67    34.33
2004    9     0.06    26.92
2004   10    15.66    16.29
2004   11     5.81     7.61
2004   12    18.36     6.80
2005    1    47.83     3.75
2005    2    29.09     5.42
2005    3    69.00     4.62
2005    4    74.25    12.85
2005    5    20.94    19.35
2005    6    15.48    28.91
2005    7     0.07    36.23
2005    8     0.40    28.70
2005    9     3.78    24.27
2005   10     8.16    17.78
2005   11    13.93     9.13
2005   12    47.10     3.94
