2006    1   105.74    -0.78
2006    2    90.11    -1.06
2006    3   108.87     2.84
2006    4   154.49     9.93
2006    5   158.54    11.07
2006    6   132.54    18.60
2006    7    10.37    26.70
2006    8    47.36    20.72
2006    9    42.66    16.64
2006   10    41.29     7.64
2006   11    20.80     0.80
2006   12   100.78     1.22
2007    1   108.63     0.62
2007    2    80.98    -2.00
2007    3    72.17     2.63
2007    4   123.03     7.68
2007    5   118.07    12.93
2007    6    17.30    16.28
2007    7     3.48    25.44
2007    8    28.82    23.46
2007    9    55.76    14.30
2007   10   124.53     9.86
2007   11    86.85     0.80
2007   12    22.60    -1.18
2008    1   123.85    -0.47
2008    2   102.93    -1.28
2008    3   162.53     3.29
2008    4   145.31     6.81
2008    5   170.67    10.70
2008    6   146.38    16.63
2008    7     9.93    25.49
2008    8    15.71    24.27
2008    9    51.66    15.23
2008   10    86.23     9.78
2008   11    85.88     2.18
2008   12   153.57     0.04
2009    1    85.32     0.28
2009    2   114.52    -4.06
2009    3    86.72     4.80
2009    4   107.51     7.96
2009    5   146.30    14.22
2009    6    17.12    20.79
2009    7    27.23    24.19
2009    8    43.89    22.60
2009    9     6.21    16.33
2009   10    52.61     9.23
2009   11   135.05     3.45
2009   12   127.90    -1.78
2010    1    74.87    -0.21
2010    2    62.09     1.24
2010    3   107.09     3.05
2010    4   156.36     8.10
2010    5    88.06    16.39
2010    6    93.85    18.81
2010    7     5.79    25.77
2010    8    70.67    20.08
2010    9    84.20    13.45
2010   10    87.34     8.62
2010   11    48.63     2.40
2010   12    39.70     1.72
2011    1   111.57    -0.36
2011    2   104.91    -0.07
2011    3    89.80     4.25
2011    4   143.07     5.90
2011    5   169.76     9.45
2011    6   195.65    15.32
2011    7    38.69    20.67
2011    8    19.42    23.06
2011    9    57.16    12.70
2011   10    91.53     8.66
2011   11    80.14     3.80
2011   12   160.75    -2.40
2012    1    86.33    -1.45
2012    2    81.26    -2.26
2012    3   114.89     5.70
2012    4    86.34     6.21
2012    5    94.90    17.44
2012    6    52.27    18.08
2012    7     8.78    24.74
2012    8    36.38    22.62
2012    9    19.26    15.33
2012   10    30.31    10.85
2012   11   141.49     2.57
2012   12   146.25    -4.17
2013    1   106.85    -1.39
2013    2    82.67     2.61
2013    3   189.80     1.15
2013    4   112.77     5.37
2013    5   163.35    11.84
2013    6   100.70    16.02
2013    7    26.70    21.74
2013    8    17.40    22.54
2013    9     2.90    15.20
2013   10    25.64     8.68
2013   11    35.76     3.22
2013   12    73.37    -0.86
2014    1    79.97    -0.95
2014    2    77.89     0.20
2014    3   148.23     2.66
2014    4   161.39     6.75
2014    5   129.20    14.31
2014    6    45.32    18.44
2014    7    69.57    24.55
2014    8     3.57    23.59
2014    9    27.05    17.80
2014   10    72.31     9.19
2014   11    97.53     1.39
2014   12   133.25    -0.75
2015    1    91.97    -2.11
2015    2    50.61     0.23
2015    3    51.26     7.04
2015    4   133.66     7.24
2015    5   218.65    11.70
2015    6    92.73    18.02
2015    7    28.29    23.80
2015    8     8.97    23.90
2015    9     7.56    17.60
2015   10    42.78     9.84
2015   11   132.54     4.05
2015   12    51.36     1.00
2016    1    87.87    -2.04
2016    2    78.01     3.21
2016    3    66.05     7.24
2016    4   120.42     7.83
2016    5   112.63    14.47
2016    6    99.63    17.85
2016    7    22.60    25.30
2016    8    25.97    24.69
2016    9    21.78    17.91
2016   10    20.82     7.85
2016   11    44.25     5.30
2016   12    94.95    -0.56
2017    1   139.60    -2.51
2017    2   122.05     2.78
2017    3   101.45     6.00
2017    4   167.17     7.18
2017    5   183.20    10.88
2017    6   104.66    16.78
2017    7    29.49    19.80
2017    8    10.22    23.06
2017    9     3.69    16.96
2017   10    32.57    13.93
2017   11    82.29     4.51
2017   12   115.38    -0.73
2018    1   104.49     1.01
2018    2   109.78     0.75
2018    3    66.53     4.35
2018    4   120.37     8.99
2018    5   242.98    13.96
2018    6    97.11    19.08
2018    7     2.03    24.76
2018    8    11.19    26.16
2018    9    26.72    11.24
2018   10    40.52     5.76
2018   11    56.55     3.31
2018   12    39.75    -0.55
2019    1   182.67    -1.14
2019    2   110.26     3.07
2019    3    89.75     4.39
2019    4    73.90    11.05
2019    5   114.85    11.57
2019    6    53.62    18.75
2019    7    10.56    26.28
2019    8     8.68    23.58
2019    9    21.31    13.30
2019   10    41.44     7.18
2019   11   104.94     4.02
2019   12    78.33    -0.08
2020    1   158.34     2.07
2020    2   178.14     1.13
2020    3    95.77     4.74
2020    4   140.98     7.59
2020    5   119.47    11.88
2020    6    41.73    18.37
2020    7    11.72    22.89
2020    8    15.57    24.95
2020    9    13.58    13.56
2020   10     7.91     8.55
2020   11    53.76     5.26
2020   12   120.58    -0.89
2021    1    87.68    -0.49
2021    2    91.94     2.16
2021    3    80.98     3.81
2021    4   127.18    11.44
2021    5   255.55    11.68
2021    6   163.12    18.28
2021    7    86.04    24.41
2021    8    18.56    24.67
2021    9    12.83    17.49
2021   10    78.67     7.44
2021   11    62.24     5.71
2021   12    96.25     0.69
2022    1    72.60     0.39
2022    2   109.82    -1.41
2022    3   126.02     3.38
2022    4   142.79     5.79
2022    5   105.69    14.45
2022    6   246.75    18.62
2022    7   142.06    21.02
2022    8    28.29    22.93
2022    9    18.19    15.60
2022   10    85.51     8.53
2022   11    61.26     3.93
2022   12   128.00     1.87
2023    1   231.22     0.35
2023    2    85.42     0.84
2023    3   126.07     4.77
2023    4   150.16     7.92
2023    5   181.42    11.44
2023    6    98.93    17.12
2023    7     6.47    23.52
2023    8    44.95    22.13
2023    9    17.02    17.75
2023   10   111.62     9.10
2023   11    94.13     1.30
2023   12    93.41     2.51
2024    1    74.09    -0.08
2024    2    56.56     1.39
2024    3   121.78     1.00
2024    4   138.60     7.26
2024    5   178.14    13.14
2024    6   131.84    17.91
2024    7    23.23    24.75
2024    8    13.98    23.75
2024    9    12.46    16.88
2024   10    71.59     9.93
2024   11   139.20     6.81
2024   12   126.21     0.47
2025    1    52.27     0.95
2025    2    79.50    -0.84
2025    3   138.45     4.12
2025    4   153.10     6.21
2025    5   234.59    13.00
2025    6    69.79    19.42
2025    7    38.64    23.72
2025    8    16.00    21.47
2025    9     5.00    14.71
2025   10    26.12     9.28
2025   11   135.15     3.32
2025   12    90.14     2.14
2026    1   121.40     0.11
2026    2   105.43    -0.76
2026    3   130.02     4.54
2026    4   105.13     8.27
2026    5   174.96    13.87
2026    6    36.09    22.61
2026    7     1.89    27.61
2026    8    16.48    26.26
2026    9    15.21    17.68
2026   10    77.27     8.43
2026   11   132.91     4.97
2026   12   113.35     0.39
2027    1   143.55    -0.30
2027    2    67.05     0.72
2027    3    87.82     5.56
2027    4    82.33     5.24
2027    5   155.26    12.77
2027    6   140.88    17.80
2027    7    35.22    23.25
2027    8     3.14    21.43
2027    9    20.94    17.16
2027   10    84.21     7.40
2027   11    85.04     3.75
2027   12   161.09     0.35
2028    1    98.28    -3.66
2028    2    85.31     3.14
2028    3   141.87     5.89
2028    4   142.23     7.74
2028    5   255.16    11.23
2028    6    96.41    18.51
2028    7     1.94    23.98
2028    8    10.90    25.89
2028    9     2.76    20.11
2028   10    21.93    13.89
2028   11    80.38     4.63
2028   12    75.20     0.74
2029    1   130.84    -1.03
2029    2   115.52    -4.06
2029    3   114.32     3.98
2029    4   127.18     6.75
2029    5   134.31    11.48
2029    6    63.03    19.91
2029    7     9.45    25.12
2029    8    58.87    22.84
2029    9     6.54    13.37
2029   10    70.19     9.18
2029   11   119.53     0.36
2029   12    77.90    -2.56
2030    1    92.50    -1.39
2030    2    72.10     1.17
2030    3   112.97     2.34
2030    4    98.69     8.12
2030    5   165.81    15.38
2030    6    93.61    19.56
2030    7    60.37    23.75
2030    8    55.84    20.69
2030    9    16.61    18.01
2030   10    38.45     8.00
2030   11   104.29     2.44
2030   12    86.23     1.62
2031    1   130.40     2.31
2031    2    67.58     0.28
2031    3   121.06     1.40
2031    4   109.74     8.57
2031    5   183.15    14.47
2031    6   114.64    19.62
2031    7    40.38    24.74
2031    8     2.18    23.63
2031    9    18.75    18.92
2031   10    47.75    11.43
2031   11    78.00     4.25
2031   12   161.04    -1.55
2032    1    91.29    -1.07
2032    2    76.75     1.11
2032    3   135.51     2.15
2032    4   113.57     8.01
2032    5   191.72    12.51
2032    6   106.06    19.17
2032    7     2.27    26.74
2032    8    11.28    24.47
2032    9    25.65    14.50
2032   10    84.55    10.48
2032   11    92.26     1.64
2032   12   125.78    -1.59
2033    1   151.50    -2.07
2033    2   106.30     2.02
2033    3   149.58     4.44
2033    4   102.19     6.90
2033    5   209.11    11.39
2033    6   165.12    19.85
2033    7    27.76    26.55
2033    8     3.19    23.66
2033    9     8.87    18.73
2033   10    61.19     7.54
2033   11    38.00     2.68
2033   12   114.85     1.37
2034    1   109.11     0.80
2034    2    70.54     2.37
2034    3   140.91     4.98
2034    4   104.57     7.70
2034    5    47.89    16.37
2034    6    40.24    21.10
2034    7    13.93    28.99
2034    8    52.56    26.89
2034    9    78.60    15.65
2034   10    61.33     9.59
2034   11    72.08     1.63
2034   12    70.39     0.22
2035    1   166.96    -0.38
2035    2   118.35     1.51
2035    3   110.08     4.79
2035    4   123.35     6.32
2035    5   256.17    15.08
2035    6    36.98    20.76
2035    7     6.80    26.45
2035    8    12.15    24.98
2035    9    21.31    14.27
2035   10    68.94    10.93
2035   11    79.58     3.75
2035   12   141.68    -2.99
2036    1   105.93    -4.06
2036    2    93.38    -1.36
2036    3    74.67     5.28
2036    4   119.67     8.55
2036    5    64.75    16.08
2036    6    34.46    22.02
2036    7     9.26    23.61
2036    8     1.46    23.81
2036    9    19.12    14.00
2036   10    17.98     7.70
2036   11   102.10     1.04
2036   12    48.76     1.26
2037    1    86.43    -1.15
2037    2    67.71     1.15
2037    3   109.07     3.33
2037    4   126.29     8.93
2037    5   192.06    15.03
2037    6    86.20    19.95
2037    7    54.59    21.36
2037    8    33.15    20.27
2037    9     6.82    16.19
2037   10    87.24    10.46
2037   11   237.94     3.45
2037   12   107.62    -0.39
2038    1    95.39     0.46
2038    2   140.45    -0.23
2038    3   125.88     3.14
2038    4   172.49     6.31
2038    5   135.32    10.01
2038    6   110.72    16.87
2038    7    21.59    24.86
2038    8     1.84    24.33
2038    9     6.68    15.40
2038   10    32.19     8.39
2038   11   118.93     3.08
2038   12   163.16    -0.70
2039    1   119.28    -3.34
2039    2    76.67    -2.35
2039    3   175.06     1.85
2039    4   126.01     5.16
2039    5   142.21    11.77
2039    6    90.63    19.94
2039    7    86.72    22.98
2039    8    59.55    23.07
2039    9    51.19    18.36
2039   10    10.94    10.23
2039   11    71.70     4.71
2039   12   115.57     0.47
2040    1   154.34    -3.21
2040    2   102.03    -5.21
2040    3    83.20     3.95
2040    4    79.30    11.76
2040    5    62.34    13.80
2040    6   171.97    21.00
2040    7   155.69    21.99
2040    8    13.40    24.64
2040    9    13.72    14.86
2040   10    73.52     8.07
2040   11   119.77     5.57
2040   12   200.30    -2.46
2041    1    82.86    -2.88
2041    2   127.62    -2.14
2041    3    88.88     3.22
2041    4   130.02     8.09
2041    5   167.30    12.47
2041    6   102.52    18.75
2041    7     2.61    27.79
2041    8    26.55    20.88
2041    9    40.61    16.05
2041   10   114.65    10.49
2041   11   117.06     4.68
2041   12   199.58     1.57
2042    1   135.61     0.21
2042    2    58.22     4.59
2042    3    62.10     7.17
2042    4   142.89     7.51
2042    5   184.45    12.64
2042    6    70.91    20.97
2042    7     4.39    25.38
2042    8    17.64    22.34
2042    9    26.77    16.31
2042   10    59.93     8.61
2042   11    68.35     4.60
2042   12   107.14    -0.28
2043    1   112.29     1.49
2043    2   112.82     2.28
2043    3   162.63     3.44
2043    4   124.47     8.70
2043    5   255.74    12.02
2043    6   117.48    17.19
2043    7    59.69    22.36
2043    8    47.02    24.63
2043    9    22.06    14.23
2043   10    75.97    10.44
2043   11    63.41     4.50
2043   12   169.23     1.53
2044    1   133.29     0.03
2044    2   115.23     0.24
2044    3    86.09     5.14
2044    4    74.92     8.06
2044    5   134.40    11.89
2044    6    17.26    18.18
2044    7     6.42    26.76
2044    8    26.41    22.93
2044    9     7.28    17.55
2044   10    71.16    11.88
2044   11    51.57     3.24
2044   12   169.52    -0.70
2045    1   103.72    -0.29
2045    2   123.66     2.92
2045    3    59.74     4.56
2045    4   165.68     7.31
2045    5   239.51    13.83
2045    6   112.63    19.61
2045    7     7.19    26.58
2045    8     4.88    25.91
2045    9    94.13    22.36
2045   10    61.52    10.90
2045   11    48.58     4.40
2045   12   149.34     1.21
2046    1   182.38    -1.03
2046    2   186.00     1.12
2046    3    77.71     8.09
2046    4    99.53     9.70
2046    5   249.91    13.42
2046    6    46.53    18.54
2046    7    14.75    26.50
2046    8    18.84    23.21
2046    9    15.11    16.33
2046   10    54.01     8.18
2046   11   107.09     0.55
2046   12    34.89    -1.37
2047    1    77.95     0.09
2047    2    87.94     1.45
2047    3   110.22     2.39
2047    4   125.17     9.71
2047    5   191.92    12.73
2047    6   153.65    18.90
2047    7    57.72    22.63
2047    8     6.18    23.79
2047    9     8.40    17.11
2047   10    46.69     6.32
2047   11    91.94     2.31
2047   12    70.67     2.45
2048    1   105.21     0.53
2048    2   105.14    -0.31
2048    3   101.89     5.29
2048    4   121.54     9.78
2048    5   149.96    12.35
2048    6   102.75    20.93
2048    7    13.50    23.78
2048    8     8.83    24.31
2048    9    98.65    14.19
2048   10    73.47     2.87
2048   11   122.28     5.21
2048   12   190.18     1.37
2049    1   100.06    -1.31
2049    2    96.03     1.10
2049    3    99.38     3.60
2049    4   134.73     6.38
2049    5   121.64    12.40
2049    6    93.80    19.24
2049    7    33.83    26.00
2049    8     6.90    26.59
2049    9    30.96    15.66
2049   10    91.63    10.46
2049   11    91.66     3.77
2049   12    85.17    -0.29
2050    1   117.11    -0.78
2050    2   112.61    -0.54
2050    3   148.81     3.76
2050    4   174.49     3.66
2050    5    74.19    13.38
2050    6    21.97    21.65
2050    7    18.65    25.77
2050    8     2.32    23.16
2050    9    29.89    15.39
2050   10    32.81     8.37
2050   11   118.04     2.04
2050   12   139.75     1.00
2051    1   112.24    -2.54
2051    2   119.66    -0.13
2051    3    60.90     6.62
2051    4    50.63     8.90
2051    5    51.50    19.43
2051    6    73.20    22.92
2051    7    29.92    24.64
2051    8     8.44    25.99
2051    9    11.01    17.74
2051   10    65.23     8.85
2051   11    61.78     5.18
2051   12   134.02    -2.92
2052    1    78.57    -0.13
2052    2    97.39     2.42
2052    3   105.31     4.28
2052    4   110.54    10.45
2052    5   237.92    14.99
2052    6    43.88    19.72
2052    7    19.42    25.84
2052    8     0.49    23.88
2052    9    21.17    15.53
2052   10    37.29    10.16
2052   11    46.07     3.87
2052   12   141.82    -0.63
2053    1   103.00    -2.27
2053    2    90.46     1.15
2053    3   116.24     3.52
2053    4    89.88    10.53
2053    5   230.40    14.68
2053    6   187.82    17.99
2053    7    20.72    24.26
2053    8    29.20    24.58
2053    9    17.16    15.95
2053   10   111.14     5.82
2053   11    35.20     5.24
2053   12    84.55     0.80
2054    1    70.29     2.22
2054    2   119.09     1.36
2054    3   100.59     1.66
2054    4   133.66     8.01
2054    5   150.44    16.99
2054    6   159.02    18.06
2054    7    58.49    22.32
2054    8     0.30    26.08
2054    9    39.54    17.17
2054   10    75.78    12.83
2054   11    79.91     2.99
2054   12   124.67    -4.66
2055    1    86.91    -4.93
2055    2   100.95     2.31
2055    3   139.70     3.05
2055    4    56.74    10.40
2055    5    80.65    14.93
2055    6   180.97    18.87
2055    7     3.24    27.26
2055    8     6.22    25.12
2055    9    40.80    18.35
2055   10    63.35    10.17
2055   11    18.61     1.92
2055   12   130.50    -2.25
2056    1   118.80     0.75
2056    2    78.01     0.31
2056    3    49.24     4.85
2056    4   126.62     9.68
2056    5   119.28    14.95
2056    6     9.52    25.02
2056    7    15.28    23.73
2056    8     6.61    23.18
2056    9     8.54    16.46
2056   10    35.61     9.65
2056   11    68.81     7.50
2056   12   127.66     1.57
2057    1   160.37    -2.73
2057    2    77.63     3.34
2057    3   126.02     4.68
2057    4   152.26     6.63
2057    5    89.65    13.60
2057    6    64.95    21.58
2057    7    28.82    28.73
2057    8     1.55    27.81
2057    9    19.45    20.01
2057   10    34.93    10.90
2057   11   134.96     1.45
2057   12    91.29     3.02
2058    1   102.51     0.87
2058    2    89.85     3.01
2058    3    95.10     3.39
2058    4    50.54     9.78
2058    5    18.36    15.14
2058    6    70.03    22.76
2058    7    10.56    28.06
2058    8    26.55    20.78
2058    9     3.69    16.70
2058   10    55.93    13.61
2058   11    76.04     2.56
2058   12   197.31     0.16
2059    1   112.44    -0.78
2059    2   113.35     0.51
2059    3    94.04     3.32
2059    4    80.98     9.08
2059    5    68.17    13.95
2059    6    20.75    23.30
2059    7    19.71    29.13
2059    8    41.68    23.45
2059    9    30.31    15.94
2059   10    37.92     9.35
2059   11   109.32     4.08
2059   12    99.09     1.33
2060    1   118.46     2.42
2060    2   122.85     1.69
2060    3    85.41     3.71
2060    4   134.31     8.75
2060    5    71.78    16.30
2060    6    22.94    20.41
2060    7    22.26    24.11
2060    8     0.16    24.10
2060    9    55.76    17.93
2060   10    22.94     9.62
2060   11   114.54     0.32
2060   12    23.47     0.33
2061    1    72.12     0.82
2061    2    53.70     3.25
2061    3    49.62     8.36
2061    4   167.64     8.31
2061    5   152.85    15.95
2061    6    98.74    19.48
2061    7    21.98    25.07
2061    8     3.43    26.47
2061    9    47.84    13.95
2061   10     7.62     5.02
2061   11   149.04     3.85
2061   12    71.20     0.29
2062    1   122.36     0.90
2062    2    63.14     1.59
2062    3   126.84     4.13
2062    4   141.77     5.36
2062    5   129.87    14.28
2062    6   204.42    17.88
2062    7    13.11    21.65
2062    8     7.04    21.92
2062    9    35.90    12.57
2062   10    75.49    10.07
2062   11    66.44     4.72
2062   12   186.38     2.20
2063    1   201.21    -2.40
2063    2    60.22    -1.71
2063    3    71.73     4.97
2063    4   136.69     8.34
2063    5   133.20    13.09
2063    6   109.88    19.95
2063    7     8.15    28.13
2063    8    15.23    24.69
2063    9    32.13    15.36
2063   10    74.43    11.84
2063   11    78.88     5.82
2063   12    93.70     2.14
2064    1   119.57     1.63
2064    2    72.87     3.07
2064    3   102.80     5.56
2064    4   136.08     8.75
2064    5    61.52    16.45
2064    6    79.30    17.56
2064    7     2.42    29.11
2064    8     7.28    26.76
2064    9    11.15    17.97
2064   10    59.11    10.49
2064   11    99.39     4.65
2064   12   159.93    -0.77
2065    1    84.98    -2.11
2065    2    55.53     0.45
2065    3   115.23     4.02
2065    4   138.22     7.49
2065    5   109.07    16.87
2065    6   104.01    19.41
2065    7     4.49    27.26
2065    8    50.97    22.45
2065    9    11.20    20.33
2065   10    64.75    11.44
2065   11    58.98     3.93
2065   12    75.97     0.84
2066    1   128.53    -0.43
2066    2   131.19     2.80
2066    3   147.60     1.63
2066    4   129.55     8.92
2066    5   154.87    13.56
2066    6   239.66    19.47
2066    7    46.20    25.29
2066    8     0.11    25.37
2066    9    53.34    13.66
2066   10    14.36     9.86
2066   11   147.13     2.26
2066   12   151.41    -0.97
2067    1    73.52    -4.44
2067    2    67.40     2.05
2067    3   117.69     5.41
2067    4   117.95     7.78
2067    5   272.31    10.58
2067    6    96.88    16.74
2067    7    18.22    25.01
2067    8    20.19    24.22
2067    9    30.87    19.05
2067   10    50.93    10.17
2067   11   103.68     4.13
2067   12    82.28    -0.08
2068    1   119.13    -3.45
2068    2   111.99     1.56
2068    3   101.36     2.79
2068    4   227.63     7.87
2068    5   103.43    13.93
2068    6    33.90    23.19
2068    7    19.66    27.93
2068    8    47.75    23.37
2068    9     4.07    16.33
2068   10    43.17    11.91
2068   11    47.32     6.15
2068   12   115.81    -1.17
2069    1   110.56    -2.35
2069    2   158.86     0.86
2069    3   117.06     4.58
2069    4    80.00     6.96
2069    5   150.49    16.99
2069    6   186.10    18.86
2069    7    25.35    24.37
2069    8    10.66    24.46
2069    9    38.42    15.85
2069   10    42.64    12.66
2069   11    90.49     3.40
2069   12   161.47    -3.91
2070    1    81.90    -1.79
2070    2   107.43     1.24
2070    3   145.05     5.86
2070    4    66.20    11.17
2070    5    64.94    14.43
2070    6    23.60    23.51
2070    7     7.28    27.97
2070    8    18.36    24.41
2070    9    56.88    16.66
2070   10    55.26     8.17
2070   11   108.20     0.35
2070   12   111.62    -0.97
2071    1   118.36    -2.21
2071    2    54.22     3.22
2071    3    95.87     1.79
2071    4   253.55     8.01
2071    5   177.37    10.40
2071    6    38.37    17.83
2071    7     2.08    25.91
2071    8    10.70    22.13
2071    9    13.25    18.26
2071   10   129.01    11.63
2071   11    64.95     1.17
2071   12    73.71    -0.96
2072    1    81.61    -0.43
2072    2   112.71     2.59
2072    3    87.44     5.86
2072    4   143.96     7.73
2072    5   176.98    15.34
2072    6    75.99    21.50
2072    7    10.90    26.56
2072    8    88.26    22.58
2072    9    12.36    15.24
2072   10    12.78     9.23
2072   11    28.63     6.85
2072   12    68.03    -3.00
2073    1    57.38    -4.19
2073    2    97.60     1.31
2073    3   164.75     3.87
2073    4    81.12     7.72
2073    5   121.59    13.46
2073    6   117.25    17.73
2073    7    37.44    20.24
2073    8     9.50    23.98
2073    9     1.92    18.71
2073   10   100.40    10.79
2073   11   189.18     3.90
2073   12   111.52    -0.10
2074    1    93.89    -0.35
2074    2    85.72    -1.22
2074    3   105.84     3.45
2074    4   143.03     7.56
2074    5    58.20    12.90
2074    6   119.16    21.65
2074    7    36.43    24.97
2074    8     0.35    27.90
2074    9    16.37    15.14
2074   10    74.77    13.18
2074   11    94.78     4.41
2074   12   139.80    -1.23
2075    1    61.19    -5.22
2075    2    58.61    -0.24
2075    3    65.33     6.69
2075    4   120.56    10.23
2075    5   265.23    11.56
2075    6    77.48    16.80
2075    7    24.96    24.12
2075    8    77.66    21.76
2075    9    72.22    12.01
2075   10    60.08     6.87
2075   11    66.58     3.92
2075   12    78.57    -0.94
2076    1    61.47    -0.12
2076    2   104.28     0.56
2076    3   127.80     2.59
2076    4   177.43     5.40
2076    5    93.94    12.89
2076    6    58.56    18.49
2076    7     1.84    27.58
2076    8    10.51    22.64
2076    9    32.13    17.29
2076   10    36.09    10.38
2076   11    70.21     1.95
2076   12   108.29     1.26
2077    1   105.65    -0.30
2077    2    58.88     3.34
2077    3   102.27     4.22
2077    4   157.01     8.35
2077    5   240.13    13.44
2077    6   302.40    19.90
2077    7    56.61    24.41
2077    8    16.82    27.05
2077    9    67.84    16.72
2077   10    39.32    12.16
2077   11   111.23     6.30
2077   12   153.43     1.37
2078    1    98.66    -0.06
2078    2   111.61     1.11
2078    3   198.71     3.89
2078    4    68.49    10.38
2078    5    83.73    15.67
2078    6    42.10    23.35
2078    7     0.40    27.90
2078    8     1.07    23.30
2078    9    33.43    16.76
2078   10    71.69    12.05
2078   11   221.11     3.93
2078   12    93.60     1.81
2079    1   132.96    -0.30
2079    2   112.61     2.16
2079    3    80.31     4.01
2079    4   112.77     8.44
2079    5   163.16    11.63
2079    6   109.46    18.47
2079    7    25.88    24.40
2079    8     0.44    25.37
2079    9    18.47    18.70
2079   10    54.30    11.90
2079   11    76.13     5.11
2079   12   176.55    -1.08
2080    1    71.45    -1.50
2080    2    95.04    -0.50
2080    3   147.41     3.67
2080    4   102.14     5.80
2080    5   136.33    13.57
2080    6    39.54    22.08
2080    7     2.37    28.16
2080    8    24.05    21.81
2080    9    17.44    16.43
2080   10    44.66     7.71
2080   11    72.73     1.39
2080   12   129.73    -3.78
2081    1    68.60    -3.68
2081    2    90.16    -1.20
2081    3    86.86     3.00
2081    4   144.05    11.39
2081    5   201.65    12.45
2081    6   150.86    18.91
2081    7    14.36    24.12
2081    8     3.57    25.82
2081    9    16.88    19.09
2081   10    46.69     9.84
2081   11    81.96     5.21
2081   12   192.88    -0.84
2082    1   118.75    -1.74
2082    2   136.62    -0.84
2082    3   109.40     1.58
2082    4    64.48    10.73
2082    5   165.76    12.60
2082    6    95.11    19.91
2082    7    44.66    26.81
2082    8    17.93    25.60
2082    9    17.54    19.06
2082   10    81.46    11.52
2082   11   122.05     3.71
2082   12   172.50    -0.05
2083    1   134.50    -3.73
2083    2   125.09    -0.71
2083    3   144.86     3.82
2083    4   149.04     6.33
2083    5   166.34    14.67
2083    6    33.01    21.51
2083    7    32.38    26.43
2083    8     3.67    21.91
2083    9    14.69    17.45
2083   10    62.87     9.16
2083   11    49.94     5.90
2083   12   166.39     0.99
2084    1   130.65    -0.70
2084    2    84.05     2.38
2084    3   129.78     4.58
2084    4    65.04    13.18
2084    5   188.26    14.69
2084    6    82.38    19.71
2084    7    15.33    26.56
2084    8     8.73    23.33
2084    9     6.12    18.50
2084   10    51.84     8.28
2084   11    91.70     4.26
2084   12   140.47    -1.26
2085    1    33.97    -1.52
2085    2    84.98     0.39
2085    3   164.70     2.84
2085    4   116.04     7.16
2085    5    27.85    15.96
2085    6     0.80    27.01
2085    7     5.89    27.25
2085    8     8.30    21.78
2085    9    30.22    18.12
2085   10    12.53    12.87
2085   11    71.98     5.32
2085   12   119.57    -0.29
2086    1    88.79     0.19
2086    2   122.09     1.62
2086    3    81.56     2.74
2086    4   129.32     7.47
2086    5   138.59    12.98
2086    6    68.30    20.00
2086    7    12.15    25.97
2086    8     2.52    27.03
2086    9    12.36    18.51
2086   10    63.40    11.26
2086   11    84.34     2.66
2086   12    21.01     2.72
2087    1    84.02     1.61
2087    2    90.03     2.08
2087    3   170.29     2.37
2087    4   185.03     6.29
2087    5   154.97    12.89
2087    6   100.70    18.60
2087    7    18.60    25.40
2087    8     0.49    24.81
2087    9    10.78    18.89
2087   10    61.43     7.51
2087   11    85.64     4.06
2087   12   101.41    -0.44
2088    1   103.09    -3.56
2088    2   116.99    -1.75
2088    3    68.46     5.82
2088    4   129.46    10.56
2088    5   107.81    14.04
2088    6   124.80    17.71
2088    7    14.36    26.31
2088    8     4.88    23.83
2088    9    16.42    17.64
2088   10    26.41    11.28
2088   11   179.57     1.06
2088   12    93.84     1.43
2089    1    97.26    -3.16
2089    2    56.18     2.57
2089    3   107.24     4.22
2089    4   242.36     8.15
2089    5   127.80    11.22
2089    6    29.84    21.40
2089    7    22.84    25.84
2089    8     1.12    24.08
2089    9    37.82    17.31
2089   10    56.56     9.90
2089   11    75.85     6.08
2089   12   122.17     1.80
2090    1   100.06     1.34
2090    2    71.67    -0.16
2090    3   126.98     4.14
2090    4   126.34    10.12
2090    5   127.66    13.11
2090    6    90.82    19.05
2090    7    52.32    25.16
2090    8    11.62    21.99
2090    9    34.18    18.12
2090   10    40.18    11.34
2090   11    64.43     0.52
2090   12   136.91     0.31
2091    1    94.52    -1.60
2091    2    64.14     1.43
2091    3    79.01     5.27
2091    4   153.00    10.03
2091    5   216.34    13.87
2091    6    58.05    20.04
2091    7    12.68    28.62
2091    8     2.32    24.17
2091    9    20.75    18.63
2091   10    24.34    12.28
2091   11   186.05     4.76
2091   12   151.41     1.07
2092    1   125.35     0.54
2092    2   106.13     1.68
2092    3   144.23     6.15
2092    4   156.54     9.65
2092    5   134.26    11.01
2092    6    70.63    18.46
2092    7    19.95    27.37
2092    8     8.10    26.06
2092    9    20.19    19.09
2092   10    53.33     9.52
2092   11   118.41     4.31
2092   12    39.51    -0.65
2093    1   122.94     1.62
2093    2    83.94     2.77
2093    3   161.57     3.79
2093    4   148.25     6.80
2093    5   151.31    12.84
2093    6    18.56    21.89
2093    7     7.81    26.71
2093    8     7.86    23.44
2093    9    33.81    15.66
2093   10    45.43     9.20
2093   11   126.66     3.31
2093   12   105.55     0.20
2094    1    40.52    -0.13
2094    2   100.08     1.43
2094    3   113.93     6.53
2094    4   134.78     8.80
2094    5   185.94    13.77
2094    6    45.74    15.62
2094    7     7.28    26.26
2094    8    27.03    24.95
2094    9    70.12    15.58
2094   10    41.29     4.96
2094   11    46.86    -0.89
2094   12   115.57     1.92
2095    1    78.62     1.80
2095    2    77.58    -0.88
2095    3    91.00     5.79
2095    4   163.54     7.77
2095    5    71.25    15.08
2095    6    64.81    21.94
2095    7     8.68    25.23
2095    8    12.73    26.37
2095    9    33.57    17.38
2095   10    75.88    10.55
2095   11   130.25     4.92
2095   12   129.44    -2.63
2096    1    71.49    -0.89
2096    2   135.24     0.30
2096    3   123.18     2.86
2096    4    93.05     7.56
2096    5   169.08    15.47
2096    6    98.37    17.53
2096    7    38.21    26.23
2096    8    13.02    26.12
2096    9    21.22    19.17
2096   10    78.04     8.23
2096   11    61.96     2.08
2096   12   182.96    -0.04
2097    1   190.52     0.43
2097    2    98.73     0.92
2097    3   154.68     3.25
2097    4   144.01     6.32
2097    5    42.21    13.22
2097    6    40.71    21.51
2097    7     2.71    23.48
2097    8    17.11    23.14
2097    9    58.51    15.80
2097   10    32.19    11.66
2097   11    59.72     3.39
2097   12    49.48     0.75
2098    1    82.96    -1.35
2098    2   121.48    -0.65
2098    3   106.32     4.10
2098    4    98.88     9.11
2098    5   191.24    13.43
2098    6   123.49    19.12
2098    7    14.51    24.55
2098    8    50.44    23.78
2098    9    27.51    18.40
2098   10    78.04    10.28
2098   11   133.05     5.73
2098   12   133.92    -3.26
2099    1   104.87     0.89
2099    2    68.36     4.61
2099    3   119.90     5.25
2099    4   155.52     4.18
2099    5   126.07    11.70
2099    6    75.20    17.73
2099    7     6.75    26.89
2099    8    33.92    24.99
2099    9    27.37    17.15
2099   10    42.40    13.15
2099   11   109.98     2.76
2099   12   183.20    -1.36
2100    1    98.18    -1.68
2100    2    78.93     3.30
2100    3    95.00     5.31
2100    4   119.21     8.73
2100    5   163.55    11.99
2100    6    75.62    19.67
2100    7    40.18    24.01
2100    8     3.86    24.92
2100    9    27.33    16.61
2100   10    44.52     7.44
2100   11   110.07     4.79
2100   12   140.91    -0.05
