2006    1    82.19     1.00
2006    2    90.98     2.54
2006    3    85.46     3.95
2006    4    97.76    12.65
2006    5   130.40    14.84
2006    6    55.58    22.99
2006    7     2.95    30.37
2006    8     9.79    24.26
2006    9    15.86    20.37
2006   10    43.56    10.33
2006   11    22.11     2.92
2006   12    93.70     4.86
2007    1   105.89     4.07
2007    2   117.13    -0.02
2007    3    60.70     5.42
2007    4    38.61    10.15
2007    5   112.82    16.28
2007    6    21.45    19.64
2007    7     7.91    27.88
2007    8     3.77    27.72
2007    9    48.54    16.97
2007   10    37.44    12.29
2007   11    95.80     3.91
2007   12    22.94     2.25
2008    1    85.17     3.22
2008    2    69.31     1.98
2008    3   122.17     6.07
2008    4   115.48     9.82
2008    5   123.32    14.05
2008    6    10.73    21.39
2008    7     0.44    29.48
2008    8    16.44    26.64
2008    9    21.36    17.81
2008   10    69.47    12.45
2008   11    69.00     4.10
2008   12   120.48     2.63
2009    1    82.43     2.81
2009    2   108.47    -2.36
2009    3    80.79     8.07
2009    4    86.85    10.66
2009    5    56.37    17.63
2009    6     8.31    24.97
2009    7    11.52    27.29
2009    8     8.63    26.22
2009    9     4.21    19.33
2009   10    77.47    11.81
2009   11   102.33     6.56
2009   12   100.25     0.03
2010    1    66.97     1.78
2010    2    71.67     4.03
2010    3    85.90     4.66
2010    4    95.53    11.07
2010    5    17.16    20.13
2010    6    10.03    24.61
2010    7     1.65    28.33
2010    8    38.31    23.44
2010    9    79.54    16.49
2010   10    64.51    11.24
2010   11    61.17     4.94
2010   12    33.34     4.92
2011    1   108.44     2.33
2011    2    78.19     2.54
2011    3    74.24     6.95
2011    4   111.47     7.49
2011    5   209.98    13.04
2011    6    79.35    18.08
2011    7    15.38    24.72
2011    8    16.00    26.79
2011    9    35.86    14.89
2011   10    49.62    11.02
2011   11    68.95     7.88
2011   12   130.02     0.30
2012    1    90.18     2.77
2012    2    67.51     0.38
2012    3   104.54     8.25
2012    4    77.58     8.46
2012    5    21.11    20.50
2012    6     7.61    21.68
2012    7     4.73    27.65
2012    8    36.57    26.34
2012    9    31.66    17.88
2012   10    31.42    11.79
2012   11   121.30     5.17
2012   12   141.39    -1.67
2013    1   120.87    -0.57
2013    2    68.19     5.74
2013    3   139.75     3.65
2013    4    59.54     8.39
2013    5   145.67    14.68
2013    6    19.45    19.90
2013    7    11.14    24.85
2013    8     9.74    26.31
2013    9     5.37    17.36
2013   10    11.52    10.94
2013   11    36.23     5.02
2013   12    77.90     1.64
2014    1    52.37     2.18
2014    2    61.83     3.63
2014    3   106.32     6.01
2014    4   126.71    10.08
2014    5    49.05    17.64
2014    6    14.51    23.40
2014    7    24.34    29.26
2014    8     1.12    26.54
2014    9     8.26    20.91
2014   10    43.41    12.29
2014   11    45.13     4.32
2014   12   159.11     2.56
2015    1    71.30     0.66
2015    2    43.82     3.23
2015    3    40.04    10.27
2015    4    77.72    10.26
2015    5   146.25    15.08
2015    6    10.13    23.40
2015    7    11.62    27.48
2015    8     5.60    27.52
2015    9    28.21    20.27
2015   10    28.48    11.32
2015   11   111.56     6.96
2015   12    47.17     4.41
2016    1    92.45     0.96
2016    2    95.00     6.50
2016    3    25.97     8.40
2016    4    87.46    10.66
2016    5    68.41    17.05
2016    6    30.22    22.06
2016    7     2.85    28.49
2016    8     6.85    27.94
2016    9    11.43    20.50
2016   10    21.11    10.73
2016   11    43.60     8.21
2016   12   123.71     2.86
2017    1   125.15    -0.59
2017    2   135.62     5.17
2017    3    84.35     7.48
2017    4   111.70    10.08
2017    5   124.87    14.37
2017    6    58.47    20.67
2017    7    23.47    23.28
2017    8     7.24    25.84
2017    9     4.95    18.98
2017   10    31.08    15.86
2017   11    80.70     7.78
2017   12   101.36     1.11
2018    1    84.55     4.39
2018    2    90.42     2.46
2018    3    50.64     6.24
2018    4    83.50    11.99
2018    5    98.56    17.24
2018    6    23.74    24.20
2018    7     0.25    28.70
2018    8     0.68    29.45
2018    9    20.75    13.58
2018   10    28.24     8.13
2018   11    30.12     5.45
2018   12    51.60     1.79
2019    1   137.15     1.46
2019    2    94.42     5.76
2019    3    69.71     7.02
2019    4    42.34    14.02
2019    5    56.66    15.53
2019    6    68.35    22.21
2019    7     3.77    28.70
2019    8     5.12    26.17
2019    9    15.44    15.74
2019   10    38.83     9.44
2019   11    92.87     6.14
2019   12    86.43     2.55
2020    1   133.87     5.02
2020    2   135.92     0.74
2020    3    75.35     7.78
2020    4    74.13     9.98
2020    5    94.04    15.21
2020    6    32.92    21.73
2020    7    20.19    25.82
2020    8     9.79    27.74
2020    9     1.60    15.90
2020   10    12.15    10.21
2020   11    52.69     7.25
2020   12   163.50     0.42
2021    1    88.64     3.01
2021    2    68.14     3.78
2021    3    34.40     6.39
2021    4    76.55    14.61
2021    5   169.37    15.99
2021    6    83.31    22.46
2021    7    37.10    29.93
2021    8    14.36    28.53
2021    9     8.12    20.08
2021   10    76.89    10.04
2021   11    18.94     8.61
2021   12   106.99     4.13
2022    1    53.82     2.08
2022    2   112.22    -0.33
2022    3    94.76     6.67
2022    4    87.09     9.05
2022    5    39.85    18.23
2022    6   145.17    23.63
2022    7    40.81    25.94
2022    8     2.42    26.86
2022    9     7.05    18.03
2022   10    68.17    10.41
2022   11    69.84     7.37
2022   12   169.86     6.70
2023    1   205.60     1.43
2023    2    51.44     3.00
2023    3    90.38     7.32
2023    4    92.12    10.86
2023    5    84.64    14.94
2023    6    51.61    21.61
2023    7     0.01    27.89
2023    8    14.94    25.35
2023    9    28.91    19.44
2023   10    82.81    12.35
2023   11    95.20     4.55
2023   12    92.54     5.80
2024    1    54.06     2.61
2024    2    50.43     4.20
2024    3    97.84     3.45
2024    4   106.76    10.43
2024    5    58.54    17.26
2024    6    43.08    22.55
2024    7     3.29    29.51
2024    8     5.12    26.73
2024    9    14.79    19.02
2024   10    42.88    12.99
2024   11   152.91     8.16
2024   12   116.10     3.29
2025    1    69.09     4.51
2025    2    73.58     1.83
2025    3    93.41     6.70
2025    4   132.68     9.42
2025    5   157.96    17.17
2025    6    67.18    23.07
2025    7     5.12    28.25
2025    8     5.69    24.25
2025    9    10.73    16.47
2025   10    21.25    11.23
2025   11   107.78     6.55
2025   12    89.17     5.38
2026    1   117.74     2.93
2026    2   101.90     1.80
2026    3    85.13     7.23
2026    4    69.23    10.95
2026    5   113.69    17.41
2026    6     7.93    27.18
2026    7     0.54    30.42
2026    8     6.13    30.06
2026    9    13.58    19.68
2026   10    64.99    10.58
2026   11   143.21     8.38
2026   12    82.24     3.80
2027    1   109.98     2.13
2027    2    58.40     3.76
2027    3    62.77     8.81
2027    4    72.40     8.60
2027    5   111.19    16.38
2027    6    69.23    22.04
2027    7     9.79    27.62
2027    8     3.43    23.58
2027    9     9.43    19.55
2027   10   128.53    10.40
2027   11    68.26     6.78
2027   12   152.13     3.78
2028    1   108.49    -0.62
2028    2    53.68     6.76
2028    3   134.79     8.24
2028    4    79.35    10.73
2028    5   144.90    14.96
2028    6    43.74    22.89
2028    7    16.48    27.66
2028    8     1.12    28.80
2028    9     0.94    23.36
2028   10    28.48    16.11
2028   11   100.33     6.97
2028   12    52.13     3.64
2029    1   174.09     0.63
2029    2    96.42    -1.27
2029    3    90.47     6.55
2029    4   104.99     9.97
2029    5   118.22    14.52
2029    6    30.36    24.15
2029    7     2.95    28.27
2029    8    30.74    25.67
2029    9     6.63    15.86
2029   10    43.84    10.90
2029   11   175.33     3.03
2029   12   121.83     1.11
2030    1   116.72     2.53
2030    2    83.81     5.26
2030    3   110.08     5.07
2030    4    86.76    10.88
2030    5    93.12    18.59
2030    6    20.10    24.16
2030    7    32.62    28.68
2030    8     0.88    25.95
2030    9    15.72    20.93
2030   10    48.90    10.61
2030   11   112.49     3.86
2030   12    99.53     3.40
2031    1   150.59     5.36
2031    2    50.17     2.65
2031    3   111.28     3.95
2031    4   101.82    10.80
2031    5    83.20    18.70
2031    6    40.66    24.33
2031    7    11.91    28.97
2031    8     1.41    26.30
2031    9    17.12    21.73
2031   10    63.88    14.50
2031   11    36.84     6.70
2031   12   125.01     0.58
2032    1   100.78     1.65
2032    2    58.32     3.73
2032    3    81.95     4.09
2032    4   133.38    10.79
2032    5   124.38    15.55
2032    6    26.21    23.43
2032    7     0.06    29.65
2032    8     2.80    27.29
2032    9    13.99    16.93
2032   10    78.86    13.44
2032   11    73.76     4.38
2032   12   134.69     2.05
2033    1   146.11    -0.66
2033    2    76.15     4.67
2033    3   115.52     5.79
2033    4    58.14     9.72
2033    5   117.69    15.22
2033    6   128.86    24.20
2033    7    14.85    30.94
2033    8     2.61    25.78
2033    9    15.91    19.96
2033   10    60.80    10.41
2033   11    42.01     4.71
2033   12    97.26     4.93
2034    1   154.63     3.89
2034    2    99.34     4.63
2034    3   149.58     6.78
2034    4    92.45    11.04
2034    5    65.14    18.43
2034    6    17.77    23.63
2034    7     5.21    31.80
2034    8    30.31    30.53
2034    9    17.35    18.80
2034   10    76.84    12.22
2034   11    63.27     4.29
2034   12    60.41     3.33
2035    1   132.23     2.52
2035    2   118.79     5.35
2035    3    90.42     7.38
2035    4   117.71     9.23
2035    5   118.03    19.31
2035    6     7.24    26.10
2035    7     0.11    29.42
2035    8     4.15    28.52
2035    9    15.11    17.57
2035   10    37.15    13.74
2035   11    70.54     7.26
2035   12   121.59    -0.12
2036    1   106.13    -0.00
2036    2    95.68     1.46
2036    3    64.17     8.44
2036    4    86.62    11.93
2036    5    63.98    19.36
2036    6    36.37    25.11
2036    7     8.68    26.95
2036    8     0.35    26.25
2036    9    28.87    16.57
2036   10    34.60     9.66
2036   11   108.90     3.69
2036   12    66.87     4.23
2037    1    75.35     1.45
2037    2    65.10     4.78
2037    3    90.04     6.30
2037    4   103.36    12.40
2037    5   117.64    18.79
2037    6    34.18    25.23
2037    7    28.43    26.73
2037    8    15.42    23.65
2037    9     5.00    17.70
2037   10    68.46    13.38
2037   11   243.48     5.31
2037   12   132.91     3.17
2038    1   119.37     2.82
2038    2   150.76     1.29
2038    3    88.93     4.09
2038    4   136.13     9.15
2038    5   100.88    12.33
2038    6    73.62    20.88
2038    7     1.26    27.74
2038    8     0.06    26.38
2038    9     9.01    16.92
2038   10    32.04     9.93
2038   11   121.54     5.67
2038   12   151.36     0.79
2039    1   120.10    -1.62
2039    2    73.58     0.13
2039    3   115.81     4.18
2039    4   105.08     7.85
2039    5   106.75    14.72
2039    6    12.60    24.26
2039    7     9.31    28.51
2039    8     8.68    27.08
2039    9    32.08    22.45
2039   10    13.45    12.64
2039   11    60.75     7.88
2039   12   111.52     4.02
2040    1   142.54    -1.15
2040    2    78.91    -2.49
2040    3    92.01     6.81
2040    4    32.87    14.29
2040    5    42.64    17.59
2040    6    48.72    26.14
2040    7    61.04    27.32
2040    8     1.79    28.85
2040    9     9.75    17.01
2040   10    49.24    10.69
2040   11   104.34     8.81
2040   12   161.91     0.64
2041    1    85.41    -0.07
2041    2   149.63     0.44
2041    3    79.92     5.50
2041    4   116.32    11.25
2041    5   136.23    15.74
2041    6    50.91    23.24
2041    7     1.17    31.31
2041    8    29.88    23.72
2041    9    35.39    18.48
2041   10    87.82    12.94
2041   11   102.19     7.96
2041   12   163.35     3.90
2042    1   147.84     2.23
2042    2    53.52     7.34
2042    3    50.25     9.85
2042    4   116.36    11.05
2042    5    76.84    16.00
2042    6    39.07    24.85
2042    7     2.03    28.10
2042    8    10.56    25.27
2042    9    11.15    18.08
2042   10    25.93    10.84
2042   11    36.23     6.45
2042   12   106.61     2.82
2043    1   109.45     3.78
2043    2   125.88     4.70
2043    3   149.05     6.50
2043    4   110.68    11.35
2043    5   211.67    15.34
2043    6    88.53    20.49
2043    7    34.79    27.18
2043    8    37.15    28.02
2043    9    18.70    17.39
2043   10    31.61    11.87
2043   11    43.08     7.96
2043   12   190.33     3.74
2044    1   161.91     1.38
2044    2    84.09     1.32
2044    3    75.06     7.02
2044    4    46.86    10.69
2044    5   119.04    14.73
2044    6    13.34    21.15
2044    7     2.95    29.17
2044    8     4.30    25.86
2044    9     0.52    19.91
2044   10    65.04    13.91
2044   11    37.63     4.86
2044   12   151.74     1.04
2045    1    91.05     1.33
2045    2   101.08     4.93
2045    3    40.91     5.83
2045    4    58.79     9.44
2045    5    83.20    18.04
2045    6    71.01    24.48
2045    7     1.65    30.19
2045    8     4.20    28.56
2045    9    23.69    24.85
2045   10    20.53    13.79
2045   11    45.13     7.43
2045   12   209.59     3.94
2046    1   129.68     1.12
2046    2   131.62     0.42
2046    3    60.51     9.77
2046    4    40.57    12.31
2046    5   185.94    16.94
2046    6    30.64    22.80
2046    7    11.96    29.49
2046    8    21.78    26.35
2046    9    12.64    18.74
2046   10    42.59    10.05
2046   11    96.60     3.39
2046   12    33.83     2.43
2047    1    82.57     3.44
2047    2    64.62     4.87
2047    3    64.51     5.16
2047    4    68.35    12.75
2047    5   148.71    16.69
2047    6    93.94    23.93
2047    7    19.62    26.31
2047    8     1.12    26.63
2047    9    13.90    19.55
2047   10    32.77     6.94
2047   11    93.15     5.10
2047   12    89.51     5.56
2048    1   105.02     3.52
2048    2    93.42     2.47
2048    3    84.98     8.41
2048    4   114.82    12.51
2048    5   139.89    16.26
2048    6    56.60    25.02
2048    7     2.42    27.27
2048    8     2.95    27.06
2048    9    93.66    17.24
2048   10    87.82     4.94
2048   11   127.74     8.37
2048   12   171.16     2.11
2049    1   102.95     0.05
2049    2    87.94     2.55
2049    3    76.79     6.26
2049    4    85.22     8.82
2049    5   139.07    15.76
2049    6    17.30    24.07
2049    7    20.39    29.53
2049    8    14.61    28.79
2049    9    26.77    18.08
2049   10   103.09    13.26
2049   11    48.21     5.75
2049   12    91.29     2.51
2050    1   105.79     2.00
2050    2    94.42     2.26
2050    3   103.33     6.64
2050    4   125.69     6.98
2050    5    64.61    16.86
2050    6    13.53    25.42
2050    7     5.36    28.30
2050    8     5.89    25.97
2050    9    21.13    18.48
2050   10    42.01    10.73
2050   11   110.30     5.04
2050   12   135.08     3.03
2051    1    86.96     0.45
2051    2    67.88     1.94
2051    3    38.79     9.10
2051    4    44.62    11.13
2051    5    33.78    22.51
2051    6    61.78    26.21
2051    7    18.07    27.70
2051    8     0.06    28.64
2051    9    12.36    20.13
2051   10    60.17    10.88
2051   11    46.86     7.71
2051   12   119.33    -1.23
2052    1    67.88     2.19
2052    2    97.66     5.12
2052    3    81.61     6.48
2052    4    83.92    13.01
2052    5   196.30    18.28
2052    6    25.23    23.57
2052    7     9.55    28.92
2052    8    10.03    26.85
2052    9    13.48    17.75
2052   10    22.75    12.24
2052   11    16.56     5.41
2052   12   169.81     2.42
2053    1    85.51     0.77
2053    2    59.70     3.29
2053    3    80.89     6.27
2053    4   110.72    13.03
2053    5   109.35    18.54
2053    6    62.80    22.57
2053    7     3.82    28.11
2053    8     3.19    28.64
2053    9     7.93    18.16
2053   10   115.57     8.32
2053   11    39.96     8.90
2053   12    92.98     4.43
2054    1    88.06     4.20
2054    2    87.07     4.54
2054    3    95.77     3.99
2054    4    74.32    10.57
2054    5    35.80    21.20
2054    6   118.23    23.07
2054    7    45.72    26.66
2054    8     3.09    28.75
2054    9    13.85    19.59
2054   10    97.60    14.56
2054   11    64.67     5.81
2054   12   117.59    -0.24
2055    1   103.43    -0.04
2055    2   128.23     5.40
2055    3   118.27     6.19
2055    4    59.72    12.37
2055    5    81.51    18.16
2055    6   130.81    21.60
2055    7     0.06    30.53
2055    8     1.94    27.81
2055    9    34.37    19.97
2055   10    23.71    12.61
2055   11    30.78     4.41
2055   12   121.25     1.46
2056    1   127.66     4.61
2056    2    81.35     3.51
2056    3    48.71     7.03
2056    4    87.32    12.61
2056    5    84.21    18.43
2056    6     1.73    28.69
2056    7    15.52    27.08
2056    8     0.88    25.38
2056    9    10.55    18.66
2056   10    25.97    11.98
2056   11    77.44     9.83
2056   12   120.77     2.89
2057    1   159.26    -1.24
2057    2    73.02     5.31
2057    3   109.11     7.48
2057    4   105.59     9.26
2057    5    68.89    16.65
2057    6     2.57    25.72
2057    7     8.15    33.67
2057    8     2.27    30.58
2057    9     9.66    22.49
2057   10    22.12    13.74
2057   11   185.77     3.50
2057   12    93.70     5.53
2058    1   147.79     3.65
2058    2    76.06     5.91
2058    3    92.83     6.16
2058    4    44.95    11.95
2058    5    11.19    17.83
2058    6    29.00    26.43
2058    7    10.99    30.44
2058    8    46.45    23.57
2058    9     0.20    18.60
2058   10    45.00    15.63
2058   11    79.26     5.73
2058   12   227.03     2.55
2059    1    81.61     2.76
2059    2    75.80     3.88
2059    3   101.70     5.13
2059    4    55.86    10.93
2059    5    85.03    16.45
2059    6    15.21    26.20
2059    7    20.29    32.56
2059    8    28.24    26.69
2059    9    23.32    17.74
2059   10    26.21    11.46
2059   11   102.19     7.56
2059   12    90.95     4.69
2060    1   105.21     6.16
2060    2   101.80     5.21
2060    3    92.78     5.28
2060    4    72.40    11.56
2060    5    33.25    20.05
2060    6    12.41    23.62
2060    7    12.78    26.89
2060    8     0.25    26.48
2060    9    60.84    21.12
2060   10    43.31    10.88
2060   11   142.37     2.18
2060   12    18.99     2.63
2061    1    62.10     3.74
2061    2    52.22     6.47
2061    3    41.24    10.94
2061    4   110.26    11.94
2061    5    75.25    20.65
2061    6    75.39    24.17
2061    7    28.43    29.07
2061    8     2.27    28.82
2061    9    50.12    16.08
2061   10    16.00     6.29
2061   11   102.66     6.12
2061   12    87.82     3.76
2062    1   105.21     3.63
2062    2    66.36     4.54
2062    3    87.68     6.86
2062    4   122.75     8.77
2062    5   130.07    17.44
2062    6   114.54    21.83
2062    7     2.37    25.36
2062    8    16.92    24.13
2062    9    80.70    13.78
2062   10    35.56    12.58
2062   11    53.15     7.35
2062   12   166.48     4.94
2063    1   216.63     0.39
2063    2    72.19     0.71
2063    3    89.12     7.43
2063    4   104.80    10.65
2063    5   101.89    16.79
2063    6    78.88    24.53
2063    7     9.02    30.52
2063    8    13.31    27.14
2063    9    39.49    17.31
2063   10    52.51    15.06
2063   11    70.96     9.13
2063   12    83.73     5.01
2064    1   109.26     4.97
2064    2    65.93     6.37
2064    3   103.86     8.71
2064    4   120.32    11.63
2064    5    20.72    19.92
2064    6    56.46    21.10
2064    7     0.88    31.69
2064    8     0.68    28.55
2064    9     8.73    19.82
2064   10    24.58    11.84
2064   11    79.49     6.63
2064   12   160.94     0.76
2065    1    84.55    -0.80
2065    2    35.56     3.69
2065    3    97.94     6.70
2065    4    79.58     9.56
2065    5    30.31    19.88
2065    6    60.19    23.82
2065    7     1.21    30.91
2065    8     9.21    27.31
2065    9     4.07    22.06
2065   10    37.63    14.11
2065   11    43.36     6.96
2065   12    63.45     3.31
2066    1   142.30     3.57
2066    2   116.00     5.89
2066    3   108.05     4.24
2066    4    97.90    11.56
2066    5   100.06    18.03
2066    6    71.10    25.06
2066    7    14.36    31.94
2066    8     0.25    27.49
2066    9    62.85    16.51
2066   10     1.94    10.87
2066   11   148.11     5.45
2066   12   125.15     1.76
2067    1    66.39     0.48
2067    2    51.04     5.00
2067    3    92.78     8.74
2067    4    79.91    10.73
2067    5   143.31    13.98
2067    6    88.02    20.18
2067    7    10.08    28.40
2067    8    10.08    27.90
2067    9    32.73    21.61
2067   10    20.58    12.90
2067   11   120.70     6.79
2067   12    59.60     2.63
2068    1   152.18    -1.05
2068    2    67.20     4.21
2068    3    75.20     6.09
2068    4   199.57    10.69
2068    5    70.77    16.98
2068    6    19.31    26.66
2068    7     3.09    31.44
2068    8    49.67    26.60
2068    9     6.82    18.41
2068   10    51.84    14.49
2068   11    35.48     9.07
2068   12   157.28     1.74
2069    1   108.58     0.67
2069    2   108.56     3.63
2069    3   117.30     6.83
2069    4    49.19     9.39
2069    5   112.05    19.92
2069    6    29.84    23.79
2069    7     5.07    29.07
2069    8     4.68    27.48
2069    9    31.29    17.95
2069   10    24.91    14.49
2069   11   108.25     7.32
2069   12   125.83    -0.83
2070    1   100.97     0.59
2070    2    77.50     3.61
2070    3   126.55     7.40
2070    4    28.07    13.31
2070    5    24.53    18.07
2070    6    12.55    27.76
2070    7     1.41    31.33
2070    8    21.16    27.90
2070    9    55.67    19.39
2070   10    36.43    10.28
2070   11   113.66     3.01
2070   12   136.62     1.34
2071    1   116.68     0.70
2071    2    29.99     6.32
2071    3    85.13     4.55
2071    4   195.05    10.88
2071    5    87.49    13.76
2071    6    22.67    21.76
2071    7     0.16    28.48
2071    8    13.06    24.78
2071    9    30.64    20.57
2071   10    77.71    12.94
2071   11    40.47     4.22
2071   12    86.81     2.64
2072    1    65.57     2.10
2072    2    63.14     5.31
2072    3    65.67     9.23
2072    4    74.73    11.37
2072    5   163.59    19.00
2072    6    13.62    25.88
2072    7     0.30    29.74
2072    8    47.75    26.09
2072    9    20.75    18.25
2072   10     7.28    10.55
2072   11    31.15    10.19
2072   12    94.18     0.18
2073    1    63.11    -0.75
2073    2    90.85     4.26
2073    3   162.24     6.37
2073    4    76.74    10.62
2073    5    90.28    16.16
2073    6    54.88    21.25
2073    7    20.63    23.05
2073    8     9.21    26.75
2073    9     0.24    20.50
2073   10    74.82    13.36
2073   11   157.06     6.44
2073   12    88.40     3.52
2074    1   128.48     0.78
2074    2    63.31     0.33
2074    3    73.81     5.47
2074    4   137.71    10.38
2074    5    24.48    15.93
2074    6    31.94    27.13
2074    7    16.92    28.51
2074    8     0.16    30.02
2074    9    23.41    17.31
2074   10    28.72    15.07
2074   11    80.05     6.88
2074   12   138.30     1.48
2075    1    55.26    -1.69
2075    2    49.65     2.29
2075    3    45.53     9.49
2075    4    54.78    13.09
2075    5   202.32    15.22
2075    6    34.32    21.23
2075    7    14.27    27.47
2075    8    24.14    25.83
2075    9    69.75    14.99
2075   10    44.28     8.71
2075   11    48.54     6.03
2075   12    46.30     1.62
2076    1    86.23     4.00
2076    2   111.76     3.77
2076    3    93.22     5.58
2076    4   107.37     8.44
2076    5    70.29    16.55
2076    6    30.87    22.50
2076    7    13.26    30.37
2076    8    12.58    25.41
2076    9     6.44    20.87
2076   10    40.57    12.55
2076   11    48.49     3.97
2076   12    86.38     4.87
2077    1    94.76     2.27
2077    2    61.92     6.58
2077    3    69.37     7.07
2077    4   113.52    11.55
2077    5   150.01    16.96
2077    6   101.68    25.25
2077    7    26.50    29.64
2077    8     3.57    30.96
2077    9    22.20    19.97
2077   10    30.60    14.96
2077   11   113.57     9.26
2077   12   115.81     3.95
2078    1   116.48     3.91
2078    2   121.79     3.93
2078    3   179.78     6.23
2078    4    41.73    13.08
2078    5    42.21    19.59
2078    6     4.72    27.56
2078    7     0.49    30.78
2078    8     7.52    26.40
2078    9    21.31    18.83
2078   10    64.03    14.32
2078   11   215.42     6.29
2078   12    67.50     5.05
2079    1   114.32     2.28
2079    2   103.51     4.84
2079    3    63.26     6.77
2079    4    68.39    11.69
2079    5   149.72    15.27
2079    6    77.35    21.17
2079    7     0.44    27.66
2079    8     0.11    28.21
2079    9     3.37    21.01
2079   10    71.16    15.35
2079   11    64.95     8.04
2079   12   113.50     2.49
2080    1    76.74     1.75
2080    2   130.96     2.42
2080    3   119.13     6.52
2080    4    69.75     8.68
2080    5    93.99    17.08
2080    6    29.98    26.22
2080    7     0.83    32.06
2080    8    29.83    24.08
2080    9    11.15    18.74
2080   10    44.90    10.93
2080   11    55.53     2.96
2080   12   123.28     0.61
2081    1    80.69     0.10
2081    2    60.18     1.39
2081    3   107.86     5.82
2081    4    17.44    14.42
2081    5   126.21    15.99
2081    6    96.18    24.32
2081    7    11.72    27.57
2081    8     3.14    27.67
2081    9    16.65    20.41
2081   10    40.23    11.46
2081   11    96.46     8.90
2081   12   177.42     0.69
2082    1   113.88    -0.47
2082    2    88.11     1.30
2082    3   110.37     3.61
2082    4    61.31    13.51
2082    5   102.13    16.16
2082    6    26.02    24.08
2082    7    26.65    31.61
2082    8     7.81    28.33
2082    9    11.34    21.10
2082   10    72.17    13.83
2082   11    83.45     6.21
2082   12   203.28     1.03
2083    1   116.97    -3.01
2083    2   117.83     0.89
2083    3    96.40     5.72
2083    4    93.99     8.94
2083    5    96.98    17.57
2083    6    22.57    25.27
2083    7    40.91    29.28
2083    8     2.37    24.64
2083    9    26.95    19.44
2083   10    57.52    11.25
2083   11    42.38     7.41
2083   12   146.69     3.59
2084    1   145.87     2.30
2084    2    85.27     5.54
2084    3    97.31     6.69
2084    4     6.12    15.10
2084    5    57.67    19.42
2084    6    15.25    25.29
2084    7     3.14    30.54
2084    8     6.13    26.87
2084    9     9.85    20.37
2084   10    38.40    10.10
2084   11   118.13     7.67
2084   12   112.05     0.67
2085    1    24.24     0.64
2085    2    77.67     3.47
2085    3   115.76     6.04
2085    4    93.61    10.16
2085    5    21.49    18.92
2085    6     0.15    30.14
2085    7     3.00    30.03
2085    8     0.97    24.06
2085    9    20.61    20.47
2085   10     6.71    14.19
2085   11    46.81     8.68
2085   12   128.04     3.56
2086    1    80.84     4.39
2086    2    94.03     3.76
2086    3    93.46     5.07
2086    4    76.88     9.66
2086    5    75.73    16.94
2086    6    29.28    24.97
2086    7     4.01    29.27
2086    8     0.44    30.34
2086    9    17.07    20.37
2086   10    46.06    14.00
2086   11    60.75     5.13
2086   12    22.89     4.50
2087    1    82.86     5.03
2087    2    64.57     5.38
2087    3   115.42     5.36
2087    4   142.09     9.47
2087    5   101.79    16.57
2087    6    66.02    22.29
2087    7     2.76    29.61
2087    8     0.83    27.22
2087    9    18.14    21.68
2087   10    62.87     8.76
2087   11    96.13     7.16
2087   12   114.51     3.98
2088    1   139.89     0.35
2088    2   137.18     1.65
2088    3    78.72     9.42
2088    4   139.16    13.15
2088    5    69.90    17.74
2088    6    66.58    22.11
2088    7     1.55    29.93
2088    8     2.61    26.63
2088    9    16.79    19.07
2088   10     4.20    12.52
2088   11   166.80     3.45
2088   12   128.19     4.86
2089    1   113.79     0.47
2089    2    55.00     6.37
2089    3    69.47     6.95
2089    4   112.96    11.24
2089    5   120.24    14.94
2089    6    18.80    25.11
2089    7    17.26    28.80
2089    8     1.21    26.78
2089    9    16.00    19.85
2089   10    35.46    11.09
2089   11    42.52     8.90
2089   12   161.28     5.13
2090    1    93.17     4.56
2090    2    49.56     1.67
2090    3    74.43     6.80
2090    4   131.56    12.99
2090    5    40.67    16.87
2090    6    31.71    24.34
2090    7     7.52    30.33
2090    8     1.89    25.74
2090    9    34.51    21.34
2090   10    39.27    13.84
2090   11    49.38     3.00
2090   12   124.29     3.49
2091    1    68.99     1.85
2091    2    64.71     3.88
2091    3    94.23     7.38
2091    4    67.70    12.36
2091    5   143.41    17.96
2091    6    32.97    24.29
2091    7     2.37    32.51
2091    8     1.07    26.75
2091    9    14.69    20.95
2091   10     3.14    13.83
2091   11   148.99     6.54
2091   12   123.56     2.79
2092    1   130.69     2.39
2092    2   104.87     2.00
2092    3   138.40     8.28
2092    4   137.34    13.23
2092    5   119.18    14.13
2092    6    37.30    21.96
2092    7    22.22    29.87
2092    8     1.74    28.88
2092    9    10.41    21.76
2092   10    42.21    11.57
2092   11   106.01     7.70
2092   12    36.72     1.52
2093    1   116.58     5.56
2093    2    62.18     6.24
2093    3   129.73     5.89
2093    4   103.78     9.52
2093    5   116.97    16.11
2093    6     9.61    24.99
2093    7     4.20    29.38
2093    8     1.07    25.37
2093    9    47.93    18.27
2093   10    72.65    12.17
2093   11   121.21     6.32
2093   12   102.71     3.08
2094    1    39.46     2.57
2094    2    77.63     3.88
2094    3    89.22     8.59
2094    4    98.97    12.22
2094    5   106.42    16.53
2094    6    53.43    19.55
2094    7     2.80    29.67
2094    8     3.67    27.88
2094    9    48.72    18.76
2094   10    23.37     7.13
2094   11    75.57     1.74
2094   12    93.51     4.57
2095    1    85.46     5.27
2095    2    68.75     2.17
2095    3    84.74     8.60
2095    4    77.35    10.74
2095    5    45.43    19.11
2095    6    11.01    27.20
2095    7     2.08    28.12
2095    8     2.08    29.17
2095    9     8.87    19.99
2095   10    54.68    12.05
2095   11   142.23     7.32
2095   12   114.12     0.26
2096    1    84.84     3.00
2096    2   111.31     3.31
2096    3    87.34     5.86
2096    4    77.30    10.35
2096    5    72.07    19.04
2096    6    61.73    21.98
2096    7     6.75    31.33
2096    8     0.40    29.22
2096    9    16.75    21.29
2096   10    62.97    10.32
2096   11    40.43     4.33
2096   12   212.77     2.67
2097    1   186.57     2.02
2097    2    87.11     1.67
2097    3   110.94     6.14
2097    4   103.87     9.73
2097    5    35.51    15.96
2097    6    17.68    24.86
2097    7     0.68    26.06
2097    8    15.86    25.24
2097    9    49.89    18.49
2097   10    23.47    14.50
2097   11    38.47     5.54
2097   12    65.18     3.50
2098    1    69.42     1.78
2098    2   105.82     3.01
2098    3   105.98     6.68
2098    4    92.68    11.78
2098    5   164.12    16.74
2098    6    21.13    23.79
2098    7     3.96    28.64
2098    8    21.06    27.91
2098    9    15.58    21.19
2098   10    60.51    12.74
2098   11    62.33     7.81
2098   12   122.12    -0.19
2099    1   100.20     3.70
2099    2    63.66     6.95
2099    3   101.07     7.82
2099    4   124.47     7.50
2099    5   138.69    14.86
2099    6    43.78    20.74
2099    7     0.49    29.34
2099    8     5.74    29.17
2099    9    27.75    19.83
2099   10     4.78    15.92
2099   11    85.13     3.55
2099   12   169.47     0.31
2100    1    72.07     0.82
2100    2    59.62     5.88
2100    3    64.22     6.80
2100    4   128.30    11.67
2100    5   154.25    15.74
2100    6    40.47    23.26
2100    7    24.58    27.33
2100    8     0.59    28.11
2100    9    29.80    18.33
2100   10    63.26     9.43
2100   11   103.40     7.71
2100   12   142.35     2.90
