1850    1    35.31    -0.96
1850    2     7.89    -1.57
1850    3    47.43     1.71
1850    4    50.91     6.69
1850    5   162.56     9.67
1850    6    95.65    15.08
1850    7    79.60    18.99
1850    8    55.16    18.53
1850    9    94.56    11.81
1850   10    25.46     8.05
1850   11    24.21     2.33
1850   12    95.02    -1.45
1851    1    16.44    -1.08
1851    2    22.98     1.50
1851    3    62.09     1.81
1851    4    73.98     5.70
1851    5   120.70    11.06
1851    6   187.96    16.03
1851    7    71.24    18.64
1851    8    50.42    18.41
1851    9    11.70    15.16
1851   10    12.58     4.18
1851   11    29.62     3.68
1851   12    22.20     0.56
1852    1    31.94     0.39
1852    2    50.12    -3.25
1852    3    31.54     2.80
1852    4    41.46     8.80
1852    5   119.65    12.45
1852    6   110.35    14.58
1852    7    75.85    18.74
1852    8    55.84    18.14
1852    9    66.15    11.06
1852   10    63.79     7.15
1852   11    31.81     2.70
1852   12    18.03     0.85
1853    1    18.76    -1.74
1853    2    38.89    -0.63
1853    3    52.21     1.03
1853    4    62.54     7.24
1853    5   159.54    10.68
1853    6    79.80    14.66
1853    7    51.85    18.88
1853    8    89.30    16.26
1853    9   111.20    10.73
1853   10    45.39     4.77
1853   11    24.95    -0.66
1853   12    20.66    -1.69
1854    1    28.67    -3.78
1854    2    25.41    -0.44
1854    3    45.40     0.43
1854    4    64.22     7.16
1854    5   126.98    12.92
1854    6    49.58    15.73
1854    7    44.99    17.65
1854    8    51.74    20.30
1854    9    75.98    11.63
1854   10    38.06     5.69
1854   11    53.69     3.87
1854   12    20.07    -1.17
1855    1    34.21    -2.12
1855    2    16.68    -1.30
1855    3    56.94     3.04
1855    4    47.89     4.45
1855    5   121.98    12.93
1855    6   126.17    15.79
1855    7    54.53    18.31
1855    8    20.98    21.16
1855    9    26.05    14.47
1855   10    64.29     8.95
1855   11    31.26     2.62
1855   12    81.77    -0.55
1856    1    25.67    -4.09
1856    2    41.31    -1.26
1856    3    33.45     3.87
1856    4    53.27     7.20
1856    5   114.67    12.87
1856    6   115.53    14.80
1856    7    76.97    18.31
1856    8    23.45    20.20
1856    9    44.09    14.80
1856   10    48.45     9.28
1856   11    48.27     1.51
1856   12    57.07    -4.31
1857    1    34.99    -4.38
1857    2    14.17    -1.42
1857    3    43.53     1.87
1857    4    83.15     4.60
1857    5    78.40    11.58
1857    6   116.49    16.80
1857    7    18.63    21.25
1857    8    89.98    18.69
1857    9   114.05    10.65
1857   10    22.11     5.69
1857   11    23.11     1.23
1857   12    50.32     0.51
1858    1    38.11    -2.42
1858    2    40.68    -2.57
1858    3    27.06     4.92
1858    4    76.02     8.00
1858    5   128.12    11.91
1858    6   108.97    15.59
1858    7    14.74    23.67
1858    8    41.49    20.71
1858    9    33.78    16.66
1858   10    87.68     8.14
1858   11    37.85     0.28
1858   12    25.25    -0.77
1859    1    16.41    -0.21
1859    2    19.01     1.47
1859    3    48.35     1.36
1859    4    42.55     6.61
1859    5   106.45     9.12
1859    6   207.04    15.22
1859    7   102.92    18.50
1859    8    52.49    18.83
1859    9    34.89    16.10
1859   10   123.02     6.17
1859   11    35.92     2.37
1859   12    35.24     0.28
1860    1    18.62    -0.78
1860    2    46.35    -1.06
1860    3    68.96     3.94
1860    4   101.34     5.31
1860    5   145.02    10.95
1860    6   115.76    16.41
1860    7    20.69    16.60
1860    8    34.20    20.38
1860    9   100.97    13.07
1860   10    70.77     5.50
1860   11    34.62     2.61
1860   12    55.39    -1.67
1861    1    67.00    -2.62
1861    2    40.19    -4.07
1861    3    45.49     3.26
1861    4    79.95     7.22
1861    5    84.05    10.19
1861    6   232.64    13.69
1861    7   114.88    17.04
1861    8    55.66    18.62
1861    9    77.24    13.74
1861   10    58.89     7.48
1861   11    15.84     0.86
1861   12    47.48    -4.81
1862    1    38.25    -2.85
1862    2    37.38    -2.35
1862    3    27.50    -0.76
1862    4   106.57     5.87
1862    5   103.22    11.33
1862    6    96.03    17.19
1862    7    59.53    18.17
1862    8    61.78    15.50
1862    9    31.99    12.74
1862   10    42.87     5.53
1862   11    68.05     1.75
1862   12    35.00     0.19
1863    1    27.18    -4.11
1863    2    38.64     0.53
1863    3    54.22     0.20
1863    4    80.32     7.60
1863    5   169.75     9.79
1863    6   118.86    15.15
1863    7    79.14    18.58
1863    8    18.57    19.90
1863    9    79.50    14.11
1863   10    39.30     8.43
1863   11    68.51     4.40
1863   12    36.08    -0.30
1864    1    35.80    -2.36
1864    2    25.43     1.88
1864    3    25.15     3.42
1864    4    54.81     9.14
1864    5   143.41    11.29
1864    6   145.91    14.40
1864    7    59.25    16.43
1864    8    63.29    17.43
1864    9    27.32    12.13
1864   10    57.76     6.25
1864   11    19.62     3.44
1864   12    42.02    -0.03
1865    1    54.61    -6.82
1865    2    41.71    -1.51
1865    3    39.68     3.23
1865    4   104.82     5.14
1865    5    88.20    12.05
1865    6   122.47    15.01
1865    7    31.71    20.84
1865    8    76.72    18.87
1865    9    52.24    11.32
1865   10    46.37     4.56
1865   11    45.79     3.19
1865   12     7.73    -0.93
1866    1    19.15    -0.43
1866    2    28.37    -2.17
1866    3    79.62     0.24
1866    4    69.42     5.66
1866    5   128.06    10.66
1866    6    65.79    15.47
1866    7    24.46    20.51
1866    8   145.39    17.54
1866    9    17.50    14.74
1866   10   109.64     5.77
1866   11    34.09     0.84
1866   12    60.42    -2.15
1867    1    16.28    -1.74
1867    2    23.42    -0.53
1867    3    28.45    -2.00
1867    4    44.83    10.31
1867    5   112.51    12.30
1867    6   145.31    14.80
1867    7    51.59    20.58
1867    8   110.09    16.81
1867    9    39.87    12.13
1867   10    49.05     9.75
1867   11    30.20     3.08
1867   12    55.62    -2.13
1868    1    25.11    -2.00
1868    2    54.77     0.26
1868    3    50.65     2.15
1868    4    86.02     5.97
1868    5    90.17    10.96
1868    6   157.50    16.41
1868    7    68.72    16.84
1868    8    24.03    20.03
1868    9    93.84    14.32
1868   10    22.02     7.55
1868   11    59.44     3.14
1868   12     4.01    -1.22
1869    1    27.21    -3.82
1869    2    52.26    -2.61
1869    3    59.86    -0.61
1869    4    24.75     5.79
1869    5    95.16    10.41
1869    6   157.60    16.22
1869    7   142.56    17.60
1869    8    48.34    17.51
1869    9    67.96    11.32
1869   10    57.13     8.57
1869   11    15.88     3.04
1869   12    42.90    -2.42
1870    1    23.19    -1.81
1870    2    11.83     0.20
1870    3    44.89     3.91
1870    4    83.59     7.16
1870    5    51.84    11.03
1870    6    82.05    15.26
1870    7    42.37    21.56
1870    8    57.07    19.14
1870    9    65.43    10.78
1870   10    30.59     4.08
1870   11    66.72     3.71
1870   12    25.56    -0.73
1871    1    32.16    -2.50
1871    2    48.38     0.47
1871    3    48.13     0.15
1871    4    65.34     6.75
1871    5   109.02    12.92
1871    6   175.46    15.96
1871    7    49.68    19.19
1871    8    81.41    15.63
1871    9    88.08    12.60
1871   10    41.74     7.19
1871   11    25.82     3.79
1871   12    23.45     0.79
1872    1    24.30    -1.84
1872    2    37.64    -0.85
1872    3    43.17    -0.12
1872    4    49.48     8.36
1872    5    59.27    12.58
1872    6   117.38    15.32
1872    7    25.39    21.60
1872    8    58.90    19.17
1872    9    30.45    12.88
1872   10    50.51     8.43
1872   11    53.58     5.02
1872   12    17.92    -1.03
1873    1    44.93    -1.91
1873    2    23.87     0.42
1873    3    54.24     3.68
1873    4    71.35     7.30
1873    5   130.69    10.65
1873    6   119.33    15.42
1873    7   104.51    18.07
1873    8    85.75    18.08
1873    9   110.39    11.37
1873   10    40.46     6.69
1873   11    42.26     1.08
1873   12    34.23     0.50
1874    1    50.96    -3.11
1874    2    53.98    -5.77
1874    3    39.52    -0.47
1874    4    80.32     6.35
1874    5    91.12    10.58
1874    6    62.34    16.05
1874    7    21.86    20.41
1874    8    73.50    18.48
1874    9    65.08    13.64
1874   10    50.03     6.42
1874   11    36.28    -1.23
1874   12    20.68    -1.22
1875    1    39.07    -2.69
1875    2    14.78    -6.59
1875    3    40.32     0.07
1875    4    53.63     7.03
1875    5    86.16    12.52
1875    6   143.01    16.25
1875    7    16.51    21.43
1875    8    25.47    21.62
1875    9    66.51    13.81
1875   10    26.41     7.35
1875   11    19.21     3.50
1875   12    20.01     0.62
1876    1    38.49    -2.90
1876    2    41.34     0.16
1876    3    53.18     2.42
1876    4    28.16     8.74
1876    5   165.71    12.17
1876    6   142.56    16.91
1876    7    64.39    17.91
1876    8    39.82    17.05
1876    9    75.00    13.54
1876   10    45.24     6.38
1876   11    62.79     1.77
1876   12    41.16    -2.03
1877    1    45.45    -1.73
1877    2    36.82    -2.99
1877    3    39.89     0.34
1877    4    42.90     6.01
1877    5   101.23     9.89
1877    6    83.28    16.00
1877    7    33.91    21.04
1877    8    50.75    18.81
1877    9    35.69    14.72
1877   10    40.71     8.05
1877   11    29.52     0.48
1877   12    21.11    -0.19
1878    1    27.98    -0.39
1878    2     8.55    -0.40
1878    3    61.70     2.96
1878    4   106.47     5.48
1878    5    91.70    12.02
1878    6    69.10    13.92
1878    7    40.82    19.55
1878    8    25.77    19.24
1878    9    42.30    14.73
1878   10    30.36     6.70
1878   11    43.31     1.73
1878   12    30.36    -1.06
1879    1    28.01    -1.97
1879    2    19.13    -0.86
1879    3    57.26     2.82
1879    4    75.66     8.38
1879    5   131.12    11.86
1879    6   118.25    13.22
1879    7    47.47    19.00
1879    8    35.47    18.14
1879    9    55.03    14.25
1879   10    45.45     4.94
1879   11    64.29    -0.87
1879   12    17.82    -7.60
1880    1    21.01    -1.47
1880    2    28.92    -0.61
1880    3    51.28     2.83
1880    4   116.89     6.66
1880    5    95.62    11.40
1880    6   100.29    14.58
1880    7    48.65    18.37
1880    8    22.30    19.26
1880    9    39.40    15.47
1880   10    42.43     7.27
1880   11    33.30     3.09
1880   12     8.08     0.24
1881    1    52.22    -2.46
1881    2    31.54    -0.76
1881    3    77.55     1.03
1881    4    63.68     7.48
1881    5   131.24    12.33
1881    6   120.71    14.15
1881    7    49.25    19.34
1881    8    32.16    19.09
1881    9    89.68    13.92
1881   10    37.84     8.25
1881   11    26.60     1.67
1881   12    27.61     0.00
1882    1    29.19    -1.81
1882    2    45.72    -1.78
1882    3    33.72     0.12
1882    4   101.73     7.18
1882    5   129.78    12.16
1882    6    97.33    16.10
1882    7    39.51    20.04
1882    8    68.01    17.22
1882    9   130.15    11.88
1882   10    24.30     7.95
1882   11    43.22     2.37
1882   12    33.27    -0.33
1883    1    15.26    -2.85
1883    2    21.79    -1.18
1883    3    44.05     0.99
1883    4   127.24     7.38
1883    5    95.15    12.47
1883    6   164.78    17.03
1883    7    43.79    19.50
1883    8    54.64    16.88
1883    9    58.63    11.51
1883   10    40.53     7.37
1883   11    26.20     4.22
1883   12    26.65     0.91
1884    1    46.81    -4.64
1884    2    50.29    -2.12
1884    3    68.76     2.49
1884    4    89.89     4.96
1884    5   161.89    11.71
1884    6   171.77    14.66
1884    7    79.28    17.34
1884    8    95.37    15.11
1884    9    45.40    11.66
1884   10    54.30     7.37
1884   11    24.92     3.16
1884   12    28.04    -1.06
1885    1    13.75    -0.12
1885    2    29.41    -3.13
1885    3    52.89     0.56
1885    4    94.61     3.18
1885    5   125.25     8.34
1885    6   148.54    13.87
1885    7   102.14    15.11
1885    8    54.09    16.82
1885    9    57.24    13.62
1885   10    68.09     8.09
1885   11    32.75     3.48
1885   12    46.17    -1.62
1886    1    12.22    -0.63
1886    2    30.23     0.40
1886    3    53.56    -3.90
1886    4    81.41     6.16
1886    5    97.27    11.64
1886    6    28.43    18.53
1886    7    34.44    21.15
1886    8    50.64    18.85
1886    9    76.52    11.92
1886   10    62.58     6.91
1886   11    17.69     1.63
1886   12    24.27    -1.12
1887    1    35.96    -5.52
1887    2    13.28    -1.08
1887    3    18.71     3.98
1887    4    79.00     8.30
1887    5    91.43    11.21
1887    6    45.53    17.28
1887    7    76.34    19.65
1887    8    89.96    19.45
1887    9    69.31    13.40
1887   10    50.82     5.35
1887   11    67.53    -1.15
1887   12    34.59    -1.70
1888    1    21.60    -1.58
1888    2    59.66    -1.61
1888    3    91.61    -2.00
1888    4    84.65     6.23
1888    5   118.45    11.26
1888    6   115.69    14.90
1888    7    36.85    18.66
1888    8    67.79    18.87
1888    9    51.38    11.40
1888   10    59.83     7.38
1888   11    61.52     2.40
1888   12    50.50    -3.04
1889    1    29.56    -6.61
1889    2    16.33    -0.63
1889    3    48.49     0.16
1889    4    64.35     9.23
1889    5   185.73    12.02
1889    6   122.58    15.76
1889    7    48.45    19.10
1889    8    68.20    16.95
1889    9    60.00    14.44
1889   10    29.99     8.08
1889   11    23.37     4.93
1889   12    16.08    -2.86
1890    1    39.52    -4.92
1890    2    12.78     2.26
1890    3    43.66     4.31
1890    4   119.53     5.79
1890    5   144.94    11.68
1890    6   102.33    14.79
1890    7    73.29    17.69
1890    8    85.98    15.98
1890    9    78.90    11.46
1890   10    40.04     8.16
1890   11    35.27     3.20
1890   12    35.73     0.34
1891    1    24.41    -0.99
1891    2    27.45     0.28
1891    3    72.69     3.26
1891    4    32.35     6.67
1891    5   159.18    10.44
1891    6   185.83    12.69
1891    7    61.87    17.02
1891    8    25.97    19.10
1891    9    76.04    10.19
1891   10    55.58     3.74
1891   11    54.95     1.19
1891   12    33.82    -0.51
1892    1    36.05    -2.04
1892    2    54.59    -1.72
1892    3    40.99     4.52
1892    4   102.61     4.09
1892    5   136.19    11.66
1892    6    89.37    16.07
1892    7    33.73    18.89
1892    8    80.36    17.00
1892    9    69.46    12.42
1892   10    43.13     6.25
1892   11    34.67     2.30
1892   12    17.87    -1.70
1893    1    29.43    -1.72
1893    2    49.82    -5.59
1893    3    21.99     3.22
1893    4    41.98     7.30
1893    5    98.91    12.50
1893    6   115.09    15.23
1893    7    61.22    19.38
1893    8    45.48    18.94
1893    9    28.89    12.12
1893   10    58.53     4.12
1893   11    44.75    -0.14
1893   12     9.85    -3.02
1894    1    18.21    -2.62
1894    2    19.76     0.45
1894    3    61.41    -0.75
1894    4    91.47     7.43
1894    5    91.71    14.21
1894    6   128.18    16.45
1894    7   107.11    17.71
1894    8    33.78    18.96
1894    9    82.47    12.79
1894   10    16.46     6.49
1894   11    49.80     2.09
1894   12    31.21    -1.91
1895    1    20.12    -1.28
1895    2    44.47     0.98
1895    3    24.08     4.31
1895    4   129.62     7.11
1895    5   134.65     9.20
1895    6   168.29    12.99
1895    7    35.47    19.40
1895    8   102.29    16.82
1895    9    75.56    10.75
1895   10    43.54     3.92
1895   11    39.43     1.07
1895   12    10.85    -1.64
1896    1    46.00    -3.94
1896    2    43.12    -1.33
1896    3    27.15    -1.52
1896    4    92.22     6.96
1896    5    85.80    10.98
1896    6   107.93    15.14
1896    7    70.27    18.82
1896    8    39.69    20.35
1896    9    87.36    14.29
1896   10    27.58     8.53
1896   11    30.83     1.09
1896   12    41.75    -1.31
1897    1    17.69    -0.01
1897    2    20.14    -0.57
1897    3    44.87     4.12
1897    4    99.24     5.76
1897    5   154.57    10.46
1897    6   113.08    14.36
1897    7    60.81    18.82
1897    8    61.93    17.32
1897    9   102.91    11.81
1897   10    57.02     7.82
1897   11    55.23     5.14
1897   12    73.26    -1.19
1898    1    43.47    -1.05
1898    2    14.36     1.95
1898    3    53.26     3.62
1898    4    59.71     6.64
1898    5   124.83     9.83
1898    6   150.13    15.01
1898    7    66.11    18.76
1898    8    88.73    17.42
1898    9    48.63    12.93
1898   10    48.29     7.89
1898   11    50.26     3.53
1898   12    43.93     0.69
1899    1    14.47    -1.64
1899    2    44.04     1.06
1899    3    49.31     2.32
1899    4    47.62     4.62
1899    5   149.12    10.99
1899    6    50.24    14.93
1899    7    41.18    19.00
1899    8    63.05    18.99
1899    9    61.70    13.13
1899   10    46.81     5.43
1899   11    23.56     2.24
1899   12    35.93     0.45
1900    1    20.98    -3.14
1900    2    14.19     2.62
1900    3    72.91     4.43
1900    4    55.68     9.27
1900    5   143.14    11.62
1900    6    89.61    15.55
1900    7   121.04    17.63
1900    8    28.69    17.23
1900    9    34.94    14.83
1900   10    53.32     7.09
1900   11    40.50     1.03
1900   12    46.11    -0.57
1901    1    38.84    -3.05
1901    2    16.06     0.51
1901    3    42.42     2.52
1901    4    60.39     9.62
1901    5   150.20    11.12
1901    6    99.78    16.13
1901    7    54.38    19.06
1901    8    68.40    17.25
1901    9    90.84    11.81
1901   10    49.29     8.74
1901   11    37.80     4.17
1901   12    34.67    -0.40
1902    1    34.60    -0.64
1902    2    72.98     0.83
1902    3    39.34     1.31
1902    4   136.23     3.05
1902    5   142.81     8.57
1902    6   137.75    13.30
1902    7    81.24    18.41
1902    8    86.08    16.74
1902    9    61.63    10.03
1902   10    38.98     6.08
1902   11    50.84     1.48
1902   12    25.93    -0.63
1903    1    19.60    -3.16
1903    2    23.57    -1.06
1903    3    60.68     1.18
1903    4    44.36     4.11
1903    5   124.10    10.26
1903    6    90.72    16.29
1903    7    51.26    17.05
1903    8    66.03    16.93
1903    9    57.13    12.58
1903   10    40.64     5.84
1903   11    14.69     2.42
1903   12    18.82    -3.87
1904    1    29.81    -1.63
1904    2    29.09    -1.32
1904    3    62.86     2.58
1904    4    65.09     5.90
1904    5   125.22    11.63
1904    6   124.21    13.87
1904    7    13.91    20.15
1904    8    21.94    18.84
1904    9    58.87    11.99
1904   10    43.62     5.37
1904   11    18.54     3.31
1904   12    20.31    -3.22
1905    1    47.40    -1.61
1905    2    47.00    -4.68
1905    3    43.41     0.83
1905    4    61.20     5.11
1905    5   126.41    13.06
1905    6    92.19    16.17
1905    7    85.47    16.83
1905    8    32.60    19.33
1905    9    81.78     9.69
1905   10    85.75     4.73
1905   11    49.95     1.43
1905   12    27.80    -2.62
1906    1    35.86    -4.35
1906    2    28.65    -2.26
1906    3    35.89     1.52
1906    4    59.99     5.44
1906    5    94.80    12.17
1906    6   130.97    13.20
1906    7    69.08    17.17
1906    8    25.55    19.57
1906    9    21.08    16.26
1906   10   113.83     3.57
1906   11    58.16     0.37
1906   12   121.93    -3.79
1907    1    20.89    -3.61
1907    2    47.73    -2.59
1907    3    30.89     0.96
1907    4    60.42     4.35
1907    5    89.82    13.14
1907    6    93.85    13.31
1907    7    80.94    16.46
1907    8    43.82    16.83
1907    9   123.17    12.06
1907   10    49.56     4.94
1907   11    50.98     0.93
1907   12    24.28    -0.55
1908    1    26.40    -4.01
1908    2    11.66    -0.58
1908    3    48.16     1.10
1908    4    58.01     7.45
1908    5   166.27    11.55
1908    6   141.25    15.87
1908    7    39.31    19.96
1908    8    59.34    16.78
1908    9    71.75    13.46
1908   10    38.91     7.94
1908   11    41.45     2.91
1908   12    33.03     0.75
1909    1    53.04    -0.11
1909    2    42.20    -2.27
1909    3    39.83     0.81
1909    4    80.84     4.47
1909    5   161.72    10.03
1909    6   153.11    14.38
1909    7    57.86    16.50
1909    8    39.82    16.83
1909    9    42.34    15.19
1909   10   124.34     6.42
1909   11    39.07     2.70
1909   12    18.45     1.94
1910    1    41.65    -2.29
1910    2    18.27    -3.83
1910    3    62.14     1.59
1910    4    71.16     7.93
1910    5   159.62     9.85
1910    6   191.30    14.50
1910    7    65.72    17.15
1910    8    25.68    20.96
1910    9    35.61    16.11
1910   10    51.73     9.38
1910   11    29.06     1.46
1910   12    25.55    -1.85
1911    1    27.25    -1.32
1911    2    36.97    -1.27
1911    3    35.61     1.91
1911    4    69.58    11.27
1911    5   104.78    12.81
1911    6    95.36    15.21
1911    7    10.71    22.19
1911    8    44.25    20.99
1911    9    15.95    14.90
1911   10    79.66     5.45
1911   11    28.04     2.32
1911   12    26.63    -0.55
1912    1    32.58    -3.37
1912    2    19.67    -2.21
1912    3    40.36     1.59
1912    4    89.17     7.49
1912    5   105.52    13.76
1912    6    79.86    16.17
1912    7    73.20    17.25
1912    8    94.66    17.76
1912    9    45.42    13.72
1912   10    41.77     6.54
1912   11    15.41     1.59
1912   12    25.71    -5.40
1913    1    28.57    -2.82
1913    2    18.71    -2.16
1913    3    26.87     1.61
1913    4   103.46     7.70
1913    5    87.98     9.54
1913    6    75.43    16.25
1913    7    98.14    17.95
1913    8    37.05    16.31
1913    9    36.52    13.44
1913   10    44.27     8.42
1913   11    11.71     4.68
1913   12    20.70    -0.90
1914    1    26.56     0.77
1914    2    38.27    -0.74
1914    3    68.23     0.83
1914    4   103.30     3.90
1914    5   177.60    12.44
1914    6   111.96    16.67
1914    7    26.63    18.90
1914    8    37.99    19.29
1914    9    91.45    10.43
1914   10    52.10     5.74
1914   11    61.72     1.20
1914   12    38.78    -1.00
1915    1    11.93    -2.83
1915    2    56.67    -3.10
1915    3    43.15     2.63
1915    4    34.89     8.76
1915    5    77.75     9.37
1915    6   103.30    16.00
1915    7    27.00    18.88
1915    8    24.98    21.97
1915    9    26.11    11.48
1915   10    51.35     7.26
1915   11    57.87     3.19
1915   12    19.64    -0.20
1916    1    32.72    -2.33
1916    2    26.67     0.34
1916    3    29.36     4.45
1916    4    48.37     8.32
1916    5   126.00    14.32
1916    6   124.87    15.39
1916    7   109.93    17.22
1916    8    35.47    21.00
1916    9    37.23    14.99
1916   10    37.28     6.67
1916   11    35.55     3.56
1916   12    24.23    -0.47
1917    1    32.41    -2.23
1917    2    37.31    -0.54
1917    3    35.23    -2.74
1917    4    54.49     7.76
1917    5   135.31    13.11
1917    6    81.30    15.32
1917    7    54.96    18.72
1917    8    55.56    18.45
1917    9    19.33    14.59
1917   10    31.81     9.77
1917   11    75.25     3.84
1917   12    32.18    -2.46
1918    1    30.19    -1.85
1918    2    53.95     1.21
1918    3    37.12    -4.31
1918    4    73.91     5.64
1918    5   102.83    10.99
1918    6    95.62    14.92
1918    7    24.92    20.14
1918    8    67.77    16.05
1918    9    42.08    13.08
1918   10    55.87     7.86
1918   11    22.64     1.38
1918   12    19.82    -3.42
1919    1    22.84    -3.29
1919    2    21.06    -1.80
1919    3    79.04     2.65
1919    4    65.78    10.42
1919    5   129.64    12.67
1919    6   124.74    16.17
1919    7    30.28    20.10
1919    8    48.39    19.11
1919    9    57.40    12.47
1919   10    56.59     6.69
1919   11    50.37     4.28
1919   12    30.11    -0.41
1920    1    24.72     0.95
1920    2    44.85    -4.07
1920    3    61.43     0.56
1920    4    80.79     7.49
1920    5   161.03    11.00
1920    6   160.48    13.63
1920    7    69.55    18.70
1920    8    59.25    17.80
1920    9    99.65    11.85
1920   10    74.88     6.93
1920   11    71.92     1.07
1920   12    13.49     0.99
1921    1    28.31    -1.16
1921    2    33.95    -2.45
1921    3    55.88     2.76
1921    4    58.72     8.12
1921    5   139.17    10.71
1921    6   102.50    16.15
1921    7    50.91    18.66
1921    8    37.29    18.97
1921    9    90.72    12.61
1921   10    45.88     8.37
1921   11    46.24     2.36
1921   12    44.28    -2.27
1922    1    12.06    -0.91
1922    2    21.91    -0.59
1922    3    22.28     2.78
1922    4    62.38     6.72
1922    5   148.72    11.87
1922    6   205.25    15.12
1922    7    26.94    18.39
1922    8    37.67    19.11
1922    9    82.09    12.54
1922   10    81.77     5.69
1922   11    32.59     3.11
1922   12    27.46    -2.37
1923    1    28.22    -1.78
1923    2    18.54    -2.04
1923    3    62.95     3.56
1923    4    61.42     6.43
1923    5   112.17    13.80
1923    6   113.00    16.94
1923    7   121.56    17.40
1923    8   102.81    16.59
1923    9    92.11    13.64
1923   10   112.92     8.69
1923   11    29.58     4.46
1923   12    31.65    -0.56
1924    1    37.75    -3.30
1924    2    40.07    -0.09
1924    3    23.33     3.82
1924    4    93.27     6.67
1924    5   196.82     8.29
1924    6    96.88    17.57
1924    7    29.19    19.67
1924    8    82.02    18.04
1924    9    89.71    12.67
1924   10   112.07     6.35
1924   11    18.25     0.83
1924   12    27.25    -0.33
1925    1    25.64    -2.37
1925    2    39.32    -2.27
1925    3    29.04     1.13
1925    4    46.97     8.10
1925    5    87.45    10.56
1925    6    79.05    16.12
1925    7    47.00    19.48
1925    8    54.00    16.53
1925    9    42.65    14.86
1925   10    33.86     8.12
1925   11    32.67     2.50
1925   12    47.60    -0.77
1926    1    41.29    -1.27
1926    2     7.21    -0.67
1926    3    81.40    -1.07
1926    4    33.79     9.40
1926    5   186.45    11.02
1926    6   251.92    13.96
1926    7    69.62    16.14
1926    8    82.06    18.40
1926    9    36.33    17.08
1926   10   108.68     4.84
1926   11    35.22     1.39
1926   12    46.44    -1.50
1927    1    29.15    -4.40
1927    2    17.97    -0.02
1927    3    76.79     1.71
1927    4    80.37     6.24
1927    5   107.97    11.34
1927    6   233.44    14.10
1927    7    73.18    17.20
1927    8    53.41    17.57
1927    9    48.45    15.82
1927   10   127.53     6.38
1927   11    26.38     3.52
1927   12    45.06    -0.52
1928    1    28.59    -0.34
1928    2    53.31    -4.21
1928    3    51.63     0.10
1928    4    68.97     8.92
1928    5   200.99    10.81
1928    6    98.85    15.37
1928    7    60.52    18.82
1928    8    71.05    18.86
1928    9    79.98    11.00
1928   10    56.10     4.61
1928   11    30.90     0.92
1928   12    20.88    -1.65
1929    1    15.28    -1.16
1929    2    25.58     0.63
1929    3    58.68     1.72
1929    4    88.37     6.43
1929    5   118.94    12.16
1929    6    86.75    13.47
1929    7    29.24    19.45
1929    8    70.13    17.72
1929    9    65.24    11.22
1929   10   100.00     3.57
1929   11    31.51     1.39
1929   12    26.70    -0.20
1930    1    19.33    -3.39
1930    2    25.84     0.25
1930    3    20.92     3.60
1930    4    86.03     3.34
1930    5   121.58    12.27
1930    6    64.98    16.17
1930    7    44.32    20.02
1930    8    30.88    18.51
1930    9    66.29    14.21
1930   10    79.91     7.70
1930   11    46.70     1.69
1930   12    35.34    -0.16
1931    1    31.02    -4.08
1931    2    21.31    -1.49
1931    3    59.08     2.67
1931    4    83.82     6.09
1931    5   170.62     9.85
1931    6   175.64    14.60
1931    7    78.79    18.78
1931    8    66.54    16.61
1931    9    52.92    10.98
1931   10    29.73     8.71
1931   11    22.73     2.82
1931   12    33.29     1.70
1932    1    34.10    -2.35
1932    2    22.17    -2.29
1932    3    24.66     2.87
1932    4    86.50     3.88
1932    5    95.17     9.74
1932    6   106.70    15.52
1932    7    36.31    18.95
1932    8    42.69    19.20
1932    9    79.35    10.98
1932   10    21.22     6.78
1932   11    27.94     2.96
1932   12    19.45    -1.73
1933    1    21.73    -2.14
1933    2    22.03    -1.81
1933    3    33.03     2.27
1933    4    59.23     9.96
1933    5    90.24    11.64
1933    6   135.58    15.76
1933    7    76.53    18.32
1933    8    61.25    17.61
1933    9    58.04    13.08
1933   10   107.69     7.70
1933   11    76.64     3.27
1933   12    25.28    -3.25
1934    1    40.47    -0.73
1934    2    34.29    -2.10
1934    3    36.43     1.98
1934    4    77.12     8.20
1934    5   123.37    10.01
1934    6    94.56    16.08
1934    7    32.97    19.75
1934    8    54.31    18.49
1934    9   117.64    12.19
1934   10   139.28     4.82
1934   11    12.83     4.30
1934   12    28.19     0.80
1935    1    31.15    -2.50
1935    2    41.50    -2.21
1935    3    21.21     0.91
1935    4   100.84     3.77
1935    5    93.25     9.85
1935    6   108.63    16.16
1935    7    28.36    20.11
1935    8    27.28    19.36
1935    9    54.86    12.90
1935   10    59.58     6.60
1935   11    48.78     2.98
1935   12    15.92     0.55
1936    1    32.33    -5.90
1936    2    38.45    -0.70
1936    3    47.45     3.97
1936    4   113.67     6.69
1936    5   128.44    12.64
1936    6   121.63    16.57
1936    7   102.48    18.55
1936    8    85.52    18.96
1936    9    80.41    11.74
1936   10    48.36     9.24
1936   11    71.70     3.07
1936   12    16.11     0.84
1937    1    15.36    -0.01
1937    2    11.75     2.66
1937    3    44.23     3.39
1937    4    79.61     3.19
1937    5    96.78    10.14
1937    6   118.65    15.33
1937    7    72.37    16.41
1937    8    93.66    17.33
1937    9    98.00    11.87
1937   10    21.81     7.68
1937   11    49.86     2.45
1937   12    58.28    -2.53
1938    1    37.05    -2.93
1938    2    39.78    -0.95
1938    3    36.96     3.13
1938    4    92.94     7.23
1938    5    94.76     9.72
1938    6   113.28    13.30
1938    7    59.41    18.20
1938    8    49.94    15.77
1938    9    56.97    12.71
1938   10    35.68     5.07
1938   11    58.83     3.20
1938   12    38.06    -1.50
1939    1    21.52     0.09
1939    2    30.63    -1.37
1939    3    38.02    -1.59
1939    4    55.58     5.85
1939    5   164.59    11.82
1939    6   140.31    17.38
1939    7    74.13    17.51
1939    8    87.58    16.89
1939    9    84.40    12.20
1939   10    38.79     8.94
1939   11   115.88    -1.21
1939   12    22.96    -1.58
1940    1    38.18    -1.79
1940    2    21.69    -1.95
1940    3    56.29     2.75
1940    4    71.98     8.04
1940    5   121.55    12.22
1940    6   104.16    16.37
1940    7    78.06    18.72
1940    8   104.61    17.98
1940    9    69.60    14.06
1940   10    24.76     5.46
1940   11    41.81     1.29
1940   12    17.45    -0.18
1941    1    37.85    -2.51
1941    2    22.67    -0.48
1941    3    61.21     0.01
1941    4    52.60     9.09
1941    5   144.36    10.01
1941    6   144.78    14.88
1941    7    40.45    18.23
1941    8    54.35    17.86
1941    9    82.00    13.77
1941   10    45.38     5.89
1941   11    61.72     3.91
1941   12    23.83    -1.93
1942    1    42.15    -3.02
1942    2    19.51    -1.40
1942    3    38.05     2.38
1942    4    76.63     8.26
1942    5   123.39     8.92
1942    6    57.29    14.75
1942    7    13.82    21.56
1942    8   112.65    18.58
1942    9    37.73    12.50
1942   10    42.10     7.93
1942   11    37.71     2.87
1942   12    29.47    -1.55
1943    1    30.62    -0.28
1943    2    33.78     0.55
1943    3    64.69     2.44
1943    4    79.14     5.68
1943    5    85.31    10.25
1943    6   121.00    14.68
1943    7    27.85    19.69
1943    8    22.20    20.72
1943    9    68.80    14.62
1943   10    57.49     6.93
1943   11    48.05     0.16
1943   12    22.16    -2.73
1944    1    34.05    -4.48
1944    2    42.01    -1.01
1944    3    64.84     1.45
1944    4    73.57     5.73
1944    5   113.98    12.27
1944    6    96.27    14.82
1944    7    57.35    19.72
1944    8    63.61    17.79
1944    9    52.16    12.46
1944   10    30.87     7.97
1944   11    23.56     3.72
1944   12     6.42    -3.38
1945    1    29.15    -2.75
1945    2    18.69    -0.48
1945    3    45.77     2.18
1945    4    66.99     8.59
1945    5   112.11     9.14
1945    6   114.68    16.39
1945    7    53.05    17.83
1945    8    42.99    17.93
1945    9    52.11    12.44
1945   10    55.64     6.96
1945   11    24.48     0.45
1945   12    27.55    -2.37
1946    1    30.96    -5.15
1946    2    27.83    -5.93
1946    3    32.38    -0.97
1946    4    70.78     5.73
1946    5   135.37    11.89
1946    6    97.34    16.20
1946    7    97.93    17.54
1946    8    60.60    16.87
1946    9    29.29    13.03
1946   10    20.16     6.55
1946   11    34.72     3.13
1946   12    71.44    -2.36
1947    1    32.15    -2.00
1947    2    14.45    -0.01
1947    3    64.19     0.48
1947    4    63.57     6.31
1947    5   146.02    10.06
1947    6    91.14    14.89
1947    7    62.61    17.75
1947    8    15.51    19.58
1947    9    69.24    12.32
1947   10    56.95     8.29
1947   11    66.39     0.80
1947   12    37.51     0.20
1948    1    36.70    -4.60
1948    2    33.63    -0.38
1948    3    59.93     3.24
1948    4    44.76     4.75
1948    5    88.54    12.74
1948    6   203.38    14.36
1948    7    61.49    18.48
1948    8    48.25    18.64
1948    9    86.22    12.99
1948   10    44.79     8.09
1948   11    83.75    -0.46
1948   12    21.00    -1.45
1949    1    32.59    -3.58
1949    2    27.68    -3.14
1949    3    48.26     0.37
1949    4   103.93     6.82
1949    5   142.87    10.73
1949    6    57.45    14.68
1949    7    29.77    19.52
1949    8    23.10    20.98
1949    9   109.18    11.08
1949   10    83.26     5.76
1949   11    24.20     1.95
1949   12    54.08    -0.57
1950    1    20.38    -1.66
1950    2    28.23    -1.77
1950    3    66.68     2.75
1950    4    62.72     7.40
1950    5   153.97    10.14
1950    6    89.34    15.61
1950    7    28.32    19.93
1950    8    71.48    18.57
1950    9    67.21    13.30
1950   10    79.27     6.37
1950   11    66.00     2.75
1950   12    38.76    -0.54
1951    1    24.30    -0.98
1951    2    26.69    -0.30
1951    3    52.58     4.46
1951    4   108.20    10.40
1951    5   126.41    11.24
1951    6   101.66    15.27
1951    7    26.18    22.16
1951    8    63.91    18.76
1951    9    42.44    15.26
1951   10    72.04     7.74
1951   11    45.72     3.19
1951   12    27.34     0.70
1952    1    30.85    -1.98
1952    2    19.49    -0.07
1952    3    40.10     4.35
1952    4    66.57     7.92
1952    5   158.49    12.17
1952    6   136.27    15.18
1952    7    18.76    18.36
1952    8    66.12    20.08
1952    9    58.23    12.82
1952   10    94.21     9.08
1952   11    18.13     4.72
1952   12    33.26    -1.11
1953    1    30.72    -0.95
1953    2    12.98     0.66
1953    3    42.02     0.69
1953    4    64.20     5.96
1953    5   121.33    14.22
1953    6   109.65    14.16
1953    7    49.51    18.48
1953    8    61.38    18.43
1953    9    27.56    12.45
1953   10    40.66     6.84
1953   11    13.73     2.96
1953   12    40.22    -0.01
1954    1    54.18    -7.28
1954    2    32.76     0.65
1954    3    27.33     2.47
1954    4   101.00     5.72
1954    5   119.37    10.11
1954    6    95.53    14.73
1954    7    31.47    18.29
1954    8    67.52    18.68
1954    9    38.95    14.03
1954   10    60.20     8.13
1954   11    22.68     4.07
1954   12    31.14     0.05
1955    1    36.91    -3.25
1955    2    53.05    -3.31
1955    3    45.58     1.29
1955    4    66.15     5.16
1955    5    75.03     7.64
1955    6   135.79    17.13
1955    7    48.62    18.33
1955    8    52.64    17.95
1955    9    26.77    14.62
1955   10   127.50     8.33
1955   11    37.33     2.93
1955   12    36.09     0.68
1956    1    54.32    -1.19
1956    2    60.49    -2.66
1956    3    64.33     0.02
1956    4   177.54     8.18
1956    5   144.19    11.00
1956    6    83.10    15.00
1956    7    46.60    19.08
1956    8    74.17    19.33
1956    9    35.77    14.13
1956   10    55.97     9.29
1956   11    39.13     3.24
1956   12    31.09     0.75
1957    1    31.37    -2.01
1957    2    32.00    -2.25
1957    3    78.78     0.49
1957    4   121.44     4.83
1957    5   158.45     9.01
1957    6   164.01    14.25
1957    7   181.44    16.44
1957    8    94.41    17.97
1957    9    50.22    11.48
1957   10    57.80     8.32
1957   11    33.22     3.48
1957   12    48.08    -0.43
1958    1    31.02    -3.40
1958    2    22.84    -1.00
1958    3    24.84     2.58
1958    4   100.33     5.98
1958    5   110.25    12.30
1958    6   142.75    14.40
1958    7    38.24    18.61
1958    8    54.43    17.72
1958    9    70.43    12.47
1958   10    56.36     7.27
1958   11    38.86     1.44
1958   12    40.16     1.37
1959    1    38.60    -0.55
1959    2    21.45     2.67
1959    3    79.20     1.77
1959    4    99.60     7.26
1959    5   128.02     9.59
1959    6   176.97    15.91
1959    7    75.70    16.18
1959    8    55.94    16.69
1959    9    87.18    12.16
1959   10    90.35     7.90
1959   11    14.52     1.75
1959   12    28.97    -1.51
1960    1    26.94    -2.22
1960    2    28.74    -1.65
1960    3    45.28     2.42
1960    4    48.98     6.99
1960    5   126.29    11.11
1960    6   172.48    15.23
1960    7    36.55    19.67
1960    8    32.76    19.91
1960    9    46.66    13.78
1960   10    37.12     5.99
1960   11    56.76     2.49
1960   12    41.60    -2.08
1961    1    16.63    -3.45
1961    2    45.13    -1.23
1961    3    44.91    -3.86
1961    4    79.20     7.22
1961    5   199.47    13.03
1961    6   135.34    16.06
1961    7    30.92    20.52
1961    8    27.12    19.56
1961    9    49.32    14.98
1961   10    38.32     8.28
1961   11    67.20     2.70
1961   12    22.65    -5.44
1962    1    27.44    -4.45
1962    2    34.93    -4.45
1962    3    54.65     0.75
1962    4    47.45     8.64
1962    5    86.15    12.56
1962    6   153.48    15.59
1962    7    39.41    18.08
1962    8    51.13    17.34
1962    9    51.25    13.60
1962   10    41.88     8.74
1962   11    49.62     2.45
1962   12    44.79    -0.07
1963    1    29.49    -1.21
1963    2    42.28    -2.47
1963    3    69.71     2.25
1963    4    76.47     5.98
1963    5    83.37    10.21
1963    6    94.52    14.62
1963    7    18.98    19.84
1963    8    51.55    19.57
1963    9    67.87    13.97
1963   10    70.76     7.33
1963   11    49.42     3.29
1963   12    56.38    -5.85
1964    1    40.02    -2.74
1964    2    46.94    -6.12
1964    3    41.65     2.69
1964    4    46.28     7.95
1964    5    86.73    11.07
1964    6    92.93    15.22
1964    7    58.32    19.84
1964    8    61.09    16.39
1964    9    37.30    13.13
1964   10    51.58     7.94
1964   11    26.06     1.73
1964   12    23.63    -0.18
1965    1    18.72    -2.21
1965    2    33.13     0.19
1965    3    62.16     4.99
1965    4    81.20     5.81
1965    5   133.67    10.65
1965    6    95.14    15.61
1965    7    76.57    17.72
1965    8    20.16    22.77
1965    9    66.70    13.55
1965   10    47.66     7.02
1965   11    59.55     1.45
1965   12    11.42    -2.01
1966    1    41.88    -2.85
1966    2    28.97     0.38
1966    3    37.95     3.74
1966    4    73.51     6.26
1966    5    62.03    12.48
1966    6    94.95    16.94
1966    7    48.15    17.85
1966    8    45.53    17.28
1966    9    81.96    13.02
1966   10    35.12     8.08
1966   11    28.79     1.91
1966   12    18.85    -0.14
1967    1    75.62    -3.98
1967    2    50.33    -3.00
1967    3    47.02    -1.13
1967    4    92.73     3.09
1967    5    85.43    12.06
1967    6    70.80    15.81
1967    7    28.62    21.60
1967    8    29.69    19.66
1967    9    94.75    12.20
1967   10    39.48     6.69
1967   11    31.93     0.47
1967   12    36.11    -0.02
1968    1    16.38    -4.55
1968    2    12.47     0.73
1968    3    52.76     2.16
1968    4    84.50     7.67
1968    5   117.21    12.95
1968    6   159.24    14.09
1968    7    46.07    19.01
1968    8    48.57    17.24
1968    9    74.48    13.52
1968   10    34.28     9.18
1968   11    24.53     3.59
1968   12    34.37    -0.92
1969    1    31.15    -1.89
1969    2    38.41    -2.90
1969    3    40.95     3.59
1969    4    65.11     7.17
1969    5    85.85    12.04
1969    6   148.64    14.78
1969    7    64.08    18.44
1969    8    24.08    19.54
1969    9    69.11    13.55
1969   10    73.81     6.56
1969   11    30.35     3.17
1969   12    49.66    -3.11
1970    1    66.60    -7.15
1970    2    26.63    -5.26
1970    3    16.99     3.16
1970    4    67.47     6.54
1970    5   163.18    11.40
1970    6   185.91    14.97
1970    7    46.79    19.12
1970    8    57.67    18.64
1970    9    40.44    13.10
1970   10   103.15     6.32
1970   11    41.18    -0.01
1970   12    15.48    -0.41
1971    1    19.98     0.05
1971    2    18.82     1.56
1971    3    70.82     1.70
1971    4    58.42     7.85
1971    5   103.78    12.54
1971    6    38.64    18.02
1971    7    11.09    21.79
1971    8    54.06    19.42
1971    9   118.54    10.91
1971   10    75.69     5.30
1971   11    69.96     0.43
1971   12    29.46    -0.91
1972    1    28.62    -0.79
1972    2    38.14    -2.58
1972    3    35.54     1.71
1972    4    78.05     5.55
1972    5   124.26    14.18
1972    6    92.63    15.70
1972    7    29.92    18.24
1972    8    74.11    18.88
1972    9    70.91    12.41
1972   10    36.68     7.88
1972   11    14.24     4.07
1972   12    25.21    -0.52
1973    1    23.38    -3.08
1973    2    72.35    -5.88
1973    3    38.77    -3.48
1973    4    80.56     7.24
1973    5   123.13    11.98
1973    6   200.06    14.63
1973    7    36.20    19.31
1973    8    52.56    17.69
1973    9    54.55    12.62
1973   10    34.40     5.59
1973   11    21.95     2.77
1973   12    60.72    -1.23
1974    1    17.27    -2.97
1974    2    17.19    -1.87
1974    3    62.96     2.76
1974    4    81.12     5.40
1974    5    96.72    12.24
1974    6    52.79    16.45
1974    7    70.62    17.96
1974    8    39.53    16.60
1974    9     7.80    16.17
1974   10    46.28     9.24
1974   11    43.10     3.68
1974   12    33.73    -1.89
1975    1    18.47    -2.79
1975    2    80.40    -2.84
1975    3    36.56     3.01
1975    4    93.56     6.24
1975    5   203.78    12.90
1975    6   122.86    15.03
1975    7    70.87    20.14
1975    8    42.90    20.55
1975    9    48.17    12.25
1975   10    34.81     7.25
1975   11    30.90     3.74
1975   12    26.24    -0.29
1976    1    18.18    -2.59
1976    2    42.71    -2.33
1976    3    34.94    -0.09
1976    4    68.12     4.79
1976    5   127.62    10.97
1976    6   103.29    15.88
1976    7    41.60    18.64
1976    8    27.89    19.03
1976    9    53.42    13.88
1976   10    49.81     7.14
1976   11    30.39     0.47
1976   12    56.07    -0.27
1977    1    29.64    -2.89
1977    2    24.30    -2.32
1977    3    51.12     1.48
1977    4   125.84     6.08
1977    5   127.51    11.53
1977    6   142.72    15.46
1977    7    73.55    17.45
1977    8    20.27    18.23
1977    9   118.20    12.47
1977   10   114.69     6.62
1977   11    39.48     1.69
1977   12    24.77     0.08
1978    1    44.36    -1.63
1978    2    40.69     0.37
1978    3    48.56     3.92
1978    4    63.44     8.75
1978    5   100.07    10.03
1978    6    95.09    17.05
1978    7    39.10    20.63
1978    8    66.25    19.46
1978    9    89.13    10.61
1978   10    17.47     8.55
1978   11    42.93     2.02
1978   12    11.34    -0.00
1979    1    32.04    -1.28
1979    2    31.12    -0.88
1979    3    25.00     5.66
1979    4   109.55     5.02
1979    5   132.86    11.50
1979    6    70.46    14.30
1979    7    21.48    20.31
1979    8    33.23    19.21
1979    9   107.11    11.09
1979   10    65.55     7.12
1979   11    33.37     2.79
1979   12    27.40     0.84
1980    1    54.89    -2.66
1980    2    16.06     1.02
1980    3    42.14     1.79
1980    4   118.17     4.99
1980    5   166.73    10.80
1980    6   136.11    16.49
1980    7    42.93    19.46
1980    8    60.42    17.68
1980    9    27.11    14.72
1980   10    28.56     9.81
1980   11    16.37     2.12
1980   12    24.06     1.17
1981    1    46.91     0.38
1981    2    15.77    -1.43
1981    3    31.45     5.01
1981    4    75.64     5.69
1981    5   115.55    10.14
1981    6   186.60    14.32
1981    7    42.12    19.88
1981    8    59.31    18.25
1981    9    96.06    12.70
1981   10   104.67     7.52
1981   11    62.04    -0.34
1981   12    37.98     0.23
1982    1    22.77    -0.45
1982    2    38.18    -0.64
1982    3    28.94     4.40
1982    4    72.78     8.37
1982    5   148.06    11.62
1982    6    53.35    17.81
1982    7   139.30    18.16
1982    8    38.22    17.00
1982    9    41.96    10.86
1982   10    41.34     6.54
1982   11    45.89     1.88
1982   12    22.10    -1.43
1983    1    34.51    -0.13
1983    2     9.04     0.40
1983    3    44.58     3.83
1983    4   103.48     3.92
1983    5   131.76     9.49
1983    6   166.62    17.67
1983    7    49.34    18.62
1983    8    43.73    17.70
1983    9    36.25    12.54
1983   10    88.47     8.21
1983   11    51.93     0.80
1983   12    28.32    -0.75
1984    1    16.44    -1.82
1984    2    36.45    -3.69
1984    3    30.26     3.38
1984    4    68.97     7.55
1984    5   129.28    13.15
1984    6    49.11    14.78
1984    7    39.32    20.07
1984    8    54.86    19.87
1984    9    47.44    12.91
1984   10    37.07     7.83
1984   11    17.42     2.44
1984   12     8.66     1.45
1985    1    29.08    -0.83
1985    2    42.71    -2.90
1985    3    79.61    -3.55
1985    4    48.82     2.97
1985    5    91.58    12.52
1985    6    95.20    15.99
1985    7    39.61    19.15
1985    8    26.15    19.79
1985    9    66.12    16.14
1985   10    75.89     8.10
1985   11    61.70     2.28
1985   12    14.67    -1.13
1986    1    23.84    -0.28
1986    2    28.80    -3.05
1986    3    53.06     0.22
1986    4   112.14     7.11
1986    5   138.79    13.05
1986    6   121.51    16.21
1986    7    20.87    22.42
1986    8    20.87    20.31
1986    9    35.70    11.42
1986   10    78.82     9.84
1986   11    33.99     4.53
1986   12    45.34    -1.69
1987    1    31.13    -1.85
1987    2    48.68    -2.57
1987    3    58.50     1.10
1987    4    59.95     8.38
1987    5   126.19    10.42
1987    6   116.70    16.44
1987    7    52.02    20.67
1987    8    77.58    20.32
1987    9    69.44    14.05
1987   10    61.02     7.89
1987   11    83.57     0.62
1987   12    13.48    -0.72
1988    1     7.60    -0.80
1988    2    26.13     1.40
1988    3    19.10     4.15
1988    4    55.68     6.81
1988    5   144.91    11.54
1988    6    66.37    16.82
1988    7    17.66    23.10
1988    8    83.63    17.91
1988    9    96.70    10.74
1988   10    44.44     7.65
1988   11    34.18     0.27
1988   12    30.90     0.36
1989    1    35.07    -1.86
1989    2    24.06    -1.21
1989    3    50.83     2.35
1989    4    94.84     8.17
1989    5   137.71    11.98
1989    6   110.98    16.14
1989    7    33.70    21.22
1989    8    34.74    21.90
1989    9   105.25    14.59
1989   10    50.22     7.82
1989   11    24.99     3.75
1989   12    48.62    -2.22
1990    1    28.94     0.23
1990    2    39.63     1.57
1990    3    61.50     0.71
1990    4    55.24     3.64
1990    5    87.19    12.98
1990    6    80.42    17.99
1990    7    41.08    19.75
1990    8    41.45    20.38
1990    9    28.95    15.84
1990   10    44.14     8.93
1990   11    15.97    -0.41
1990   12    69.56    -1.36
1991    1    38.21    -3.78
1991    2    13.76    -0.98
1991    3    44.79     3.65
1991    4   117.50     1.83
1991    5   121.58    13.16
1991    6   175.97    15.62
1991    7    31.58    17.94
1991    8    16.84    21.21
1991    9   155.37    12.10
1991   10    53.58     8.55
1991   11    23.62     3.27
1991   12     9.89    -1.09
1992    1    32.08    -0.70
1992    2    37.04     0.66
1992    3    39.12     3.46
1992    4    39.98     6.91
1992    5   124.97    10.60
1992    6   121.55    16.20
1992    7    49.03    18.91
1992    8    30.62    20.02
1992    9    50.03    11.79
1992   10   128.16     8.25
1992   11   117.12     3.79
1992   12    31.56     0.05
1993    1    15.01     2.00
1993    2    58.27    -0.96
1993    3    69.42     0.83
1993    4    94.28     5.01
1993    5    51.40    12.34
1993    6   179.67    16.50
1993    7   107.32    17.21
1993    8    27.49    20.44
1993    9   107.01    11.76
1993   10    69.51     7.08
1993   11    30.04     3.77
1993   12    47.11    -4.74
1994    1    27.15    -1.98
1994    2    24.73    -1.10
1994    3    32.35     3.59
1994    4    65.27     6.63
1994    5    94.16    12.17
1994    6   115.28    15.89
1994    7    18.47    21.12
1994    8   132.63    19.49
1994    9    63.28    12.59
1994   10    21.23     4.58
1994   11    20.63     3.82
1994   12     9.45    -2.63
1995    1    16.76    -1.94
1995    2    26.44    -0.37
1995    3    45.41     2.03
1995    4    73.51     7.40
1995    5    86.45    14.27
1995    6    98.39    15.45
1995    7    57.85    22.00
1995    8    82.06    17.74
1995    9    52.96    11.55
1995   10    29.33     8.03
1995   11    33.95     5.22
1995   12    18.22     0.50
1996    1    41.68    -1.50
1996    2    22.40    -1.75
1996    3    34.37     4.11
1996    4    56.99     4.96
1996    5   157.05    13.28
1996    6    20.62    20.54
1996    7    55.00    18.60
1996    8    78.98    18.10
1996    9    77.62    14.18
1996   10    40.88     7.40
1996   11    15.84     2.09
1996   12    23.04    -0.83
1997    1    22.07    -2.25
1997    2    58.69    -2.70
1997    3    31.97     0.55
1997    4    64.09     8.60
1997    5   105.83    13.44
1997    6   100.44    18.88
1997    7    51.09    19.09
1997    8    44.93    20.02
1997    9    92.36    13.50
1997   10    63.83     7.83
1997   11    34.83     1.05
1997   12    29.50     0.72
1998    1    29.16    -0.13
1998    2    58.57    -2.54
1998    3    62.77     3.16
1998    4    76.47     7.69
1998    5   110.16    14.17
1998    6   148.99    17.41
1998    7    63.23    20.03
1998    8   110.81    19.26
1998    9    74.90    13.58
1998   10    41.20     9.91
1998   11    34.93     4.42
1998   12    49.35    -0.38
1999    1    18.91    -1.35
1999    2    36.16    -0.03
1999    3    62.87     0.07
1999    4    72.27     7.55
1999    5   151.33     8.90
1999    6    87.25    16.64
1999    7    40.76    19.54
1999    8    60.44    20.83
1999    9    65.32    12.09
1999   10    53.41     7.06
1999   11    16.54     4.40
1999   12    24.92     1.28
2000    1    33.84    -1.46
2000    2    10.94     0.07
2000    3    23.86     3.50
2000    4   105.06     6.94
2000    5    79.71    13.92
2000    6   145.26    16.01
2000    7    22.96    23.25
2000    8    38.96    21.09
2000    9    38.11    15.25
2000   10    87.95     7.79
2000   11    31.69     3.36
2000   12    19.25    -0.54
2001    1    26.30    -0.02
2001    2    35.48    -3.27
2001    3    31.67    -0.52
2001    4    55.51     9.26
2001    5   111.66    12.76
2001    6   183.27    16.80
2001    7    77.20    18.95
2001    8    74.07    18.35
2001    9    40.48    15.76
2001   10    90.38     8.33
2001   11    28.76     5.19
2001   12    53.62     0.57
2002    1    46.65     2.64
2002    2    55.98     2.37
2002    3    35.77     5.38
2002    4    76.23     7.94
2002    5   105.07    13.79
2002    6   116.37    18.08
2002    7    46.98    21.06
2002    8    27.99    21.79
2002    9    89.62    13.48
2002   10    15.78     9.18
2002   11    96.92     4.46
2002   12    42.11    -1.24
2003    1    26.38    -0.52
2003    2    15.30     1.53
2003    3    46.80     4.27
2003    4    99.91     6.01
2003    5   157.59    11.84
2003    6    49.52    17.60
2003    7    51.61    21.29
2003    8    44.88    21.97
2003    9    73.65    13.49
2003   10   111.80     7.76
2003   11    30.35     4.16
2003   12    17.73    -0.30
2004    1    38.26    -1.05
2004    2    36.91     1.37
2004    3    55.66     1.56
2004    4   112.53     6.28
2004    5   207.73    12.44
2004    6   123.16    16.98
2004    7    19.73    23.22
2004    8    62.53    19.74
2004    9    36.04    16.83
2004   10    59.52     6.14
2004   11    54.02     2.89
2004   12    39.14    -0.24
2005    1    30.06     0.68
2005    2    33.17    -0.15
2005    3    54.34     2.11
2005    4    38.18     5.93
2005    5    81.10    12.64
2005    6   118.45    16.07
2005    7    48.57    18.76
2005    8    60.42    19.39
2005    9    33.25    15.02
2005   10    62.48     6.92
2005   11    34.96     4.21
2005   12    37.66     0.97
