1850    1    27.84     0.14
1850    2     8.07    -0.61
1850    3    44.99     3.08
1850    4    49.83     8.34
1850    5   128.90    11.55
1850    6    46.42    17.41
1850    7    59.89    21.43
1850    8    50.05    20.63
1850    9    90.26    13.77
1850   10    29.34     9.83
1850   11    27.33     3.70
1850   12    70.10    -0.29
1851    1     8.75     0.13
1851    2    21.92     2.34
1851    3    64.85     3.45
1851    4    77.46     7.21
1851    5    84.74    12.55
1851    6   135.42    17.79
1851    7    35.47    21.07
1851    8    26.20    21.14
1851    9    15.82    17.71
1851   10    39.60     5.86
1851   11    33.34     5.03
1851   12    21.24     1.48
1852    1    24.97     1.54
1852    2    47.48    -1.72
1852    3    26.67     3.65
1852    4    33.97     9.07
1852    5    99.37    13.74
1852    6   111.34    16.85
1852    7    47.87    21.46
1852    8    39.25    20.46
1852    9    63.76    12.72
1852   10    37.94     8.77
1852   11    26.39     3.82
1852   12    16.91     1.83
1853    1    15.98    -0.86
1853    2    36.18     0.62
1853    3    52.77     2.43
1853    4    41.10     8.65
1853    5   145.48    12.33
1853    6   109.62    16.81
1853    7    26.19    21.30
1853    8    56.23    18.43
1853    9   110.83    12.55
1853   10    38.69     6.50
1853   11    29.03     0.44
1853   12    13.09    -1.09
1854    1    18.78    -2.57
1854    2    20.40     0.75
1854    3    37.14     1.97
1854    4    58.91     8.67
1854    5    80.19    15.26
1854    6    31.54    18.43
1854    7    28.43    20.42
1854    8    36.27    22.21
1854    9    75.86    13.44
1854   10    32.90     7.72
1854   11    52.59     5.50
1854   12    13.81    -0.10
1855    1    37.71    -2.16
1855    2    10.83     0.12
1855    3    34.24     4.33
1855    4    43.54     6.00
1855    5    97.76    14.63
1855    6    74.72    17.73
1855    7    43.03    20.57
1855    8     9.41    23.21
1855    9    28.32    15.84
1855   10    68.06     9.91
1855   11    31.28     4.04
1855   12    75.21     0.32
1856    1    23.37    -2.65
1856    2    35.65     0.26
1856    3    36.11     5.56
1856    4    44.92     8.40
1856    5    88.02    14.22
1856    6    90.16    17.08
1856    7    34.37    20.86
1856    8    16.55    22.42
1856    9    34.87    16.42
1856   10    47.93    11.65
1856   11    56.33     3.02
1856   12    58.52    -3.16
1857    1    32.08    -3.36
1857    2    15.53     0.30
1857    3    31.53     3.69
1857    4    88.74     6.44
1857    5    86.73    13.75
1857    6    67.52    18.53
1857    7     5.42    23.49
1857    8    72.56    20.71
1857    9   120.71    12.59
1857   10    38.72     7.21
1857   11    29.77     2.22
1857   12    47.95     1.64
1858    1    33.68    -1.94
1858    2    39.32    -1.49
1858    3    25.98     6.13
1858    4    67.69     8.61
1858    5   104.93    13.85
1858    6    88.98    17.84
1858    7     5.37    25.83
1858    8    31.48    22.53
1858    9    37.23    18.61
1858   10    81.75     9.83
1858   11    19.99     1.78
1858   12    20.05    -0.02
1859    1     6.95     0.90
1859    2    18.71     2.85
1859    3    58.92     1.86
1859    4    37.64     7.72
1859    5    91.73    10.53
1859    6   162.59    16.71
1859    7    62.63    20.54
1859    8    39.54    20.92
1859    9    27.27    18.40
1859   10   136.61     7.54
1859   11    54.57     3.24
1859   12    23.72     1.11
1860    1    14.85    -0.02
1860    2    42.12     0.10
1860    3    66.53     4.91
1860    4    73.47     6.58
1860    5   109.70    12.57
1860    6    76.01    18.16
1860    7    12.75    19.14
1860    8    12.32    23.17
1860    9    93.82    14.34
1860   10    78.85     7.20
1860   11    35.68     4.03
1860   12    49.76    -0.26
1861    1    49.16    -1.25
1861    2    30.71    -3.45
1861    3    44.25     4.51
1861    4    69.45     8.40
1861    5    78.44    11.68
1861    6   154.87    15.62
1861    7    78.50    18.55
1861    8    43.61    20.34
1861    9   105.22    15.48
1861   10    92.38     9.00
1861   11    20.45     1.69
1861   12    45.62    -4.12
1862    1    38.34    -2.93
1862    2    34.14    -1.52
1862    3    29.40     0.36
1862    4   120.52     6.49
1862    5    95.05    12.74
1862    6    40.94    19.24
1862    7    40.91    20.60
1862    8    59.72    17.26
1862    9    28.84    14.86
1862   10    46.48     6.56
1862   11    44.01     3.10
1862   12    23.67     1.40
1863    1    24.65    -2.37
1863    2    35.10     1.99
1863    3    64.42     0.66
1863    4    58.67     8.93
1863    5   152.35    11.67
1863    6    87.47    17.09
1863    7    43.40    20.44
1863    8    14.60    21.61
1863    9    54.17    15.93
1863   10    46.51     9.97
1863   11    84.17     5.65
1863   12    23.28     0.72
1864    1    30.38    -1.58
1864    2    16.48     3.49
1864    3    26.46     4.76
1864    4    23.14    10.01
1864    5   109.08    13.20
1864    6   139.10    15.87
1864    7    38.11    18.24
1864    8    36.08    19.85
1864    9    41.39    14.89
1864   10    56.52     7.50
1864   11    16.61     4.87
1864   12    48.32     0.82
1865    1    80.03    -5.98
1865    2    29.92    -0.77
1865    3    37.46     4.66
1865    4   126.93     5.84
1865    5    64.02    13.42
1865    6    78.43    16.90
1865    7     9.77    22.76
1865    8    54.43    20.73
1865    9    62.68    13.09
1865   10    48.67     5.93
1865   11    36.11     4.26
1865   12     7.12     0.10
1866    1    10.31     0.53
1866    2    26.13    -0.78
1866    3    99.30     1.03
1866    4    66.71     6.73
1866    5    83.40    12.04
1866    6    32.45    17.14
1866    7    10.19    21.86
1866    8   122.74    18.67
1866    9    18.17    15.22
1866   10   108.21     6.75
1866   11    40.51     1.79
1866   12    47.43    -1.29
1867    1    11.30    -1.33
1867    2    19.44     0.40
1867    3    26.04    -1.42
1867    4    43.09    10.83
1867    5    94.78    13.81
1867    6   108.72    16.29
1867    7    31.00    22.40
1867    8    73.82    18.91
1867    9    30.73    14.03
1867   10    49.28    10.86
1867   11    28.39     4.65
1867   12    58.91    -1.51
1868    1    15.12    -0.52
1868    2    51.85     1.31
1868    3    55.81     2.67
1868    4    74.70     7.28
1868    5    73.24    12.32
1868    6   103.82    18.00
1868    7    44.66    19.24
1868    8    12.51    22.32
1868    9   117.89    15.86
1868   10    24.70     8.73
1868   11    47.92     4.14
1868   12     4.58    -0.47
1869    1    40.08    -3.95
1869    2    48.29    -1.47
1869    3    52.06     1.44
1869    4    25.74     6.50
1869    5    87.00    11.67
1869    6   110.08    18.27
1869    7    84.68    19.77
1869    8    33.59    20.21
1869    9    88.26    13.57
1869   10    66.08    10.09
1869   11    12.97     4.69
1869   12    37.32    -1.75
1870    1    18.65    -0.75
1870    2     9.07     1.40
1870    3    33.78     5.93
1870    4    68.92     8.08
1870    5    42.67    13.41
1870    6    67.08    17.22
1870    7    21.53    24.45
1870    8    40.51    21.63
1870    9    89.04    13.26
1870   10    30.40     5.94
1870   11    58.78     5.36
1870   12    16.14     0.29
1871    1    31.86    -1.49
1871    2    40.27     1.96
1871    3    54.91     1.20
1871    4    56.31     7.73
1871    5    71.34    14.50
1871    6   116.04    17.31
1871    7    26.55    21.56
1871    8    68.02    17.36
1871    9    60.78    13.54
1871   10    42.06     8.12
1871   11    22.77     4.69
1871   12    16.58     1.58
1872    1    21.36    -0.64
1872    2    37.81    -0.17
1872    3    42.28     1.21
1872    4    32.69     9.89
1872    5    44.22    14.26
1872    6    92.88    17.18
1872    7    13.60    24.20
1872    8    43.91    21.20
1872    9    19.75    15.05
1872   10    47.11     9.88
1872   11    59.35     6.47
1872   12     8.71     0.21
1873    1    39.96    -0.97
1873    2    19.61     2.00
1873    3    44.43     4.96
1873    4    66.19     8.75
1873    5   126.15    12.65
1873    6   111.51    16.75
1873    7    66.07    20.04
1873    8    52.08    20.19
1873    9   102.11    13.17
1873   10    37.40     8.24
1873   11    45.77     2.07
1873   12    20.32     1.68
1874    1    36.80    -1.74
1874    2    68.22    -4.67
1874    3    45.17     0.25
1874    4    79.06     7.47
1874    5   100.31    11.91
1874    6    70.14    17.49
1874    7     8.46    21.70
1874    8    79.24    19.82
1874    9    48.01    14.96
1874   10    47.42     7.73
1874   11    46.75    -0.95
1874   12    13.29    -0.05
1875    1    29.34    -0.95
1875    2    12.80    -6.15
1875    3    29.44     1.93
1875    4    51.36     8.16
1875    5    50.37    13.93
1875    6    78.71    18.79
1875    7     3.28    24.08
1875    8    13.95    23.26
1875    9    65.50    15.97
1875   10    31.74     9.52
1875   11    11.72     4.76
1875   12    16.54     1.75
1876    1    31.47    -1.40
1876    2    33.29     1.92
1876    3    49.35     4.10
1876    4    41.03    10.24
1876    5   121.99    14.45
1876    6   115.32    18.92
1876    7    67.87    19.92
1876    8    42.07    18.81
1876    9    84.31    15.40
1876   10    35.52     7.81
1876   11    55.36     3.18
1876   12    28.38    -0.61
1877    1    29.94     0.00
1877    2    33.33    -1.64
1877    3    42.16     2.12
1877    4    65.17     6.71
1877    5   109.79    11.42
1877    6    45.16    17.86
1877    7    21.68    23.20
1877    8    33.47    20.68
1877    9    32.14    17.01
1877   10    36.64     9.76
1877   11    23.93     1.84
1877   12    13.48     0.79
1878    1    19.32     0.65
1878    2     8.82     0.24
1878    3    52.95     3.56
1878    4    84.89     5.86
1878    5    70.91    13.80
1878    6    64.79    15.78
1878    7    17.83    21.75
1878    8    14.83    21.70
1878    9    34.55    16.35
1878   10    48.67     8.06
1878   11    47.40     3.36
1878   12    17.72     0.03
1879    1    18.10    -1.47
1879    2    14.10    -0.41
1879    3    43.30     4.58
1879    4    73.57     9.13
1879    5   126.56    13.16
1879    6    99.14    15.14
1879    7    29.15    21.09
1879    8    30.22    20.39
1879    9    59.46    16.56
1879   10    44.30     6.40
1879   11    50.79     0.38
1879   12    17.49    -7.18
1880    1    17.18    -0.29
1880    2    22.23     0.66
1880    3    54.94     3.14
1880    4   109.39     7.86
1880    5    94.93    13.08
1880    6    72.56    16.57
1880    7    33.33    20.84
1880    8    23.17    21.17
1880    9    36.03    17.58
1880   10    25.97     8.95
1880   11    23.20     4.09
1880   12     6.18     1.28
1881    1    29.02    -0.90
1881    2    28.65    -0.08
1881    3    71.60     1.88
1881    4    59.76     9.20
1881    5   102.93    13.83
1881    6   119.43    15.78
1881    7    39.33    21.68
1881    8    31.21    20.93
1881    9    76.19    15.60
1881   10    53.86     9.83
1881   11    21.41     2.98
1881   12    30.18     0.96
1882    1    19.31    -1.23
1882    2    33.00     0.39
1882    3    26.13     0.92
1882    4    76.78     8.08
1882    5   131.07    13.44
1882    6    64.76    17.89
1882    7    34.04    21.98
1882    8    71.95    18.97
1882    9   115.46    13.10
1882   10    37.40     9.29
1882   11    42.46     3.15
1882   12    32.82     0.64
1883    1    10.68    -2.11
1883    2    24.06    -0.67
1883    3    50.26     1.87
1883    4   120.29     7.52
1883    5    92.77    14.23
1883    6    99.65    18.87
1883    7    33.94    21.49
1883    8    41.39    18.50
1883    9    53.19    12.70
1883   10    48.62     8.72
1883   11    30.42     5.62
1883   12    26.45     1.78
1884    1    39.29    -3.42
1884    2    41.12    -0.57
1884    3    59.48     3.50
1884    4    92.92     5.81
1884    5   141.03    12.74
1884    6   115.30    16.04
1884    7    34.18    19.79
1884    8    63.29    17.38
1884    9    43.80    12.89
1884   10    68.74     9.19
1884   11    21.46     4.35
1884   12    21.54    -0.21
1885    1    10.58     0.67
1885    2    25.86    -1.86
1885    3    60.92     1.53
1885    4    95.54     4.35
1885    5   132.77     9.56
1885    6   121.50    15.28
1885    7    69.06    16.78
1885    8    70.16    18.16
1885    9    48.44    14.79
1885   10    67.36     8.93
1885   11    29.61     4.57
1885   12    55.18    -0.33
1886    1     8.43     0.34
1886    2    25.66     1.25
1886    3    55.18    -2.98
1886    4    78.28     6.89
1886    5    71.74    13.12
1886    6    19.19    19.92
1886    7    25.74    23.15
1886    8    45.41    20.40
1886    9    55.46    13.66
1886   10    63.20     8.15
1886   11    17.40     3.16
1886   12    13.77    -0.09
1887    1    38.49    -4.54
1887    2    11.28     0.17
1887    3    15.62     4.36
1887    4    66.72     9.49
1887    5    91.07    12.85
1887    6    30.84    19.59
1887    7    66.09    21.79
1887    8    83.50    21.36
1887    9    51.51    14.88
1887   10    46.01     6.52
1887   11    82.86    -0.19
1887   12    36.05    -1.12
1888    1    14.84    -0.59
1888    2    65.39    -0.78
1888    3   105.21    -0.55
1888    4    84.01     6.49
1888    5    82.00    12.64
1888    6    74.13    16.93
1888    7    16.48    21.32
1888    8    40.22    21.50
1888    9    75.94    13.27
1888   10    59.97     8.05
1888   11    66.24     4.00
1888   12    43.52    -1.67
1889    1    23.13    -5.38
1889    2    11.23    -0.02
1889    3    39.59     1.10
1889    4    50.97    10.52
1889    5   177.21    13.72
1889    6    81.49    17.53
1889    7    40.87    21.07
1889    8    50.13    18.70
1889    9    52.85    16.36
1889   10    28.98    10.08
1889   11    25.22     6.50
1889   12    17.29    -2.15
1890    1    32.68    -3.91
1890    2     7.06     3.69
1890    3    45.36     4.13
1890    4   103.56     6.16
1890    5   123.00    13.57
1890    6    55.40    16.79
1890    7    28.58    20.66
1890    8    66.50    19.05
1890    9    74.32    13.53
1890   10    37.17     9.79
1890   11    32.03     4.30
1890   12    18.99     1.63
1891    1    21.43     0.16
1891    2    17.48     1.68
1891    3    69.61     4.81
1891    4    24.27     8.12
1891    5   141.48    12.36
1891    6   160.03    14.57
1891    7    42.30    18.40
1891    8     9.11    21.13
1891    9   101.42    12.44
1891   10    65.83     5.60
1891   11    60.37     2.57
1891   12    22.45     0.93
1892    1    36.32    -0.90
1892    2    45.34    -0.72
1892    3    35.30     5.92
1892    4    97.40     4.93
1892    5   113.97    13.13
1892    6    68.80    17.85
1892    7    22.31    20.80
1892    8    62.63    18.88
1892    9    58.21    14.31
1892   10    37.07     7.97
1892   11    24.52     3.72
1892   12    11.65    -0.50
1893    1    36.16    -0.76
1893    2    57.20    -4.52
1893    3    23.10     5.13
1893    4    33.41     8.59
1893    5    69.60    13.92
1893    6    67.86    17.05
1893    7    42.99    22.29
1893    8    31.56    21.71
1893    9    29.84    13.81
1893   10    91.07     5.53
1893   11    55.28     0.71
1893   12     8.95    -2.45
1894    1    13.10    -1.65
1894    2    14.58     2.16
1894    3    44.68     0.47
1894    4    84.82     9.08
1894    5    50.08    16.41
1894    6    98.80    18.65
1894    7    73.22    20.37
1894    8    24.95    21.48
1894    9    97.46    15.27
1894   10    16.97     8.64
1894   11    44.01     3.37
1894   12    25.58    -0.80
1895    1    12.15    -0.25
1895    2    39.36     2.14
1895    3    22.59     5.78
1895    4   142.32     8.85
1895    5   132.83    11.43
1895    6   149.97    15.45
1895    7    17.17    21.33
1895    8    82.25    18.42
1895    9    45.62    12.17
1895   10    39.51     5.63
1895   11    41.31     3.13
1895   12     8.52    -0.28
1896    1    44.08    -1.55
1896    2    48.55    -0.64
1896    3    35.77    -0.22
1896    4    83.32     8.56
1896    5    61.19    12.16
1896    6    97.93    16.54
1896    7    56.01    20.59
1896    8    25.08    21.67
1896    9    79.93    16.26
1896   10    33.84     9.67
1896   11    33.82     2.12
1896   12    36.95    -0.07
1897    1    10.99     1.15
1897    2    11.33     0.56
1897    3    31.34     4.96
1897    4    97.23     5.84
1897    5   120.78    11.72
1897    6   106.43    15.22
1897    7    59.25    19.98
1897    8    59.73    18.96
1897    9    87.72    13.77
1897   10    46.70     8.29
1897   11    56.89     6.12
1897   12    62.19    -0.44
1898    1    39.19    -0.18
1898    2    12.52     2.41
1898    3    51.19     4.74
1898    4    78.34     7.98
1898    5   124.09    11.29
1898    6   119.54    16.42
1898    7    43.18    20.26
1898    8    63.73    19.11
1898    9    43.00    14.74
1898   10    53.37     8.53
1898   11    42.59     4.67
1898   12    32.96     1.77
1899    1     6.18    -0.94
1899    2    38.55     2.45
1899    3    51.95     3.17
1899    4    28.66     5.45
1899    5   131.35    12.49
1899    6    43.99    17.08
1899    7    37.15    21.18
1899    8    50.55    20.72
1899    9    45.31    15.04
1899   10    50.54     7.02
1899   11    21.00     3.89
1899   12    36.23     1.90
1900    1    17.43    -1.70
1900    2    12.61     4.03
1900    3    59.84     5.87
1900    4    32.77    10.59
1900    5    82.57    13.16
1900    6   110.68    17.66
1900    7    72.96    19.39
1900    8    31.75    19.37
1900    9    25.46    17.25
1900   10    62.59     9.19
1900   11    58.30     2.21
1900   12    30.13     0.43
1901    1    21.77    -1.86
1901    2    11.38     1.85
1901    3    35.12     3.92
1901    4    57.76    11.53
1901    5   132.94    13.11
1901    6    53.16    18.18
1901    7    33.64    22.08
1901    8    48.35    20.09
1901    9    78.85    13.41
1901   10    46.29    10.26
1901   11    40.59     5.82
1901   12    31.28     1.01
1902    1    32.12     0.62
1902    2    57.41     2.51
1902    3    37.14     2.21
1902    4   130.77     4.17
1902    5    99.98    10.25
1902    6   112.72    14.96
1902    7    56.37    20.13
1902    8    97.75    18.55
1902    9    68.74    11.52
1902   10    46.50     7.41
1902   11    48.13     2.94
1902   12    18.58     0.49
1903    1    16.43    -1.87
1903    2    24.91    -0.35
1903    3    80.57     2.18
1903    4    42.54     5.16
1903    5   101.16    11.28
1903    6    42.12    17.92
1903    7    26.56    19.60
1903    8    60.31    18.56
1903    9    42.55    14.46
1903   10    44.58     7.12
1903   11    16.12     3.89
1903   12    11.02    -2.97
1904    1    21.49    -0.52
1904    2    24.56     0.14
1904    3    55.38     4.30
1904    4    57.93     7.69
1904    5   102.02    13.38
1904    6    89.90    16.19
1904    7    11.43    22.70
1904    8    27.87    21.16
1904    9    54.47    13.74
1904   10    44.89     6.90
1904   11    10.85     5.04
1904   12    11.01    -2.16
1905    1    48.58    -0.66
1905    2    44.49    -3.72
1905    3    38.64     2.05
1905    4    44.82     6.35
1905    5    90.63    15.09
1905    6    68.41    18.73
1905    7    75.66    19.65
1905    8    19.17    21.75
1905    9    80.46    12.08
1905   10    97.62     6.86
1905   11    47.78     2.95
1905   12    24.20    -1.25
1906    1    35.59    -2.62
1906    2    21.40    -0.69
1906    3    37.07     2.91
1906    4    51.31     7.14
1906    5    85.57    13.48
1906    6   114.90    14.98
1906    7    35.82    19.33
1906    8     9.23    22.12
1906    9    11.34    18.21
1906   10   113.93     5.50
1906   11    72.70     1.65
1906   12   126.87    -2.74
1907    1    16.36    -1.75
1907    2    49.70    -0.54
1907    3    33.93     1.89
1907    4    56.84     5.24
1907    5    65.01    14.95
1907    6    80.83    14.65
1907    7    61.38    17.93
1907    8    51.57    18.22
1907    9   147.35    13.04
1907   10    45.46     6.41
1907   11    55.85     2.28
1907   12    22.86     0.05
1908    1    17.34    -2.31
1908    2     7.50     0.82
1908    3    47.64     1.92
1908    4    45.64     8.22
1908    5    91.93    13.17
1908    6   100.04    17.48
1908    7    15.65    22.24
1908    8    41.80    18.78
1908    9    87.67    15.68
1908   10    47.19     9.39
1908   11    26.34     4.35
1908   12    33.09     1.64
1909    1    46.90     0.82
1909    2    34.25    -0.80
1909    3    31.23     0.89
1909    4    83.15     5.56
1909    5   139.24    11.46
1909    6    95.49    16.01
1909    7    34.14    18.69
1909    8    36.92    18.90
1909    9    33.29    17.28
1909   10   151.55     7.42
1909   11    20.12     4.16
1909   12    11.52     2.92
1910    1    35.48    -1.18
1910    2    15.83    -2.72
1910    3    48.42     2.67
1910    4    53.46     8.47
1910    5   111.69    11.23
1910    6   143.35    16.19
1910    7    35.33    19.46
1910    8    12.87    23.18
1910    9    23.45    17.52
1910   10    64.10    11.03
1910   11    27.70     2.87
1910   12    21.90    -1.07
1911    1    13.04    -0.03
1911    2    25.37     0.47
1911    3    25.15     3.39
1911    4    62.14    12.57
1911    5    76.25    14.59
1911    6    70.76    16.89
1911    7     8.29    24.08
1911    8    35.64    23.28
1911    9    12.00    17.14
1911   10    96.23     7.35
1911   11    22.20     3.33
1911   12    21.44     0.31
1912    1    25.35    -2.43
1912    2    13.05    -1.03
1912    3    38.43     3.41
1912    4    90.54     8.56
1912    5    97.01    15.20
1912    6    46.29    17.90
1912    7    56.76    19.67
1912    8    77.29    19.32
1912    9    46.90    15.01
1912   10    37.60     7.90
1912   11    15.23     2.57
1912   12    26.09    -3.88
1913    1    22.30    -2.00
1913    2    16.68    -0.54
1913    3    29.86     3.70
1913    4    58.53     8.96
1913    5    85.28    11.09
1913    6    54.49    18.46
1913    7    86.26    19.68
1913    8    28.06    18.13
1913    9    36.11    15.46
1913   10    44.36     9.95
1913   11     6.02     6.10
1913   12    17.67    -0.26
1914    1    15.65     1.70
1914    2    30.22     0.52
1914    3    73.41     1.18
1914    4   106.98     4.12
1914    5   154.03    13.48
1914    6    61.66    17.79
1914    7    21.36    21.11
1914    8    20.09    21.22
1914    9   125.60    12.12
1914   10    59.04     7.16
1914   11    53.12     2.77
1914   12    21.48    -0.11
1915    1    11.96    -1.81
1915    2    45.03    -2.45
1915    3    30.94     4.10
1915    4    28.87     9.84
1915    5    78.30    10.51
1915    6    56.66    17.23
1915    7    24.87    21.40
1915    8    17.12    23.96
1915    9    32.29    13.28
1915   10    45.46     9.11
1915   11    60.70     4.39
1915   12    21.67     1.15
1916    1    21.07    -0.91
1916    2    27.08     1.91
1916    3    32.35     6.09
1916    4    42.89     9.44
1916    5    71.53    16.16
1916    6    88.69    17.18
1916    7    55.02    19.33
1916    8    18.30    23.32
1916    9    45.13    17.33
1916   10    54.61     7.66
1916   11    25.43     4.95
1916   12    17.47     0.44
1917    1    38.62    -1.76
1917    2    28.07     1.02
1917    3    35.93    -0.94
1917    4    64.41     8.83
1917    5    49.44    14.58
1917    6    54.49    17.48
1917    7    27.05    22.13
1917    8    47.15    21.40
1917    9    17.90    16.67
1917   10    35.29    11.03
1917   11    54.58     5.57
1917   12    29.75    -1.51
1918    1    21.35    -0.93
1918    2    49.09     2.68
1918    3    39.90    -3.14
1918    4    67.64     6.76
1918    5   102.96    12.69
1918    6    68.61    16.94
1918    7    13.97    22.23
1918    8    47.21    18.62
1918    9    50.79    14.76
1918   10    65.44     9.37
1918   11    20.31     2.81
1918   12    23.27    -1.73
1919    1     9.10    -1.94
1919    2    22.19    -0.44
1919    3    78.69     3.59
1919    4    73.50    11.54
1919    5    81.03    14.30
1919    6    61.89    18.92
1919    7    19.62    23.33
1919    8    30.97    22.01
1919    9    60.78    14.82
1919   10    47.21     8.47
1919   11    40.12     5.75
1919   12    18.12     0.97
1920    1    23.43     2.13
1920    2    40.98    -3.50
1920    3    53.86     2.15
1920    4    59.87     9.00
1920    5   102.94    13.02
1920    6   131.74    15.32
1920    7    47.18    20.87
1920    8    54.38    20.21
1920    9    92.46    13.79
1920   10    95.07     8.81
1920   11    60.50     2.29
1920   12    11.64     2.15
1921    1    17.68     0.40
1921    2    33.14    -0.87
1921    3    52.96     4.31
1921    4    54.51     8.75
1921    5   113.49    12.33
1921    6    43.70    18.48
1921    7    18.44    21.87
1921    8    27.27    21.60
1921    9    93.14    15.01
1921   10    53.35    10.11
1921   11    55.06     3.67
1921   12    49.09    -0.93
1922    1     8.86     0.18
1922    2    12.10     0.95
1922    3    17.05     4.45
1922    4    59.49     7.54
1922    5   138.24    13.47
1922    6   157.47    16.62
1922    7    15.57    20.02
1922    8    25.82    21.05
1922    9    82.02    14.23
1922   10   108.49     7.33
1922   11    23.90     4.05
1922   12    29.38    -1.71
1923    1    22.06    -1.06
1923    2    14.15    -1.44
1923    3    66.32     4.85
1923    4    62.25     6.95
1923    5    69.86    15.89
1923    6    56.23    19.31
1923    7    79.83    19.70
1923    8    68.05    19.00
1923    9    75.83    15.26
1923   10   126.18    11.03
1923   11    20.71     6.21
1923   12    26.45     0.13
1924    1    38.66    -2.49
1924    2    41.80     1.16
1924    3    14.62     5.47
1924    4    85.48     8.20
1924    5   185.91    10.06
1924    6    38.65    19.32
1924    7    26.52    22.14
1924    8    81.10    20.20
1924    9   116.19    14.16
1924   10   119.55     8.42
1924   11    13.95     2.39
1924   12    21.28     0.97
1925    1    15.75    -1.13
1925    2    42.80    -0.78
1925    3    27.31     1.94
1925    4    37.50     9.78
1925    5    69.39    11.85
1925    6    49.98    17.87
1925    7    20.17    21.75
1925    8    44.45    18.10
1925    9    54.79    17.01
1925   10    35.81    10.02
1925   11    26.11     3.83
1925   12    45.36     0.49
1926    1    32.19    -0.30
1926    2     4.05     0.05
1926    3    77.52    -0.19
1926    4    31.37    11.32
1926    5   147.44    13.41
1926    6   208.76    16.11
1926    7    40.44    18.60
1926    8    30.22    21.08
1926    9    20.27    19.56
1926   10   129.12     7.22
1926   11    27.28     2.88
1926   12    44.43    -0.46
1927    1    21.67    -2.98
1927    2    14.74     0.80
1927    3    67.02     2.92
1927    4    61.44     6.70
1927    5    96.79    13.23
1927    6   179.75    16.11
1927    7    43.48    19.34
1927    8    36.75    20.09
1927    9    26.57    17.88
1927   10   101.80     7.79
1927   11    19.81     5.11
1927   12    34.88     0.79
1928    1    22.80     0.84
1928    2    55.21    -4.11
1928    3    52.53     1.47
1928    4    65.35    10.24
1928    5   172.01    11.90
1928    6    84.67    17.24
1928    7    28.44    20.77
1928    8    55.98    20.44
1928    9    62.61    12.69
1928   10    85.82     5.97
1928   11    26.89     2.00
1928   12    15.59    -0.59
1929    1     9.62    -0.36
1929    2    18.31     1.49
1929    3    51.50     2.59
1929    4    82.45     7.52
1929    5   108.64    14.04
1929    6    81.88    15.47
1929    7    14.24    21.84
1929    8    51.20    19.64
1929    9    54.45    13.49
1929   10   126.73     4.94
1929   11    27.97     2.61
1929   12    16.39     0.89
1930    1    11.87    -2.10
1930    2    20.15     1.48
1930    3    21.80     4.64
1930    4    82.32     4.06
1930    5    76.89    13.48
1930    6    45.53    17.72
1930    7    30.24    22.34
1930    8    16.13    21.13
1930    9    51.30    15.82
1930   10    80.00     8.56
1930   11    36.45     2.56
1930   12    24.17     0.79
1931    1    24.98    -2.80
1931    2    15.88    -0.44
1931    3    57.83     3.53
1931    4    63.25     6.92
1931    5   145.40    11.07
1931    6   152.50    16.60
1931    7    39.84    21.01
1931    8   100.64    18.06
1931    9    36.40    12.27
1931   10    28.55    10.64
1931   11    18.14     4.06
1931   12    24.43     2.63
1932    1    34.95    -1.21
1932    2    18.76    -1.76
1932    3    20.96     3.93
1932    4   100.16     5.71
1932    5    93.17    11.35
1932    6    55.19    17.88
1932    7    22.23    21.51
1932    8    29.85    20.86
1932    9    88.56    12.46
1932   10    16.26     8.48
1932   11    25.54     4.22
1932   12    14.74    -0.95
1933    1    11.74    -1.13
1933    2    26.12    -0.92
1933    3    21.97     4.32
1933    4    66.54    11.76
1933    5    75.11    12.74
1933    6    92.37    17.69
1933    7    56.82    20.79
1933    8    54.84    19.39
1933    9    63.68    14.67
1933   10   120.46     8.92
1933   11    66.90     4.21
1933   12    25.70    -2.60
1934    1    36.83     0.57
1934    2    30.43    -0.48
1934    3    33.50     3.48
1934    4    55.45     9.46
1934    5   126.54    11.17
1934    6    79.56    17.80
1934    7    19.70    21.61
1934    8    39.93    20.61
1934    9   158.76    13.78
1934   10   145.64     6.21
1934   11    10.27     5.71
1934   12    21.21     1.72
1935    1    30.74    -1.01
1935    2    35.70    -1.04
1935    3    24.01     1.91
1935    4    90.66     5.12
1935    5    96.95    11.17
1935    6    99.28    17.92
1935    7    30.88    21.43
1935    8    16.87    20.81
1935    9    55.17    14.13
1935   10    52.52     8.23
1935   11    77.07     4.17
1935   12     8.67     1.47
1936    1    37.61    -5.36
1936    2    48.49    -1.28
1936    3    32.97     4.73
1936    4    98.62     8.23
1936    5   103.50    13.68
1936    6    85.10    17.66
1936    7    61.71    20.37
1936    8    52.62    20.83
1936    9    92.76    13.44
1936   10    49.10     9.92
1936   11    65.73     4.15
1936   12    12.62     1.57
1937    1    10.87     0.65
1937    2    11.98     3.18
1937    3    47.26     4.41
1937    4    60.10     4.03
1937    5   101.41    11.85
1937    6    77.36    17.50
1937    7    65.25    18.60
1937    8    62.60    20.17
1937    9    78.56    14.16
1937   10    23.21     9.77
1937   11    53.69     3.07
1937   12    61.47    -1.67
1938    1    33.17    -1.92
1938    2    47.63     0.07
1938    3    39.35     4.64
1938    4    84.14     8.63
1938    5    75.43    11.08
1938    6   104.57    15.14
1938    7    50.72    19.76
1938    8    34.78    17.70
1938    9    64.98    14.65
1938   10    47.96     6.61
1938   11    68.14     4.36
1938   12    37.17    -0.71
1939    1    14.91     1.03
1939    2    31.91    -0.54
1939    3    39.10    -0.32
1939    4    64.36     6.47
1939    5   165.26    12.56
1939    6   105.40    18.41
1939    7    43.15    18.70
1939    8    66.50    18.00
1939    9    45.29    13.14
1939   10    34.73     9.96
1939   11   145.96    -0.59
1939   12    14.13    -0.59
1940    1    33.43    -0.47
1940    2    14.99    -0.69
1940    3    44.57     4.14
1940    4    79.92     8.87
1940    5   104.24    13.54
1940    6    90.79    17.48
1940    7    44.89    20.39
1940    8    70.34    19.34
1940    9   106.07    15.69
1940   10    21.21     6.32
1940   11    30.05     2.46
1940   12    15.37     0.46
1941    1    31.29    -1.45
1941    2    22.00     0.69
1941    3    68.09     1.53
1941    4    49.91     9.55
1941    5   123.79    11.67
1941    6    80.10    16.93
1941    7    20.01    20.95
1941    8    40.99    20.46
1941    9    57.43    15.95
1941   10    51.81     7.86
1941   11    52.43     5.53
1941   12    24.15    -0.83
1942    1    52.89    -2.05
1942    2    21.07    -0.65
1942    3    37.38     2.61
1942    4    71.41     8.86
1942    5   122.83    11.03
1942    6    65.07    16.89
1942    7     4.61    23.43
1942    8    74.28    20.90
1942    9    29.64    14.87
1942   10    34.62     9.64
1942   11    41.87     4.09
1942   12    18.64    -0.54
1943    1    16.56     1.12
1943    2    36.76     1.23
1943    3    48.00     3.67
1943    4    83.91     6.91
1943    5    68.09    12.20
1943    6    91.94    16.52
1943    7    27.17    21.70
1943    8    10.35    22.35
1943    9    59.35    16.54
1943   10    62.79     8.65
1943   11    45.84     1.04
1943   12    15.39    -1.90
1944    1    19.34    -2.77
1944    2    32.52     0.12
1944    3    64.43     2.45
1944    4    79.35     7.37
1944    5    89.30    13.46
1944    6    74.78    17.03
1944    7    50.84    21.89
1944    8    50.00    19.22
1944    9    52.21    14.33
1944   10    47.10    10.16
1944   11    27.74     5.42
1944   12     4.73    -2.73
1945    1    26.70    -1.85
1945    2    12.98     1.23
1945    3    34.15     4.26
1945    4    56.93    10.08
1945    5   109.91    10.91
1945    6    57.81    18.19
1945    7    40.48    19.66
1945    8    43.25    20.47
1945    9    41.71    14.56
1945   10    49.20     8.28
1945   11    12.77     1.64
1945   12    19.01    -1.70
1946    1    27.56    -4.32
1946    2    18.76    -4.77
1946    3    25.47     0.72
1946    4    47.89     7.10
1946    5   115.87    13.71
1946    6    52.11    17.95
1946    7    68.39    19.68
1946    8    58.59    19.46
1946    9    52.28    15.21
1946   10    24.55     7.89
1946   11    26.99     4.08
1946   12    83.30    -2.52
1947    1    22.61    -0.63
1947    2    13.39     1.48
1947    3    47.11     2.18
1947    4    76.30     7.26
1947    5   153.54    12.04
1947    6    54.75    16.52
1947    7    24.78    20.33
1947    8     7.75    21.47
1947    9    91.19    14.20
1947   10    56.52    10.19
1947   11    57.46     2.72
1947   12    29.76     1.35
1948    1    41.34    -4.43
1948    2    25.77     1.17
1948    3    57.32     4.65
1948    4    40.26     6.04
1948    5    97.05    14.81
1948    6   167.00    16.19
1948    7    27.20    21.04
1948    8    24.60    21.01
1948    9    51.69    15.01
1948   10    49.05     9.58
1948   11    90.67     0.87
1948   12    15.08    -0.53
1949    1    23.78    -1.84
1949    2    28.03    -3.02
1949    3    53.69     1.70
1949    4    85.92     7.88
1949    5   125.73    12.42
1949    6    51.22    16.25
1949    7    19.26    21.50
1949    8     7.52    23.01
1949    9   113.55    12.82
1949   10    95.16     7.52
1949   11    20.76     3.67
1949   12    37.80     0.79
1950    1    18.89    -0.50
1950    2    23.50    -0.11
1950    3    54.01     4.30
1950    4    54.31     8.77
1950    5   156.90    11.94
1950    6    71.46    17.13
1950    7     9.94    21.24
1950    8    73.08    19.77
1950    9    58.21    14.53
1950   10   127.05     7.77
1950   11    68.66     3.73
1950   12    41.62     0.60
1951    1    15.33     0.20
1951    2    23.38     0.54
1951    3    43.72     5.78
1951    4    77.10    11.51
1951    5   138.45    12.68
1951    6    99.07    16.83
1951    7     9.73    23.29
1951    8    36.42    20.06
1951    9    40.89    16.54
1951   10    71.25     8.82
1951   11    31.80     4.13
1951   12    22.60     1.18
1952    1    29.65    -1.58
1952    2    21.16     0.93
1952    3    46.16     5.56
1952    4    60.70     8.73
1952    5   154.52    13.67
1952    6   118.41    16.89
1952    7     9.90    20.10
1952    8    35.36    21.87
1952    9    74.60    14.22
1952   10    63.44    10.20
1952   11    18.91     6.02
1952   12    28.64    -0.29
1953    1    26.44    -0.01
1953    2    12.78     1.74
1953    3    36.79     1.38
1953    4    55.26     6.98
1953    5    49.50    15.91
1953    6    90.27    15.84
1953    7    27.18    21.39
1953    8    55.61    21.12
1953    9    39.64    14.21
1953   10    24.64     8.45
1953   11    12.79     4.50
1953   12    25.28     1.14
1954    1    56.84    -7.20
1954    2    25.80     1.93
1954    3    26.63     3.53
1954    4    81.16     6.45
1954    5    97.54    11.47
1954    6    61.92    16.39
1954    7    18.02    20.59
1954    8    48.23    21.28
1954    9    26.32    15.50
1954   10    66.06     9.33
1954   11    15.12     5.68
1954   12    18.67     1.20
1955    1    34.98    -2.53
1955    2    53.71    -2.79
1955    3    35.52     2.60
1955    4    54.13     6.81
1955    5    77.10     9.05
1955    6    72.19    19.18
1955    7    39.58    20.69
1955    8    44.71    20.37
1955    9    12.04    16.28
1955   10   130.64     9.38
1955   11    25.08     4.15
1955   12    28.86     2.17
1956    1    55.09    -0.09
1956    2    73.96    -1.99
1956    3    74.32     0.65
1956    4   124.59     9.00
1956    5   111.28    12.76
1956    6    85.02    16.48
1956    7    38.40    20.31
1956    8    41.34    20.52
1956    9    28.85    15.33
1956   10    95.51    10.50
1956   11    36.70     4.15
1956   12    30.32     1.62
1957    1    30.55    -0.54
1957    2    38.80    -2.84
1957    3    76.13     2.06
1957    4    81.07     4.91
1957    5   157.12     9.70
1957    6   139.97    16.01
1957    7   155.42    18.55
1957    8    46.23    19.18
1957    9    61.98    13.40
1957   10    58.17     9.96
1957   11    32.03     5.13
1957   12    32.57     0.96
1958    1    26.26    -2.29
1958    2    17.52     0.19
1958    3    24.79     3.31
1958    4   117.50     7.20
1958    5    87.45    13.85
1958    6    87.87    16.13
1958    7    18.04    20.91
1958    8    44.32    20.00
1958    9    67.52    13.77
1958   10    81.42     9.33
1958   11    29.38     2.43
1958   12    27.43     2.17
1959    1    38.71     0.62
1959    2    19.22     3.98
1959    3    59.64     3.06
1959    4    79.60     8.50
1959    5    89.76    11.60
1959    6   128.07    17.77
1959    7    49.38    18.32
1959    8    59.01    19.00
1959    9    87.67    14.18
1959   10    74.84     9.62
1959   11    10.21     3.27
1959   12    29.41    -0.19
1960    1    19.47    -0.96
1960    2    25.09    -0.26
1960    3    45.21     3.58
1960    4    56.69     7.95
1960    5    82.96    12.70
1960    6   106.64    17.26
1960    7    22.66    21.97
1960    8    28.93    22.61
1960    9    45.22    15.88
1960   10    51.01     7.35
1960   11    53.88     3.96
1960   12    27.18    -1.19
1961    1    15.01    -2.72
1961    2    39.27    -0.09
1961    3    41.43    -2.57
1961    4    90.61     8.20
1961    5   166.69    14.69
1961    6    85.59    17.71
1961    7    13.37    22.56
1961    8    23.53    21.39
1961    9    35.03    16.79
1961   10    39.39     9.53
1961   11    87.75     3.98
1961   12    13.85    -3.79
1962    1    19.29    -2.53
1962    2    37.73    -4.76
1962    3    48.32     2.03
1962    4    50.91     9.76
1962    5    93.86    14.44
1962    6    80.73    17.24
1962    7    30.13    20.13
1962    8    28.41    19.76
1962    9    44.86    15.73
1962   10    45.58    10.31
1962   11    61.98     3.63
1962   12    26.95     1.00
1963    1    27.61    -0.72
1963    2    28.70    -1.56
1963    3    61.11     4.07
1963    4    52.70     6.30
1963    5    78.43    12.01
1963    6    61.58    16.54
1963    7    11.76    21.66
1963    8    47.60    22.12
1963    9    55.00    15.91
1963   10    93.14     9.13
1963   11    46.04     5.08
1963   12    66.20    -4.85
1964    1    30.71    -1.44
1964    2    53.03    -5.22
1964    3    34.00     3.93
1964    4    38.56     8.83
1964    5    69.80    12.83
1964    6    58.91    17.09
1964    7    34.07    22.56
1964    8    27.48    19.44
1964    9    61.29    15.13
1964   10    56.28     9.36
1964   11    26.55     2.97
1964   12    14.39     0.93
1965    1    16.40    -1.30
1965    2    33.34     1.18
1965    3    56.85     6.30
1965    4    79.19     7.20
1965    5   135.69    12.75
1965    6    36.34    17.38
1965    7    49.02    20.46
1965    8    14.44    25.19
1965    9    77.35    14.96
1965   10    58.88     8.86
1965   11    58.72     2.67
1965   12     8.00    -1.03
1966    1    34.76    -1.45
1966    2    26.81     1.80
1966    3    41.25     3.82
1966    4    86.89     7.15
1966    5    51.20    13.78
1966    6    79.72    18.64
1966    7    36.65    19.40
1966    8    26.73    19.38
1966    9    99.57    14.44
1966   10    22.45     9.69
1966   11    22.44     2.81
1966   12    11.82     0.82
1967    1    62.56    -2.29
1967    2    35.29    -1.50
1967    3    44.22    -0.05
1967    4   107.73     3.97
1967    5    58.26    12.68
1967    6    48.39    17.85
1967    7    11.24    23.65
1967    8    14.97    21.28
1967    9    85.42    14.08
1967   10    48.57     8.04
1967   11    44.19     1.43
1967   12    33.48     0.78
1968    1    15.81    -4.00
1968    2    10.08     1.75
1968    3    64.06     2.22
1968    4    69.09     8.04
1968    5    87.48    14.51
1968    6   147.84    15.45
1968    7    34.31    20.74
1968    8    39.22    18.60
1968    9    71.63    14.97
1968   10    39.61    10.29
1968   11    20.02     4.63
1968   12    17.38     0.24
1969    1    33.29    -0.74
1969    2    33.20    -1.36
1969    3    50.58     4.54
1969    4    84.09     7.96
1969    5    79.50    13.31
1969    6   116.52    15.76
1969    7    48.60    19.91
1969    8    38.90    21.45
1969    9    83.73    14.25
1969   10   113.88     8.54
1969   11    35.07     4.62
1969   12    42.46    -2.21
1970    1    77.70    -6.50
1970    2    22.64    -5.34
1970    3    15.46     3.97
1970    4    63.59     8.03
1970    5   123.67    12.37
1970    6   159.02    16.20
1970    7    14.72    20.84
1970    8    49.29    20.29
1970    9    29.06    14.76
1970   10   101.57     7.81
1970   11    50.56     1.18
1970   12     9.16     0.62
1971    1    11.15     0.90
1971    2    15.48     3.02
1971    3    84.55     3.07
1971    4    35.74     8.99
1971    5    62.40    14.40
1971    6    25.84    20.20
1971    7    11.10    23.07
1971    8    44.88    20.62
1971    9   128.08    12.28
1971   10    88.14     6.95
1971   11    80.23     2.40
1971   12    25.56    -0.03
1972    1    16.11     0.45
1972    2    26.84    -0.95
1972    3    36.10     2.78
1972    4    65.28     7.32
1972    5    93.06    15.09
1972    6    78.15    17.23
1972    7    17.60    19.13
1972    8    46.46    19.92
1972    9    93.96    13.57
1972   10    47.67     8.91
1972   11    15.72     5.01
1972   12    19.31     0.26
1973    1    22.56    -2.61
1973    2    69.40    -5.93
1973    3    36.10    -2.54
1973    4    70.14     8.79
1973    5   119.24    13.79
1973    6   121.13    16.11
1973    7    31.62    20.77
1973    8    35.04    19.54
1973    9    44.13    14.66
1973   10    29.55     7.40
1973   11    28.21     4.24
1973   12    49.87    -0.51
1974    1    11.82    -1.69
1974    2    16.39    -0.65
1974    3    54.79     2.76
1974    4    84.03     5.56
1974    5    84.97    13.42
1974    6    58.35    18.14
1974    7    61.73    19.81
1974    8    23.71    18.26
1974    9     3.35    17.70
1974   10    63.57    10.39
1974   11    47.38     4.79
1974   12    32.00    -1.19
1975    1    10.31    -1.80
1975    2    78.56    -1.33
1975    3    25.95     3.75
1975    4    77.09     7.05
1975    5   132.80    14.33
1975    6   124.15    16.57
1975    7    47.35    21.83
1975    8    40.89    21.65
1975    9    49.32    13.91
1975   10    36.31     8.31
1975   11    21.53     4.79
1975   12    26.16     0.88
1976    1    15.65    -1.67
1976    2    43.61    -1.88
1976    3    42.60     1.34
1976    4    72.53     5.76
1976    5   105.55    12.40
1976    6   107.54    17.44
1976    7    22.23    20.28
1976    8    16.74    20.92
1976    9    50.50    15.33
1976   10    68.67     8.38
1976   11    23.38     1.10
1976   12    46.65     0.53
1977    1    18.01    -1.60
1977    2    16.16    -0.86
1977    3    67.19     2.59
1977    4   105.44     7.61
1977    5    83.27    12.66
1977    6    99.15    17.01
1977    7    41.98    19.36
1977    8    21.92    20.62
1977    9   120.97    14.09
1977   10   114.99     7.94
1977   11    44.02     3.12
1977   12    20.78     1.11
1978    1    36.76    -0.53
1978    2    30.85     1.89
1978    3    45.13     5.34
1978    4    48.50     9.84
1978    5    66.30    11.09
1978    6    68.33    18.14
1978    7    20.01    22.67
1978    8    72.58    21.03
1978    9    98.11    12.20
1978   10    19.78    10.05
1978   11    46.88     3.46
1978   12    10.82     1.16
1979    1    32.66    -0.90
1979    2    24.85     0.79
1979    3    20.08     6.24
1979    4   116.21     5.66
1979    5   113.69    12.44
1979    6    48.81    15.86
1979    7     9.22    22.19
1979    8    18.22    21.02
1979    9   102.51    13.33
1979   10    72.70     8.48
1979   11    25.57     3.81
1979   12    22.16     1.96
1980    1    42.30    -1.52
1980    2     9.23     2.39
1980    3    29.95     2.60
1980    4   105.20     5.49
1980    5   132.53    12.30
1980    6    63.26    18.02
1980    7    28.25    21.14
1980    8    44.61    19.55
1980    9    32.78    16.19
1980   10    26.33    11.07
1980   11    19.55     3.23
1980   12    19.38     2.36
1981    1    40.89     1.55
1981    2    18.41    -0.39
1981    3    24.28     6.24
1981    4    87.21     6.84
1981    5    85.38    11.06
1981    6   184.48    15.62
1981    7    19.51    21.38
1981    8    58.14    19.99
1981    9   100.97    14.68
1981   10   111.17     8.88
1981   11    65.05     0.99
1981   12    25.71     1.40
1982    1    11.82     0.66
1982    2    40.78     0.18
1982    3    29.23     5.68
1982    4    58.74     9.59
1982    5   126.75    12.92
1982    6    11.46    19.86
1982    7   107.06    20.49
1982    8    28.08    19.34
1982    9    37.90    13.03
1982   10    34.08     8.08
1982   11    49.80     3.04
1982   12    17.39    -0.52
1983    1    31.89     1.04
1983    2     6.63     1.40
1983    3    37.81     5.55
1983    4    84.05     4.73
1983    5    95.54    11.38
1983    6   133.20    19.53
1983    7    23.14    21.30
1983    8    16.29    20.79
1983    9    33.82    15.00
1983   10    83.76     9.67
1983   11    47.30     2.28
1983   12    21.38     0.63
1984    1    10.26    -0.95
1984    2    32.99    -2.27
1984    3    29.20     5.30
1984    4    63.86     8.10
1984    5    75.55    15.00
1984    6    56.76    17.54
1984    7    33.42    22.74
1984    8    37.10    21.72
1984    9    35.97    15.35
1984   10    38.55     9.23
1984   11    19.20     3.66
1984   12     7.64     2.71
1985    1    14.81     0.62
1985    2    36.88    -1.22
1985    3   109.44    -3.23
1985    4    40.33     4.52
1985    5    69.26    13.50
1985    6    71.19    18.37
1985    7    23.64    21.42
1985    8    13.52    22.30
1985    9    62.62    18.00
1985   10    73.18    10.02
1985   11    69.10     3.76
1985   12     9.11    -0.02
1986    1    22.50     0.63
1986    2    26.60    -2.49
1986    3    52.19     0.37
1986    4    80.91     8.04
1986    5    89.74    14.20
1986    6   104.60    17.32
1986    7     9.89    23.17
1986    8    12.27    22.23
1986    9    45.01    13.06
1986   10   105.86    10.93
1986   11    23.75     5.73
1986   12    34.68    -0.61
1987    1    34.86    -0.92
1987    2    48.81    -1.63
1987    3    55.63     1.87
1987    4    60.48     9.85
1987    5   114.51    11.44
1987    6   104.10    17.58
1987    7    41.71    21.42
1987    8    54.50    21.40
1987    9    90.22    15.21
1987   10    40.66     8.86
1987   11    82.75     1.90
1987   12    12.21     0.23
1988    1     6.48    -0.47
1988    2    16.99     2.74
1988    3    18.84     5.79
1988    4    35.78     8.22
1988    5   120.85    13.04
1988    6    42.69    19.04
1988    7    15.54    25.12
1988    8    61.86    19.60
1988    9   105.41    12.16
1988   10    69.89     9.17
1988   11    35.23     1.19
1988   12    19.03     1.59
1989    1    30.04    -0.92
1989    2    15.73     0.12
1989    3    54.26     3.39
1989    4    53.55     8.65
1989    5   108.23    12.87
1989    6    55.54    18.36
1989    7    17.65    23.87
1989    8    31.32    23.88
1989    9   106.56    15.60
1989   10    51.80     9.22
1989   11    27.59     5.29
1989   12    37.99    -1.30
1990    1    17.04     1.45
1990    2    45.94     2.31
1990    3    61.16     1.91
1990    4    59.45     4.31
1990    5    55.61    14.23
1990    6    50.69    19.86
1990    7    24.73    22.08
1990    8    19.24    21.94
1990    9    28.94    17.87
1990   10    52.03    10.44
1990   11    17.28     0.62
1990   12    74.04    -0.85
1991    1    31.05    -2.49
1991    2     9.16     0.47
1991    3    41.14     4.03
1991    4   112.33     2.43
1991    5   109.35    14.33
1991    6   139.57    17.44
1991    7    21.28    19.76
1991    8     7.70    22.28
1991    9   131.97    13.42
1991   10    42.93     9.49
1991   11    22.27     4.40
1991   12     6.44    -0.05
1992    1    27.69     0.07
1992    2    39.14     1.89
1992    3    45.95     4.31
1992    4    40.88     7.55
1992    5   112.29    11.59
1992    6    88.87    17.25
1992    7    36.35    20.69
1992    8    30.31    21.70
1992    9    61.73    13.15
1992   10    79.62     9.67
1992   11   109.09     4.95
1992   12    21.28     0.99
1993    1    10.15     2.97
1993    2    53.92     0.10
1993    3    64.43     2.04
1993    4   101.60     6.42
1993    5    44.18    13.45
1993    6   146.88    18.08
1993    7    56.44    18.76
1993    8    18.95    22.39
1993    9   155.69    12.88
1993   10    69.57     8.62
1993   11    19.46     5.11
1993   12    54.36    -4.04
1994    1    19.96    -1.14
1994    2    33.81    -0.16
1994    3    27.60     4.79
1994    4    71.23     7.79
1994    5    76.90    13.91
1994    6    84.12    17.32
1994    7    15.83    23.04
1994    8   116.58    20.62
1994    9    65.43    13.91
1994   10    20.15     5.65
1994   11    14.99     5.12
1994   12    11.77    -1.95
1995    1     8.82    -0.78
1995    2    20.72     1.14
1995    3    36.94     3.83
1995    4    77.52     8.33
1995    5    67.82    15.40
1995    6    62.63    16.79
1995    7    28.82    23.63
1995    8    74.44    19.19
1995    9    70.80    13.16
1995   10    34.96     9.31
1995   11    19.83     6.56
1995   12    13.53     1.39
1996    1    41.35    -0.51
1996    2    15.05    -0.63
1996    3    27.04     6.01
1996    4    48.40     6.18
1996    5   118.66    14.60
1996    6    10.49    22.73
1996    7    42.12    20.62
1996    8    55.26    19.93
1996    9    69.66    15.42
1996   10    32.97     8.97
1996   11     8.31     3.75
1996   12    17.62     0.41
1997    1    13.08    -1.18
1997    2    56.09    -0.97
1997    3    23.96     2.17
1997    4    58.39    10.41
1997    5    82.28    15.16
1997    6    39.88    22.30
1997    7    27.06    22.33
1997    8    28.51    22.42
1997    9   136.36    14.86
1997   10    42.05     8.35
1997   11    32.22     2.33
1997   12    24.45     1.67
1998    1    29.05     1.13
1998    2    56.31    -1.50
1998    3    77.56     4.19
1998    4    66.08     9.01
1998    5    66.26    15.40
1998    6   104.09    18.94
1998    7    51.91    22.11
1998    8    75.74    21.43
1998    9    74.80    15.26
1998   10    83.47    11.33
1998   11    21.15     5.52
1998   12    37.90     0.63
1999    1    14.69    -0.11
1999    2    35.05     1.10
1999    3    60.63     0.91
1999    4    56.90     8.88
1999    5   156.51    10.51
1999    6    43.66    18.34
1999    7    27.04    21.97
1999    8    30.52    22.96
1999    9    42.31    14.09
1999   10    43.68     8.40
1999   11    14.83     5.81
1999   12    20.47     2.73
2000    1    26.25    -0.24
2000    2     8.52     1.16
2000    3    14.19     5.32
2000    4    87.01     8.21
2000    5    67.00    15.84
2000    6   108.25    17.87
2000    7    14.38    25.71
2000    8    21.42    23.53
2000    9    30.14    17.63
2000   10   104.61     9.93
2000   11    18.06     4.85
2000   12    15.56     0.40
2001    1    18.66     1.12
2001    2    38.58    -2.14
2001    3    31.17     0.22
2001    4    46.84    10.22
2001    5   118.62    13.72
2001    6   112.83    18.10
2001    7    59.10    20.67
2001    8    49.61    20.37
2001    9    49.50    17.17
2001   10    85.79     9.86
2001   11    25.90     6.05
2001   12    66.30     1.34
2002    1    34.75     3.72
2002    2    57.43     3.52
2002    3    37.32     6.39
2002    4    77.38     9.08
2002    5    81.43    14.59
2002    6   101.13    19.30
2002    7    25.05    22.65
2002    8    22.66    23.24
2002    9    87.76    14.65
2002   10    16.99    10.33
2002   11    84.86     6.05
2002   12    30.89    -0.21
2003    1    22.08     0.49
2003    2    13.38     2.72
2003    3    36.36     5.54
2003    4    90.21     7.48
2003    5   139.64    13.49
2003    6    18.61    19.99
2003    7    24.83    24.05
2003    8    39.59    23.71
2003    9    65.15    15.44
2003   10   109.72     8.95
2003   11    17.73     5.47
2003   12    15.23     1.03
2004    1    22.98     0.23
2004    2    33.35     2.64
2004    3    55.56     3.19
2004    4   103.20     6.86
2004    5   150.92    13.81
2004    6   101.21    18.51
2004    7     5.99    24.54
2004    8    38.33    21.66
2004    9    51.61    18.32
2004   10    71.91     7.71
2004   11    59.54     4.21
2004   12    34.21     0.95
2005    1    19.68     2.05
2005    2    28.91     0.99
2005    3    49.99     2.55
2005    4    38.55     7.21
2005    5    59.24    14.12
2005    6    82.84    18.24
2005    7    27.98    20.95
2005    8    39.26    21.44
2005    9    32.32    16.88
2005   10    49.02     8.81
2005   11    24.47     5.26
2005   12    24.93     2.18
