2006    1   173.08     8.22
2006    2    81.87     5.89
2006    3    82.88    11.17
2006    4    57.33    12.23
2006    5    75.49    14.35
2006    6     4.22    17.91
2006    7     8.74    19.92
2006    8    10.31    20.99
2006    9    38.27    19.68
2006   10    57.26    17.75
2006   11    37.83    13.64
2006   12    95.10    11.40
2007    1    55.52    11.55
2007    2    70.39     8.55
2007    3    40.16     9.66
2007    4    71.15    11.97
2007    5    37.78    14.49
2007    6    15.21    17.83
2007    7    15.33    20.74
2007    8    31.65    20.99
2007    9     5.99    19.78
2007   10   203.98    13.87
2007   11   143.08    12.82
2007   12   116.03     9.62
2008    1   293.92     7.07
2008    2    86.54     6.45
2008    3   129.82     7.84
2008    4    26.59    12.58
2008    5    14.13    14.67
2008    6    44.54    17.12
2008    7    23.65    18.86
2008    8    53.41    19.36
2008    9    86.32    15.95
2008   10   118.51    14.25
2008   11    75.95    10.44
2008   12    79.82    10.95
2009    1   158.13     9.06
2009    2   156.31     6.10
2009    3    92.04     9.16
2009    4    13.27    12.46
2009    5    85.66    14.32
2009    6    13.91    16.18
2009    7     1.16    20.28
2009    8    29.72    19.58
2009    9    20.13    19.11
2009   10   126.37    18.87
2009   11   226.42    13.08
2009   12   134.74     9.39
2010    1   105.69     8.29
2010    2   103.03     9.54
2010    3    82.02     9.11
2010    4   120.58    11.61
2010    5    11.44    15.38
2010    6    33.64    17.35
2010    7    22.89    20.06
2010    8    51.59    20.19
2010    9    81.79    18.22
2010   10    45.84    17.08
2010   11   145.67    13.81
2010   12   218.08    11.71
2011    1   152.57     9.79
2011    2    72.65     6.88
2011    3    49.22     8.62
2011    4    64.18    11.98
2011    5    39.24    15.24
2011    6    14.62    17.91
2011    7    44.49    20.14
2011    8    12.64    21.00
2011    9    30.73    19.76
2011   10   126.73    14.81
2011   11   183.66    13.46
2011   12   177.19    10.62
2012    1   124.87     7.98
2012    2   212.40     8.67
2012    3    70.38     7.69
2012    4    71.31    10.02
2012    5    50.82    14.49
2012    6     6.19    17.61
2012    7     6.10    20.55
2012    8    16.11    20.40
2012    9    40.62    19.67
2012   10    82.90    14.04
2012   11    43.21    13.56
2012   12   132.09    10.86
2013    1    98.02     9.36
2013    2    24.33    10.79
2013    3    67.91     8.53
2013    4    66.17    11.96
2013    5    69.48    13.82
2013    6    19.90    17.08
2013    7    17.30    20.12
2013    8    14.94    20.36
2013    9   101.77    18.05
2013   10    54.70    15.93
2013   11   198.78    11.34
2013   12    51.77     9.28
2014    1   188.40     7.92
2014    2   131.56     8.49
2014    3   131.47     9.36
2014    4    55.07    11.86
2014    5    46.01    14.58
2014    6    37.46    17.74
2014    7     3.58    21.30
2014    8     6.09    21.32
2014    9     4.81    20.14
2014   10    45.28    18.83
2014   11   167.65    12.90
2014   12   171.09     9.99
2015    1    68.41    10.27
2015    2    54.85    10.15
2015    3    79.74     9.40
2015    4    42.05    11.78
2015    5    35.68    15.47
2015    6    33.22    16.69
2015    7    23.00    19.73
2015    8    27.57    21.76
2015    9    97.45    18.67
2015   10    84.33    16.23
2015   11    49.10    14.90
2015   12   111.44    11.81
2016    1   245.28     7.23
2016    2    54.81     9.81
2016    3    78.74     8.10
2016    4    39.86    11.16
2016    5    70.56    14.38
2016    6    17.13    16.81
2016    7    14.28    20.01
2016    8    30.66    20.00
2016    9    27.42    19.10
2016   10    74.22    18.14
2016   11    55.01    16.33
2016   12   201.15    11.07
2017    1   148.29    11.53
2017    2   144.82     7.42
2017    3    99.91     8.84
2017    4    32.89    11.88
2017    5    62.90    13.80
2017    6    58.63    16.09
2017    7    32.87    19.18
2017    8    16.47    19.88
2017    9    25.45    19.89
2017   10   136.42    17.26
2017   11   161.74    12.02
2017   12   167.05    11.47
2018    1   114.35     9.78
2018    2    68.12     4.92
2018    3   141.79     7.99
2018    4    11.78    12.10
2018    5    56.13    13.66
2018    6    34.72    16.36
2018    7    16.47    19.03
2018    8     1.47    21.13
2018    9    66.39    19.40
2018   10   194.80    17.60
2018   11   139.16    14.14
2018   12   137.27     9.73
2019    1    29.93    10.38
2019    2    76.45     9.95
2019    3    58.65    10.42
2019    4    52.76    12.29
2019    5     5.51    16.16
2019    6    60.99    18.58
2019    7    33.36    19.49
2019    8     8.36    21.32
2019    9    62.17    18.69
2019   10    61.51    17.71
2019   11   344.16    13.06
2019   12   141.66     8.52
2020    1     1.88    10.56
2020    2   125.70     9.12
2020    3   121.84     8.50
2020    4   105.43    11.15
2020    5    38.53    15.54
2020    6    18.49    16.90
2020    7    29.40    19.05
2020    8    19.46    19.56
2020    9    38.02    20.32
2020   10    70.13    17.20
2020   11   147.95    14.64
2020   12    12.22    13.12
2021    1    97.48    10.86
2021    2   129.01     7.45
2021    3    66.47     9.23
2021    4    42.35    12.99
2021    5   130.69    13.96
2021    6    16.92    17.93
2021    7    29.36    19.09
2021    8    98.03    19.44
2021    9    26.44    19.59
2021   10    36.79    17.54
2021   11    69.56    13.77
2021   12   233.31     9.20
2022    1   154.42     7.32
2022    2    65.38     6.77
2022    3    43.28     8.99
2022    4    45.80    10.25
2022    5    84.31    15.64
2022    6    26.79    18.11
2022    7    29.61    19.76
2022    8    11.64    20.92
2022    9    91.70    17.58
2022   10    68.76    14.06
2022   11   160.56    12.66
2022   12   126.83     9.85
2023    1   113.32    10.42
2023    2   108.12     8.46
2023    3    28.90    10.79
2023    4    62.69    12.48
2023    5   134.03    14.48
2023    6    25.25    18.37
2023    7     6.12    19.40
2023    8    18.00    22.26
2023    9    89.87    18.81
2023   10    88.91    16.35
2023   11   195.09    13.94
2023   12   110.21     8.46
2024    1   117.62     8.71
2024    2   169.90     9.33
2024    3   120.08     7.00
2024    4    47.75    10.48
2024    5    23.15    13.10
2024    6    69.27    17.20
2024    7    14.93    18.98
2024    8    13.73    19.51
2024    9    25.43    17.53
2024   10   157.02    17.26
2024   11   117.41    11.44
2024   12    61.67    10.35
2025    1   179.05    10.08
2025    2    91.71     9.17
2025    3    80.76     9.93
2025    4    45.24    12.12
2025    5    53.66    14.84
2025    6     2.18    17.75
2025    7     0.53    21.00
2025    8    27.75    21.37
2025    9    49.75    19.79
2025   10    18.87    19.01
2025   11    99.84    11.79
2025   12   235.47    12.17
2026    1    49.82    10.50
2026    2   155.86     7.33
2026    3   140.83     8.24
2026    4    54.99    11.57
2026    5    76.11    14.24
2026    6    22.67    18.08
2026    7    27.74    19.43
2026    8    39.83    19.51
2026    9    36.86    20.82
2026   10   131.79    16.65
2026   11    66.14    14.19
2026   12   194.90     9.41
2027    1    75.31    10.51
2027    2   158.41    10.01
2027    3   147.59     9.42
2027    4    79.58    12.86
2027    5    27.85    15.44
2027    6    40.75    17.13
2027    7    21.08    19.08
2027    8    15.67    20.14
2027    9    69.28    18.84
2027   10    98.86    15.13
2027   11    88.67    12.21
2027   12   207.98    10.72
2028    1   207.85     6.50
2028    2   126.84     8.61
2028    3   107.29    10.16
2028    4    24.66    12.78
2028    5    41.47    14.65
2028    6    14.74    17.77
2028    7     7.45    19.97
2028    8    53.78    20.27
2028    9   119.83    17.36
2028   10   102.39    15.81
2028   11   143.14    14.05
2028   12   212.09     9.87
2029    1   129.73     7.21
2029    2    61.67     9.30
2029    3    59.93    10.27
2029    4    96.77    11.02
2029    5    77.39    13.92
2029    6    38.67    17.22
2029    7    60.36    19.74
2029    8    34.93    19.99
2029    9    21.91    20.19
2029   10   197.94    16.08
2029   11   138.10    12.24
2029   12   131.09     9.67
2030    1   172.15     7.46
2030    2    81.31     8.73
2030    3   158.34     7.32
2030    4    60.53    11.38
2030    5    69.59    14.81
2030    6    62.60    16.87
2030    7    18.86    19.23
2030    8     0.52    21.37
2030    9    27.78    18.99
2030   10    89.15    17.73
2030   11    59.34    15.07
2030   12   312.84    12.32
2031    1   120.62     7.44
2031    2   208.61     8.18
2031    3    81.40     9.80
2031    4   103.47    12.32
2031    5   105.23    14.70
2031    6    12.14    17.62
2031    7    14.37    20.76
2031    8     3.86    21.08
2031    9    28.53    18.36
2031   10   170.10    15.32
2031   11    92.16    11.95
2031   12   208.75     9.06
2032    1   120.47     8.03
2032    2   235.79     7.09
2032    3    75.02     9.77
2032    4    70.08    10.36
2032    5   117.25    12.60
2032    6    41.93    16.26
2032    7    52.51    18.91
2032    8    34.18    19.64
2032    9    17.79    18.29
2032   10    79.96    17.17
2032   11    33.11    13.10
2032   12   154.17    11.42
2033    1   131.47     8.70
2033    2   159.29     8.32
2033    3    85.57     9.35
2033    4    92.70    10.48
2033    5    98.55    14.33
2033    6    33.95    16.88
2033    7    18.59    19.61
2033    8    14.91    20.01
2033    9    27.70    19.92
2033   10   177.62    15.51
2033   11   144.56    13.32
2033   12    63.58    12.07
2034    1     1.00    11.71
2034    2    82.64     9.81
2034    3    36.67    11.25
2034    4    77.83    12.90
2034    5    52.12    14.40
2034    6    51.27    16.42
2034    7    18.69    19.27
2034    8    22.98    20.38
2034    9    11.42    21.83
2034   10   119.77    17.70
2034   11   126.25    15.32
2034   12    88.77    11.62
2035    1    22.05    10.97
2035    2   101.86    10.79
2035    3    45.35     9.10
2035    4    99.35    10.48
2035    5    52.66    14.87
2035    6    21.16    18.57
2035    7    10.03    20.69
2035    8    13.79    20.14
2035    9    20.05    20.38
2035   10    34.74    18.42
2035   11   151.74    13.18
2035   12   133.98    11.78
2036    1   183.89     7.24
2036    2    62.23     7.57
2036    3   129.73     9.40
2036    4    96.70    10.41
2036    5    43.17    14.67
2036    6     6.74    17.81
2036    7    44.67    20.84
2036    8    47.32    20.69
2036    9    87.63    19.30
2036   10    48.41    17.42
2036   11    52.61    14.95
2036   12   178.33    11.78
2037    1    69.92     9.54
2037    2    78.62     8.83
2037    3    90.33     8.71
2037    4    86.54    12.36
2037    5   116.79    14.36
2037    6    13.10    17.57
2037    7    50.21    18.53
2037    8     6.92    20.71
2037    9    64.94    18.57
2037   10   119.39    17.27
2037   11    84.00    14.22
2037   12   201.79    10.24
2038    1    74.95     8.40
2038    2   122.67     7.66
2038    3   127.58     9.46
2038    4   126.43    11.91
2038    5    33.75    14.44
2038    6    51.61    16.92
2038    7    43.31    19.01
2038    8    12.64    20.35
2038    9     1.52    19.68
2038   10     4.47    16.56
2038   11   150.91    15.69
2038   12    55.04    11.99
2039    1   126.60    10.11
2039    2    99.52     9.61
2039    3    42.91    11.49
2039    4    96.17    12.74
2039    5    49.15    15.53
2039    6     9.30    18.57
2039    7    23.09    20.72
2039    8    38.38    22.14
2039    9    23.56    18.89
2039   10    12.51    17.15
2039   11   133.05    12.90
2039   12    70.34    11.78
2040    1   170.56    10.81
2040    2   151.39     8.74
2040    3   144.79     8.24
2040    4    32.07    12.26
2040    5    21.54    15.59
2040    6    13.54    19.66
2040    7    23.01    21.71
2040    8     9.66    21.02
2040    9     6.27    21.15
2040   10   188.39    17.68
2040   11   149.43    15.39
2040   12   118.56    12.40
2041    1   121.61     9.05
2041    2   119.14     6.51
2041    3   123.28     9.55
2041    4    92.03    13.65
2041    5    83.18    15.04
2041    6    19.28    18.04
2041    7     8.61    19.91
2041    8     3.21    20.45
2041    9    14.40    19.94
2041   10   187.09    16.48
2041   11    75.38    11.62
2041   12    54.72     9.67
2042    1   160.86     7.79
2042    2   191.43     6.79
2042    3    65.44     7.38
2042    4    44.72    10.21
2042    5    11.20    14.99
2042    6    23.73    16.52
2042    7     3.27    19.11
2042    8    32.03    21.17
2042    9     7.49    19.13
2042   10    79.46    17.13
2042   11   129.13    12.63
2042   12   145.64    10.72
2043    1    61.11     9.98
2043    2   115.18     9.59
2043    3   119.49     9.23
2043    4    41.87    12.90
2043    5    85.10    13.87
2043    6    50.05    16.59
2043    7    27.09    19.79
2043    8     7.03    20.82
2043    9    24.53    20.31
2043   10     3.40    20.19
2043   11    44.40    17.14
2043   12   257.26     9.67
2044    1   192.33     8.13
2044    2    80.69     9.91
2044    3    99.45     9.73
2044    4   127.26    11.39
2044    5    15.15    15.37
2044    6     3.75    18.89
2044    7    16.03    20.99
2044    8     3.85    21.17
2044    9    30.76    19.50
2044   10   161.70    15.10
2044   11   160.56    14.57
2044   12   175.14    11.83
2045    1    85.57     8.92
2045    2    59.30     9.11
2045    3    82.72    11.45
2045    4    86.09    12.90
2045    5    89.32    16.21
2045    6    67.46    18.23
2045    7    17.87    21.63
2045    8    21.24    21.37
2045    9    76.48    19.01
2045   10    91.66    16.49
2045   11   123.99    15.36
2045   12   132.39    12.14
2046    1    95.22     8.55
2046    2   163.88    11.13
2046    3   146.32    11.43
2046    4    88.11    12.05
2046    5    42.45    14.70
2046    6    47.90    18.24
2046    7    17.69    20.67
2046    8     6.85    20.80
2046    9    33.34    20.58
2046   10   133.35    17.46
2046   11   122.52    14.43
2046   12   105.14    11.13
2047    1   136.45     7.80
2047    2    86.29     8.70
2047    3    30.74     9.84
2047    4   126.65    12.75
2047    5    55.00    13.72
2047    6     6.43    17.52
2047    7    50.19    19.17
2047    8    58.68    20.06
2047    9     3.39    20.18
2047   10   142.12    17.44
2047   11   191.59    12.58
2047   12   121.08    11.66
2048    1    94.25    10.71
2048    2   207.90     7.26
2048    3   137.92     8.25
2048    4    31.74    11.30
2048    5   113.56    12.77
2048    6     8.40    17.42
2048    7     2.20    19.73
2048    8    13.25    21.80
2048    9    15.57    19.73
2048   10    85.31    16.81
2048   11   205.29    12.29
2048   12   144.18    11.64
2049    1   171.39     7.97
2049    2   111.89     9.16
2049    3    60.04     7.62
2049    4    32.51    13.80
2049    5    25.67    16.66
2049    6    27.96    18.68
2049    7     9.07    20.62
2049    8    20.55    20.71
2049    9    73.61    18.45
2049   10    70.62    19.60
2049   11   218.20    15.67
2049   12   115.50    14.29
2050    1   261.12     9.28
2050    2   145.60     9.25
2050    3   107.02     9.97
2050    4     8.20    14.12
2050    5   102.23    16.20
2050    6    49.06    18.64
2050    7    28.36    20.27
2050    8    19.09    21.61
2050    9    14.42    20.93
2050   10   107.62    19.32
2050   11   174.62    14.80
2050   12   168.39     9.42
2051    1   147.69    11.10
2051    2    91.29    11.03
2051    3    92.07    10.45
2051    4    46.44    13.12
2051    5    68.51    15.11
2051    6    19.23    18.34
2051    7     1.16    19.77
2051    8     9.02    20.54
2051    9    40.29    18.86
2051   10    89.18    17.75
2051   11   234.17    13.64
2051   12   381.50    10.31
2052    1   241.90     7.09
2052    2    32.48     8.50
2052    3    23.76    12.55
2052    4    27.31    13.81
2052    5    49.91    15.35
2052    6    13.01    19.02
2052    7    41.17    21.00
2052    8     1.97    22.78
2052    9    68.03    20.88
2052   10   123.02    15.00
2052   11   133.09    14.36
2052   12   139.47    11.67
2053    1   122.06    10.82
2053    2   185.53     7.70
2053    3    48.72     6.96
2053    4    62.27    12.13
2053    5    27.61    15.72
2053    6    50.11    18.29
2053    7    11.00    19.94
2053    8    28.57    19.81
2053    9    28.32    20.26
2053   10   174.97    18.09
2053   11   183.63    12.89
2053   12   148.38    12.30
2054    1   149.61    10.31
2054    2    35.57    10.43
2054    3    95.07    11.76
2054    4    40.95    13.67
2054    5    36.88    15.98
2054    6    48.11    18.46
2054    7    17.08    21.62
2054    8     1.15    22.59
2054    9    25.19    20.60
2054   10   162.51    18.67
2054   11   141.82    13.24
2054   12    42.08    11.70
2055    1   106.26     9.49
2055    2   126.12     7.98
2055    3   134.07     9.21
2055    4    68.61    10.15
2055    5    64.54    14.94
2055    6     8.07    17.59
2055    7     1.29    20.46
2055    8    18.18    22.03
2055    9    22.16    21.07
2055   10    60.79    18.83
2055   11   180.05    13.64
2055   12    38.76    12.24
2056    1   128.22    10.53
2056    2   230.25     8.39
2056    3   145.26     8.28
2056    4   161.14    11.88
2056    5    19.77    16.18
2056    6     9.04    19.04
2056    7     2.61    21.29
2056    8     9.27    21.29
2056    9    29.25    18.97
2056   10    69.65    18.10
2056   11   264.35    14.13
2056   12    80.18     8.55
2057    1   184.86     9.47
2057    2    46.87     8.90
2057    3    90.07    11.42
2057    4    79.05     9.88
2057    5    27.31    15.08
2057    6    18.44    18.02
2057    7    14.19    20.97
2057    8    21.19    21.70
2057    9    98.85    20.21
2057   10    92.33    17.33
2057   11   183.87    15.48
2057   12   125.70    13.31
2058    1   209.15    10.17
2058    2    57.32     8.79
2058    3    37.46     9.09
2058    4    70.70    10.92
2058    5    65.94    14.74
2058    6    31.88    17.94
2058    7     6.40    20.81
2058    8     6.50    22.70
2058    9    57.67    21.18
2058   10    39.89    17.94
2058   11   169.04    15.29
2058   12   162.21    13.42
2059    1   124.30    11.15
2059    2    48.64    10.62
2059    3    60.56    11.40
2059    4    31.98    13.84
2059    5    17.37    16.72
2059    6    13.45    19.03
2059    7     2.48    22.31
2059    8     8.77    22.00
2059    9    86.85    19.76
2059   10    76.78    18.81
2059   11    79.35    15.33
2059   12   170.80     9.95
2060    1   186.18     9.08
2060    2    76.09    10.15
2060    3   123.15    10.02
2060    4    56.06    13.20
2060    5    54.18    15.85
2060    6     2.82    18.83
2060    7    14.87    21.02
2060    8    15.29    21.97
2060    9    14.88    21.10
2060   10    75.51    18.09
2060   11   153.72    11.88
2060   12   230.82    11.25
2061    1   115.56    11.44
2061    2    59.75    10.01
2061    3   172.66    10.04
2061    4    40.19    12.13
2061    5    39.64    15.74
2061    6    10.21    18.37
2061    7    21.81    20.45
2061    8     0.36    22.58
2061    9    16.21    18.80
2061   10    30.11    19.63
2061   11   196.40    13.87
2061   12   239.37    11.44
2062    1   110.44    11.60
2062    2   132.21     6.24
2062    3    74.32     9.21
2062    4    49.80    12.83
2062    5    32.56    15.54
2062    6     3.23    19.07
2062    7    14.03    19.73
2062    8     2.04    22.10
2062    9    16.47    21.74
2062   10   130.44    18.45
2062   11    88.29    16.87
2062   12   127.36    13.30
2063    1   129.19     9.95
2063    2   131.90    10.42
2063    3   137.73    10.57
2063    4   141.11    12.27
2063    5    55.58    14.54
2063    6     0.70    18.68
2063    7    34.42    20.61
2063    8     1.45    21.45
2063    9     7.26    21.12
2063   10    39.66    20.56
2063   11   182.31    14.59
2063   12   120.22    13.06
2064    1   103.76     9.90
2064    2   106.60    11.28
2064    3   155.49    11.22
2064    4    24.72    13.51
2064    5    94.36    16.03
2064    6    26.57    18.82
2064    7     3.63    22.23
2064    8     7.04    22.03
2064    9    23.94    21.81
2064   10    61.86    17.75
2064   11    83.99    15.02
2064   12   208.97    10.95
2065    1    67.75    11.31
2065    2    98.42    12.02
2065    3    53.38    11.45
2065    4    73.07    13.05
2065    5    22.74    15.50
2065    6     4.32    19.53
2065    7    13.99    22.74
2065    8     3.10    23.18
2065    9     8.29    21.64
2065   10    95.87    17.14
2065   11    60.34    14.41
2065   12   146.11    12.81
2066    1   107.29    11.10
2066    2   230.87     9.73
2066    3   119.07     9.02
2066    4    96.72    13.18
2066    5   109.32    15.53
2066    6    47.05    18.50
2066    7     4.40    20.35
2066    8     2.96    21.31
2066    9    36.55    18.87
2066   10    74.13    18.81
2066   11    83.84    16.03
2066   12   182.21    12.14
2067    1    91.59    10.23
2067    2    61.61     8.65
2067    3    97.39     9.66
2067    4    83.34    12.75
2067    5    42.67    15.73
2067    6    62.28    17.87
2067    7     5.82    20.18
2067    8    11.31    21.92
2067    9     5.01    21.83
2067   10    49.38    19.16
2067   11    78.80    16.65
2067   12   109.16    11.31
2068    1   129.20    10.89
2068    2    66.82     9.79
2068    3    63.40    12.14
2068    4   122.93    12.93
2068    5    14.92    16.09
2068    6    10.02    19.08
2068    7     0.82    21.31
2068    8     0.58    21.93
2068    9    55.18    20.74
2068   10    57.68    20.30
2068   11   217.91    15.28
2068   12   212.29    13.63
2069    1    73.09    12.46
2069    2   133.30    11.40
2069    3   157.30    11.22
2069    4   141.07    12.53
2069    5    40.44    16.72
2069    6    30.86    19.36
2069    7    11.14    21.06
2069    8    21.19    21.15
2069    9     2.89    20.90
2069   10    91.15    20.37
2069   11   194.97    16.71
2069   12   125.61    12.06
2070    1   149.72    10.77
2070    2    86.05    12.31
2070    3    16.88    12.51
2070    4    31.15    16.16
2070    5     8.14    18.65
2070    6    17.17    19.92
2070    7     3.19    23.04
2070    8     4.67    22.45
2070    9    29.60    20.89
2070   10    67.09    16.16
2070   11   286.83    14.22
2070   12    75.41    14.34
2071    1    70.07    12.35
2071    2   102.57    11.25
2071    3    22.87    12.36
2071    4    77.88    13.69
2071    5    55.50    16.77
2071    6     7.35    20.19
2071    7     1.11    23.55
2071    8    20.46    22.01
2071    9    39.99    20.46
2071   10    77.14    17.56
2071   11   116.68    14.27
2071   12    84.36    11.65
2072    1   177.33    11.67
2072    2    17.22     9.35
2072    3    43.39    10.16
2072    4   104.35    13.96
2072    5    66.74    16.37
2072    6     0.13    19.92
2072    7     0.04    23.29
2072    8     3.16    23.75
2072    9    34.20    22.33
2072   10    54.73    20.58
2072   11    94.10    18.03
2072   12   158.80    13.01
2073    1   102.94    11.74
2073    2    91.07    11.43
2073    3    62.93    11.33
2073    4   110.20    12.81
2073    5    21.21    17.00
2073    6    33.93    20.01
2073    7    57.11    21.00
2073    8    32.16    21.12
2073    9   147.76    19.10
2073   10    62.96    17.17
2073   11   194.73    14.46
2073   12   143.28    12.76
2074    1   115.76     9.24
2074    2    93.54     9.80
2074    3    99.00    11.21
2074    4    94.34    12.80
2074    5    49.62    16.17
2074    6    23.77    19.15
2074    7     4.29    21.80
2074    8    19.36    22.14
2074    9     0.30    20.42
2074   10   156.39    18.44
2074   11   226.53    15.02
2074   12    56.17    13.36
2075    1   189.31    10.94
2075    2    61.56    11.67
2075    3   121.69     9.34
2075    4    46.49    14.30
2075    5    17.76    16.51
2075    6    35.38    19.45
2075    7    13.51    20.76
2075    8     5.79    22.97
2075    9    13.24    20.06
2075   10   128.08    18.36
2075   11    86.33    17.13
2075   12   190.90    11.61
2076    1   277.34     7.71
2076    2     4.27     9.02
2076    3    64.17     9.60
2076    4    66.56    12.61
2076    5    47.23    15.59
2076    6    46.18    19.45
2076    7     6.58    20.81
2076    8     7.05    23.67
2076    9    10.75    20.46
2076   10   218.15    17.70
2076   11   221.63    14.81
2076   12   177.43    10.51
2077    1    81.62    10.59
2077    2    37.53    11.91
2077    3   118.54    12.25
2077    4   155.64    12.41
2077    5    29.05    15.23
2077    6    55.13    18.37
2077    7     9.66    21.40
2077    8    34.63    21.03
2077    9    13.67    21.35
2077   10    32.08    19.42
2077   11   188.20    15.90
2077   12   107.96    13.32
2078    1    86.37    11.61
2078    2    20.33    10.96
2078    3   231.36    10.37
2078    4    97.24    12.62
2078    5     4.50    15.80
2078    6    30.45    19.59
2078    7     4.86    22.80
2078    8     1.45    23.56
2078    9     7.84    22.90
2078   10   126.04    19.72
2078   11    68.90    18.00
2078   12   251.90    13.12
2079    1   217.15     8.40
2079    2   160.21    10.45
2079    3   110.44    11.98
2079    4    54.69    13.56
2079    5    70.65    15.98
2079    6    33.74    18.60
2079    7     9.33    21.58
2079    8     0.47    23.68
2079    9     6.18    20.99
2079   10    33.62    20.40
2079   11   140.60    15.10
2079   12   136.47    13.94
2080    1   119.95    10.68
2080    2    92.91    12.60
2080    3    75.13     9.92
2080    4    78.20    13.36
2080    5    35.16    16.54
2080    6    33.85    19.31
2080    7     8.48    22.50
2080    8     5.67    23.60
2080    9     4.39    20.37
2080   10   172.65    18.81
2080   11   171.71    15.36
2080   12   198.78    13.71
2081    1   107.33    11.70
2081    2    88.03    10.57
2081    3    81.49    13.57
2081    4    53.97    13.53
2081    5    42.07    17.65
2081    6    10.20    19.33
2081    7    21.26    21.27
2081    8     7.23    22.14
2081    9    12.38    20.86
2081   10    67.54    17.80
2081   11    87.97    15.98
2081   12    90.97    15.23
2082    1    37.83    12.33
2082    2   216.22    10.28
2082    3   100.12    10.59
2082    4    32.57    13.10
2082    5    23.65    17.62
2082    6    12.05    18.33
2082    7     0.01    22.20
2082    8     3.64    20.93
2082    9    28.13    18.50
2082   10   112.55    15.95
2082   11    57.95    15.19
2082   12   189.20    12.15
2083    1    69.74    12.58
2083    2    90.55    10.69
2083    3   117.72    11.50
2083    4    41.79    13.90
2083    5    11.91    16.48
2083    6    33.11    19.17
2083    7    16.71    21.75
2083    8    16.04    22.34
2083    9    13.87    23.23
2083   10   133.33    18.63
2083   11   121.26    13.70
2083   12   265.17     8.20
2084    1   162.72     9.73
2084    2    82.71    10.61
2084    3    64.75    11.65
2084    4    41.26    12.90
2084    5    10.82    16.43
2084    6    77.17    19.61
2084    7     2.14    21.97
2084    8    13.92    21.89
2084    9     5.15    21.60
2084   10    30.55    20.15
2084   11    53.93    17.36
2084   12   188.48    10.21
2085    1   129.77    10.14
2085    2    95.79    10.55
2085    3   111.64    11.25
2085    4    60.14    11.44
2085    5    59.11    15.77
2085    6    29.08    18.92
2085    7     6.35    21.65
2085    8     0.36    22.69
2085    9    47.49    20.28
2085   10    82.44    17.82
2085   11   178.76    13.14
2085   12   216.80    11.78
2086    1   107.34     9.68
2086    2    85.90    11.64
2086    3    84.96    11.93
2086    4    98.57    12.89
2086    5    43.42    15.58
2086    6    47.30    18.61
2086    7    17.60    21.02
2086    8     6.01    22.25
2086    9    24.18    21.22
2086   10    88.42    19.39
2086   11   200.88    13.25
2086   12   109.86    11.92
2087    1   151.07    12.30
2087    2    59.04    11.08
2087    3    57.74    13.03
2087    4   131.11    14.35
2087    5    66.08    16.21
2087    6    20.69    19.61
2087    7    31.54    21.61
2087    8    10.45    21.82
2087    9    15.31    21.11
2087   10    54.00    19.70
2087   11    45.44    15.35
2087   12    67.87    13.95
2088    1   109.44     9.79
2088    2   154.56    10.90
2088    3   111.93    11.48
2088    4   137.91    13.44
2088    5    55.46    15.81
2088    6    23.40    18.66
2088    7    78.59    20.40
2088    8    27.38    20.33
2088    9    11.91    20.70
2088   10   150.39    17.36
2088   11    81.47    13.55
2088   12   143.48    12.67
2089    1   122.10    10.75
2089    2    50.86     9.60
2089    3    38.35    10.64
2089    4   110.65    11.38
2089    5   116.48    15.06
2089    6    16.91    18.28
2089    7     2.40    22.43
2089    8     9.58    22.00
2089    9    40.78    20.82
2089   10    96.78    17.80
2089   11    86.72    17.81
2089   12   279.04    11.69
2090    1   133.12     8.62
2090    2    46.20    11.72
2090    3   112.55    13.00
2090    4    54.16    15.51
2090    5    74.12    16.76
2090    6    30.52    19.29
2090    7     7.50    20.76
2090    8     9.18    22.66
2090    9   138.21    20.01
2090   10   174.08    17.14
2090   11   231.99    14.99
2090   12   246.86    11.79
2091    1   151.70    10.01
2091    2   191.41     8.65
2091    3   134.50    10.32
2091    4   119.14    11.87
2091    5     5.22    15.89
2091    6    23.08    18.92
2091    7     1.89    21.23
2091    8    16.54    21.92
2091    9     7.60    20.97
2091   10    52.81    22.24
2091   11    57.18    14.27
2091   12   134.61    11.47
2092    1    86.26    11.87
2092    2   121.39    10.27
2092    3    76.44     9.91
2092    4    51.89    13.42
2092    5   127.67    16.46
2092    6    33.56    18.30
2092    7     5.32    21.86
2092    8    15.73    21.64
2092    9    10.25    21.66
2092   10   119.21    18.39
2092   11   203.19    13.04
2092   12   111.55    11.79
2093    1   257.08    10.55
2093    2   162.51    10.41
2093    3    73.39     9.89
2093    4    76.58    12.66
2093    5    72.25    15.46
2093    6    80.16    18.72
2093    7     4.28    21.12
2093    8     0.23    22.14
2093    9    60.28    20.24
2093   10    78.90    19.24
2093   11   118.93    14.80
2093   12   153.19    13.12
2094    1   212.25     9.43
2094    2    97.47     6.36
2094    3   118.54     9.15
2094    4   132.42    10.46
2094    5    40.58    15.88
2094    6     8.02    18.25
2094    7    26.71    19.95
2094    8    18.88    20.63
2094    9    11.06    19.74
2094   10   143.61    17.23
2094   11   168.04    13.66
2094   12   194.73    13.37
2095    1    57.04     8.40
2095    2    66.80     9.67
2095    3    33.66    10.78
2095    4   140.89    12.79
2095    5    28.91    16.33
2095    6     8.97    19.81
2095    7     8.34    21.16
2095    8     3.86    23.75
2095    9    57.82    20.71
2095   10   159.26    16.91
2095   11   140.51    17.07
2095   12    71.73    15.04
2096    1   184.92     8.54
2096    2   174.01     7.42
2096    3    89.63    12.17
2096    4   139.20    13.54
2096    5    71.38    16.07
2096    6     3.55    19.08
2096    7     4.01    22.40
2096    8    38.73    21.07
2096    9    77.12    18.13
2096   10    30.14    18.17
2096   11    91.90    17.03
2096   12   264.47    11.44
2097    1    87.28     9.83
2097    2   146.53     9.70
2097    3    66.61     9.69
2097    4    28.40    13.71
2097    5    60.01    15.26
2097    6    11.93    18.84
2097    7    15.78    21.54
2097    8    44.97    22.57
2097    9    58.60    20.85
2097   10   219.29    17.12
2097   11   126.33    15.28
2097   12   219.15    11.46
2098    1    27.53     9.05
2098    2    91.69     9.62
2098    3   126.12    11.60
2098    4    91.10    12.31
2098    5    41.85    15.92
2098    6    29.92    18.10
2098    7    16.07    22.11
2098    8     4.53    22.44
2098    9     5.64    22.50
2098   10     2.70    22.59
2098   11   235.19    13.39
2098   12   117.11    12.53
2099    1   156.14    11.79
2099    2    76.96    11.78
2099    3    30.63    12.77
2099    4     6.13    14.88
2099    5    72.47    16.90
2099    6    14.53    19.53
2099    7    37.59    21.14
2099    8    13.59    21.11
2099    9    22.40    22.37
2099   10   161.06    18.17
2099   11   115.40    17.48
2099   12   114.60    14.22
2100    1    84.54    12.50
2100    2   132.71    12.41
2100    3    68.97    12.80
2100    4    29.71    12.31
2100    5    37.66    16.63
2100    6     5.50    20.66
2100    7     9.08    22.19
2100    8     0.21    23.66
2100    9    18.75    22.27
2100   10    34.10    18.77
2100   11   317.29    11.99
2100   12    85.34    12.49
