2006    1     8.67    -4.79
2006    2    14.67    -6.19
2006    3    76.21     4.09
2006    4    86.50     7.36
2006    5   125.80    10.98
2006    6    20.88    15.21
2006    7    27.29    19.27
2006    8     8.43    18.11
2006    9    49.50    13.98
2006   10     0.47     9.65
2006   11    45.98    -1.44
2006   12    35.37    -5.22
2007    1    10.24    -4.19
2007    2    51.68    -5.93
2007    3    58.86     0.41
2007    4    79.26     5.19
2007    5   136.16    12.25
2007    6    29.89    16.12
2007    7    13.78    19.80
2007    8     9.26    17.96
2007    9    13.88    14.63
2007   10    44.37     3.09
2007   11    33.92     0.16
2007   12    19.97    -5.97
2008    1    20.00    -8.05
2008    2    13.41    -5.67
2008    3    37.73    -0.06
2008    4    36.21     8.65
2008    5    69.89     9.13
2008    6    81.54    14.54
2008    7    11.08    19.65
2008    8     1.13    18.44
2008    9    14.08    10.77
2008   10    53.98     3.57
2008   11    49.07    -3.97
2008   12    45.94    -3.86
2009    1    13.88    -5.14
2009    2     9.61    -5.88
2009    3    34.73     1.58
2009    4    38.55     6.42
2009    5   156.95    10.13
2009    6   160.43    10.68
2009    7    61.38    17.05
2009    8     8.44    17.20
2009    9     2.74    13.20
2009   10    18.27     8.89
2009   11    25.10    -0.40
2009   12    26.03    -6.13
2010    1    17.30    -5.53
2010    2    15.34    -1.35
2010    3    24.52     0.77
2010    4    99.32     7.15
2010    5    83.76    12.44
2010    6    42.65    15.93
2010    7    12.24    18.17
2010    8    58.26    15.23
2010    9    23.25    11.92
2010   10     2.95     7.93
2010   11    60.60     0.60
2010   12    15.72    -3.26
2011    1     9.39    -3.85
2011    2    22.53    -6.52
2011    3    23.87    -0.35
2011    4    52.15     7.50
2011    5    77.94    11.90
2011    6    44.38    16.34
2011    7    10.06    21.52
2011    8     2.82    18.61
2011    9     3.30    15.96
2011   10    47.92     3.35
2011   11     5.49    -1.35
2011   12    26.66    -5.91
2012    1    19.37    -6.95
2012    2    28.41    -2.35
2012    3    17.49    -0.20
2012    4    40.21     5.52
2012    5    92.54    11.73
2012    6   102.04    14.76
2012    7    25.64    18.51
2012    8    24.40    18.55
2012    9     2.45    15.34
2012   10    61.36     3.62
2012   11    13.08    -0.77
2012   12    27.02    -3.37
2013    1    38.79    -5.74
2013    2     3.31    -1.07
2013    3    38.95    -1.11
2013    4    45.41     6.73
2013    5   127.29     9.45
2013    6    30.83    15.36
2013    7    12.25    19.40
2013    8    15.32    19.69
2013    9    37.96    12.87
2013   10    13.64     7.15
2013   11    45.78    -3.44
2013   12     8.84    -8.72
2014    1     9.88    -6.96
2014    2    38.06    -2.30
2014    3    77.45     3.14
2014    4    44.06     6.52
2014    5   105.49    10.48
2014    6    64.38    14.09
2014    7     9.13    18.00
2014    8     8.92    18.39
2014    9    16.29    14.39
2014   10    29.17     8.19
2014   11    37.16     1.20
2014   12    24.47    -4.41
2015    1    21.24    -5.11
2015    2    25.58    -3.47
2015    3    24.80    -0.84
2015    4    58.72     7.06
2015    5   101.15    12.12
2015    6    56.12    13.91
2015    7    50.78    17.51
2015    8     3.50    19.86
2015    9    81.97    10.93
2015   10    64.01     6.38
2015   11    35.18    -1.11
2015   12    18.12    -4.14
2016    1     8.58    -8.15
2016    2    26.30    -3.04
2016    3    46.37    -0.36
2016    4    38.72     6.56
2016    5   150.41    10.68
2016    6    80.20    16.02
2016    7     6.26    18.32
2016    8    13.03    16.61
2016    9     8.65    14.74
2016   10    17.76     8.59
2016   11    30.50     1.29
2016   12    39.42    -4.73
2017    1    10.41    -3.63
2017    2    58.02    -3.81
2017    3    77.35    -0.29
2017    4    63.08     6.79
2017    5    80.02     8.66
2017    6    88.54    14.48
2017    7    33.59    17.01
2017    8     2.79    18.99
2017    9    21.58    14.27
2017   10    49.35     7.65
2017   11    85.50     0.12
2017   12     8.12    -2.83
2018    1    38.91    -4.29
2018    2    25.50    -7.61
2018    3    51.16     1.42
2018    4    38.15     7.66
2018    5   105.94    10.13
2018    6    34.49    14.32
2018    7    77.05    15.53
2018    8    18.41    17.09
2018    9     6.34    12.11
2018   10    25.14     6.88
2018   11    36.43     0.30
2018   12    30.39    -7.05
2019    1    20.51    -7.52
2019    2     1.99    -0.90
2019    3    39.03     2.54
2019    4    63.66     8.27
2019    5    63.08    12.65
2019    6   107.13    14.80
2019    7    86.41    17.18
2019    8    38.02    16.82
2019    9     7.39    13.67
2019   10    25.71     6.64
2019   11    28.95     0.75
2019   12    38.26    -5.82
2020    1     2.03    -4.66
2020    2    41.98    -3.09
2020    3    82.93    -1.53
2020    4    49.38     4.74
2020    5   116.21    12.74
2020    6    79.76    14.06
2020    7    70.29    16.81
2020    8    36.63    15.62
2020    9     0.09    16.55
2020   10    60.54     7.05
2020   11    28.71     1.77
2020   12    12.63    -3.41
2021    1    31.49    -5.24
2021    2    52.30    -4.66
2021    3    27.05     0.92
2021    4    49.61     8.46
2021    5   128.29     8.29
2021    6    65.19    15.45
2021    7    12.89    17.80
2021    8    79.90    15.01
2021    9     3.56    14.66
2021   10     2.24     8.35
2021   11    45.10    -1.07
2021   12    14.29    -6.35
2022    1    14.47    -6.74
2022    2     7.00    -6.17
2022    3    13.16     1.70
2022    4    59.71     5.24
2022    5    80.90    13.36
2022    6    92.79    15.72
2022    7    13.48    18.77
2022    8    65.80    16.95
2022    9    81.07     8.28
2022   10    20.02     1.52
2022   11    21.62    -0.79
2022   12    11.97    -4.61
2023    1    11.61    -2.69
2023    2    17.02    -2.48
2023    3    41.15     3.59
2023    4    69.76     7.82
2023    5    80.74    10.15
2023    6    97.06    15.49
2023    7    29.10    16.71
2023    8     5.19    19.31
2023    9    35.56    14.22
2023   10    16.44     6.10
2023   11    55.51     0.89
2023   12    36.12    -8.67
2024    1    24.22    -8.06
2024    2    11.31    -3.31
2024    3    72.60    -1.16
2024    4    87.29     5.11
2024    5    89.57     8.95
2024    6    66.14    14.68
2024    7    29.12    16.15
2024    8     7.22    18.54
2024    9     0.95    11.31
2024   10    17.79     8.84
2024   11    11.98    -1.13
2024   12    19.30    -3.73
2025    1     4.01    -3.55
2025    2    13.60    -2.50
2025    3    62.90     1.21
2025    4    52.17     7.27
2025    5    89.33    12.53
2025    6    73.61    15.32
2025    7    13.82    20.02
2025    8    21.49    19.06
2025    9    68.02    15.42
2025   10     1.08     7.64
2025   11    33.20    -3.38
2025   12    36.62    -2.64
2026    1    41.21    -4.83
2026    2    25.39    -5.64
2026    3    39.45     0.87
2026    4    78.95     8.75
2026    5   128.01    11.54
2026    6    68.58    15.61
2026    7     9.77    20.00
2026    8    38.01    17.00
2026    9    14.07    15.47
2026   10    89.80     5.61
2026   11    11.76     0.39
2026   12    22.58    -5.21
2027    1     9.70    -4.26
2027    2    16.71    -1.60
2027    3    44.70     1.09
2027    4    48.64     9.12
2027    5   105.24    12.11
2027    6    96.60    15.37
2027    7    18.89    18.50
2027    8     1.58    18.71
2027    9    50.83    14.52
2027   10    49.18     5.91
2027   11    23.09    -0.74
2027   12    42.34    -3.71
2028    1    25.82    -8.24
2028    2    36.58    -2.81
2028    3    51.56     2.55
2028    4    42.37     8.89
2028    5   134.92    10.41
2028    6    67.24    14.24
2028    7    11.19    22.36
2028    8    12.99    17.95
2028    9    11.53    13.90
2028   10    17.90     5.33
2028   11    47.79     1.12
2028   12    31.40    -3.40
2029    1    14.12    -5.64
2029    2    21.39    -1.81
2029    3    29.12     2.65
2029    4    79.92     6.51
2029    5    92.88    13.02
2029    6   118.47    15.14
2029    7    35.11    16.61
2029    8     3.29    19.67
2029    9    10.39    17.80
2029   10     6.43     8.29
2029   11    50.18    -0.80
2029   12    20.13    -5.82
2030    1    13.11    -6.48
2030    2    17.38    -2.02
2030    3    64.49    -1.28
2030    4    43.30     8.67
2030    5   101.63    13.01
2030    6    90.91    14.17
2030    7    28.64    19.39
2030    8     4.09    20.87
2030    9    19.06    14.88
2030   10    35.52    10.29
2030   11    25.52     1.76
2030   12    30.25    -1.70
2031    1    17.52    -8.27
2031    2    11.91    -2.64
2031    3    52.43     0.54
2031    4    56.98     7.61
2031    5   155.34    11.61
2031    6    51.49    16.59
2031    7    42.56    21.29
2031    8    13.87    19.77
2031    9    11.79    10.57
2031   10    54.41     6.56
2031   11    14.79    -1.15
2031   12    18.78    -5.26
2032    1    26.67    -8.44
2032    2    36.42    -2.95
2032    3    49.57     2.27
2032    4    45.70     7.68
2032    5   121.77    10.93
2032    6   101.31    15.41
2032    7   112.16    17.14
2032    8    18.65    18.23
2032    9     2.95    14.72
2032   10    49.98     7.25
2032   11    18.35    -1.04
2032   12    43.46    -2.24
2033    1    13.62    -5.00
2033    2    16.87    -3.08
2033    3    39.63     0.82
2033    4    70.41     4.55
2033    5   117.68     9.29
2033    6   117.22    13.29
2033    7    61.27    17.17
2033    8    44.98    18.37
2033    9    17.35    14.93
2033   10   104.89     3.83
2033   11    16.86    -0.13
2033   12    14.76    -3.27
2034    1     9.20    -5.21
2034    2     5.37    -1.61
2034    3    47.58     3.13
2034    4    99.53     6.65
2034    5   129.04     9.07
2034    6   104.55    13.51
2034    7    10.46    17.73
2034    8     0.76    20.52
2034    9     3.18    19.67
2034   10    47.28     8.27
2034   11    34.45     0.10
2034   12     3.31    -4.50
2035    1    27.36    -6.80
2035    2    29.78    -3.37
2035    3    45.99    -1.50
2035    4   130.78     6.91
2035    5   115.70    12.23
2035    6    61.28    17.00
2035    7    32.94    19.86
2035    8     2.00    18.81
2035    9    79.26    15.23
2035   10    30.97     7.44
2035   11    52.83    -0.83
2035   12     5.93    -2.95
2036    1    57.37    -5.26
2036    2    18.92    -5.13
2036    3    20.19     1.06
2036    4    71.08     4.81
2036    5   105.25    12.62
2036    6    74.51    13.84
2036    7    48.87    17.04
2036    8     7.15    17.19
2036    9    22.09    15.98
2036   10    18.85     7.16
2036   11     0.82    -0.15
2036   12    50.59    -2.68
2037    1     7.03    -5.88
2037    2    26.55    -1.93
2037    3    94.43    -0.19
2037    4   108.54     6.39
2037    5   181.52     8.53
2037    6    45.52    13.72
2037    7    69.88    15.59
2037    8    11.75    17.92
2037    9     1.19    14.45
2037   10    25.08     9.38
2037   11    37.28    -0.21
2037   12    40.20    -4.29
2038    1     8.94    -6.72
2038    2    60.28    -4.14
2038    3    32.97     1.36
2038    4   101.49     5.88
2038    5    70.13    10.91
2038    6   106.37    16.69
2038    7    43.50    18.11
2038    8     0.49    20.31
2038    9    15.74    14.53
2038   10     2.68     7.23
2038   11    15.35     2.30
2038   12    26.16    -3.05
2039    1    15.24    -4.52
2039    2    28.76    -2.18
2039    3    32.70     5.24
2039    4    74.31     5.44
2039    5    57.52    11.53
2039    6   109.55    15.29
2039    7     7.04    22.72
2039    8     1.52    19.28
2039    9    23.63    12.14
2039   10    19.75     7.23
2039   11    65.79    -3.72
2039   12    12.65    -4.24
2040    1    34.44    -2.14
2040    2    40.35    -1.40
2040    3    31.64    -0.98
2040    4    84.68     7.28
2040    5    48.84    13.85
2040    6    65.67    15.76
2040    7    38.70    20.34
2040    8     0.21    20.14
2040    9     0.99    17.90
2040   10    47.70     8.17
2040   11    28.66     0.65
2040   12    40.44    -3.46
2041    1    22.98    -6.19
2041    2     7.93    -5.01
2041    3    47.46     1.74
2041    4    65.11     7.46
2041    5    57.49     9.50
2041    6    52.83    18.17
2041    7     2.38    21.71
2041    8     1.60    20.51
2041    9    10.84    14.65
2041   10    20.53     6.80
2041   11    55.02    -3.27
2041   12    17.71    -7.06
2042    1    34.49    -4.64
2042    2    13.68    -5.70
2042    3    17.66    -2.91
2042    4    32.55     4.98
2042    5    37.71    15.24
2042    6    65.63    16.72
2042    7    13.92    22.27
2042    8    26.44    20.86
2042    9     1.07    14.54
2042   10    25.68     8.95
2042   11    15.18    -0.04
2042   12    11.42    -4.57
2043    1    15.65    -5.71
2043    2    36.44    -1.48
2043    3    35.89     2.28
2043    4    51.52     9.58
2043    5    57.53    10.00
2043    6    67.61    17.86
2043    7    18.65    18.55
2043    8     0.96    21.25
2043    9    36.10    15.48
2043   10     8.45    11.07
2043   11    19.62     2.70
2043   12     9.42    -3.81
2044    1    18.36    -6.84
2044    2    15.38    -2.15
2044    3    38.55     0.65
2044    4    94.59     8.01
2044    5    26.85    16.06
2044    6    39.42    17.93
2044    7    38.37    19.14
2044    8     6.25    20.53
2044    9     5.11    14.27
2044   10    36.13     5.70
2044   11    44.98     1.45
2044   12    31.48    -2.10
2045    1    31.96    -5.04
2045    2    10.45    -3.00
2045    3    38.41     4.59
2045    4   107.03     9.51
2045    5   110.66    13.18
2045    6    56.53    15.65
2045    7     9.44    20.91
2045    8     1.92    20.21
2045    9    21.52    13.39
2045   10    89.60     5.93
2045   11    20.16     2.03
2045   12    23.30    -1.68
2046    1    28.32    -6.86
2046    2    30.10     1.34
2046    3    46.77     5.08
2046    4    85.98     6.65
2046    5    64.72    12.82
2046    6    58.63    15.24
2046    7     5.66    19.08
2046    8     0.74    19.70
2046    9    16.51    17.24
2046   10    49.40     9.14
2046   11    22.55     0.28
2046   12    12.66    -4.14
2047    1    23.66    -7.76
2047    2    14.21    -3.61
2047    3    39.26     2.24
2047    4   117.18     7.25
2047    5   146.88     9.63
2047    6    28.35    15.11
2047    7    20.06    17.97
2047    8    69.92    15.49
2047    9     1.13    13.63
2047   10    20.69    10.55
2047   11    33.72    -0.98
2047   12    20.23    -4.17
2048    1    31.76    -4.16
2048    2    40.57    -4.22
2048    3    37.51    -1.66
2048    4    34.78     7.71
2048    5    84.01     7.22
2048    6    46.03    17.45
2048    7     6.27    18.61
2048    8     1.00    22.20
2048    9    39.78    15.92
2048   10    62.12     6.65
2048   11    31.46     0.09
2048   12    30.14    -2.40
2049    1     2.82    -6.29
2049    2    26.63    -3.47
2049    3    51.23     0.41
2049    4   112.41     8.36
2049    5    42.00    12.47
2049    6    34.47    16.64
2049    7     1.19    24.89
2049    8     0.00    24.11
2049    9     4.34    15.30
2049   10    37.31    10.98
2049   11    15.51     3.67
2049   12     5.89    -0.16
2050    1    32.74    -5.74
2050    2    13.47    -2.95
2050    3    44.12     2.40
2050    4     9.96    12.39
2050    5   126.72    11.61
2050    6    23.16    15.49
2050    7    23.25    21.16
2050    8     1.00    22.01
2050    9     4.41    18.15
2050   10    35.22     9.58
2050   11    60.49     2.40
2050   12    22.17    -6.02
2051    1    14.46    -1.92
2051    2    32.42    -0.87
2051    3    42.76     1.55
2051    4    98.01     6.84
2051    5    90.81    11.63
2051    6    12.50    17.47
2051    7     9.05    18.47
2051    8     0.08    22.77
2051    9     0.75    13.91
2051   10    10.29     9.17
2051   11    20.77     0.58
2051   12    59.66    -4.83
2052    1    63.19    -6.77
2052    2    11.58    -4.54
2052    3    21.32     6.17
2052    4    89.44    11.79
2052    5    82.08     9.90
2052    6    95.75    16.89
2052    7    34.53    19.96
2052    8     2.73    22.49
2052    9    37.19    17.44
2052   10    77.95     4.43
2052   11    41.33     1.80
2052   12    30.92    -4.53
2053    1    38.65    -4.01
2053    2    45.54    -3.57
2053    3    18.24    -1.71
2053    4    21.86     8.92
2053    5   134.98     9.20
2053    6   122.22    13.85
2053    7    96.12    17.49
2053    8    41.81    16.87
2053    9     4.94    13.69
2053   10    45.16     9.27
2053   11    62.35     1.22
2053   12    16.30    -2.91
2054    1    22.15    -2.82
2054    2    34.92    -0.44
2054    3    32.97     4.38
2054    4    40.22     7.46
2054    5    21.85    14.86
2054    6    72.16    16.73
2054    7     7.43    22.40
2054    8     3.29    20.16
2054    9    24.93    16.03
2054   10    47.42     9.32
2054   11    27.59    -0.53
2054   12    18.21    -5.65
2055    1    23.40    -4.31
2055    2    24.68    -4.62
2055    3    40.41     1.55
2055    4    82.32     5.75
2055    5   144.77     9.29
2055    6    92.54    15.63
2055    7    23.80    18.99
2055    8    31.40    20.33
2055    9    40.02    15.56
2055   10    27.24     7.82
2055   11    27.18    -0.37
2055   12    24.84    -4.72
2056    1    32.20    -2.92
2056    2    49.10    -4.17
2056    3    54.94    -0.77
2056    4    78.05     8.11
2056    5    98.82    14.57
2056    6    59.19    16.14
2056    7    16.11    20.23
2056    8     1.44    19.82
2056    9     9.93    13.15
2056   10    53.89     8.66
2056   11    10.94     2.56
2056   12    15.09    -5.53
2057    1    28.96    -3.74
2057    2    39.76    -2.50
2057    3    46.34     3.34
2057    4    45.65     4.04
2057    5    72.53    11.66
2057    6    70.10    16.42
2057    7     9.68    18.92
2057    8     0.72    20.22
2057    9    39.81    16.11
2057   10    21.96     8.22
2057   11    51.67     2.38
2057   12     6.76    -1.10
2058    1    25.74    -3.71
2058    2    17.21    -3.19
2058    3    21.75    -0.16
2058    4   114.43     5.52
2058    5    55.48    12.18
2058    6    88.92    14.79
2058    7    32.22    20.37
2058    8    18.96    19.66
2058    9    11.52    14.21
2058   10     7.70     8.86
2058   11     1.96     3.28
2058   12    32.20    -0.51
2059    1    14.69    -3.56
2059    2     6.85    -1.82
2059    3     9.61     4.80
2059    4    40.06    10.32
2059    5    76.23    12.90
2059    6    24.38    17.12
2059    7     6.96    23.07
2059    8     6.32    19.54
2059    9     5.94    16.89
2059   10    67.13    11.51
2059   11    29.99     1.91
2059   12    35.50    -4.68
2060    1    70.40    -5.56
2060    2    16.48    -0.95
2060    3    49.57     0.04
2060    4   116.83     8.28
2060    5    77.49    11.44
2060    6    37.92    14.95
2060    7    52.54    19.01
2060    8    52.76    18.19
2060    9     0.00    19.97
2060   10    49.58     9.39
2060   11    38.62    -2.92
2060   12    33.39    -3.07
2061    1    21.54    -1.92
2061    2    23.58    -1.09
2061    3    63.77     1.53
2061    4    23.59     4.64
2061    5    90.31    11.23
2061    6    20.89    18.45
2061    7    80.88    18.39
2061    8     4.24    19.81
2061    9     3.26    13.13
2061   10    26.48    10.59
2061   11    16.27     0.95
2061   12    12.51    -2.91
2062    1    22.49    -2.11
2062    2    17.72    -7.58
2062    3    43.58    -1.09
2062    4    43.53     9.48
2062    5    28.24    13.92
2062    6    40.12    18.76
2062    7    35.50    20.86
2062    8     0.09    24.11
2062    9    10.80    17.33
2062   10    84.22     8.18
2062   11    31.58     4.50
2062   12    45.12    -1.36
2063    1     9.36    -3.39
2063    2    12.46    -0.70
2063    3    42.59     2.90
2063    4   100.34     6.55
2063    5   111.13    10.68
2063    6    51.28    14.61
2063    7    34.74    20.22
2063    8     0.02    20.91
2063    9     6.44    18.01
2063   10    27.73     9.59
2063   11    40.31     1.61
2063   12    26.96    -1.46
2064    1    34.97    -4.42
2064    2    17.34     0.80
2064    3    36.55     2.91
2064    4    34.63     7.90
2064    5   133.79    12.35
2064    6    56.43    17.12
2064    7    17.87    24.02
2064    8     0.01    22.89
2064    9     0.21    17.82
2064   10    60.19     7.22
2064   11    32.89     1.80
2064   12    17.18    -3.90
2065    1     8.82    -3.31
2065    2    21.38     1.72
2065    3    30.62     3.47
2065    4    83.71     8.54
2065    5   100.41    12.47
2065    6    31.78    18.33
2065    7    32.76    19.73
2065    8     9.99    21.72
2065    9     0.02    16.67
2065   10    52.59     5.88
2065   11     5.93    -0.40
2065   12    50.24    -2.82
2066    1    21.91    -3.87
2066    2    41.25    -1.17
2066    3    85.00     1.17
2066    4    86.26     8.08
2066    5   115.43    12.14
2066    6    71.78    15.93
2066    7    28.45    18.45
2066    8     0.09    19.45
2066    9     8.12    11.97
2066   10     6.21    10.00
2066   11    45.68     2.61
2066   12    14.33    -2.40
2067    1     2.28    -5.30
2067    2    47.02    -4.96
2067    3    60.59     0.70
2067    4   120.95     7.27
2067    5    68.03    12.94
2067    6    54.14    15.63
2067    7    56.16    17.65
2067    8    16.93    21.13
2067    9     5.97    17.41
2067   10    12.44     6.28
2067   11     6.33     0.92
2067   12    26.11    -6.01
2068    1    32.49    -3.53
2068    2    41.08    -2.66
2068    3    37.26     4.90
2068    4   107.72     7.91
2068    5    34.48    14.68
2068    6    86.45    16.60
2068    7    14.77    20.25
2068    8     0.00    22.65
2068    9    25.91    16.71
2068   10    47.83    11.56
2068   11    15.38     2.90
2068   12    13.19    -0.73
2069    1    29.27    -1.78
2069    2    41.46    -1.47
2069    3    17.33     2.30
2069    4    88.28     8.80
2069    5    53.54    13.17
2069    6    13.39    20.89
2069    7     1.82    21.11
2069    8    75.06    19.05
2069    9    19.84    14.47
2069   10     8.14    10.45
2069   11    44.58     4.65
2069   12    17.33    -3.18
2070    1    22.23    -4.80
2070    2    37.41     2.08
2070    3    18.30     3.52
2070    4    17.71    13.12
2070    5    56.26    16.35
2070    6    55.19    15.83
2070    7     6.70    22.07
2070    8     1.65    21.80
2070    9    17.65    17.71
2070   10    38.36     6.64
2070   11    26.89     0.67
2070   12    23.42    -0.68
2071    1    10.58    -1.36
2071    2     2.92     0.12
2071    3    24.00     4.33
2071    4    40.19     9.05
2071    5    80.19    11.62
2071    6    38.76    19.38
2071    7     3.59    21.84
2071    8     8.20    21.26
2071    9    39.90    16.82
2071   10    19.56     7.27
2071   11    88.39     0.39
2071   12    19.95    -4.48
2072    1    19.59    -2.89
2072    2     8.09    -3.27
2072    3    22.17     1.21
2072    4    67.47     8.22
2072    5    41.38    12.70
2072    6    12.46    18.61
2072    7     1.88    22.05
2072    8    10.26    23.26
2072    9    17.22    21.54
2072   10    31.47    12.26
2072   11    19.51     3.86
2072   12    17.90    -2.30
2073    1    52.20    -2.51
2073    2    20.12    -1.86
2073    3    35.41     4.76
2073    4    85.08     7.51
2073    5    83.50    13.74
2073    6    98.36    18.25
2073    7    63.14    17.11
2073    8     8.39    16.56
2073    9    33.35    14.41
2073   10    12.99     8.47
2073   11    38.54     1.38
2073   12    19.98    -2.22
2074    1    26.41    -6.58
2074    2    24.61    -3.91
2074    3    76.88     2.15
2074    4    85.48     8.06
2074    5    98.93    12.12
2074    6   166.47    16.83
2074    7    51.51    20.15
2074    8     9.12    18.05
2074    9     9.24    13.97
2074   10    35.69     9.27
2074   11    31.43     2.05
2074   12    23.23    -3.31
2075    1    10.31    -2.91
2075    2    37.99    -0.86
2075    3    38.98     0.70
2075    4    57.41    11.18
2075    5    86.31    13.86
2075    6    17.03    17.37
2075    7    29.54    19.84
2075    8     0.00    23.07
2075    9    14.31    15.51
2075   10    46.77     8.13
2075   11    20.91     3.98
2075   12    47.68    -2.82
2076    1     8.03    -7.69
2076    2     4.59    -3.13
2076    3    47.81     0.17
2076    4    83.77     9.52
2076    5   143.79     9.96
2076    6    28.22    15.18
2076    7     8.31    21.13
2076    8     0.45    23.41
2076    9    11.95    16.15
2076   10   101.05     6.42
2076   11    74.71     0.80
2076   12    46.63    -3.90
2077    1    14.68    -3.67
2077    2    12.56     0.30
2077    3    58.01     6.44
2077    4   116.90     5.37
2077    5    62.68    11.20
2077    6    99.77    16.78
2077    7    30.66    19.86
2077    8    19.08    17.85
2077    9     1.72    17.11
2077   10    25.57     9.60
2077   11    67.93     1.38
2077   12    36.18    -1.53
2078    1    12.30    -2.67
2078    2    20.06    -1.41
2078    3    88.77     1.69
2078    4   107.68     5.13
2078    5    60.29    10.96
2078    6    46.14    19.20
2078    7     3.22    24.08
2078    8     0.00    24.87
2078    9    11.72    13.72
2078   10     9.11    12.22
2078   11    58.57     5.57
2078   12     9.03    -1.33
2079    1    16.89    -6.92
2079    2    49.35    -1.60
2079    3    87.93     3.00
2079    4    66.98     8.37
2079    5   155.01    12.47
2079    6    96.95    16.75
2079    7    30.94    21.20
2079    8    17.65    21.26
2079    9     7.86    15.61
2079   10    24.12    11.29
2079   11    37.72     1.31
2079   12    18.99    -0.01
2080    1     8.72    -3.37
2080    2    20.54     0.22
2080    3   124.86     1.25
2080    4   134.14     7.01
2080    5   157.88    12.05
2080    6    59.50    15.08
2080    7    15.28    21.79
2080    8     0.16    22.59
2080    9    12.42    14.77
2080   10    23.81     9.40
2080   11    35.04     2.49
2080   12    22.26    -0.80
2081    1    30.01    -2.66
2081    2    21.33    -1.48
2081    3    34.99     7.26
2081    4    77.41     7.06
2081    5    54.58    15.75
2081    6    95.40    17.99
2081    7    78.09    19.11
2081    8     1.85    18.29
2081    9    32.95    14.54
2081   10    15.26     6.45
2081   11    37.24     2.97
2081   12    28.53     0.41
2082    1    13.66    -2.02
2082    2    21.32    -0.78
2082    3    67.32     1.55
2082    4    85.45     6.68
2082    5    71.87    16.72
2082    6    62.22    19.98
2082    7     1.32    24.59
2082    8    21.51    21.12
2082    9    24.87    12.69
2082   10    37.22     6.47
2082   11    33.88     2.57
2082   12    19.95    -2.54
2083    1    12.22    -2.04
2083    2    18.23    -2.64
2083    3    30.54     2.46
2083    4    52.86    10.92
2083    5    92.11    13.03
2083    6    23.92    15.18
2083    7     4.47    22.35
2083    8     0.71    25.90
2083    9     0.86    17.26
2083   10    51.17     8.20
2083   11    21.13    -1.59
2083   12    18.61    -6.72
2084    1    10.82    -5.68
2084    2    41.90    -0.33
2084    3    59.11     3.95
2084    4    76.71     6.99
2084    5    77.21    14.90
2084    6    37.23    17.82
2084    7     3.21    21.93
2084    8     0.01    22.35
2084    9    40.03    15.85
2084   10    10.83    11.80
2084   11    36.79     3.32
2084   12    73.93    -4.86
2085    1    28.67    -6.51
2085    2    52.90    -1.21
2085    3    27.42     2.71
2085    4    53.33     5.46
2085    5   100.49    11.82
2085    6    75.55    15.84
2085    7    19.66    21.72
2085    8     4.73    20.33
2085    9     0.77    17.30
2085   10    30.44     7.31
2085   11    35.48     0.86
2085   12    22.35    -2.55
2086    1     6.77    -5.64
2086    2    44.49    -2.51
2086    3    92.63     4.49
2086    4    80.02     8.05
2086    5    49.07    14.91
2086    6   209.10    17.14
2086    7    19.90    19.99
2086    8     5.15    19.80
2086    9    28.82    18.94
2086   10    53.42     9.08
2086   11    89.09    -0.52
2086   12    32.60    -3.58
2087    1    13.84    -2.97
2087    2    66.55    -0.25
2087    3    29.87     3.84
2087    4    55.28    10.09
2087    5    47.73    12.51
2087    6    25.61    19.67
2087    7     2.24    23.09
2087    8     6.86    21.23
2087    9     1.31    16.47
2087   10     0.48     8.20
2087   11    24.30     1.33
2087   12    52.05    -1.53
2088    1     9.35    -4.84
2088    2    62.53    -2.11
2088    3    56.36     2.49
2088    4   120.45     7.16
2088    5   102.53    11.24
2088    6    77.35    17.19
2088    7    89.26    17.57
2088    8     1.93    18.22
2088    9     2.78    15.52
2088   10    35.14     8.46
2088   11    15.89    -1.59
2088   12    76.42    -1.87
2089    1    17.57    -3.77
2089    2    24.91    -1.78
2089    3    54.95     2.27
2089    4    91.40     4.57
2089    5   142.18    10.21
2089    6    31.60    15.32
2089    7    24.74    19.84
2089    8    11.28    20.14
2089    9    26.03    16.51
2089   10    50.94     7.01
2089   11    19.71     4.03
2089   12    60.61    -4.32
2090    1    10.57    -7.98
2090    2    15.89    -0.05
2090    3    32.53     6.97
2090    4   104.11    10.18
2090    5   173.90    12.33
2090    6    66.26    15.32
2090    7     7.97    21.39
2090    8     3.23    21.98
2090    9    37.85    15.19
2090   10    52.93     7.48
2090   11    73.59     1.86
2090   12    30.19    -1.87
2091    1    29.80    -4.18
2091    2    20.43    -3.52
2091    3    16.06     1.41
2091    4    81.51     5.43
2091    5    34.68    12.73
2091    6   143.41    16.93
2091    7    26.75    19.57
2091    8    13.83    20.21
2091    9     9.59    17.43
2091   10    41.62    12.12
2091   11    38.59    -2.12
2091   12    13.61    -3.01
2092    1    36.31    -4.40
2092    2    16.78    -2.39
2092    3    47.03     0.43
2092    4    26.34     9.69
2092    5    70.65    12.84
2092    6    28.62    18.33
2092    7     9.39    23.23
2092    8     8.61    22.39
2092    9     0.00    17.15
2092   10    35.00    11.70
2092   11    52.53    -0.29
2092   12     1.44    -3.64
2093    1    26.74    -3.12
2093    2    22.77    -1.45
2093    3    47.45    -0.18
2093    4    38.48     6.50
2093    5    99.20    13.42
2093    6    96.67    17.13
2093    7     1.37    22.72
2093    8    13.02    20.33
2093    9     9.22    14.66
2093   10    14.34    11.04
2093   11    29.39     1.83
2093   12    21.90    -3.12
2094    1    18.00    -4.51
2094    2    29.95    -8.04
2094    3    64.98     1.60
2094    4    93.18     5.05
2094    5   103.85    14.63
2094    6    28.66    17.86
2094    7    85.45    17.48
2094    8     0.78    21.45
2094    9    26.91    16.73
2094   10    32.43     7.55
2094   11    52.36     0.96
2094   12    26.54    -0.64
2095    1    16.81    -5.94
2095    2    44.37    -2.14
2095    3    41.33     3.30
2095    4    87.05     8.90
2095    5    67.33    10.15
2095    6    24.61    18.10
2095    7     2.49    23.35
2095    8     0.42    24.64
2095    9    10.15    17.35
2095   10    98.11     6.55
2095   11     4.10     4.04
2095   12    12.47     0.62
2096    1    25.87    -6.65
2096    2    13.41    -7.68
2096    3    49.76     4.35
2096    4   122.85     8.32
2096    5    67.28    13.27
2096    6    18.79    18.78
2096    7     7.55    23.04
2096    8    35.21    18.70
2096    9    25.52    10.98
2096   10    37.92     7.00
2096   11    56.76     4.11
2096   12    47.35    -2.12
2097    1    35.00    -7.10
2097    2    19.90    -1.56
2097    3    40.19     2.04
2097    4    77.90     7.90
2097    5   137.77    12.09
2097    6    29.84    18.78
2097    7     8.21    20.13
2097    8    39.03    21.34
2097    9     4.33    17.11
2097   10    35.04     6.83
2097   11    35.87     3.01
2097   12    25.37    -2.57
2098    1    11.88    -7.57
2098    2    30.93    -2.65
2098    3    19.06     4.24
2098    4    37.28     6.47
2098    5    48.82    11.41
2098    6    40.95    17.54
2098    7    69.24    20.54
2098    8     1.97    22.64
2098    9    24.31    18.48
2098   10     3.46    11.84
2098   11    63.53     1.51
2098   12    30.12    -3.60
2099    1     7.88    -1.14
2099    2    22.66     2.73
2099    3    29.32     9.45
2099    4     6.39    13.51
2099    5    79.54    14.98
2099    6    11.04    19.43
2099    7    18.84    22.36
2099    8     8.60    20.18
2099    9     1.11    17.23
2099   10    54.32     7.30
2099   11    15.26     4.47
2099   12    23.52    -0.58
2100    1    12.24    -1.95
2100    2    48.86    -0.07
2100    3    54.78     2.62
2100    4    47.69     6.48
2100    5    55.01    16.14
2100    6    16.14    21.40
2100    7     2.14    24.48
2100    8    14.25    23.05
2100    9    12.35    18.12
2100   10     1.34    12.63
2100   11    71.05    -1.41
2100   12    34.62    -2.54
