2006    1   242.16     7.26
2006    2   182.99     7.03
2006    3   104.69     7.76
2006    4    76.53     8.67
2006    5    95.82    12.96
2006    6    43.67    17.35
2006    7    51.44    19.75
2006    8   201.49    18.28
2006    9    24.13    19.01
2006   10   102.29    16.21
2006   11   107.99    11.86
2006   12   268.51     7.80
2007    1   207.59     5.52
2007    2   119.69     6.54
2007    3   178.70     7.69
2007    4   159.56     9.71
2007    5    78.33    14.15
2007    6    11.36    17.55
2007    7    27.73    19.62
2007    8    22.53    21.14
2007    9     9.87    22.24
2007   10   262.25    12.94
2007   11   107.35     9.15
2007   12   117.42     6.75
2008    1   239.91     4.06
2008    2    47.31     4.58
2008    3    80.17     6.19
2008    4    92.89    12.71
2008    5   121.86    13.02
2008    6    72.70    16.50
2008    7    51.46    19.17
2008    8   110.35    20.82
2008    9   152.90    17.88
2008   10    45.53    16.29
2008   11   113.65    10.92
2008   12   139.31     8.71
2009    1   126.42     5.65
2009    2   170.68     6.27
2009    3    66.22     6.52
2009    4   156.67    10.82
2009    5   128.67    13.78
2009    6    50.50    15.84
2009    7    27.02    20.61
2009    8     9.94    23.81
2009    9    48.57    18.80
2009   10    85.65    15.65
2009   11    94.17    13.04
2009   12   147.81     9.29
2010    1   107.73     5.42
2010    2   155.96     4.02
2010    3   154.08     7.20
2010    4    79.32     9.93
2010    5    94.22    12.44
2010    6    40.99    16.22
2010    7    75.88    18.96
2010    8    36.11    19.68
2010    9    54.48    18.93
2010   10    38.50    18.36
2010   11   209.95     9.35
2010   12    78.27     8.90
2011    1   213.29     7.11
2011    2   110.76     5.31
2011    3    53.54     8.79
2011    4   103.60    11.03
2011    5    55.13    13.95
2011    6    88.45    15.51
2011    7    64.51    18.41
2011    8    24.31    21.29
2011    9     0.52    19.07
2011   10   109.45    12.96
2011   11    97.02     9.06
2011   12    47.49     9.22
2012    1    74.09     4.70
2012    2    99.80     5.83
2012    3   194.25     7.93
2012    4    95.94    12.08
2012    5    90.81    14.94
2012    6    69.70    16.95
2012    7    87.83    19.66
2012    8    17.82    23.26
2012    9     6.16    24.24
2012   10   155.76    15.95
2012   11    39.65    12.34
2012   12   165.17     5.34
2013    1    98.68     5.74
2013    2   187.08     5.39
2013    3   118.72     9.30
2013    4   104.39    12.18
2013    5    81.40    13.49
2013    6    46.79    18.61
2013    7    16.32    20.36
2013    8    63.09    18.52
2013    9    26.56    20.39
2013   10    39.44    16.89
2013   11    35.32    10.47
2013   12   236.08     5.69
2014    1   154.16     4.96
2014    2   107.05     4.92
2014    3    97.88     7.70
2014    4   102.41    11.92
2014    5   165.56    14.83
2014    6    41.34    18.47
2014    7    45.11    20.33
2014    8    37.53    20.31
2014    9   101.23    19.39
2014   10    10.25    16.74
2014   11   123.16    10.41
2014   12   216.30     5.60
2015    1   146.97     3.73
2015    2   143.41     6.59
2015    3   228.05     4.95
2015    4    75.17     9.80
2015    5   103.25    14.06
2015    6    54.39    18.46
2015    7    55.77    19.27
2015    8    11.29    20.16
2015    9    42.35    21.16
2015   10   108.56    14.19
2015   11   184.21    11.29
2015   12   157.15     3.85
2016    1   125.54     1.17
2016    2   116.88    -0.10
2016    3   166.70     5.57
2016    4   130.21    10.59
2016    5    32.94    15.43
2016    6   168.26    16.24
2016    7    79.45    18.88
2016    8    43.44    21.08
2016    9    68.33    21.62
2016   10    99.47    17.70
2016   11   136.50     9.27
2016   12   291.39     6.21
2017    1   160.47     5.43
2017    2   239.14     3.61
2017    3   115.93     7.46
2017    4    98.52    10.70
2017    5    58.88    16.46
2017    6    61.68    15.89
2017    7    55.75    19.30
2017    8    30.07    21.01
2017    9   130.44    19.48
2017   10   166.74    13.88
2017   11   172.93     7.92
2017   12    95.15     4.78
2018    1   234.89     5.46
2018    2   114.06     7.04
2018    3   114.26     7.70
2018    4    28.44    12.72
2018    5   139.97    12.83
2018    6    60.89    15.55
2018    7    97.43    18.40
2018    8    37.13    19.01
2018    9   113.74    17.51
2018   10    40.03    18.15
2018   11    57.12    11.48
2018   12   164.15     4.48
2019    1   158.85     3.88
2019    2   199.10     3.08
2019    3   136.73     7.40
2019    4   134.68     9.15
2019    5    66.33    14.06
2019    6    83.26    15.61
2019    7    62.32    18.17
2019    8    11.74    18.38
2019    9    64.56    18.17
2019   10   176.32    14.48
2019   11   151.83     9.02
2019   12   119.44     6.29
2020    1   140.29     2.31
2020    2   158.85     6.74
2020    3   197.16     4.76
2020    4    50.11     8.74
2020    5   180.02    13.05
2020    6    99.50    16.11
2020    7    82.35    18.20
2020    8    39.95    18.95
2020    9    69.77    17.09
2020   10   191.48    10.45
2020   11    89.35    10.74
2020   12    45.93     4.04
2021    1   171.31     1.53
2021    2   144.94     1.95
2021    3    93.49     5.51
2021    4   110.59     9.18
2021    5    75.87    13.44
2021    6    17.63    18.29
2021    7   105.14    17.61
2021    8    18.77    20.25
2021    9   119.65    18.74
2021   10    60.46    16.39
2021   11    71.35    10.97
2021   12   174.10     3.30
2022    1   266.07     3.18
2022    2   107.27     6.83
2022    3   189.60     6.01
2022    4   109.43    10.39
2022    5   180.92    11.99
2022    6    36.19    16.95
2022    7    40.58    20.86
2022    8    49.77    20.51
2022    9   117.75    16.86
2022   10   120.71    15.43
2022   11   158.38     8.61
2022   12   351.14     5.53
2023    1   195.59     5.59
2023    2   237.81     2.18
2023    3   126.29     4.74
2023    4    59.59    10.05
2023    5    52.62    14.47
2023    6   162.51    15.41
2023    7    98.84    19.17
2023    8    72.66    19.72
2023    9    62.34    19.99
2023   10    32.31    19.27
2023   11   154.58     6.88
2023   12    64.53     6.25
2024    1    88.61     6.86
2024    2    60.73     8.27
2024    3   112.27     5.95
2024    4   116.72    10.74
2024    5    81.56    14.49
2024    6    65.88    18.92
2024    7   174.78    20.20
2024    8    46.20    21.40
2024    9    87.03    18.72
2024   10   142.34    11.29
2024   11   121.43     9.68
2024   12   223.56     6.22
2025    1   288.99     3.06
2025    2   224.48     4.25
2025    3   148.06     7.14
2025    4    97.88     8.70
2025    5   113.23    13.24
2025    6    34.04    17.32
2025    7    53.60    18.28
2025    8    20.34    21.33
2025    9    65.82    20.29
2025   10    54.72    15.02
2025   11   172.52    12.87
2025   12   305.12     4.09
2026    1   117.63     4.29
2026    2   174.28     5.35
2026    3   130.25     5.72
2026    4   120.34     8.96
2026    5   108.64    11.93
2026    6    39.47    16.45
2026    7    37.77    18.24
2026    8    56.96    21.88
2026    9    43.37    18.91
2026   10   149.78    13.77
2026   11    13.33    14.36
2026   12    90.79    10.27
2027    1   190.54     5.92
2027    2   116.21     6.73
2027    3    31.10    11.37
2027    4   119.83    12.49
2027    5   227.11    13.06
2027    6    24.27    17.43
2027    7    15.75    22.13
2027    8    11.12    24.58
2027    9    60.76    22.89
2027   10   106.72    15.10
2027   11    36.79    13.67
2027   12   254.91     5.17
2028    1   211.37     4.82
2028    2    36.85     3.57
2028    3    83.19     5.64
2028    4   165.01     8.21
2028    5   127.47    14.04
2028    6    89.75    17.86
2028    7    80.06    19.69
2028    8    59.74    20.18
2028    9    84.85    20.47
2028   10    41.33    18.78
2028   11   239.86    12.53
2028   12    94.57     8.11
2029    1   190.33     6.28
2029    2   162.86     5.24
2029    3   193.50     7.23
2029    4    96.20    10.03
2029    5   122.19    12.73
2029    6   185.09    16.25
2029    7    82.67    18.87
2029    8    71.35    19.35
2029    9    75.75    17.69
2029   10    83.96    11.25
2029   11    86.49    12.71
2029   12   292.29     4.11
2030    1   166.31     6.06
2030    2   123.54     3.94
2030    3    87.78     7.66
2030    4    76.01    11.14
2030    5    50.62    15.95
2030    6    71.73    15.81
2030    7    70.15    19.74
2030    8    38.90    21.25
2030    9    89.54    18.11
2030   10   147.27    10.76
2030   11   149.92     9.70
2030   12   289.05     6.03
2031    1   245.70     4.33
2031    2   154.08     7.75
2031    3    83.85     9.64
2031    4   181.25    11.89
2031    5    97.02    14.89
2031    6    61.46    14.77
2031    7    38.68    19.92
2031    8     2.17    24.41
2031    9     9.76    19.84
2031   10   122.61    13.33
2031   11    29.81    10.29
2031   12   218.92     3.54
2032    1   171.12     3.06
2032    2   138.71     0.19
2032    3    91.54     3.88
2032    4    91.19     9.28
2032    5    48.90    14.70
2032    6    31.61    17.80
2032    7    49.22    20.18
2032    8    55.53    23.24
2032    9    62.11    19.70
2032   10    91.95    16.43
2032   11   200.05    11.04
2032   12   271.71     5.35
2033    1   170.84     1.47
2033    2   173.34    -1.72
2033    3    57.70     2.87
2033    4    91.73    10.91
2033    5   103.92    13.16
2033    6    53.03    18.54
2033    7    24.58    19.32
2033    8    92.66    19.71
2033    9    76.27    18.10
2033   10    56.69    13.93
2033   11   126.57    11.18
2033   12   102.21     8.96
2034    1   243.61     4.74
2034    2   154.39     4.72
2034    3   194.05     7.82
2034    4    66.78    11.22
2034    5    68.26    16.66
2034    6   118.48    18.31
2034    7    86.56    19.79
2034    8    29.98    21.99
2034    9    69.33    20.72
2034   10    43.14    15.65
2034   11    41.74    12.73
2034   12   273.10     6.23
2035    1   133.84     6.81
2035    2   193.26     5.42
2035    3   143.40     6.45
2035    4    73.57    13.59
2035    5   130.83    15.53
2035    6    62.86    16.90
2035    7    63.59    19.07
2035    8    14.83    22.94
2035    9    84.08    17.54
2035   10    75.43    15.25
2035   11    84.53    10.56
2035   12   143.78     9.18
2036    1   306.16     6.22
2036    2   187.91     4.59
2036    3   193.53     6.14
2036    4   106.50     8.52
2036    5    99.42    13.42
2036    6   109.63    16.36
2036    7    43.44    19.65
2036    8    18.84    24.16
2036    9    45.91    19.99
2036   10    73.70    17.59
2036   11   289.60    10.54
2036   12   232.05     8.86
2037    1   189.20     6.12
2037    2   216.30     6.21
2037    3    63.94     9.60
2037    4   160.34     7.95
2037    5    53.11    14.12
2037    6    65.46    16.27
2037    7    50.68    21.25
2037    8    30.75    22.62
2037    9    91.47    20.72
2037   10    98.00    15.77
2037   11   452.25     9.27
2037   12    96.96     8.46
2038    1   125.03     4.79
2038    2   134.31     4.16
2038    3   219.50     4.79
2038    4    81.48    11.18
2038    5    93.10    14.44
2038    6    80.83    17.41
2038    7    35.32    21.90
2038    8     5.74    25.38
2038    9     3.03    23.52
2038   10   193.15    17.80
2038   11   112.67    13.11
2038   12   216.73     8.68
2039    1   108.35     5.03
2039    2   195.50     6.52
2039    3   100.33     7.55
2039    4    99.34    10.32
2039    5   121.43    14.83
2039    6    19.16    16.84
2039    7   106.14    18.66
2039    8    10.55    22.42
2039    9   108.33    19.99
2039   10    35.43    19.09
2039   11    23.76    10.91
2039   12   142.72     7.46
2040    1   270.13     7.54
2040    2    52.04     9.09
2040    3   208.23     6.95
2040    4    69.79    11.29
2040    5    43.02    14.02
2040    6    36.50    19.28
2040    7    44.57    19.76
2040    8    65.96    21.64
2040    9    95.44    16.93
2040   10   121.54    13.38
2040   11   161.48     8.47
2040   12   243.81     5.69
2041    1   209.30     5.21
2041    2   212.58     4.05
2041    3   113.76     6.20
2041    4   102.91    12.21
2041    5    86.98    15.01
2041    6    95.22    18.47
2041    7    43.56    20.18
2041    8    91.02    19.43
2041    9    83.83    18.41
2041   10   155.80    15.24
2041   11    90.55    10.80
2041   12   183.74     7.18
2042    1   199.29     3.34
2042    2   116.32     8.09
2042    3   108.52    10.48
2042    4   151.72    11.55
2042    5    70.67    13.59
2042    6   162.81    17.43
2042    7     9.16    22.29
2042    8    66.34    22.43
2042    9    44.83    19.97
2042   10   151.88    17.07
2042   11   166.38    11.82
2042   12   180.53     7.27
2043    1   231.91     3.90
2043    2   199.43     5.69
2043    3   177.30     7.06
2043    4    61.31    11.93
2043    5   136.93    13.87
2043    6   101.75    17.85
2043    7   103.12    20.38
2043    8    96.02    21.74
2043    9    22.17    21.85
2043   10    80.39    19.74
2043   11   232.12    11.22
2043   12   289.84     4.28
2044    1   331.51     5.00
2044    2   122.24     4.96
2044    3   119.75     7.43
2044    4   142.20     9.60
2044    5   107.63    12.51
2044    6    48.98    17.78
2044    7    70.95    20.22
2044    8    23.09    21.26
2044    9    42.68    16.57
2044   10   172.58    13.85
2044   11   180.52    10.47
2044   12   147.02     5.11
2045    1   177.07     7.04
2045    2   146.18     6.31
2045    3    75.10     9.82
2045    4   123.71    10.14
2045    5    57.13    14.75
2045    6     3.40    19.37
2045    7    18.27    20.68
2045    8   133.09    22.58
2045    9    71.35    18.98
2045   10    72.12    15.01
2045   11    84.60    11.90
2045   12   208.66     4.35
2046    1   137.02     6.42
2046    2   140.03     6.52
2046    3   163.22     8.48
2046    4   133.23    10.82
2046    5   115.41    14.46
2046    6    58.54    17.16
2046    7    31.07    20.23
2046    8    55.97    21.42
2046    9    32.37    20.06
2046   10     3.55    19.64
2046   11   245.28    14.46
2046   12   186.26     8.51
2047    1   310.74     6.01
2047    2    56.96     9.10
2047    3   184.23     5.33
2047    4   112.07    11.09
2047    5    48.53    16.06
2047    6    37.00    17.69
2047    7    44.83    19.81
2047    8   127.89    20.44
2047    9   131.37    15.34
2047   10    79.06    16.16
2047   11   134.50    12.28
2047   12   242.15     7.43
2048    1   124.28     5.50
2048    2    81.92     4.87
2048    3   133.61     7.99
2048    4    99.87    11.83
2048    5    80.05    14.56
2048    6    85.32    19.14
2048    7    25.16    21.23
2048    8    67.53    21.41
2048    9    55.15    20.62
2048   10    95.83    17.05
2048   11    65.09    13.28
2048   12   415.16     5.62
2049    1   128.47     4.26
2049    2   172.50     6.00
2049    3    73.00    10.58
2049    4   163.24    11.97
2049    5    20.31    16.24
2049    6   136.94    19.24
2049    7    49.70    20.05
2049    8    22.74    22.12
2049    9     0.43    22.19
2049   10   131.31    16.47
2049   11   230.99    10.52
2049   12   188.37     9.17
2050    1   235.28     5.48
2050    2   114.48     6.94
2050    3    60.50    10.47
2050    4   180.71     9.04
2050    5    92.46    13.83
2050    6    30.49    18.02
2050    7    41.42    21.87
2050    8    21.51    24.11
2050    9    62.98    19.85
2050   10   207.25    15.54
2050   11   218.75    10.79
2050   12   199.50     6.19
2051    1   258.96     3.42
2051    2   123.18     8.07
2051    3   147.31     6.74
2051    4    77.88    10.41
2051    5    29.93    16.04
2051    6    63.98    18.46
2051    7    56.64    21.71
2051    8    70.26    21.60
2051    9   108.86    16.12
2051   10    29.96    14.29
2051   11   143.42    11.63
2051   12   256.47     6.82
2052    1   199.75     4.14
2052    2   102.67     5.65
2052    3   182.11     8.12
2052    4    91.06    10.74
2052    5    93.18    15.35
2052    6    77.48    17.80
2052    7    27.68    21.81
2052    8     5.41    22.70
2052    9    12.27    23.69
2052   10   113.49    19.11
2052   11   147.26    11.99
2052   12   243.03     8.23
2053    1   260.06     6.98
2053    2    87.18     4.59
2053    3   106.45     9.23
2053    4    37.04    11.79
2053    5    91.98    15.54
2053    6   103.85    19.57
2053    7    81.88    19.39
2053    8    25.02    20.99
2053    9    70.93    22.27
2053   10    78.74    16.14
2053   11   119.43    11.55
2053   12   253.41     8.30
2054    1   237.58     6.70
2054    2    84.67     8.63
2054    3   133.92     8.79
2054    4   139.57    11.30
2054    5   143.25    13.51
2054    6    31.54    19.40
2054    7    48.51    22.96
2054    8    48.68    22.92
2054    9    15.46    21.53
2054   10    26.83    15.87
2054   11    84.81    14.43
2054   12   129.96     8.66
2055    1    92.28     6.98
2055    2    72.18    10.64
2055    3   170.85     6.97
2055    4    77.61    11.25
2055    5   142.43    13.17
2055    6    43.32    16.08
2055    7    11.21    20.46
2055    8    42.52    21.34
2055    9    45.33    20.57
2055   10    26.25    19.02
2055   11   212.56    11.27
2055   12   132.95     9.70
2056    1   177.89     7.02
2056    2   152.35     7.14
2056    3   153.77     6.17
2056    4   138.52     8.40
2056    5    62.24    14.99
2056    6    73.15    17.15
2056    7   105.51    20.36
2056    8    46.09    22.38
2056    9    73.01    19.23
2056   10    29.08    14.48
2056   11   139.81    11.38
2056   12   173.31     6.99
2057    1   391.25     4.13
2057    2   179.37     5.79
2057    3   133.16     7.64
2057    4   141.07    10.97
2057    5    29.90    15.63
2057    6    56.09    17.59
2057    7     9.91    22.08
2057    8    68.07    22.51
2057    9   126.66    17.98
2057   10    83.96    17.07
2057   11   198.15    13.85
2057   12   105.08     9.15
2058    1   135.15     7.88
2058    2    94.72     6.61
2058    3   220.14     6.29
2058    4    71.90    12.59
2058    5   108.12    15.33
2058    6    93.81    19.59
2058    7    58.99    21.56
2058    8     9.12    23.92
2058    9    12.61    22.59
2058   10   178.60    16.74
2058   11   194.03     8.89
2058   12    80.83     6.20
2059    1   191.47     6.14
2059    2   147.16     6.17
2059    3   166.91    10.08
2059    4    90.38    10.10
2059    5    65.45    16.55
2059    6    80.13    19.51
2059    7   132.48    22.70
2059    8    58.03    22.83
2059    9   162.35    19.27
2059   10   166.76    15.07
2059   11   295.95     8.47
2059   12   110.71     9.00
2060    1   119.00     6.45
2060    2   121.06     9.18
2060    3   129.43    10.03
2060    4   135.50    10.64
2060    5    82.10    15.99
2060    6    29.46    20.16
2060    7    15.24    23.87
2060    8     0.82    25.26
2060    9    64.91    21.96
2060   10    54.69    21.42
2060   11   299.79    12.85
2060   12   212.90    10.49
2061    1   172.34     7.97
2061    2   231.21     6.92
2061    3    84.44     9.88
2061    4    51.90    13.21
2061    5    68.59    15.37
2061    6   100.42    20.38
2061    7    10.91    23.76
2061    8     2.77    24.86
2061    9     5.84    20.27
2061   10   131.47    18.35
2061   11   163.09    10.90
2061   12   165.96     9.39
2062    1   162.41     3.04
2062    2    44.09     6.30
2062    3    80.13     8.58
2062    4   104.81    12.51
2062    5    35.97    16.11
2062    6    14.21    20.46
2062    7    76.05    23.89
2062    8    32.00    26.69
2062    9     0.86    24.47
2062   10    64.30    14.62
2062   11    87.26    14.25
2062   12   293.50     6.87
2063    1   204.54     7.45
2063    2    70.81     9.51
2063    3   157.90     8.59
2063    4   103.25    11.99
2063    5   151.30    13.80
2063    6    28.96    17.54
2063    7     2.95    23.34
2063    8    18.74    25.49
2063    9    64.13    22.67
2063   10    46.77    17.47
2063   11   122.20    11.24
2063   12   174.47     7.30
2064    1   233.67     2.59
2064    2   104.98     7.74
2064    3   129.22     8.19
2064    4    67.82    12.46
2064    5   165.26    14.49
2064    6    60.22    18.12
2064    7    55.44    22.72
2064    8    52.50    24.05
2064    9    38.17    21.23
2064   10    97.24    15.72
2064   11   209.63    12.09
2064   12   138.10     8.26
2065    1   169.34     5.32
2065    2   110.75     4.50
2065    3    53.11     9.04
2065    4   128.89    10.30
2065    5    61.95    16.88
2065    6   118.30    19.47
2065    7    28.88    22.00
2065    8    11.44    23.36
2065    9    38.38    17.09
2065   10    41.32    15.72
2065   11   162.02    10.95
2065   12   222.56     6.16
2066    1   288.47     7.06
2066    2   100.74     5.33
2066    3   101.74     6.96
2066    4    86.98    13.19
2066    5   138.19    12.36
2066    6    12.00    20.73
2066    7    32.08    23.27
2066    8    23.69    24.97
2066    9    66.49    21.32
2066   10    14.56    20.84
2066   11   257.24     9.36
2066   12   218.86     7.96
2067    1   264.30     5.81
2067    2   109.92     7.38
2067    3   117.45     9.61
2067    4    68.85    11.54
2067    5   218.50    13.11
2067    6    25.41    19.07
2067    7    12.98    20.84
2067    8     2.89    24.29
2067    9    14.51    22.40
2067   10    11.83    20.22
2067   11   206.08     9.59
2067   12   157.72     6.72
2068    1   122.34     6.97
2068    2   104.27     5.19
2068    3   202.07     3.46
2068    4    90.96    13.35
2068    5    92.96    16.72
2068    6    35.68    18.17
2068    7    40.69    22.83
2068    8    16.38    26.21
2068    9     0.96    21.77
2068   10    45.19    20.25
2068   11   170.29    10.53
2068   12   190.08     4.12
2069    1    49.03     9.26
2069    2   146.83     7.37
2069    3   127.39     9.70
2069    4    55.21    12.77
2069    5   160.63    14.89
2069    6    69.74    19.75
2069    7    12.57    24.38
2069    8    52.47    25.30
2069    9    25.84    20.67
2069   10    92.58    17.26
2069   11   134.15     8.15
2069   12   155.45     7.17
2070    1   122.55     5.84
2070    2    84.58     7.78
2070    3   197.69     8.70
2070    4    55.92    14.71
2070    5    50.97    15.74
2070    6    17.36    23.61
2070    7    21.14    26.71
2070    8    19.12    25.20
2070    9    27.66    22.09
2070   10   153.04    15.25
2070   11   108.78    13.41
2070   12   216.70     8.23
2071    1    85.96     7.53
2071    2   194.13     9.55
2071    3   107.40     9.87
2071    4   121.64    11.37
2071    5   140.37    13.50
2071    6    23.75    20.75
2071    7    41.10    21.24
2071    8    34.56    23.80
2071    9    54.66    21.53
2071   10   212.64    17.81
2071   11   175.62    10.59
2071   12   194.67     5.13
2072    1   291.56     3.98
2072    2    86.78     6.33
2072    3   161.97     5.78
2072    4   122.48    12.15
2072    5   136.01    15.38
2072    6    96.02    19.61
2072    7     7.89    23.28
2072    8    22.15    25.66
2072    9    27.21    24.43
2072   10    65.82    19.70
2072   11   191.60    13.21
2072   12   261.82     9.94
2073    1   186.42     4.49
2073    2   211.27     5.06
2073    3   124.88     9.31
2073    4   173.98    11.05
2073    5    32.59    16.76
2073    6    31.66    20.07
2073    7     0.53    24.96
2073    8     0.34    26.96
2073    9    23.65    21.58
2073   10    86.90    19.45
2073   11   229.77    14.27
2073   12   486.27     8.63
2074    1   260.46     3.80
2074    2   227.23     5.86
2074    3   222.62     7.43
2074    4    21.52    13.15
2074    5   186.13    14.03
2074    6    24.73    19.97
2074    7    21.77    21.55
2074    8     4.19    23.80
2074    9    19.85    20.11
2074   10    41.83    17.83
2074   11   124.79    14.38
2074   12   334.14     7.73
2075    1   107.24     6.85
2075    2    70.26    10.34
2075    3    99.62     7.03
2075    4    65.11    13.65
2075    5   141.40    14.85
2075    6   118.35    18.64
2075    7    14.50    25.93
2075    8     2.34    23.76
2075    9    29.76    22.16
2075   10    57.62    18.26
2075   11   209.65    10.88
2075   12   250.02     7.87
2076    1   128.39     3.93
2076    2   109.58     7.24
2076    3    67.36    10.66
2076    4   149.12    12.55
2076    5    27.36    16.35
2076    6    13.10    22.12
2076    7     7.68    23.37
2076    8     0.03    27.66
2076    9   137.13    20.20
2076   10   102.27    13.04
2076   11   107.04    13.48
2076   12   266.49     4.42
2077    1   196.94     6.65
2077    2   220.32     7.26
2077    3   150.30     8.90
2077    4    62.58    14.79
2077    5   101.80    15.78
2077    6    48.15    19.93
2077    7    24.74    22.75
2077    8    67.45    24.66
2077    9   119.88    22.11
2077   10    57.33    17.84
2077   11   174.88    14.85
2077   12   137.24    10.58
2078    1   252.67     8.49
2078    2   174.54     4.26
2078    3    39.97     8.95
2078    4   152.25    13.78
2078    5   144.05    17.38
2078    6   104.30    19.87
2078    7    62.87    23.42
2078    8    42.07    22.33
2078    9    18.23    21.74
2078   10   157.37    17.78
2078   11    94.51    12.79
2078   12   219.89    10.00
2079    1   241.98     7.27
2079    2   178.96     6.20
2079    3   238.34     7.17
2079    4   163.75    12.76
2079    5    34.02    15.78
2079    6    77.51    20.07
2079    7    61.16    23.86
2079    8     3.87    25.13
2079    9    30.58    21.09
2079   10   165.83    15.75
2079   11   229.36    12.96
2079   12    64.07     8.31
2080    1    87.25     6.39
2080    2    93.59     7.05
2080    3   128.71     8.04
2080    4   143.54    10.94
2080    5   125.46    15.78
2080    6    54.60    17.72
2080    7    79.24    22.64
2080    8   111.64    20.20
2080    9    43.89    21.20
2080   10   125.40    16.86
2080   11   184.05    10.25
2080   12   208.66    11.09
2081    1   347.52     5.29
2081    2   183.60     6.52
2081    3   113.78     7.58
2081    4    64.53    12.91
2081    5    83.02    15.28
2081    6     4.42    19.24
2081    7    27.93    23.23
2081    8     6.78    22.72
2081    9   106.21    19.95
2081   10   169.29    18.66
2081   11    33.75    14.15
2081   12   168.23     9.00
2082    1   179.61     7.69
2082    2   106.91     9.68
2082    3    94.39     8.24
2082    4    51.76    14.88
2082    5    83.64    16.76
2082    6    68.08    21.38
2082    7    66.18    25.10
2082    8    55.40    24.09
2082    9    33.06    23.38
2082   10   137.21    18.59
2082   11   120.96    13.26
2082   12   273.98     8.56
2083    1   252.79     4.58
2083    2   195.44     8.56
2083    3   188.51     8.46
2083    4    44.34    15.33
2083    5    22.65    18.90
2083    6    48.78    22.48
2083    7     8.28    24.89
2083    8    31.79    23.01
2083    9    36.80    22.88
2083   10    37.31    17.89
2083   11   107.51    12.78
2083   12   323.48     8.61
2084    1   321.66     4.09
2084    2   165.45     7.17
2084    3   193.24     9.14
2084    4    46.90    12.44
2084    5   164.74    14.25
2084    6    84.38    17.91
2084    7    11.68    23.67
2084    8    91.60    22.97
2084    9     9.09    23.29
2084   10   102.53    18.55
2084   11   126.15    14.60
2084   12   319.27     7.24
2085    1   191.01     6.02
2085    2    94.78     8.41
2085    3   113.08     7.92
2085    4    75.28    10.95
2085    5    31.84    15.23
2085    6    59.66    18.41
2085    7     0.57    23.66
2085    8    45.75    27.52
2085    9    45.85    24.00
2085   10   212.77    16.67
2085   11   107.43    16.21
2085   12   284.26     7.68
2086    1   164.79     6.01
2086    2   226.06     3.96
2086    3   234.32     8.84
2086    4    19.28    15.42
2086    5   109.03    18.27
2086    6    41.69    19.37
2086    7    70.87    23.02
2086    8     0.01    28.90
2086    9   100.21    23.94
2086   10    27.29    21.10
2086   11   147.20    15.56
2086   12   166.91     5.35
2087    1   292.25     4.96
2087    2   195.38     8.23
2087    3   204.31     7.06
2087    4   108.93    10.10
2087    5    79.88    15.46
2087    6    53.31    17.82
2087    7   119.29    22.23
2087    8     6.07    24.33
2087    9    24.40    23.85
2087   10   129.33    15.72
2087   11   145.75    13.24
2087   12   101.56    11.34
2088    1   217.78     5.08
2088    2   273.02     6.44
2088    3   185.47     7.15
2088    4    94.64    11.67
2088    5   100.25    15.86
2088    6    14.32    18.91
2088    7    21.17    23.74
2088    8    67.81    25.02
2088    9    64.69    23.09
2088   10    91.11    16.74
2088   11    72.82    10.18
2088   12   331.57     7.30
2089    1   126.66     5.08
2089    2   137.76     6.26
2089    3    76.12    11.75
2089    4    97.05    13.06
2089    5     6.50    17.12
2089    6   124.54    20.73
2089    7    29.22    24.00
2089    8     7.38    25.78
2089    9    50.73    24.89
2089   10    80.76    20.30
2089   11   123.28    15.74
2089   12   317.94     8.55
2090    1   158.05     8.55
2090    2    63.20     9.49
2090    3   141.23     7.79
2090    4    83.22    12.11
2090    5    58.90    18.35
2090    6    33.83    22.01
2090    7     4.28    25.31
2090    8    41.25    26.51
2090    9    83.20    23.02
2090   10    26.90    21.24
2090   11   230.66    12.38
2090   12   184.73    12.33
2091    1   202.70     7.27
2091    2   180.00     8.96
2091    3   139.22     8.64
2091    4   108.70    13.51
2091    5    58.27    18.31
2091    6    76.97    20.80
2091    7    70.66    21.66
2091    8     0.07    25.17
2091    9    22.18    22.48
2091   10    29.46    19.26
2091   11   301.27    11.37
2091   12   176.02    10.06
2092    1   119.01    10.03
2092    2   239.41     7.21
2092    3   267.83     6.15
2092    4    84.88    13.41
2092    5    65.48    17.50
2092    6    35.21    20.49
2092    7    16.76    25.84
2092    8    77.83    25.25
2092    9    13.87    21.73
2092   10    37.68    18.74
2092   11   301.76    11.23
2092   12   168.05    11.65
2093    1   200.33     8.67
2093    2   159.66     7.72
2093    3   227.67     9.14
2093    4   106.82    13.40
2093    5   143.12    15.89
2093    6    95.23    18.64
2093    7    16.73    22.30
2093    8     1.74    25.12
2093    9     2.51    25.20
2093   10     6.01    23.70
2093   11   149.93    15.41
2093   12   259.21     7.86
2094    1   292.26     8.07
2094    2   134.88     7.65
2094    3    46.69    12.00
2094    4   119.78    13.12
2094    5    78.47    18.66
2094    6    69.63    20.79
2094    7     0.44    25.21
2094    8     0.38    26.03
2094    9    35.58    24.77
2094   10    91.00    17.63
2094   11   130.59    14.38
2094   12   333.23     6.83
2095    1   319.98     4.25
2095    2   119.72     6.46
2095    3   196.83     7.90
2095    4    98.76    13.29
2095    5   102.66    15.58
2095    6    62.29    19.12
2095    7    52.87    20.18
2095    8    25.88    24.12
2095    9    91.09    23.33
2095   10    55.39    20.41
2095   11   125.77    13.13
2095   12    92.18     9.56
2096    1   169.62     7.80
2096    2   193.64     6.20
2096    3    86.42    11.27
2096    4    25.44    15.28
2096    5   191.48    16.41
2096    6   111.22    21.04
2096    7     6.79    25.57
2096    8     9.10    25.94
2096    9    18.65    23.16
2096   10   184.23    18.49
2096   11    36.55    16.94
2096   12   138.97     9.32
2097    1   214.10     7.22
2097    2   107.39    10.74
2097    3   107.73    12.48
2097    4    61.31    14.06
2097    5    57.90    16.91
2097    6   132.04    20.33
2097    7    10.12    24.98
2097    8    33.31    24.79
2097    9     2.53    24.97
2097   10   147.96    18.86
2097   11   121.72    14.73
2097   12   374.44    11.24
2098    1   215.60     7.50
2098    2    65.36    11.90
2098    3   238.54    10.20
2098    4    39.82    16.13
2098    5    36.31    19.98
2098    6    80.67    22.93
2098    7    33.42    24.65
2098    8    21.10    26.56
2098    9    53.49    21.56
2098   10    88.78    18.22
2098   11   251.04    11.54
2098   12    22.90     9.18
2099    1   328.20     7.00
2099    2   156.17     7.72
2099    3    64.45     9.66
2099    4    92.80    13.62
2099    5   130.79    15.94
2099    6    82.78    22.49
2099    7     8.59    24.50
2099    8     0.00    28.53
2099    9     0.00    25.13
2099   10   228.53    20.24
2099   11   105.66    13.28
2099   12   162.80     9.05
2100    1   163.39     6.14
2100    2   121.63     4.01
2100    3   113.74     8.87
2100    4    60.50    15.32
2100    5   167.50    16.25
2100    6    77.64    19.09
2100    7     3.20    24.14
2100    8     0.00    27.97
2100    9    27.67    25.45
2100   10   167.94    17.63
2100   11   121.25    13.26
2100   12    88.86     5.56
