2006    1   277.12     6.16
2006    2   183.33     6.68
2006    3    50.07     9.22
2006    4    37.09    11.36
2006    5   105.26    16.20
2006    6    48.75    21.55
2006    7    11.03    24.37
2006    8    46.45    22.31
2006    9     1.75    21.68
2006   10    96.74    16.70
2006   11    31.29    10.68
2006   12   155.80     7.72
2007    1   148.17     5.11
2007    2    79.38     7.01
2007    3    93.69     9.50
2007    4   102.75    11.76
2007    5    57.15    16.43
2007    6     9.28    20.49
2007    7     0.47    24.51
2007    8     0.00    25.38
2007    9     1.40    24.64
2007   10   103.17    11.78
2007   11    65.66     7.42
2007   12    70.64     6.24
2008    1   123.16     2.37
2008    2     7.87     4.14
2008    3    32.49     7.88
2008    4    55.47    15.82
2008    5   101.19    15.72
2008    6    80.08    19.68
2008    7     9.66    23.10
2008    8    44.90    25.42
2008    9    24.90    20.91
2008   10    10.40    17.98
2008   11    43.62    10.06
2008   12    45.20     8.20
2009    1    71.65     5.58
2009    2   102.91     6.60
2009    3    22.76     7.41
2009    4    80.56    14.13
2009    5   162.12    16.95
2009    6    23.06    19.28
2009    7    17.17    25.20
2009    8     0.02    28.31
2009    9     1.74    22.17
2009   10    21.87    16.13
2009   11    62.50    12.34
2009   12    93.91     8.64
2010    1    80.45     5.00
2010    2    64.63     3.39
2010    3    49.69     8.60
2010    4    75.42    11.60
2010    5    50.49    16.18
2010    6    44.86    19.78
2010    7    29.22    23.78
2010    8     0.04    24.20
2010    9     8.07    21.85
2010   10     2.77    19.63
2010   11    86.32     8.66
2010   12    45.99     8.03
2011    1   130.54     7.18
2011    2    75.17     5.29
2011    3    30.54    10.39
2011    4    62.26    13.22
2011    5    19.32    16.85
2011    6    48.28    18.97
2011    7    21.30    23.55
2011    8     4.05    25.87
2011    9     0.00    21.17
2011   10    26.41    13.43
2011   11    31.06     8.33
2011   12    26.78     8.19
2012    1    31.73     4.04
2012    2    55.09     6.54
2012    3   120.64     9.08
2012    4    67.86    14.24
2012    5    82.81    18.28
2012    6    48.69    20.40
2012    7    14.20    24.35
2012    8     1.54    26.84
2012    9     0.00    26.42
2012   10    50.56    17.24
2012   11     2.78    10.98
2012   12    54.80     3.70
2013    1    46.31     5.64
2013    2   122.96     5.56
2013    3    42.85    11.82
2013    4    71.08    15.30
2013    5    29.17    17.26
2013    6     8.08    23.66
2013    7     7.59    25.14
2013    8    20.58    22.43
2013    9    10.99    21.97
2013   10    24.77    17.18
2013   11    12.81     9.79
2013   12   145.50     4.63
2014    1    75.23     4.10
2014    2    27.99     5.02
2014    3    27.56     9.30
2014    4    52.05    14.83
2014    5   115.88    17.92
2014    6    22.76    22.03
2014    7     3.72    25.36
2014    8     3.98    25.01
2014    9    29.45    22.73
2014   10     0.24    17.51
2014   11    70.68     9.90
2014   12   122.09     4.15
2015    1    78.40     2.51
2015    2    99.89     6.86
2015    3   100.95     5.06
2015    4    53.47    11.32
2015    5    72.80    16.41
2015    6    43.68    22.04
2015    7    15.06    23.07
2015    8     3.27    24.46
2015    9    19.94    23.77
2015   10    35.88    14.22
2015   11    73.40    11.29
2015   12    67.13     2.09
2016    1    45.29    -1.50
2016    2    55.58    -1.41
2016    3    75.51     6.38
2016    4    63.66    13.62
2016    5    49.04    19.02
2016    6    76.85    19.65
2016    7    20.62    23.85
2016    8    31.87    25.83
2016    9     7.04    25.19
2016   10    13.94    18.64
2016   11    44.43     7.99
2016   12   181.40     5.26
2017    1   118.09     5.20
2017    2   133.05     2.17
2017    3    74.18     8.17
2017    4    68.45    14.17
2017    5    17.84    19.87
2017    6    61.03    20.04
2017    7    20.84    23.74
2017    8     0.48    25.53
2017    9    16.79    22.52
2017   10    72.51    14.18
2017   11    68.01     6.32
2017   12    43.83     3.80
2018    1   157.31     5.15
2018    2    51.87     7.75
2018    3    46.66     9.54
2018    4    24.81    15.12
2018    5    88.94    15.79
2018    6    31.63    19.60
2018    7    12.81    23.08
2018    8    13.78    23.22
2018    9    12.27    20.29
2018   10    24.70    18.43
2018   11    24.11    10.63
2018   12    43.15     1.54
2019    1    93.45     4.06
2019    2   131.09     2.99
2019    3   107.39     8.58
2019    4    87.55    11.90
2019    5   107.53    17.42
2019    6    36.61    18.95
2019    7    35.92    22.26
2019    8     0.08    22.37
2019    9    17.05    20.47
2019   10    31.67    15.09
2019   11    77.12     8.94
2019   12    56.54     3.56
2020    1    59.37     0.78
2020    2   163.50     7.26
2020    3    98.84     5.26
2020    4    30.60    11.73
2020    5   170.86    16.50
2020    6    79.51    19.97
2020    7    12.11    21.74
2020    8    10.76    22.80
2020    9    19.19    19.39
2020   10    68.88    10.19
2020   11    27.56     9.90
2020   12    20.51     2.39
2021    1    75.55     0.34
2021    2    94.67     2.01
2021    3    41.07     6.91
2021    4   113.16    11.41
2021    5    93.49    16.35
2021    6    26.95    22.12
2021    7    46.87    21.12
2021    8     1.73    24.10
2021    9    32.60    20.63
2021   10    13.50    16.17
2021   11    18.53     9.50
2021   12    35.29     1.33
2022    1   103.57    -0.15
2022    2    57.72     7.43
2022    3   132.93     7.25
2022    4    76.58    13.74
2022    5   147.37    16.06
2022    6    26.66    20.42
2022    7    48.20    25.67
2022    8    11.39    24.57
2022    9    25.90    19.69
2022   10    94.52    15.52
2022   11   122.08     7.22
2022   12   309.50     3.28
2023    1   157.44     4.40
2023    2   209.59     0.83
2023    3    67.51     4.48
2023    4    20.15    12.97
2023    5    55.89    17.04
2023    6    97.18    18.52
2023    7    70.27    22.56
2023    8    49.60    23.36
2023    9    28.11    22.33
2023   10     5.40    19.24
2023   11    42.53     5.04
2023   12    36.18     5.21
2024    1    51.56     7.43
2024    2    52.95     8.66
2024    3    80.19     6.97
2024    4    87.03    13.01
2024    5    83.58    18.58
2024    6    51.89    23.17
2024    7    54.58    24.36
2024    8     0.24    25.21
2024    9    30.12    21.08
2024   10    50.12    10.89
2024   11    99.59     9.52
2024   12   147.35     4.89
2025    1   167.61     2.30
2025    2   148.93     3.68
2025    3    87.98     8.40
2025    4    68.58     9.95
2025    5    68.93    16.35
2025    6    46.00    20.85
2025    7    25.18    21.93
2025    8     3.18    25.43
2025    9    26.15    23.12
2025   10     9.75    16.15
2025   11   111.98    11.70
2025   12   129.76     2.82
2026    1    55.99     3.81
2026    2   179.96     5.66
2026    3    84.70     6.03
2026    4    41.49    11.59
2026    5    73.93    14.46
2026    6     2.24    19.47
2026    7    19.98    22.19
2026    8    24.66    26.07
2026    9     0.23    21.56
2026   10    74.65    14.51
2026   11     1.81    13.68
2026   12    45.81    10.32
2027    1   106.31     5.40
2027    2    90.67     6.87
2027    3    30.57    13.08
2027    4    98.33    14.89
2027    5   111.57    16.08
2027    6    19.73    21.73
2027    7     5.66    27.96
2027    8     0.02    29.90
2027    9    10.36    25.09
2027   10    30.23    15.25
2027   11     4.57    12.42
2027   12    85.98     3.87
2028    1   126.86     3.84
2028    2     0.83     2.54
2028    3    17.27     6.90
2028    4    65.74    11.25
2028    5    90.57    17.86
2028    6    74.22    21.81
2028    7     2.73    24.08
2028    8    26.99    25.22
2028    9    12.14    22.87
2028   10     2.63    19.04
2028   11    86.50    12.28
2028   12    43.88     7.38
2029    1   113.95     5.58
2029    2    83.97     5.83
2029    3   114.47     7.91
2029    4   100.06    13.06
2029    5    64.48    15.89
2029    6   172.12    20.01
2029    7    63.42    22.08
2029    8    95.02    22.69
2029    9     8.18    19.40
2029   10    20.69    11.79
2029   11   115.60    12.81
2029   12   160.63     2.26
2030    1   129.40     5.91
2030    2    61.87     2.83
2030    3    58.80     8.81
2030    4    33.86    14.45
2030    5    73.41    19.82
2030    6    46.84    18.73
2030    7    26.19    24.17
2030    8     4.98    25.79
2030    9    37.66    20.27
2030   10    48.86    10.64
2030   11    80.59     9.23
2030   12   165.89     5.54
2031    1   141.28     3.60
2031    2   166.05     7.38
2031    3    35.19    11.78
2031    4   152.62    14.37
2031    5   110.19    17.77
2031    6    49.23    17.23
2031    7    23.25    24.03
2031    8     2.07    29.10
2031    9     0.00    21.99
2031   10    80.39    13.12
2031   11     9.96     8.10
2031   12   101.72     1.65
2032    1   112.34     2.86
2032    2    61.11     1.18
2032    3    36.96     5.86
2032    4    54.34    11.92
2032    5    46.21    17.93
2032    6    28.45    21.47
2032    7    24.45    24.53
2032    8    10.25    28.20
2032    9     3.05    22.03
2032   10    41.01    17.01
2032   11    68.33    10.85
2032   12   125.75     5.30
2033    1    50.26    -0.03
2033    2    56.50    -2.16
2033    3    24.12     4.06
2033    4    85.15    13.02
2033    5   102.63    16.43
2033    6    88.42    21.92
2033    7    15.06    23.52
2033    8     0.82    23.66
2033    9    12.95    21.13
2033   10    14.56    14.41
2033   11    31.90    11.72
2033   12    43.05     8.99
2034    1   195.13     3.27
2034    2    83.01     5.15
2034    3    94.44     9.38
2034    4    37.41    14.55
2034    5   100.85    21.85
2034    6    27.79    22.28
2034    7    64.23    24.89
2034    8     6.87    26.99
2034    9    30.20    23.06
2034   10    47.29    15.17
2034   11    28.97    10.95
2034   12   155.06     4.60
2035    1    75.94     5.70
2035    2   102.44     4.51
2035    3    52.85     7.41
2035    4    59.29    17.47
2035    5   107.18    18.07
2035    6    56.24    20.27
2035    7    23.85    23.35
2035    8     5.81    27.81
2035    9    30.37    19.96
2035   10     4.76    16.14
2035   11    33.19     9.61
2035   12    99.75     8.27
2036    1   168.84     5.16
2036    2   116.32     4.32
2036    3   162.02     7.09
2036    4    40.45    10.36
2036    5    47.35    16.73
2036    6    92.61    19.91
2036    7    15.87    22.72
2036    8     3.48    28.82
2036    9    11.79    22.11
2036   10    13.84    18.37
2036   11   156.40     9.43
2036   12   172.40     8.86
2037    1   133.26     4.78
2037    2   173.56     5.71
2037    3    34.79    11.01
2037    4    63.18    10.15
2037    5   114.68    17.65
2037    6    36.52    19.54
2037    7    40.97    26.10
2037    8    25.39    27.35
2037    9     8.17    23.12
2037   10    26.52    16.35
2037   11   238.35     7.32
2037   12    47.12     7.52
2038    1    97.21     4.08
2038    2    76.27     3.67
2038    3   153.60     5.09
2038    4    49.29    13.93
2038    5    91.58    17.32
2038    6   102.76    20.92
2038    7    40.82    25.34
2038    8     0.30    30.14
2038    9     0.00    25.73
2038   10    69.01    18.23
2038   11    64.02    13.00
2038   12   180.12     9.20
2039    1    87.99     4.27
2039    2   120.28     6.93
2039    3    26.61     8.88
2039    4    50.91    13.05
2039    5    84.40    18.23
2039    6    13.12    20.29
2039    7    47.88    22.46
2039    8     3.75    27.17
2039    9    26.72    22.92
2039   10     2.98    20.07
2039   11     1.53    10.06
2039   12    92.21     6.47
2040    1   217.51     8.08
2040    2    47.85     9.50
2040    3   108.00     7.15
2040    4    28.67    13.76
2040    5    29.33    17.35
2040    6    24.30    23.78
2040    7    23.30    23.96
2040    8    14.30    25.98
2040    9    26.56    18.87
2040   10    36.42    12.96
2040   11    91.35     7.70
2040   12   139.37     5.15
2041    1    98.64     3.63
2041    2   156.89     4.04
2041    3    55.48     6.92
2041    4    55.18    15.34
2041    5    72.81    18.49
2041    6    64.25    21.65
2041    7     8.76    23.70
2041    8    54.69    23.64
2041    9     5.59    20.07
2041   10    40.92    15.57
2041   11    80.61    10.47
2041   12   103.78     7.67
2042    1   104.83     2.53
2042    2    78.23     8.23
2042    3    67.84    12.09
2042    4   114.03    14.14
2042    5    59.01    16.30
2042    6   107.39    21.19
2042    7    11.21    26.57
2042    8    11.66    26.79
2042    9     0.87    22.65
2042   10    15.92    17.59
2042   11   108.64    11.54
2042   12   119.47     5.41
2043    1   188.61     2.17
2043    2   123.36     5.30
2043    3    81.98     7.72
2043    4    18.30    14.53
2043    5    95.13    16.58
2043    6    76.14    22.02
2043    7   113.51    23.50
2043    8    16.17    26.26
2043    9    25.95    23.93
2043   10     3.76    20.01
2043   11   111.86    11.19
2043   12   135.26     2.99
2044    1   244.26     4.23
2044    2    93.32     5.30
2044    3    40.58     7.79
2044    4   143.88    12.11
2044    5    42.34    15.69
2044    6    22.53    21.28
2044    7    35.51    24.34
2044    8     2.96    25.91
2044    9    11.82    18.47
2044   10   111.00    14.62
2044   11    75.20     9.22
2044   12    80.79     3.36
2045    1   138.07     7.01
2045    2    67.98     5.39
2045    3    39.07    11.62
2045    4    48.93    12.54
2045    5    72.15    18.76
2045    6     1.63    23.31
2045    7     0.99    26.21
2045    8    14.11    27.31
2045    9    17.07    20.71
2045   10    22.33    15.74
2045   11    14.26    10.54
2045   12    79.20     3.32
2046    1    59.39     6.35
2046    2    56.06     6.33
2046    3   102.25    10.21
2046    4    68.40    12.91
2046    5   166.98    18.77
2046    6    48.95    20.56
2046    7     0.69    24.70
2046    8    19.20    26.21
2046    9     0.97    23.06
2046   10     0.00    20.61
2046   11    67.50    14.86
2046   12   112.95     8.65
2047    1   197.14     5.66
2047    2    54.74     9.57
2047    3   137.08     5.82
2047    4    56.53    13.08
2047    5    50.63    20.30
2047    6    28.65    21.34
2047    7    32.16    24.08
2047    8    19.74    24.99
2047    9    18.94    17.32
2047   10    13.54    17.06
2047   11    66.18    11.33
2047   12   157.30     6.98
2048    1   114.05     3.89
2048    2    25.38     3.07
2048    3    43.91     9.59
2048    4    38.10    14.57
2048    5    60.04    18.31
2048    6    45.06    23.44
2048    7    13.55    26.84
2048    8     6.16    26.38
2048    9     3.75    23.19
2048   10    52.96    16.86
2048   11    57.25    12.02
2048   12   230.43     3.62
2049    1    52.04     1.82
2049    2   129.55     6.37
2049    3    54.28    11.26
2049    4    95.65    14.11
2049    5    11.97    20.07
2049    6   121.32    22.74
2049    7    47.59    24.47
2049    8     7.88    25.79
2049    9     1.59    25.48
2049   10    49.68    16.46
2049   11   129.63    10.08
2049   12    98.49     8.16
2050    1   140.62     4.72
2050    2    67.43     6.98
2050    3    31.80    11.51
2050    4   156.37    10.66
2050    5    48.99    17.24
2050    6     8.58    21.42
2050    7    29.84    27.12
2050    8     4.17    27.80
2050    9     0.77    22.30
2050   10    37.12    16.90
2050   11    74.93     9.55
2050   12   117.22     5.27
2051    1   112.69     1.81
2051    2    66.91     7.54
2051    3    62.87     8.36
2051    4    43.94    13.96
2051    5    19.05    19.47
2051    6    50.44    22.22
2051    7    19.15    26.76
2051    8    25.40    25.69
2051    9    13.08    18.61
2051   10    16.97    14.66
2051   11    99.00    10.29
2051   12   116.42     5.79
2052    1    96.82     3.50
2052    2    31.72     5.47
2052    3   120.04     9.45
2052    4    53.36    13.60
2052    5    55.35    19.59
2052    6     1.63    21.59
2052    7     0.73    26.78
2052    8     1.78    26.97
2052    9     1.35    26.41
2052   10    30.53    19.55
2052   11   105.71    11.19
2052   12   149.61     7.65
2053    1   231.89     6.75
2053    2     5.82     3.98
2053    3    71.39    10.32
2053    4    27.60    13.78
2053    5    58.87    18.52
2053    6    83.78    23.95
2053    7    48.33    23.61
2053    8     1.38    24.84
2053    9     9.99    25.64
2053   10     8.37    16.11
2053   11    70.51    10.16
2053   12   183.90     7.38
2054    1   117.03     5.23
2054    2    61.22     9.35
2054    3    57.01    10.13
2054    4    42.69    13.33
2054    5    70.74    17.03
2054    6     8.26    24.41
2054    7    46.78    28.30
2054    8     0.03    27.65
2054    9     0.19    23.16
2054   10     8.58    15.67
2054   11    40.44    13.88
2054   12    48.60     7.93
2055    1    37.86     6.41
2055    2    52.41    12.01
2055    3   112.46     7.56
2055    4    61.38    14.83
2055    5    84.23    17.59
2055    6    31.07    19.56
2055    7     6.96    24.67
2055    8    35.74    26.61
2055    9     7.20    22.35
2055   10    22.10    18.90
2055   11    83.05    10.40
2055   12   112.34     9.18
2056    1   112.49     6.51
2056    2    61.87     7.50
2056    3    89.60     6.99
2056    4    87.36    10.36
2056    5    40.07    18.37
2056    6    81.66    20.37
2056    7    73.72    23.96
2056    8    22.40    26.29
2056    9    15.70    21.05
2056   10     0.34    14.72
2056   11    45.07    11.02
2056   12    87.07     6.04
2057    1   274.17     3.85
2057    2    83.83     6.29
2057    3    97.52     8.34
2057    4    78.86    13.51
2057    5    32.37    18.80
2057    6    64.43    20.80
2057    7     2.64    26.90
2057    8     8.77    27.55
2057    9    42.07    20.01
2057   10    27.02    17.72
2057   11   109.15    13.40
2057   12    22.05     7.87
2058    1    92.47     6.23
2058    2    37.38     6.79
2058    3    98.27     8.02
2058    4    39.89    15.78
2058    5    62.62    18.74
2058    6    56.66    24.17
2058    7     8.35    26.75
2058    8     0.00    29.31
2058    9     0.00    25.40
2058   10    38.58    17.66
2058   11    75.13     7.08
2058   12    39.41     3.54
2059    1   110.47     5.14
2059    2    96.90     5.40
2059    3    97.93    11.13
2059    4    54.42    12.19
2059    5    40.27    20.31
2059    6   116.08    22.93
2059    7    45.62    26.64
2059    8    20.65    27.08
2059    9    14.33    22.19
2059   10    55.62    15.07
2059   11   182.36     7.08
2059   12    54.06     8.23
2060    1    51.87     6.21
2060    2    72.18     9.57
2060    3    79.81    12.29
2060    4    42.19    13.33
2060    5    59.51    19.00
2060    6    12.54    24.67
2060    7     0.14    29.36
2060    8     0.00    30.30
2060    9    18.75    23.68
2060   10     6.37    22.16
2060   11   133.09    12.21
2060   12   125.38    10.32
2061    1   172.97     7.07
2061    2   140.21     6.82
2061    3    46.39    10.38
2061    4    21.34    16.09
2061    5    48.70    19.48
2061    6    73.08    25.86
2061    7     0.76    29.99
2061    8     0.00    29.36
2061    9     0.22    22.67
2061   10    62.94    19.14
2061   11    65.13    10.84
2061   12   121.45     8.96
2062    1    79.93     1.80
2062    2     7.82     5.73
2062    3    50.78    10.09
2062    4    53.33    15.27
2062    5    35.38    19.86
2062    6     5.57    24.88
2062    7    24.73    28.84
2062    8    25.80    31.61
2062    9     0.14    26.69
2062   10    13.22    15.06
2062   11    41.06    13.22
2062   12   169.08     6.70
2063    1   142.98     6.95
2063    2    31.40    10.33
2063    3    93.22     9.87
2063    4    79.51    13.95
2063    5   188.52    16.54
2063    6    22.17    20.85
2063    7     0.80    27.13
2063    8     1.00    30.57
2063    9    18.78    25.31
2063   10     2.40    18.32
2063   11    22.87     9.72
2063   12   104.30     6.62
2064    1   136.94     0.68
2064    2    29.42     8.75
2064    3    45.33     9.95
2064    4    27.88    15.28
2064    5    96.92    17.11
2064    6    56.25    21.67
2064    7    16.29    27.56
2064    8    26.33    28.29
2064    9     9.38    23.77
2064   10    23.06    16.56
2064   11    97.79    11.08
2064   12    60.68     7.84
2065    1   137.85     4.81
2065    2    43.30     4.20
2065    3    23.73    10.77
2065    4    59.03    14.10
2065    5    90.75    20.78
2065    6    66.84    23.43
2065    7    18.08    27.92
2065    8     0.02    28.20
2065    9     2.95    19.50
2065   10     2.46    16.21
2065   11    54.97    10.20
2065   12   159.28     4.82
2066    1   190.32     7.04
2066    2    54.86     5.12
2066    3    42.67     8.02
2066    4    85.07    17.29
2066    5    85.90    16.08
2066    6    20.37    26.41
2066    7     9.52    28.91
2066    8     0.65    29.91
2066    9     5.05    22.92
2066   10     4.68    20.84
2066   11    80.90     8.33
2066   12   196.43     7.50
2067    1   206.62     5.39
2067    2    57.94     7.33
2067    3    57.59    10.92
2067    4    72.07    14.40
2067    5   153.61    16.27
2067    6    30.50    22.72
2067    7     6.55    24.83
2067    8     0.00    29.28
2067    9     3.38    25.29
2067   10     0.11    20.95
2067   11    58.65     7.04
2067   12    90.20     6.08
2068    1   126.08     6.60
2068    2    55.73     5.56
2068    3    64.72     5.07
2068    4    61.25    16.92
2068    5    73.07    20.05
2068    6    66.84    21.92
2068    7     8.62    27.53
2068    8     5.11    30.47
2068    9     0.00    23.71
2068   10    12.15    21.16
2068   11    60.94     8.51
2068   12    65.38     2.85
2069    1    32.95    10.15
2069    2    77.94     8.14
2069    3    77.27    12.03
2069    4    33.38    17.62
2069    5    96.78    18.73
2069    6    74.88    24.95
2069    7     1.83    29.68
2069    8     0.75    30.52
2069    9     0.51    22.60
2069   10    72.49    18.01
2069   11    29.90     8.07
2069   12    71.98     6.71
2070    1    58.03     5.54
2070    2    50.54     8.15
2070    3   130.10    10.44
2070    4    30.48    18.47
2070    5    18.75    19.57
2070    6     0.00    29.32
2070    7    10.66    32.30
2070    8     0.16    29.64
2070    9     3.04    24.66
2070   10    43.36    15.98
2070   11    56.31    12.11
2070   12    72.19     8.42
2071    1    22.56     6.12
2071    2   147.07     9.91
2071    3    50.32    11.65
2071    4    51.89    14.73
2071    5    84.50    17.93
2071    6    41.83    25.26
2071    7    36.60    26.63
2071    8     3.55    28.77
2071    9     1.47    23.85
2071   10   111.11    18.25
2071   11   110.81     8.82
2071   12    85.63     4.01
2072    1   172.80     3.34
2072    2    69.88     5.73
2072    3    94.42     7.20
2072    4    62.86    15.38
2072    5    83.77    18.87
2072    6    55.88    23.98
2072    7     0.08    28.76
2072    8     0.71    30.70
2072    9     0.55    27.37
2072   10    18.75    19.79
2072   11   105.32    11.77
2072   12   203.22     9.21
2073    1    59.93     3.70
2073    2   175.33     3.01
2073    3   111.26     9.72
2073    4   103.29    14.63
2073    5    44.18    20.17
2073    6    12.83    23.91
2073    7     0.00    29.81
2073    8     0.00    31.22
2073    9     0.66    23.64
2073   10    41.78    20.33
2073   11   113.39    13.65
2073   12   305.64     7.18
2074    1   179.66     2.40
2074    2   171.37     3.65
2074    3   176.31     6.94
2074    4    13.92    16.47
2074    5   143.31    17.12
2074    6    31.92    24.84
2074    7     5.69    26.30
2074    8     0.00    27.99
2074    9     8.55    22.87
2074   10    24.54    17.93
2074   11    41.82    13.25
2074   12   169.20     7.12
2075    1    67.28     5.84
2075    2     8.98    11.16
2075    3    44.97     7.93
2075    4    48.01    16.99
2075    5    73.50    18.12
2075    6    75.83    23.19
2075    7     0.21    32.46
2075    8     0.28    28.31
2075    9    19.71    24.16
2075   10     1.55    19.13
2075   11    95.15     9.92
2075   12   139.24     7.47
2076    1    30.01     1.96
2076    2    66.89     7.93
2076    3    33.60    12.12
2076    4    79.69    14.45
2076    5     8.91    20.19
2076    6     1.12    27.98
2076    7     0.00    29.08
2076    8     0.00    33.04
2076    9    49.46    21.86
2076   10    25.35    13.30
2076   11    49.48    14.20
2076   12   153.43     3.30
2077    1   120.18     6.42
2077    2   173.01     7.34
2077    3    60.04     9.17
2077    4    27.08    18.29
2077    5    82.25    19.23
2077    6    69.08    23.25
2077    7     2.68    27.66
2077    8     8.22    29.01
2077    9    30.22    24.33
2077   10     0.84    18.79
2077   11   115.17    14.98
2077   12    78.73     9.85
2078    1   191.62     7.84
2078    2    73.34     4.46
2078    3     4.71    10.60
2078    4    91.46    16.41
2078    5   133.49    21.18
2078    6    72.43    23.99
2078    7    28.79    28.34
2078    8     3.65    26.87
2078    9     1.22    24.06
2078   10    39.71    17.87
2078   11    44.58    12.72
2078   12   143.68     9.72
2079    1   127.96     6.41
2079    2    90.47     6.20
2079    3   142.48     7.42
2079    4    95.08    15.94
2079    5    36.82    19.78
2079    6    71.88    23.90
2079    7     5.58    28.89
2079    8     0.00    29.36
2079    9    13.26    23.42
2079   10    60.54    16.75
2079   11    77.99    13.41
2079   12    55.87     7.59
2080    1    47.59     5.61
2080    2    57.51     6.79
2080    3    45.78     9.03
2080    4    59.20    13.56
2080    5   129.42    20.45
2080    6    20.81    22.28
2080    7     5.43    28.82
2080    8    63.61    24.15
2080    9    29.60    23.57
2080   10    26.70    16.76
2080   11    68.01    10.12
2080   12   164.36    10.98
2081    1   206.32     4.94
2081    2   134.29     5.94
2081    3    69.28     7.63
2081    4    39.31    16.23
2081    5    34.42    18.64
2081    6     9.02    23.07
2081    7     5.46    28.43
2081    8     0.10    26.67
2081    9    13.64    22.72
2081   10    73.48    17.82
2081   11    20.95    13.02
2081   12   114.48     8.76
2082    1   129.16     8.04
2082    2    82.78     9.94
2082    3    21.17     9.64
2082    4     8.44    17.54
2082    5   125.03    20.33
2082    6    79.22    25.25
2082    7     3.33    30.89
2082    8     2.42    28.34
2082    9     0.00    25.85
2082   10    34.39    18.01
2082   11    48.70    13.31
2082   12   146.18     7.77
2083    1   105.27     3.07
2083    2   146.94     9.47
2083    3   106.47     9.38
2083    4    28.64    18.99
2083    5    21.59    22.74
2083    6    69.77    26.99
2083    7     1.64    30.54
2083    8     0.02    28.28
2083    9    15.25    24.68
2083   10    22.35    18.23
2083   11    36.16    11.10
2083   12   174.32     6.86
2084    1   218.80     1.87
2084    2   115.68     7.11
2084    3   107.57    10.60
2084    4    29.41    14.77
2084    5   119.11    16.95
2084    6    72.34    22.00
2084    7     3.38    28.80
2084    8    33.68    27.27
2084    9     0.00    25.53
2084   10    28.27    18.83
2084   11    48.99    13.47
2084   12   227.00     5.71
2085    1    70.65     4.74
2085    2    64.08     8.72
2085    3    46.69     8.80
2085    4    20.88    14.65
2085    5    19.41    19.17
2085    6    20.38    23.15
2085    7     0.00    29.95
2085    8     0.04    32.60
2085    9     4.21    26.06
2085   10    30.22    17.69
2085   11    42.93    16.75
2085   12   200.89     6.19
2086    1    75.31     5.25
2086    2   115.63     4.15
2086    3   176.52     9.18
2086    4     1.76    19.89
2086    5    89.89    22.44
2086    6     2.24    24.09
2086    7    25.40    28.67
2086    8     0.00    34.51
2086    9     0.00    26.56
2086   10     1.12    20.47
2086   11    81.97    16.05
2086   12    37.56     3.36
2087    1   154.02     3.27
2087    2   120.84     9.28
2087    3   142.19     8.16
2087    4    68.62    13.30
2087    5   112.50    19.22
2087    6    53.23    21.59
2087    7    41.09    26.40
2087    8     0.39    28.88
2087    9     0.00    27.36
2087   10    42.65    16.83
2087   11    61.87    13.01
2087   12    57.29    10.08
2088    1    59.90     3.66
2088    2   170.76     6.19
2088    3    89.03     8.42
2088    4   121.45    14.90
2088    5    49.31    19.84
2088    6     6.33    22.66
2088    7     1.42    29.43
2088    8    45.21    29.80
2088    9    11.65    24.99
2088   10    23.75    16.12
2088   11    36.20     9.14
2088   12   215.66     5.71
2089    1    67.78     4.66
2089    2    65.33     6.43
2089    3    42.38    13.72
2089    4    62.59    15.79
2089    5     7.24    20.77
2089    6    61.35    25.10
2089    7    11.54    29.29
2089    8     0.00    29.93
2089    9     7.68    27.78
2089   10    19.81    20.34
2089   11    49.57    15.81
2089   12   163.52     7.68
2090    1   113.31     8.39
2090    2    68.48     8.74
2090    3    75.52     9.05
2090    4    60.21    15.25
2090    5    45.88    23.19
2090    6    19.27    26.36
2090    7     1.17    31.97
2090    8     7.64    32.03
2090    9    13.32    25.70
2090   10     1.15    21.87
2090   11   100.08    11.66
2090   12   149.70    12.23
2091    1    87.33     5.16
2091    2   132.99     8.70
2091    3   124.05     9.32
2091    4    53.35    17.07
2091    5    99.02    24.00
2091    6    84.35    23.61
2091    7    15.43    26.14
2091    8     0.00    29.03
2091    9     1.73    25.34
2091   10     1.89    19.16
2091   11   126.34     9.44
2091   12   122.34     9.50
2092    1    43.48     9.90
2092    2   190.79     6.23
2092    3   157.60     6.51
2092    4   104.31    16.78
2092    5    40.86    21.54
2092    6     8.54    24.43
2092    7     9.32    31.72
2092    8    19.24    29.66
2092    9     0.03    23.80
2092   10     4.89    19.06
2092   11   126.90    10.51
2092   12    93.15    12.52
2093    1   155.83     8.41
2093    2   101.13     7.95
2093    3   120.57     9.72
2093    4    80.99    15.50
2093    5    59.38    19.81
2093    6    64.95    22.74
2093    7    24.93    27.18
2093    8     0.04    29.81
2093    9     0.01    27.60
2093   10     0.00    24.24
2093   11   119.10    14.83
2093   12    85.37     5.80
2094    1   189.15     7.07
2094    2    42.77     6.80
2094    3     9.41    13.23
2094    4    82.12    16.35
2094    5    66.47    23.45
2094    6    54.52    24.90
2094    7     0.15    31.05
2094    8     0.00    30.88
2094    9     3.66    26.77
2094   10    13.27    17.87
2094   11    50.90    14.27
2094   12   156.12     5.71
2095    1   221.31     3.48
2095    2    63.90     6.69
2095    3   126.34     9.08
2095    4   103.48    15.72
2095    5   124.45    19.99
2095    6    51.12    22.60
2095    7    29.01    24.58
2095    8     3.28    28.77
2095    9    22.06    26.25
2095   10     5.99    20.60
2095   11    59.03    13.52
2095   12    21.19     8.53
2096    1   111.39     8.05
2096    2    84.07     6.01
2096    3    39.91    13.27
2096    4    11.44    19.22
2096    5   165.73    20.41
2096    6    71.48    25.84
2096    7     0.67    31.31
2096    8     0.34    30.76
2096    9     6.07    25.40
2096   10    51.69    18.97
2096   11    10.98    16.59
2096   12    56.79     7.63
2097    1   108.15     5.88
2097    2   111.08    10.97
2097    3    59.58    13.46
2097    4    33.62    16.38
2097    5    47.26    19.71
2097    6    70.34    23.99
2097    7     1.44    30.65
2097    8     8.17    29.51
2097    9     0.00    28.28
2097   10     9.96    18.69
2097   11    34.50    15.71
2097   12   255.73    10.14
2098    1   114.17     5.33
2098    2    46.91    11.07
2098    3   167.60    10.15
2098    4    28.38    18.44
2098    5    62.84    23.89
2098    6    18.27    28.39
2098    7    28.72    29.94
2098    8     0.00    30.71
2098    9    21.32    23.93
2098   10     9.49    18.67
2098   11   127.71    10.09
2098   12     3.07     6.87
2099    1   192.78     6.05
2099    2    89.64     7.36
2099    3    17.43    10.59
2099    4    59.66    16.56
2099    5   112.71    19.53
2099    6    22.00    28.12
2099    7     0.03    30.21
2099    8     0.00    32.84
2099    9     0.00    27.20
2099   10    95.68    21.46
2099   11    34.62    12.47
2099   12    74.53     8.03
2100    1    86.19     6.24
2100    2    89.94     3.47
2100    3    66.15    10.72
2100    4    56.96    19.36
2100    5    93.15    19.59
2100    6    51.56    23.53
2100    7     0.06    29.72
2100    8     0.00    32.79
2100    9     0.03    28.20
2100   10    38.20    18.48
2100   11    53.10    12.24
2100   12    17.93     4.10
