2006    1    52.84     7.32
2006    2    22.97     6.66
2006    3     7.38     9.34
2006    4     7.61    10.82
2006    5    20.62    15.16
2006    6     3.08    20.14
2006    7     3.06    23.72
2006    8     5.26    25.84
2006    9    24.70    22.80
2006   10    92.35    16.36
2006   11    98.65    11.10
2006   12    44.87     7.05
2007    1    41.02     3.26
2007    2    14.02     3.89
2007    3    36.53     4.12
2007    4    21.18     7.34
2007    5     3.21    14.09
2007    6     4.55    19.90
2007    7    20.34    22.24
2007    8     0.82    23.59
2007    9     6.16    22.83
2007   10    88.67    19.60
2007   11    21.08    14.08
2007   12    96.83     9.04
2008    1    73.74     6.48
2008    2    52.13     3.44
2008    3    34.14     3.64
2008    4    30.05     7.51
2008    5    10.09    13.49
2008    6     4.34    19.79
2008    7     3.43    22.76
2008    8    12.16    24.99
2008    9    44.97    22.04
2008   10    68.31    16.04
2008   11    37.53    11.69
2008   12    46.67     9.05
2009    1    76.73     4.70
2009    2    16.99     3.78
2009    3    34.30     1.67
2009    4    14.13     6.13
2009    5     5.18    13.45
2009    6     2.97    18.59
2009    7     3.01    22.81
2009    8    11.96    24.61
2009    9    59.81    20.36
2009   10    54.96    17.71
2009   11   115.04    12.08
2009   12    96.15     6.69
2010    1    37.17     4.27
2010    2     9.15     5.38
2010    3    14.84     5.24
2010    4    15.54     7.82
2010    5    33.48    13.55
2010    6     3.78    19.17
2010    7     9.21    23.41
2010    8     3.28    24.46
2010    9     7.91    22.05
2010   10    57.89    19.43
2010   11    90.70    12.24
2010   12    26.12    10.71
2011    1    49.30     5.66
2011    2    31.54     1.78
2011    3     5.04     7.05
2011    4    20.15    10.39
2011    5     5.58    15.28
2011    6     3.67    20.10
2011    7     5.03    23.47
2011    8    12.02    25.29
2011    9    70.86    20.96
2011   10   116.61    16.65
2011   11    81.61    10.29
2011   12    61.17     7.92
2012    1     5.40     7.98
2012    2    45.67     3.23
2012    3    28.68     4.89
2012    4     9.59     9.81
2012    5    27.46    13.71
2012    6     0.72    18.91
2012    7     2.25    23.53
2012    8     1.69    24.88
2012    9    27.50    23.20
2012   10    74.80    17.12
2012   11    39.61    14.23
2012   12    73.52     8.20
2013    1    36.79     4.29
2013    2    23.95     3.73
2013    3    69.23     3.27
2013    4    26.88     6.93
2013    5    29.26    12.45
2013    6     4.12    18.35
2013    7     1.28    22.33
2013    8    13.45    23.74
2013    9    10.11    21.94
2013   10    65.23    16.35
2013   11    44.17    13.36
2013   12    36.35     8.90
2014    1    74.83     6.66
2014    2    31.13     5.73
2014    3    45.57     6.88
2014    4    49.79     8.72
2014    5    55.23    13.25
2014    6     1.74    18.72
2014    7    10.46    23.01
2014    8     2.79    24.97
2014    9    48.11    23.04
2014   10   130.33    16.38
2014   11    65.26    12.81
2014   12    64.54     7.48
2015    1    45.42     5.35
2015    2    26.54     5.21
2015    3    32.35     4.51
2015    4    12.62     7.47
2015    5     7.25    13.40
2015    6     3.03    19.75
2015    7     2.04    23.41
2015    8    37.57    24.40
2015    9    45.74    21.18
2015   10    46.06    18.49
2015   11    66.89    12.85
2015   12    88.04     8.30
2016    1    17.95     6.72
2016    2    14.04     3.98
2016    3    15.97     7.65
2016    4    12.00    12.53
2016    5     7.21    15.30
2016    6     2.18    21.16
2016    7     1.35    24.74
2016    8    22.01    24.69
2016    9    58.43    21.17
2016   10    71.05    17.19
2016   11    39.33    12.96
2016   12    53.40     9.81
2017    1    15.50     7.70
2017    2    27.83     5.23
2017    3    24.13     5.85
2017    4    26.17    10.25
2017    5    12.04    14.49
2017    6     2.48    20.36
2017    7     1.19    23.84
2017    8     8.21    24.79
2017    9    88.77    22.40
2017   10    60.23    17.88
2017   11    63.30    15.60
2017   12    40.73    10.03
2018    1    18.31     5.56
2018    2    17.77     6.68
2018    3    17.31     8.22
2018    4    13.80    11.17
2018    5     8.73    15.45
2018    6     2.68    20.79
2018    7     1.25    24.52
2018    8     6.48    25.82
2018    9    29.22    23.62
2018   10    78.02    17.48
2018   11    80.82    14.12
2018   12    21.38    10.76
2019    1    43.71     8.44
2019    2    15.65     7.88
2019    3    18.16     5.55
2019    4    28.59     8.91
2019    5     8.31    13.75
2019    6     1.80    20.19
2019    7     3.03    24.40
2019    8    10.16    25.27
2019    9    12.05    22.94
2019   10    81.39    20.06
2019   11    67.87    15.51
2019   12    77.60     9.06
2020    1    15.00     9.41
2020    2    27.25     9.09
2020    3    44.36     8.78
2020    4    30.01    10.01
2020    5    13.87    15.46
2020    6     5.90    21.64
2020    7     9.28    25.01
2020    8     0.91    26.11
2020    9   120.62    21.39
2020   10   167.52    15.14
2020   11    59.60    10.21
2020   12    48.00    10.08
2021    1    10.52     9.58
2021    2    25.40     6.88
2021    3     9.86     9.27
2021    4     1.33    13.26
2021    5     2.07    16.13
2021    6     1.32    21.08
2021    7     6.65    24.39
2021    8     4.71    26.15
2021    9    12.05    24.95
2021   10   162.14    18.45
2021   11    65.78    12.33
2021   12    34.86    10.45
2022    1    36.34     5.56
2022    2    32.48     6.29
2022    3    24.72     8.09
2022    4    11.65    12.16
2022    5     2.20    17.85
2022    6    14.79    21.86
2022    7     9.80    24.92
2022    8    12.38    25.76
2022    9    67.76    21.86
2022   10   103.17    15.86
2022   11    73.69    13.00
2022   12    31.23     8.29
2023    1    18.34     7.18
2023    2    14.67     5.26
2023    3    56.52     7.16
2023    4    33.31     9.54
2023    5    31.75    14.27
2023    6     4.78    20.23
2023    7     1.46    24.60
2023    8     6.96    25.77
2023    9    31.96    23.27
2023   10    51.72    16.08
2023   11    56.64    14.48
2023   12    42.45    10.89
2024    1    63.04     6.06
2024    2    18.15     7.04
2024    3     2.31     8.87
2024    4    68.59     9.22
2024    5    15.78    14.78
2024    6     4.81    20.57
2024    7     3.72    24.53
2024    8     6.07    24.85
2024    9   143.49    21.44
2024   10    52.18    15.75
2024   11   160.12    11.49
2024   12    24.41     9.97
2025    1    49.07     5.22
2025    2    24.62     4.96
2025    3    36.03     1.67
2025    4    10.31     8.04
2025    5    16.19    13.28
2025    6     3.64    19.03
2025    7     1.16    22.46
2025    8     7.23    24.66
2025    9    40.18    21.76
2025   10    96.46    16.04
2025   11    43.99    12.81
2025   12    72.28    10.87
2026    1    40.08     4.74
2026    2    30.85     6.72
2026    3    11.35     4.61
2026    4     8.20    10.97
2026    5    13.98    15.03
2026    6     4.11    19.38
2026    7     2.61    24.52
2026    8    11.11    25.32
2026    9    20.45    21.66
2026   10    89.68    17.57
2026   11    14.49    16.26
2026   12    56.58    11.11
2027    1    80.27     3.73
2027    2    41.07     4.68
2027    3    12.29     7.08
2027    4     3.82    11.86
2027    5    13.31    15.23
2027    6     2.80    21.21
2027    7     1.36    24.56
2027    8     6.94    25.28
2027    9    72.47    20.70
2027   10   127.64    16.72
2027   11    23.75    13.63
2027   12    72.34     9.39
2028    1    41.03     4.09
2028    2    23.54     6.91
2028    3     6.00     8.22
2028    4    21.89    12.95
2028    5    16.77    15.08
2028    6     4.34    21.04
2028    7     6.07    24.76
2028    8     4.77    26.25
2028    9    46.40    23.84
2028   10   170.99    19.33
2028   11    54.90    16.51
2028   12    50.28    12.32
2029    1    93.48     9.27
2029    2    34.58     5.86
2029    3    12.44     7.26
2029    4    48.76     9.77
2029    5    45.17    15.18
2029    6     4.23    20.41
2029    7     3.29    24.60
2029    8    19.70    24.86
2029    9    37.41    21.68
2029   10    65.09    17.22
2029   11    47.84    15.53
2029   12    23.63    12.00
2030    1    24.92     7.66
2030    2    51.96     4.66
2030    3     5.33     8.60
2030    4     9.10    10.96
2030    5     6.82    15.80
2030    6     2.51    21.36
2030    7     2.37    25.62
2030    8    30.50    25.80
2030    9    50.55    22.90
2030   10    78.42    18.94
2030   11    34.41    13.83
2030   12    64.66     9.73
2031    1    30.63     5.90
2031    2    17.81     7.97
2031    3    12.08     8.13
2031    4    31.22    11.20
2031    5     6.67    14.93
2031    6     0.87    20.30
2031    7     3.56    24.15
2031    8     9.66    25.89
2031    9    95.09    21.96
2031   10   127.29    17.00
2031   11    15.42    16.47
2031   12    54.90    11.34
2032    1    42.24     5.20
2032    2    14.98     6.75
2032    3     7.70     7.20
2032    4     4.66    10.88
2032    5    24.75    15.19
2032    6     3.21    21.02
2032    7     3.10    24.99
2032    8     3.15    25.60
2032    9    20.12    24.35
2032   10    44.68    19.90
2032   11   109.40    11.64
2032   12    53.50     9.76
2033    1    18.05     9.07
2033    2    27.10     4.96
2033    3    31.81     7.57
2033    4    13.84    11.19
2033    5    11.83    15.54
2033    6     4.22    20.72
2033    7     1.25    24.25
2033    8    39.27    25.06
2033    9    28.51    21.64
2033   10    55.10    18.90
2033   11    54.93    16.43
2033   12    92.65    11.19
2034    1    22.62     8.97
2034    2    27.36     8.65
2034    3    19.72     5.08
2034    4    16.46    11.26
2034    5     8.54    16.45
2034    6     2.09    21.10
2034    7     3.10    25.75
2034    8     7.59    26.75
2034    9    69.41    22.98
2034   10    58.43    18.74
2034   11    37.81    14.36
2034   12    27.56    11.02
2035    1    40.99     8.68
2035    2    37.31     7.14
2035    3    24.44     4.49
2035    4    25.84    10.19
2035    5     8.75    15.14
2035    6     1.40    20.71
2035    7    10.35    24.79
2035    8     6.49    26.14
2035    9    12.93    23.24
2035   10     2.55    18.92
2035   11    59.85    14.00
2035   12    31.73    11.18
2036    1    32.98     9.38
2036    2    24.91     7.15
2036    3    14.11     7.23
2036    4    36.12    10.10
2036    5    34.59    14.24
2036    6     2.17    20.79
2036    7     2.59    24.92
2036    8    19.42    25.75
2036    9    83.40    23.63
2036   10   130.74    17.82
2036   11    79.42    15.19
2036   12    53.16    11.00
2037    1    28.63     7.33
2037    2    36.40     6.44
2037    3    23.94     7.14
2037    4    56.50     8.47
2037    5    24.10    14.55
2037    6     2.35    19.20
2037    7     0.93    24.41
2037    8     0.53    25.97
2037    9    67.43    22.40
2037   10   106.95    16.65
2037   11    62.97    13.69
2037   12    32.74    11.39
2038    1    44.11     6.65
2038    2     8.59     7.15
2038    3    16.75     6.39
2038    4    60.67     9.90
2038    5     7.44    15.58
2038    6    13.13    20.72
2038    7     1.74    24.45
2038    8     1.78    25.99
2038    9    50.34    23.49
2038   10   108.75    18.38
2038   11    85.12    15.61
2038   12    62.11    10.52
2039    1    60.73     6.54
2039    2    22.85     4.20
2039    3    16.46     7.94
2039    4     1.25    11.96
2039    5     8.56    16.03
2039    6    12.39    21.80
2039    7    11.59    25.53
2039    8     8.55    25.90
2039    9    42.17    23.23
2039   10    80.34    18.75
2039   11    98.03    16.09
2039   12    61.41     9.46
2040    1    29.56     9.22
2040    2    58.30     3.16
2040    3    24.32     7.82
2040    4    10.55     8.34
2040    5    13.92    14.15
2040    6     2.72    19.59
2040    7     0.67    24.73
2040    8    15.24    25.83
2040    9    46.90    22.33
2040   10    78.02    16.95
2040   11    85.01    10.41
2040   12    10.76     8.25
2041    1    11.28     7.73
2041    2    32.85     4.74
2041    3     1.11     7.46
2041    4     7.29    10.49
2041    5    12.09    16.13
2041    6     3.00    20.47
2041    7    13.99    24.73
2041    8     9.72    25.79
2041    9    73.87    20.86
2041   10   103.38    17.87
2041   11    76.90    13.98
2041   12    29.46     9.14
2042    1     9.36     7.96
2042    2    25.08     7.11
2042    3    53.99     4.08
2042    4     6.03     9.67
2042    5     2.98    15.26
2042    6     2.68    20.87
2042    7     0.82    24.59
2042    8    16.34    25.38
2042    9    77.74    22.52
2042   10    46.32    18.68
2042   11    96.82    13.84
2042   12    20.51    12.54
2043    1    41.95     9.23
2043    2    11.88     8.38
2043    3    68.35     8.30
2043    4    26.28    11.56
2043    5    23.04    14.66
2043    6     5.65    20.42
2043    7     8.81    24.44
2043    8    12.50    25.12
2043    9    51.34    22.68
2043   10   104.55    18.15
2043   11    51.74    13.85
2043   12    40.03    10.96
2044    1    16.82     9.53
2044    2    25.12     7.49
2044    3    26.49     7.16
2044    4    11.90    10.52
2044    5     9.72    16.79
2044    6     3.58    20.69
2044    7    19.26    24.76
2044    8    45.50    25.68
2044    9     6.13    23.93
2044   10    78.02    17.12
2044   11    67.81    13.12
2044   12    85.09     9.09
2045    1     9.52     9.53
2045    2    16.58     8.26
2045    3    54.05     8.52
2045    4    19.94    11.10
2045    5     3.94    16.83
2045    6     2.69    21.62
2045    7     2.59    24.56
2045    8     4.26    25.93
2045    9   125.93    22.81
2045   10    55.70    18.46
2045   11    35.96    15.07
2045   12    45.00    12.24
2046    1    17.84    10.23
2046    2    28.05     7.37
2046    3    11.17     7.71
2046    4    16.74    12.27
2046    5    31.63    14.57
2046    6     2.92    20.44
2046    7     2.86    25.12
2046    8    17.34    25.48
2046    9    29.91    23.11
2046   10   156.63    17.21
2046   11    88.76    13.02
2046   12    85.01     9.64
2047    1    25.01     5.82
2047    2    20.43     6.43
2047    3    10.76     7.67
2047    4    23.67    10.11
2047    5     3.58    16.16
2047    6     2.40    21.34
2047    7     2.66    25.86
2047    8     6.84    24.55
2047    9    34.55    22.35
2047   10    90.14    17.59
2047   11    59.87    14.07
2047   12    68.85    10.48
2048    1    26.83     8.10
2048    2    23.89     4.63
2048    3    13.37     9.07
2048    4    46.31    10.20
2048    5    18.58    16.80
2048    6    15.72    21.30
2048    7    10.39    24.77
2048    8    13.59    25.87
2048    9    81.26    23.68
2048   10    19.74    18.99
2048   11    57.60    14.28
2048   12    23.82    11.88
2049    1    22.62    10.36
2049    2    56.17     7.72
2049    3    18.58     8.99
2049    4    39.89    11.26
2049    5     2.05    17.72
2049    6     1.76    21.78
2049    7     9.42    25.73
2049    8     1.52    26.81
2049    9    44.99    23.01
2049   10   158.98    18.15
2049   11    40.39    13.77
2049   12    47.97    10.35
2050    1    95.71     6.54
2050    2    18.92     7.11
2050    3    30.44     7.17
2050    4     1.65    12.32
2050    5     3.36    15.75
2050    6     1.73    20.81
2050    7     0.58    24.35
2050    8     1.60    26.01
2050    9    10.19    23.94
2050   10    79.52    18.49
2050   11    47.60    16.85
2050   12    69.82    12.72
2051    1    61.19     7.49
2051    2    31.14     7.60
2051    3    49.87     7.46
2051    4    20.66     9.87
2051    5    14.53    14.98
2051    6     7.51    19.62
2051    7     5.49    24.68
2051    8     2.52    25.15
2051    9    18.29    23.12
2051   10    54.99    18.33
2051   11    33.44    15.30
2051   12    30.60    11.38
2052    1    16.36    11.29
2052    2    34.72     8.25
2052    3    18.69     9.10
2052    4     9.80    13.76
2052    5    18.13    16.59
2052    6    27.90    21.79
2052    7     6.09    26.41
2052    8    35.64    27.05
2052    9    59.64    23.53
2052   10    83.23    18.65
2052   11    67.49    12.07
2052   12    82.09    10.77
2053    1    72.57     8.13
2053    2    55.35     3.96
2053    3     8.93     6.91
2053    4    38.36    10.08
2053    5     4.48    17.12
2053    6     4.11    21.85
2053    7     4.26    24.56
2053    8    21.42    25.85
2053    9    51.92    22.88
2053   10    13.76    18.97
2053   11    58.50    13.57
2053   12    26.95    12.33
2054    1    29.50     8.22
2054    2    30.73     6.51
2054    3    21.15     7.92
2054    4    17.66    11.31
2054    5     5.11    15.91
2054    6     2.46    20.90
2054    7     2.54    24.65
2054    8    16.96    26.44
2054    9    80.31    23.44
2054   10    83.61    20.07
2054   11    95.40    13.94
2054   12    40.02    10.84
2055    1    25.52     7.59
2055    2    27.97     8.61
2055    3    24.83     8.45
2055    4    42.15     9.22
2055    5     3.58    15.97
2055    6     3.37    20.13
2055    7     1.68    24.84
2055    8     7.51    27.31
2055    9    92.94    22.79
2055   10    49.60    17.58
2055   11    38.87    16.34
2055   12    88.22    10.36
2056    1    78.66     5.32
2056    2    49.72     3.23
2056    3    27.61     4.80
2056    4     9.89    11.14
2056    5     5.00    16.22
2056    6     2.02    20.52
2056    7    27.21    25.09
2056    8     2.88    27.17
2056    9    56.82    22.48
2056   10   145.73    17.76
2056   11    23.11    14.67
2056   12    46.12     8.98
2057    1    93.39     5.61
2057    2    30.07     4.92
2057    3     6.63     6.83
2057    4     5.52    11.66
2057    5     1.84    17.40
2057    6     4.44    20.39
2057    7     1.10    24.86
2057    8    15.35    25.40
2057    9    81.48    21.87
2057   10   120.37    18.52
2057   11    24.68    14.62
2057   12    58.08    10.25
2058    1    44.16     6.18
2058    2   108.01     0.67
2058    3    29.66     4.31
2058    4    19.45     8.61
2058    5     1.98    14.72
2058    6     4.19    20.37
2058    7     0.94    23.26
2058    8     3.34    25.94
2058    9    26.49    23.94
2058   10    66.74    17.49
2058   11    68.71    13.07
2058   12    28.31    11.14
2059    1    27.54     7.11
2059    2   100.20     5.18
2059    3    53.31     6.02
2059    4    21.54    11.21
2059    5    29.52    17.13
2059    6     1.87    19.96
2059    7     1.16    24.62
2059    8     5.37    26.09
2059    9    32.40    23.41
2059   10   139.23    15.81
2059   11   118.37    12.66
2059   12    21.49     9.59
2060    1    16.75     7.66
2060    2    11.70     6.61
2060    3    10.54     6.24
2060    4    15.08    10.14
2060    5     4.66    15.52
2060    6     3.49    20.63
2060    7     2.84    24.47
2060    8     2.98    25.17
2060    9    72.27    22.73
2060   10   160.62    19.26
2060   11   145.70    13.03
2060   12    69.90    10.28
2061    1     6.69     9.26
2061    2    41.66     7.78
2061    3     7.38    10.62
2061    4     2.42    14.11
2061    5     5.90    17.12
2061    6     0.84    21.95
2061    7    17.25    25.68
2061    8    46.62    26.50
2061    9    51.55    24.15
2061   10    80.84    20.74
2061   11    35.16    16.54
2061   12   102.76    12.35
2062    1    84.53     7.00
2062    2    27.15     7.52
2062    3    65.00     7.36
2062    4    25.77     8.57
2062    5    26.89    14.78
2062    6     1.92    20.70
2062    7     1.77    25.09
2062    8     3.77    25.59
2062    9    29.80    22.94
2062   10    92.44    15.89
2062   11   110.53    12.53
2062   12    38.46     9.08
2063    1    22.87     4.47
2063    2    21.14     4.71
2063    3    52.36     5.40
2063    4     5.28    10.93
2063    5     2.23    16.93
2063    6     5.19    20.66
2063    7     2.38    24.54
2063    8     4.98    26.17
2063    9    81.03    22.99
2063   10   163.29    17.78
2063   11   155.98    13.45
2063   12    30.33    10.31
2064    1     8.81     9.73
2064    2    22.61     4.43
2064    3    10.11     7.57
2064    4    28.01    12.54
2064    5     3.12    16.84
2064    6    21.84    21.57
2064    7     1.05    25.31
2064    8     3.31    27.10
2064    9    43.45    22.61
2064   10   135.76    17.48
2064   11    26.94    14.56
2064   12    71.76     9.28
2065    1    51.85     6.78
2065    2    26.82     4.52
2065    3    21.01     5.29
2065    4    17.02    11.05
2065    5    12.19    15.54
2065    6     2.67    21.14
2065    7     1.35    24.66
2065    8    19.46    25.22
2065    9    16.51    21.27
2065   10    53.09    19.62
2065   11   193.33    10.93
2065   12    22.19    10.99
2066    1    32.04     6.56
2066    2    22.66     6.58
2066    3     8.51     7.51
2066    4    33.90     8.57
2066    5    22.25    14.53
2066    6     1.72    20.18
2066    7     1.41    24.13
2066    8     3.61    26.69
2066    9    25.76    22.85
2066   10    75.92    17.19
2066   11    45.75    14.61
2066   12    43.22    10.42
2067    1    29.69     7.92
2067    2     9.98     8.09
2067    3    36.30     9.20
2067    4    31.86    11.28
2067    5    43.09    14.78
2067    6     3.97    21.19
2067    7     4.14    24.74
2067    8    17.67    26.60
2067    9    44.19    23.87
2067   10    64.23    20.16
2067   11   111.26    16.44
2067   12    21.98    12.42
2068    1    43.75    10.20
2068    2    25.55     6.97
2068    3    33.77     8.49
2068    4    39.68    10.22
2068    5     4.28    16.93
2068    6     4.10    21.06
2068    7     4.68    24.21
2068    8     5.95    26.07
2068    9     2.18    24.82
2068   10    55.06    19.33
2068   11    63.79    13.93
2068   12    57.98     7.13
2069    1    23.05     7.14
2069    2    13.82     7.43
2069    3    25.06     9.45
2069    4    33.33    11.21
2069    5     6.54    16.21
2069    6     2.53    21.89
2069    7     9.28    26.01
2069    8    27.31    26.46
2069    9    73.09    22.98
2069   10    59.93    18.59
2069   11    12.94    16.93
2069   12    44.52    11.70
2070    1    69.18     8.72
2070    2    44.42     5.49
2070    3    42.82     7.47
2070    4    59.67    10.18
2070    5    23.89    16.32
2070    6     1.70    21.55
2070    7     5.27    24.96
2070    8     9.33    26.33
2070    9    63.74    23.80
2070   10    44.40    18.82
2070   11   132.03    14.37
2070   12    41.02    10.15
2071    1    55.54     7.58
2071    2    28.52     6.00
2071    3    39.75     8.49
2071    4    25.48    11.84
2071    5    13.83    15.62
2071    6     3.20    20.96
2071    7     8.74    25.22
2071    8     7.21    26.15
2071    9    42.00    24.05
2071   10    73.62    20.46
2071   11    66.86    11.07
2071   12    43.33     8.56
2072    1    30.23     7.81
2072    2    50.95     5.04
2072    3    55.55     4.30
2072    4    19.63     9.66
2072    5    33.01    14.77
2072    6     2.21    20.63
2072    7    10.81    24.29
2072    8    17.91    26.32
2072    9    99.65    21.43
2072   10    68.36    17.68
2072   11    31.14    15.86
2072   12    55.03    12.15
2073    1    41.66     7.00
2073    2    39.79     5.92
2073    3    26.39     8.79
2073    4    15.71     9.43
2073    5     8.85    15.25
2073    6     5.83    21.01
2073    7    10.18    24.59
2073    8    23.92    24.96
2073    9    18.84    23.19
2073   10    55.93    18.65
2073   11    99.33    13.77
2073   12   112.00     8.80
2074    1    22.88     8.25
2074    2    76.32     5.23
2074    3    27.37     6.61
2074    4    31.38     8.85
2074    5    35.92    13.91
2074    6     3.73    19.27
2074    7     1.28    24.81
2074    8    25.61    24.20
2074    9    59.66    21.81
2074   10    68.03    19.10
2074   11    72.04    14.96
2074   12    89.62     9.74
2075    1    49.58     7.03
2075    2    27.82     4.46
2075    3    13.55     5.42
2075    4     4.33    10.44
2075    5     4.57    15.88
2075    6     2.34    20.44
2075    7     4.28    24.55
2075    8     2.02    26.48
2075    9    38.84    22.85
2075   10    90.27    19.33
2075   11    83.86    13.31
2075   12    63.73    10.36
2076    1    22.85     7.41
2076    2    11.61     7.11
2076    3    24.74     9.05
2076    4    17.50    10.57
2076    5     9.70    15.05
2076    6     2.68    21.23
2076    7     2.18    25.41
2076    8    12.01    26.13
2076    9    35.58    23.69
2076   10    65.76    17.28
2076   11    60.28    14.42
2076   12    36.51    11.36
2077    1    31.65     6.05
2077    2    21.47     5.33
2077    3    32.92     4.72
2077    4     4.80    11.89
2077    5     5.19    16.33
2077    6     4.05    20.81
2077    7     1.68    24.95
2077    8    16.36    24.95
2077    9     4.28    23.12
2077   10    54.52    18.37
2077   11    88.14    13.43
2077   12    16.59    10.84
2078    1    19.17    10.20
2078    2    43.90     6.07
2078    3    10.59     9.61
2078    4    40.90    10.35
2078    5    23.35    14.38
2078    6     5.33    20.00
2078    7     0.63    24.69
2078    8    12.59    26.00
2078    9    16.89    24.02
2078   10    29.89    18.32
2078   11   122.50    13.90
2078   12    21.76    11.64
2079    1    43.55     8.28
2079    2    11.41     9.24
2079    3    21.71     7.13
2079    4    30.35    12.60
2079    5    38.39    15.14
2079    6     1.99    22.15
2079    7     1.26    25.50
2079    8     6.57    25.39
2079    9    30.71    22.86
2079   10    97.27    16.77
2079   11   116.85    11.04
2079   12    34.42     9.69
2080    1    39.07     8.90
2080    2    50.38     6.60
2080    3    52.26     8.37
2080    4    26.64    11.75
2080    5     6.34    16.46
2080    6     1.67    21.34
2080    7     1.72    25.79
2080    8    20.51    25.84
2080    9    37.67    22.51
2080   10   113.23    18.63
2080   11    51.17    11.11
2080   12    19.37    10.23
2081    1    12.85     8.10
2081    2    34.19     6.29
2081    3    20.94     8.03
2081    4    31.21     9.61
2081    5     2.73    17.41
2081    6     9.98    21.59
2081    7     5.28    24.95
2081    8     7.98    26.02
2081    9    20.12    22.04
2081   10   144.08    17.98
2081   11    47.19    15.58
2081   12    55.08     9.28
2082    1    25.66     7.37
2082    2    35.78     6.12
2082    3    21.79     6.41
2082    4    43.07     9.23
2082    5    13.85    15.21
2082    6     3.41    21.59
2082    7     2.80    25.43
2082    8    16.75    25.40
2082    9    24.67    23.47
2082   10   138.77    18.48
2082   11    59.82    15.82
2082   12    49.99    11.00
2083    1    32.57    10.07
2083    2    43.98     7.83
2083    3     9.63     9.06
2083    4    40.38    10.48
2083    5     3.73    16.93
2083    6     3.59    21.86
2083    7     8.18    25.07
2083    8    36.52    25.41
2083    9    34.20    22.24
2083   10    65.02    19.47
2083   11    56.31    16.33
2083   12    60.14    11.59
2084    1    34.11     8.31
2084    2    23.75     7.91
2084    3    10.95     7.71
2084    4    25.72    10.60
2084    5     7.36    16.41
2084    6     2.94    21.57
2084    7     0.65    24.66
2084    8     1.96    25.61
2084    9    38.99    22.53
2084   10    29.86    17.01
2084   11    92.16    14.66
2084   12    80.78     9.78
2085    1    44.98     8.01
2085    2    16.05     7.31
2085    3    18.74     7.93
2085    4    19.74    12.10
2085    5     3.88    16.79
2085    6     3.70    21.41
2085    7     6.60    24.80
2085    8     5.59    26.21
2085    9    13.21    22.51
2085   10    73.46    17.87
2085   11    78.76    14.21
2085   12    78.74    10.48
2086    1    20.98     7.29
2086    2    30.36     7.82
2086    3    25.77     8.21
2086    4    19.56     9.72
2086    5    56.69    15.14
2086    6    12.64    20.88
2086    7    32.82    24.85
2086    8     8.54    26.08
2086    9    88.65    24.09
2086   10    66.18    18.48
2086   11    51.66    13.66
2086   12    45.36    10.94
2087    1    21.43     7.73
2087    2    68.79     5.84
2087    3    63.86     6.18
2087    4    22.22    10.13
2087    5     9.07    16.71
2087    6     5.87    21.58
2087    7     8.87    24.81
2087    8     2.19    26.03
2087    9    66.46    23.03
2087   10    54.22    20.15
2087   11    47.84    16.33
2087   12    71.13    10.59
2088    1    41.58     6.83
2088    2    28.36     6.96
2088    3     9.37     8.73
2088    4    17.22    10.41
2088    5     6.93    16.86
2088    6     5.72    20.93
2088    7    14.51    25.46
2088    8    16.49    24.80
2088    9    55.96    23.13
2088   10    84.08    19.24
2088   11    54.58    13.39
2088   12    45.42    11.05
2089    1    43.18     8.64
2089    2    37.73     6.07
2089    3    18.11     8.74
2089    4    18.73    12.32
2089    5    23.66    15.51
2089    6     2.03    21.70
2089    7     2.15    25.86
2089    8    20.42    26.17
2089    9    31.97    24.34
2089   10    49.73    19.94
2089   11   125.99    13.16
2089   12    67.18    10.30
2090    1    25.40     7.48
2090    2    24.80     6.68
2090    3    15.96     7.37
2090    4     5.22    10.73
2090    5     6.04    15.24
2090    6     2.43    21.23
2090    7     0.75    24.94
2090    8     7.76    25.97
2090    9   113.38    22.15
2090   10   100.02    17.00
2090   11    62.33    14.15
2090   12    33.09    11.58
2091    1    13.59     7.60
2091    2    77.78     5.21
2091    3    97.99     4.41
2091    4     3.58     9.74
2091    5    51.10    14.23
2091    6     4.65    20.16
2091    7     1.54    25.28
2091    8     5.06    25.34
2091    9    39.79    21.76
2091   10    47.75    19.63
2091   11   121.20    13.59
2091   12    35.48     9.73
2092    1    17.60     7.14
2092    2    26.16     8.01
2092    3    33.18     7.50
2092    4    28.52    10.54
2092    5    14.43    15.67
2092    6     2.20    21.65
2092    7     9.91    24.95
2092    8     9.37    26.06
2092    9    42.94    23.95
2092   10    73.06    17.62
2092   11    32.75    14.14
2092   12    20.20    12.21
2093    1    20.18     7.80
2093    2     5.68     9.21
2093    3    59.25     8.77
2093    4    20.70    10.79
2093    5     6.37    15.97
2093    6     5.14    21.88
2093    7     1.78    25.61
2093    8     7.74    26.69
2093    9    18.76    22.96
2093   10    52.87    18.54
2093   11   101.23    14.38
2093   12    50.04    10.47
2094    1    24.03    10.28
2094    2    47.39     4.71
2094    3    53.95     7.45
2094    4    10.80    10.89
2094    5     9.67    15.93
2094    6     4.04    20.24
2094    7     1.66    24.86
2094    8     4.67    24.81
2094    9    34.80    23.47
2094   10    96.54    19.37
2094   11    66.24    14.67
2094   12    32.50    12.92
2095    1    54.05     7.09
2095    2    15.69     5.41
2095    3    24.63     7.89
2095    4     4.92    11.43
2095    5    15.24    16.16
2095    6     5.95    21.24
2095    7     1.40    24.06
2095    8     0.86    25.64
2095    9    18.80    24.78
2095   10    50.20    19.75
2095   11    97.27    15.38
2095   12    68.83    10.23
2096    1    14.15    10.57
2096    2    17.08     9.56
2096    3    20.65     9.90
2096    4    11.47    13.62
2096    5    11.55    17.63
2096    6     2.82    22.23
2096    7     2.13    25.06
2096    8    12.62    25.61
2096    9    65.54    23.17
2096   10    83.19    18.84
2096   11    76.43    13.29
2096   12    16.23     9.92
2097    1    42.41     9.16
2097    2    25.37     8.64
2097    3    29.60    10.12
2097    4    57.32    10.97
2097    5    12.33    15.85
2097    6     2.42    21.59
2097    7     2.01    24.32
2097    8    14.06    25.89
2097    9    41.11    21.53
2097   10    55.89    17.06
2097   11   238.96    13.12
2097   12    35.05    12.66
2098    1    15.78     9.15
2098    2    10.76     8.64
2098    3    20.38     9.83
2098    4    39.46    11.72
2098    5     2.53    16.92
2098    6     2.64    22.03
2098    7     0.69    25.45
2098    8     2.86    27.57
2098    9    73.95    23.95
2098   10    80.72    18.33
2098   11    73.00    12.20
2098   12    94.49     8.79
2099    1    41.06     3.76
2099    2    15.34     5.64
2099    3    29.68     7.97
2099    4    46.91     8.64
2099    5     2.99    15.57
2099    6     4.77    20.61
2099    7     0.69    24.19
2099    8     1.99    26.23
2099    9    29.02    23.92
2099   10   164.41    17.16
2099   11    28.16    13.88
2099   12    56.57    10.40
2100    1    29.92     8.44
2100    2    10.89     8.10
2100    3     6.71     8.11
2100    4    16.02    10.23
2100    5     5.33    16.11
2100    6     2.73    21.16
2100    7     0.88    24.90
2100    8     4.86    26.53
2100    9    30.02    23.62
2100   10    43.25    19.21
2100   11   173.27    14.68
2100   12    95.51    11.12
2101    1    43.07     7.67
2101    2    13.61     6.84
2101    3    22.92     7.84
2101    4     9.57    11.65
2101    5     9.32    16.00
2101    6    10.62    20.22
2101    7     2.47    25.18
2101    8    20.62    25.59
2101    9    19.23    24.03
2101   10    71.06    18.84
2101   11    44.47    14.78
2101   12    34.77    12.11
2102    1    22.54     9.18
2102    2    29.49     8.39
2102    3    19.55     8.09
2102    4    21.26    11.47
2102    5    31.54    15.16
2102    6     1.83    21.46
2102    7     8.69    25.05
2102    8     6.53    25.30
2102    9    17.36    23.39
2102   10    30.09    20.98
2102   11   108.79    16.64
2102   12    46.93    12.90
2103    1    24.22     8.28
2103    2     7.60     8.47
2103    3    13.53     8.11
2103    4    36.32    13.43
2103    5     7.36    18.10
2103    6    21.54    21.23
2103    7     9.74    24.56
2103    8     4.30    27.26
2103    9    16.56    23.40
2103   10   128.38    18.56
2103   11     7.16    15.56
2103   12    95.98    11.39
2104    1    57.01     8.06
2104    2    12.60     6.61
2104    3    19.77     8.99
2104    4    11.91    11.36
2104    5    17.28    15.65
2104    6     7.04    20.86
2104    7     2.72    25.13
2104    8    18.47    25.25
2104    9    18.90    23.40
2104   10    58.50    20.13
2104   11    78.12    12.85
2104   12    20.59    10.68
2105    1    23.83     7.60
2105    2    14.52     5.52
2105    3    44.02     6.29
2105    4    16.94    11.05
2105    5    16.19    14.66
2105    6     3.85    19.96
2105    7     9.52    24.76
2105    8     5.38    25.48
2105    9    43.92    21.73
2105   10    64.22    19.56
2105   11    31.93    17.38
2105   12    74.91     9.57
2106    1    36.17     8.53
2106    2    33.09     6.48
2106    3    83.11     4.01
2106    4     4.85     9.97
2106    5     3.99    14.43
2106    6     0.77    20.19
2106    7     4.37    23.60
2106    8    24.60    23.78
2106    9    20.47    22.23
2106   10    96.46    17.86
2106   11    55.37    13.58
2106   12    75.78     9.12
2107    1    53.65     7.32
2107    2    44.27     5.70
2107    3    24.69     7.71
2107    4    54.81    11.08
2107    5     3.36    16.35
2107    6     3.36    20.67
2107    7     2.83    24.83
2107    8    11.14    25.49
2107    9    46.91    22.23
2107   10   109.46    18.09
2107   11    37.39    16.74
2107   12    42.16    13.60
2108    1    29.11    10.89
2108    2    19.94     9.83
2108    3    33.79     7.53
2108    4    18.74    12.78
2108    5    14.80    16.39
2108    6     3.76    20.59
2108    7     2.62    25.31
2108    8     1.07    25.94
2108    9    39.46    23.64
2108   10    21.20    20.02
2108   11    65.63    13.65
2108   12    12.37    11.86
2109    1    33.72     9.96
2109    2    26.85     7.95
2109    3    34.64     8.92
2109    4    10.45    12.42
2109    5     7.49    17.02
2109    6    12.59    22.74
2109    7     7.06    25.42
2109    8     1.48    27.37
2109    9    53.35    22.68
2109   10    73.28    20.16
2109   11    71.24    14.84
2109   12    76.63    11.78
2110    1    15.32     9.20
2110    2    35.74     9.88
2110    3    12.25    10.95
2110    4    16.41    14.87
2110    5    21.82    19.02
2110    6     6.44    22.97
2110    7     8.53    25.35
2110    8    40.58    26.03
2110    9    20.01    22.64
2110   10    62.31    20.48
2110   11    68.55    17.09
2110   12    62.08    10.35
2111    1    29.20    10.55
2111    2    33.88     7.97
2111    3    34.60     7.96
2111    4    32.32    11.34
2111    5     5.36    16.96
2111    6     5.49    21.67
2111    7     0.81    25.70
2111    8     4.70    26.30
2111    9    14.30    24.26
2111   10    39.87    16.97
2111   11    26.05    13.60
2111   12    42.41    11.03
2112    1    52.86     7.54
2112    2    56.55     5.78
2112    3    23.89     5.30
2112    4    13.29    11.53
2112    5     3.03    16.53
2112    6     2.87    20.36
2112    7     0.37    25.02
2112    8     3.96    26.86
2112    9    89.96    23.02
2112   10   122.62    17.99
2112   11     9.00    16.84
2112   12    49.87    12.57
2113    1    56.61    10.35
2113    2    33.70     6.72
2113    3    15.08     9.25
2113    4    30.50    11.77
2113    5     4.19    17.01
2113    6     5.44    21.45
2113    7     2.36    25.02
2113    8    15.72    26.45
2113    9    96.96    22.57
2113   10    31.10    18.85
2113   11    97.82    13.79
2113   12    64.54     8.78
2114    1    11.85    10.37
2114    2    42.85     5.33
2114    3    10.80     6.94
2114    4    27.81    10.10
2114    5    28.06    14.24
2114    6     2.77    20.93
2114    7    20.57    24.54
2114    8    32.78    25.50
2114    9    21.67    23.06
2114   10    72.32    19.47
2114   11    62.57    11.85
2114   12    50.38    10.06
2115    1    35.99     8.71
2115    2    64.78     4.13
2115    3    10.20     6.02
2115    4    31.28     9.39
2115    5    11.37    15.05
2115    6     2.63    21.12
2115    7     4.28    24.48
2115    8    13.18    24.75
2115    9    69.97    21.34
2115   10    78.67    18.05
2115   11    48.39    16.53
2115   12    57.37     8.99
2116    1    29.78     7.79
2116    2    70.25     7.13
2116    3    27.27     7.17
2116    4    54.97     9.94
2116    5     6.98    14.84
2116    6     1.65    20.71
2116    7    21.24    24.49
2116    8    13.59    26.52
2116    9    54.69    23.62
2116   10    81.83    20.22
2116   11   110.33    12.97
2116   12    50.92     8.32
2117    1    31.88     6.59
2117    2    23.76     4.74
2117    3     4.80     6.23
2117    4     1.88    10.25
2117    5     6.23    15.46
2117    6     0.31    20.18
2117    7     2.98    24.44
2117    8     3.49    25.51
2117    9    27.29    23.25
2117   10    34.60    20.39
2117   11    35.84    15.99
2117   12    62.36    12.72
2118    1    36.12     7.41
2118    2    12.02     7.18
2118    3     4.02    10.97
2118    4    19.39    12.19
2118    5    13.54    16.83
2118    6     8.09    21.82
2118    7     4.54    25.55
2118    8    26.48    26.58
2118    9    60.69    23.44
2118   10    94.83    18.88
2118   11    68.77    14.80
2118   12    63.71     9.58
2119    1    31.93     6.74
2119    2     7.93     8.76
2119    3    25.16     9.04
2119    4    16.46    11.76
2119    5     5.43    16.21
2119    6     4.48    21.28
2119    7     1.01    25.11
2119    8    16.50    26.81
2119    9    36.20    24.09
2119   10   165.14    19.52
2119   11    20.71    16.47
2119   12    59.33    11.48
2120    1    32.88     9.41
2120    2    11.82     9.75
2120    3     4.11    10.38
2120    4    15.04    13.17
2120    5    10.30    17.18
2120    6     2.40    22.46
2120    7    21.18    26.00
2120    8     5.80    26.45
2120    9   143.72    22.91
2120   10    67.43    17.84
2120   11    78.82    12.02
2120   12    23.83    10.43
2121    1    12.75     9.90
2121    2    15.92     9.50
2121    3    34.68     9.23
2121    4    37.36    12.00
2121    5     2.28    17.81
2121    6     5.51    22.21
2121    7     1.41    25.81
2121    8    47.98    25.76
2121    9    94.01    22.83
2121   10   184.24    17.73
2121   11    42.62    16.89
2121   12    28.36    12.96
2122    1    38.10     7.69
2122    2     9.54     7.72
2122    3    47.08     7.52
2122    4     7.50    11.54
2122    5    16.55    16.43
2122    6    12.26    22.31
2122    7    21.05    25.15
2122    8    17.62    25.95
2122    9    14.19    23.64
2122   10   108.02    18.20
2122   11    40.18    14.47
2122   12    49.13     8.64
2123    1    89.56     4.73
2123    2    12.73     4.80
2123    3     6.92     6.90
2123    4    12.39    11.14
2123    5    19.76    15.11
2123    6     2.61    19.65
2123    7     2.78    24.11
2123    8     4.79    24.52
2123    9    50.45    22.09
2123   10    76.39    17.08
2123   11    57.11    14.25
2123   12    86.34    11.10
2124    1    37.92     7.19
2124    2    26.29     7.56
2124    3    25.41     6.86
2124    4    16.10    10.63
2124    5     3.42    16.10
2124    6     2.60    20.95
2124    7     1.68    24.69
2124    8     5.88    25.10
2124    9    44.44    23.35
2124   10    19.94    18.63
2124   11    28.63    16.97
2124   12    33.42    11.25
2125    1    51.29     7.01
2125    2    34.80     4.39
2125    3    33.21     5.22
2125    4    17.35    10.46
2125    5     3.27    15.40
2125    6     8.70    20.31
2125    7     0.71    24.73
2125    8     9.67    25.73
2125    9    62.38    21.86
2125   10   116.73    18.37
2125   11    42.01    13.61
2125   12    12.31    11.17
2126    1    33.38     7.46
2126    2    19.00     7.77
2126    3   113.38     5.32
2126    4    21.58    10.73
2126    5    14.43    16.22
2126    6     3.70    21.64
2126    7     4.82    24.40
2126    8     1.63    25.40
2126    9   107.94    21.95
2126   10   118.30    18.64
2126   11    35.39    15.28
2126   12    88.67    10.33
2127    1    35.01     8.70
2127    2    10.56     8.60
2127    3    18.44     9.56
2127    4    13.53    11.58
2127    5    16.71    16.51
2127    6     0.94    22.25
2127    7     7.71    25.18
2127    8     5.93    26.01
2127    9    31.82    23.93
2127   10   111.62    18.28
2127   11    95.13    13.80
2127   12    27.71     9.99
2128    1    39.44     7.67
2128    2    19.89     4.56
2128    3    35.13     5.57
2128    4    34.84     8.22
2128    5     6.13    14.91
2128    6     2.03    20.96
2128    7     2.40    24.72
2128    8    10.54    26.38
2128    9    32.07    24.35
2128   10    63.53    19.94
2128   11    65.80    16.09
2128   12    44.87    10.91
2129    1    31.93     7.38
2129    2    36.74     5.51
2129    3    27.67     7.54
2129    4    30.55    10.46
2129    5     9.19    15.43
2129    6     1.13    21.28
2129    7     6.38    24.66
2129    8    21.99    24.09
2129    9    19.76    22.23
2129   10    35.22    20.00
2129   11   103.76    15.18
2129   12    74.87     9.80
2130    1    54.98     4.51
2130    2    19.51     5.46
2130    3     4.29     7.74
2130    4    38.24     9.77
2130    5     5.43    14.92
2130    6     3.04    21.05
2130    7     7.45    25.43
2130    8     5.20    26.29
2130    9    30.11    24.76
2130   10    80.83    19.41
2130   11    81.11    15.22
2130   12    19.92    13.60
2131    1    47.72     9.52
2131    2    12.90     8.59
2131    3     3.39    11.12
2131    4    12.02    12.05
2131    5     8.38    18.51
2131    6     5.68    22.66
2131    7     3.29    25.14
2131    8    11.51    27.58
2131    9    73.99    23.29
2131   10   105.38    19.23
2131   11    68.21    13.03
2131   12    43.90     8.11
2132    1    64.05     4.36
2132    2     8.50     6.55
2132    3    40.42     5.30
2132    4    29.36     8.95
2132    5     7.82    15.30
2132    6     8.53    20.06
2132    7     1.41    24.97
2132    8     4.82    25.69
2132    9     2.34    24.32
2132   10    17.76    21.07
2132   11    39.88    18.39
2132   12   148.58    11.07
2133    1    33.61     8.09
2133    2    55.62     4.05
2133    3    24.50     6.85
2133    4    24.26     9.93
2133    5     3.00    15.97
2133    6     1.41    20.79
2133    7     7.96    24.37
2133    8     3.11    25.76
2133    9    58.83    22.39
2133   10    60.05    14.96
2133   11    84.22    11.05
2133   12    36.35     8.03
2134    1    61.57     7.71
2134    2    12.95     6.19
2134    3    37.48     4.59
2134    4    15.83     9.41
2134    5    11.19    14.70
2134    6     5.30    20.48
2134    7     3.57    24.34
2134    8    17.23    24.87
2134    9    39.98    21.48
2134   10    27.41    18.68
2134   11    61.34    14.15
2134   12    32.86    10.50
2135    1    37.86     8.56
2135    2    26.32     8.20
2135    3    26.12     8.46
2135    4    13.26    10.99
2135    5     3.57    16.47
2135    6     3.93    21.62
2135    7    11.69    24.94
2135    8    26.21    26.09
2135    9    39.83    21.50
2135   10    53.37    19.02
2135   11   104.33    11.74
2135   12    18.80    10.94
2136    1    37.54     5.53
2136    2     6.81     8.39
2136    3    25.30     9.09
2136    4    30.25    11.37
2136    5    11.66    15.31
2136    6     2.92    21.68
2136    7     1.96    25.18
2136    8     0.72    26.36
2136    9    49.98    22.30
2136   10    39.01    19.86
2136   11    78.43    16.30
2136   12    51.72    12.14
2137    1    43.82     8.97
2137    2    20.27     6.60
2137    3    12.50     7.90
2137    4    15.70    11.21
2137    5     4.31    15.59
2137    6     3.40    21.05
2137    7     4.07    25.57
2137    8    10.92    27.05
2137    9    32.61    23.26
2137   10    82.22    16.76
2137   11    19.72    15.09
2137   12    59.15    11.08
2138    1    35.25     7.57
2138    2    59.09     4.65
2138    3    20.90     6.43
2138    4     2.57    11.58
2138    5     2.62    16.74
2138    6     5.98    21.00
2138    7     6.37    24.93
2138    8    32.78    25.98
2138    9    23.27    25.29
2138   10   145.46    19.30
2138   11    54.95    16.90
2138   12    88.66    11.17
2139    1    25.08     8.44
2139    2    10.23     4.83
2139    3     9.13     6.54
2139    4     2.36    10.63
2139    5    15.94    15.31
2139    6     1.75    20.90
2139    7     6.94    24.24
2139    8    11.64    25.59
2139    9    46.19    23.30
2139   10    77.82    18.32
2139   11    58.99    16.52
2139   12   101.98     6.78
2140    1    78.92     6.22
2140    2    10.59     5.01
2140    3    40.52     4.74
2140    4    12.95     8.96
2140    5     1.91    15.65
2140    6     3.46    20.39
2140    7     2.61    24.18
2140    8     0.78    26.83
2140    9    29.97    24.08
2140   10   119.81    16.72
2140   11    23.51    13.45
2140   12    31.21    10.79
2141    1    17.71     9.03
2141    2    20.48     7.21
2141    3    31.33     7.09
2141    4    17.21    10.76
2141    5    12.46    15.51
2141    6     7.12    20.72
2141    7     5.95    24.85
2141    8    23.58    25.51
2141    9    32.19    23.56
2141   10    76.64    17.83
2141   11   126.88    16.00
2141   12    86.33     7.19
2142    1    25.45     5.84
2142    2     8.45     5.22
2142    3    25.66     6.74
2142    4    22.32     8.34
2142    5    25.81    13.35
2142    6     8.18    20.16
2142    7     1.38    24.44
2142    8    20.49    25.34
2142    9    60.51    22.15
2142   10    49.48    19.34
2142   11    66.25    15.09
2142   12    52.01    12.13
2143    1    89.42     9.10
2143    2    29.14     7.38
2143    3     9.85     9.10
2143    4    12.39    13.11
2143    5     2.89    18.00
2143    6     3.27    21.71
2143    7    11.23    25.24
2143    8    18.31    26.30
2143    9    20.17    22.89
2143   10    44.26    21.17
2143   11    52.08    15.96
2143   12    25.01    12.55
2144    1    41.26     8.63
2144    2    20.92     6.09
2144    3    37.36     8.67
2144    4    40.78    10.58
2144    5    23.47    14.52
2144    6     3.86    21.43
2144    7     8.98    25.04
2144    8    35.80    25.81
2144    9    64.92    22.77
2144   10   118.95    18.47
2144   11   160.95    14.84
2144   12    95.35    10.51
2145    1    65.71     7.88
2145    2    10.11     5.87
2145    3    44.33     7.26
2145    4    50.34     9.40
2145    5     6.68    16.00
2145    6     2.36    21.50
2145    7     2.35    25.47
2145    8     1.43    26.86
2145    9    40.80    23.11
2145   10   211.63    17.98
2145   11    58.17    14.27
2145   12    42.22    11.19
2146    1    26.76     9.37
2146    2    49.71     7.84
2146    3    23.17     6.95
2146    4    33.04    11.07
2146    5     2.46    17.44
2146    6     2.03    21.31
2146    7    12.21    24.04
2146    8    28.23    25.29
2146    9   118.33    22.70
2146   10   204.34    16.11
2146   11    90.38    14.09
2146   12    51.69     9.52
2147    1    21.56     9.41
2147    2     5.83     7.36
2147    3    34.69     9.18
2147    4    10.25    12.75
2147    5     2.63    17.05
2147    6     2.36    22.09
2147    7     4.61    25.62
2147    8    25.80    26.48
2147    9    14.76    24.43
2147   10   104.61    18.51
2147   11    60.02    11.91
2147   12    20.69     8.59
2148    1     9.66    10.12
2148    2     6.17     8.76
2148    3     8.82     9.10
2148    4    14.22    11.86
2148    5     5.41    17.30
2148    6     9.98    22.30
2148    7    10.76    25.16
2148    8    51.93    25.97
2148    9    14.90    24.45
2148   10    65.49    19.54
2148   11    27.16    15.95
2148   12    81.71    12.58
2149    1    60.62     7.22
2149    2    34.85     5.69
2149    3    19.82     8.35
2149    4    17.44    11.76
2149    5    28.39    16.25
2149    6    22.31    20.52
2149    7    10.31    24.63
2149    8    27.34    26.96
2149    9   127.58    21.76
2149   10    32.90    18.72
2149   11   126.33    13.74
2149   12    27.74     9.38
2150    1    35.51     8.34
2150    2     7.75     6.04
2150    3    12.23     6.69
2150    4    49.53     8.88
2150    5     9.65    15.37
2150    6     6.74    21.51
2150    7     1.01    25.10
2150    8     5.41    26.22
2150    9    29.65    23.54
2150   10    72.98    17.78
2150   11    39.10    16.77
2150   12    98.72     9.65
2151    1    35.23     5.70
2151    2    26.08     5.35
2151    3    37.97     5.19
2151    4    14.80    10.25
2151    5    20.03    15.50
2151    6     1.78    21.53
2151    7     0.80    24.51
2151    8     9.83    25.43
2151    9    51.35    22.83
2151   10   128.24    19.19
2151   11    91.91    14.61
2151   12    48.41    12.13
2152    1    37.51     7.48
2152    2    13.86     4.90
2152    3    23.63     7.71
2152    4    11.51    10.01
2152    5     2.76    16.18
2152    6     1.75    21.57
2152    7     3.97    25.25
2152    8     6.86    26.48
2152    9    64.49    23.21
2152   10   103.89    18.24
2152   11    76.52    12.30
2152   12    48.64     9.28
2153    1    21.88     7.80
2153    2    18.97     7.26
2153    3    98.17     2.38
2153    4    11.19     8.28
2153    5    11.36    14.36
2153    6     7.73    20.99
2153    7     0.59    24.57
2153    8     9.07    25.14
2153    9    36.53    23.10
2153   10    15.56    19.89
2153   11    46.21    15.69
2153   12    58.33     9.28
2154    1    22.53     7.74
2154    2    25.39     7.60
2154    3    18.66     8.63
2154    4    38.95    10.09
2154    5     2.17    16.35
2154    6     2.63    20.52
2154    7     3.12    24.68
2154    8    11.01    25.65
2154    9    49.57    22.70
2154   10    69.42    19.40
2154   11    42.76    10.67
2154   12    33.29     9.43
2155    1    35.95     5.76
2155    2    38.63     5.72
2155    3    33.41     6.33
2155    4     9.75    11.35
2155    5     5.74    16.30
2155    6     4.23    20.19
2155    7     4.01    24.06
2155    8    25.24    25.31
2155    9    12.51    23.47
2155   10    61.26    18.55
2155   11    30.85    16.76
2155   12    59.28    12.70
2156    1    68.22     9.20
2156    2    29.33     6.67
2156    3     3.21     9.21
2156    4     5.81    11.75
2156    5    12.37    16.56
2156    6     5.83    21.25
2156    7     1.44    25.51
2156    8     1.38    27.49
2156    9    55.39    24.31
2156   10    95.83    20.52
2156   11    80.88    14.84
2156   12    54.72     9.80
2157    1    10.60    10.19
2157    2    25.03     9.09
2157    3    15.16     9.83
2157    4    29.69    12.59
2157    5     9.79    17.08
2157    6     2.11    22.62
2157    7     8.28    25.35
2157    8    29.97    27.13
2157    9    80.96    22.49
2157   10    20.26    19.80
2157   11    53.53    14.65
2157   12    19.39    10.24
2158    1    39.79     3.31
2158    2    48.76     3.14
2158    3    23.02     4.92
2158    4     3.79    10.19
2158    5     7.79    14.67
2158    6     7.29    19.68
2158    7     6.97    24.30
2158    8     5.67    24.10
2158    9    10.13    22.50
2158   10    97.05    20.48
2158   11   145.13    16.53
2158   12    94.37     9.89
2159    1    76.42     5.75
2159    2    88.14     3.75
2159    3    29.86     3.98
2159    4    23.51     9.78
2159    5     6.86    14.79
2159    6     2.59    19.87
2159    7     8.89    24.10
2159    8     1.67    26.02
2159    9     3.88    21.02
2159   10    49.39    17.80
2159   11    69.29    13.15
2159   12    40.24    10.63
2160    1    14.72     9.81
2160    2    25.75     9.95
2160    3    49.28     8.64
2160    4    40.87    10.71
2160    5    32.32    16.31
2160    6     8.48    21.86
2160    7     2.96    25.87
2160    8     8.73    25.85
2160    9    57.61    22.53
2160   10    44.29    21.07
2160   11    88.45    15.82
2160   12    35.63    13.42
2161    1    19.33    12.10
2161    2    47.68     8.32
2161    3    16.97     9.93
2161    4    13.63    11.97
2161    5     0.87    18.16
2161    6    14.22    22.42
2161    7     6.49    25.94
2161    8    22.84    26.03
2161    9    54.33    23.18
2161   10   129.24    16.46
2161   11    41.11    13.26
2161   12    30.25     9.93
2162    1    20.84     7.88
2162    2    21.00     7.78
2162    3    13.83     8.59
2162    4    20.55    12.22
2162    5     5.69    16.35
2162    6     9.71    20.36
2162    7     0.57    25.16
2162    8    14.89    26.23
2162    9   121.84    22.37
2162   10   101.25    17.90
2162   11    24.66    15.21
2162   12    26.05    12.60
2163    1    24.62    10.69
2163    2    63.80     9.04
2163    3    18.04     9.24
2163    4     7.87    12.97
2163    5     2.46    17.50
2163    6     1.43    22.50
2163    7    11.86    25.99
2163    8    24.42    26.55
2163    9   103.23    21.97
2163   10    22.12    17.39
2163   11    49.79    15.79
2163   12    14.37    12.58
2164    1   107.63     7.45
2164    2    18.98     5.13
2164    3    43.14     6.84
2164    4    21.03     9.48
2164    5     1.68    15.74
2164    6     4.42    21.75
2164    7     7.16    24.47
2164    8    15.96    26.79
2164    9    32.25    22.92
2164   10    81.63    17.21
2164   11    59.98    13.18
2164   12    33.95    12.03
2165    1    58.35     8.77
2165    2    33.43     8.30
2165    3    29.24     9.18
2165    4    46.62    10.94
2165    5     4.70    15.44
2165    6     3.28    20.67
2165    7     1.74    25.06
2165    8    30.69    25.17
2165    9   100.39    21.26
2165   10    47.38    16.71
2165   11    40.23    14.07
2165   12    50.41    10.22
2166    1    13.39     9.73
2166    2    56.02     7.59
2166    3    31.24     6.58
2166    4     7.28    11.21
2166    5    12.85    15.66
2166    6     7.83    19.79
2166    7     3.54    24.48
2166    8    37.53    25.75
2166    9    35.75    23.70
2166   10    76.42    19.53
2166   11   137.26    14.03
2166   12    90.92    10.60
2167    1    80.14     7.04
2167    2    40.28     5.10
2167    3    33.07     6.81
2167    4    33.66    10.87
2167    5     2.33    16.42
2167    6     1.49    20.88
2167    7    23.61    24.89
2167    8     2.87    25.97
2167    9    26.64    23.94
2167   10    93.31    19.77
2167   11    67.39    16.13
2167   12    22.14    11.83
2168    1    24.03     8.79
2168    2    34.51     7.12
2168    3     6.47     9.03
2168    4     3.90    10.88
2168    5     2.44    16.41
2168    6     3.99    22.02
2168    7     4.20    24.89
2168    8     1.18    27.17
2168    9    52.27    25.00
2168   10   119.98    19.64
2168   11   138.30    14.72
2168   12    53.01    10.96
2169    1    25.45     8.22
2169    2    30.58     5.91
2169    3    22.73     6.90
2169    4     5.32    10.08
2169    5    47.05    15.31
2169    6     3.70    20.70
2169    7    13.94    24.31
2169    8     9.55    25.19
2169    9    46.74    22.64
2169   10    97.06    17.13
2169   11    95.98    14.22
2169   12    45.12     8.48
2170    1    16.02     9.69
2170    2    49.27     4.49
2170    3    27.81     6.61
2170    4    40.64     8.50
2170    5     7.72    14.04
2170    6     3.46    20.14
2170    7     2.63    23.92
2170    8     6.94    25.43
2170    9     3.36    22.75
2170   10    33.33    18.88
2170   11    31.24    17.03
2170   12    64.01    11.89
2171    1    12.25     9.23
2171    2    33.89     8.77
2171    3    30.43     6.53
2171    4    24.51     9.57
2171    5     4.77    16.01
2171    6     1.85    20.57
2171    7     2.27    25.06
2171    8     6.92    25.89
2171    9    22.34    23.34
2171   10   118.59    18.94
2171   11    71.67    16.05
2171   12    76.46    10.43
2172    1    23.11     9.60
2172    2    34.78     7.40
2172    3    60.47     8.44
2172    4     4.17    12.43
2172    5     8.28    16.32
2172    6     2.63    21.97
2172    7    18.26    26.01
2172    8    15.79    26.29
2172    9    40.32    24.50
2172   10    81.72    19.16
2172   11    53.53    16.17
2172   12    66.06    11.10
2173    1    35.23     7.69
2173    2    36.82     5.85
2173    3    26.18     8.63
2173    4    23.85    10.69
2173    5    36.11    14.68
2173    6     7.58    20.96
2173    7    10.36    24.71
2173    8     1.29    25.43
2173    9    26.08    24.25
2173   10    90.30    18.97
2173   11    62.88    13.58
2173   12    29.41    11.54
2174    1    60.86     8.30
2174    2    29.92     5.49
2174    3     5.10     9.07
2174    4     6.50    12.50
2174    5     3.86    17.28
2174    6     4.20    22.39
2174    7     4.36    25.37
2174    8     3.66    26.81
2174    9    80.90    22.75
2174   10    75.96    16.17
2174   11    40.87    12.95
2174   12    29.86    12.79
2175    1    20.36     7.72
2175    2     8.48     8.90
2175    3    54.99     8.62
2175    4     4.50    12.73
2175    5    12.88    16.17
2175    6     4.59    21.29
2175    7    21.29    25.76
2175    8    15.30    26.16
2175    9    79.67    22.97
2175   10    82.64    19.37
2175   11    85.60    16.81
2175   12    92.82     8.52
2176    1    11.67     8.20
2176    2    17.12     8.37
2176    3    56.23     7.14
2176    4    17.58    10.92
2176    5    10.10    15.92
2176    6     5.45    20.93
2176    7     1.94    24.46
2176    8    42.92    25.21
2176    9    29.90    23.22
2176   10    71.85    19.66
2176   11    96.88     9.95
2176   12    21.99    12.03
2177    1    61.36     6.32
2177    2    13.44     6.41
2177    3    33.71     4.47
2177    4    41.52     7.16
2177    5    12.04    14.22
2177    6     6.38    19.96
2177    7     7.30    24.46
2177    8     4.43    25.79
2177    9   135.35    22.43
2177   10    96.20    18.34
2177   11    52.77    15.12
2177   12    60.27     8.17
2178    1    28.64     5.81
2178    2    25.53     6.73
2178    3    50.02     6.66
2178    4    21.82    10.87
2178    5    40.77    15.28
2178    6     8.50    20.43
2178    7     1.49    25.26
2178    8    36.24    25.13
2178    9    74.64    21.74
2178   10    19.34    19.95
2178   11    91.57    14.97
2178   12    44.35    12.17
2179    1    88.38     6.54
2179    2     5.76     6.29
2179    3    49.22     6.20
2179    4    13.74     9.99
2179    5     9.89    16.49
2179    6     2.37    20.76
2179    7     6.35    25.03
2179    8    17.89    26.20
2179    9    64.91    24.34
2179   10    49.32    20.30
2179   11   132.83    16.25
2179   12    49.29    10.14
2180    1    22.23     8.16
2180    2    12.50     8.92
2180    3    39.53     7.09
2180    4    10.68    11.95
2180    5     3.85    17.45
2180    6     9.24    22.09
2180    7     1.00    25.97
2180    8    18.22    25.61
2180    9     4.63    23.85
2180   10   142.82    16.71
2180   11    29.68    12.70
2180   12    48.81     9.15
2181    1    29.89     7.25
2181    2    10.86     6.81
2181    3    31.06     8.64
2181    4    56.05     9.05
2181    5    10.59    16.20
2181    6     1.91    20.19
2181    7     1.82    26.04
2181    8    19.26    26.12
2181    9    53.47    23.99
2181   10   128.44    18.96
2181   11    87.93    16.01
2181   12    30.30    11.31
2182    1    52.50     7.26
2182    2    12.73     7.08
2182    3    20.03     7.31
2182    4    13.57     9.09
2182    5    26.65    14.46
2182    6     3.98    20.53
2182    7     2.26    24.48
2182    8     2.37    25.51
2182    9    61.08    22.88
2182   10    36.57    19.40
2182   11    98.35    13.53
2182   12    37.63     8.01
2183    1   142.33     5.38
2183    2    17.85     3.91
2183    3    17.26     6.24
2183    4    19.37     9.75
2183    5    12.69    14.18
2183    6     1.25    20.32
2183    7     1.85    23.94
2183    8     1.77    26.17
2183    9     6.34    24.31
2183   10    24.82    20.27
2183   11    71.78    16.63
2183   12   145.41     9.18
2184    1    42.72     3.33
2184    2    35.58     2.35
2184    3    18.24     5.57
2184    4    46.01     9.17
2184    5     2.77    15.32
2184    6     1.66    20.61
2184    7     3.54    23.94
2184    8    15.63    25.42
2184    9    75.98    22.79
2184   10    76.34    18.97
2184   11   111.66    15.00
2184   12    55.80    11.74
2185    1    22.46     7.55
2185    2    13.15     5.73
2185    3    29.98     8.97
2185    4     4.78    11.14
2185    5    20.97    15.14
2185    6    10.98    20.57
2185    7     3.64    25.41
2185    8     9.02    25.89
2185    9   135.59    21.66
2185   10    65.58    19.27
2185   11    52.10    15.22
2185   12    28.59    10.36
2186    1    41.25     6.77
2186    2    17.37     6.19
2186    3    27.61     7.51
2186    4    13.04    12.32
2186    5     6.96    16.39
2186    6     2.99    21.91
2186    7    15.94    24.86
2186    8    40.63    24.81
2186    9    87.11    23.02
2186   10    33.96    19.58
2186   11    53.19    13.96
2186   12    32.11    10.71
2187    1    13.26    10.04
2187    2    31.72     4.71
2187    3    28.34     7.18
2187    4     3.79    12.10
2187    5     2.95    16.31
2187    6     1.28    21.65
2187    7     1.89    24.76
2187    8     3.50    24.69
2187    9    11.52    22.67
2187   10    54.55    19.60
2187   11    62.70    15.86
2187   12    37.80    12.77
2188    1     7.15    11.10
2188    2     3.05    10.88
2188    3    39.16    10.95
2188    4    76.12    13.09
2188    5     3.81    17.11
2188    6     6.63    22.19
2188    7     0.89    26.21
2188    8     6.91    28.01
2188    9    33.63    25.55
2188   10   119.31    20.76
2188   11    43.68    15.97
2188   12   147.82     8.13
2189    1    21.38     7.83
2189    2    29.47     6.90
2189    3    12.26     8.56
2189    4    19.11    10.60
2189    5    12.41    16.56
2189    6     2.32    23.43
2189    7     1.77    25.74
2189    8     9.76    26.28
2189    9    17.18    23.82
2189   10    26.51    21.63
2189   11   157.17    16.96
2189   12    93.33    10.09
2190    1    46.44     6.57
2190    2    42.24     6.27
2190    3    37.71     5.95
2190    4   114.65     8.44
2190    5     7.93    14.27
2190    6     5.66    19.05
2190    7     0.91    24.51
2190    8    13.22    25.20
2190    9    38.39    22.66
2190   10    79.66    17.90
2190   11    63.60    15.79
2190   12   124.16     7.49
2191    1    37.37     3.92
2191    2    10.24     5.56
2191    3    39.68     8.41
2191    4    45.30     9.04
2191    5    39.09    12.94
2191    6     3.18    20.56
2191    7     1.03    23.71
2191    8    14.14    25.77
2191    9    53.02    22.52
2191   10    51.93    19.90
2191   11    65.70    14.97
2191   12    25.94    12.15
2192    1    55.17     6.00
2192    2    12.13     6.61
2192    3    19.20     8.74
2192    4    60.11    10.03
2192    5    14.65    15.25
2192    6     5.65    20.63
2192    7    41.23    24.78
2192    8    14.44    25.41
2192    9    33.24    22.62
2192   10    40.66    18.09
2192   11    86.42    11.54
2192   12    42.61    10.21
2193    1    13.69     7.98
2193    2    40.08     7.41
2193    3    23.10     7.83
2193    4    15.56    12.20
2193    5    35.56    16.41
2193    6     3.48    21.09
2193    7     5.64    24.90
2193    8     7.35    24.86
2193    9    23.61    22.41
2193   10   169.35    18.83
2193   11    25.41    14.77
2193   12   112.42    10.50
2194    1    38.37     6.24
2194    2    41.11     7.54
2194    3    43.35     6.90
2194    4    21.99    11.54
2194    5     5.95    17.21
2194    6     2.63    21.05
2194    7     3.83    25.14
2194    8    35.22    25.87
2194    9    53.41    22.73
2194   10    80.07    17.25
2194   11    45.49    14.83
2194   12    34.45    11.44
2195    1    14.13     8.97
2195    2    34.64     6.00
2195    3    46.54     6.68
2195    4    12.66    11.86
2195    5     2.10    16.21
2195    6     3.39    21.47
2195    7    15.61    25.38
2195    8     3.55    26.97
2195    9    45.69    23.98
2195   10    25.60    22.23
2195   11    71.99    14.91
2195   12    83.84     9.27
2196    1    28.99     7.86
2196    2    21.03     6.59
2196    3    27.95     6.13
2196    4     7.16     9.52
2196    5    16.06    15.61
2196    6     0.88    21.20
2196    7    10.72    25.22
2196    8    41.13    25.37
2196    9    14.09    23.05
2196   10   124.90    19.23
2196   11    19.85    16.37
2196   12    76.11    10.92
2197    1    19.91     9.42
2197    2     4.05     8.56
2197    3    14.11     9.87
2197    4    62.60    12.36
2197    5    34.93    16.05
2197    6    16.17    21.70
2197    7    24.99    25.12
2197    8    36.77    26.14
2197    9    71.58    23.55
2197   10   100.46    18.45
2197   11    14.98    14.18
2197   12    72.31    11.71
2198    1    64.46     7.20
2198    2    71.51     5.74
2198    3    42.13     6.05
2198    4    14.76    10.20
2198    5     6.44    14.73
2198    6     3.57    19.85
2198    7     2.78    24.30
2198    8    13.23    26.02
2198    9    37.94    22.41
2198   10    97.53    18.32
2198   11    75.34    15.36
2198   12    57.06    12.59
2199    1    40.50     7.94
2199    2    27.07     6.73
2199    3    38.50     7.75
2199    4     8.80    11.30
2199    5     5.48    16.76
2199    6     3.96    20.53
2199    7     5.43    24.81
2199    8    11.98    25.66
2199    9    17.51    21.57
2199   10    89.84    18.02
2199   11    45.79    13.37
2199   12    62.38    10.38
2200    1    23.77     7.00
2200    2    12.65     7.68
2200    3    20.76     6.81
2200    4    16.44     9.19
2200    5     9.83    15.76
2200    6     4.14    20.83
2200    7     3.38    25.03
2200    8     2.46    25.82
2200    9    95.56    22.42
2200   10   102.25    17.20
2200   11    71.64    14.07
2200   12    26.96    12.10
2201    1    26.94    10.86
2201    2    45.15     8.30
2201    3     9.81    10.12
2201    4     9.52    13.69
2201    5     7.20    17.62
2201    6    13.45    22.95
2201    7     1.35    25.91
2201    8    38.17    26.48
2201    9    86.88    23.17
2201   10    78.37    20.03
2201   11    71.16    14.46
2201   12    86.50    11.37
2202    1    32.81     6.11
2202    2    53.82     3.10
2202    3    44.98     4.44
2202    4    32.06     8.94
2202    5    12.23    14.87
2202    6     7.73    20.19
2202    7     5.72    24.48
2202    8    11.98    25.25
2202    9    14.87    23.78
2202   10    70.69    19.79
2202   11   108.29    17.11
2202   12    86.13    11.25
2203    1    50.71     8.33
2203    2    63.17     5.52
2203    3   101.00     2.03
2203    4    36.38     6.74
2203    5     9.63    13.79
2203    6     2.08    19.15
2203    7     0.60    24.05
2203    8    19.01    25.08
2203    9    45.70    23.53
2203   10     6.98    21.49
2203   11    36.15    16.85
2203   12    90.57    12.54
2204    1    72.97     7.14
2204    2    36.55     7.61
2204    3    17.08     8.49
2204    4     4.14    12.83
2204    5    13.40    16.84
2204    6     3.50    21.98
2204    7    13.46    25.17
2204    8    24.83    26.24
2204    9    40.15    23.18
2204   10    17.65    19.89
2204   11    34.72    17.70
2204   12    41.30    12.70
2205    1    42.02     9.32
2205    2    20.42     7.12
2205    3     6.70     9.21
2205    4    17.65    11.95
2205    5     5.22    17.89
2205    6     2.37    21.83
2205    7     4.52    26.32
2205    8    31.32    26.29
2205    9    15.76    23.69
2205   10   116.55    18.88
2205   11    79.06    14.65
2205   12    91.78    10.14
2206    1    23.88     7.03
2206    2     7.44     8.45
2206    3    14.80     8.27
2206    4     8.09    13.30
2206    5     6.37    17.13
2206    6     3.61    21.00
2206    7     0.83    24.90
2206    8   108.27    24.72
2206    9    23.50    23.42
2206   10   129.27    18.71
2206   11   126.42    14.22
2206   12    48.29    11.60
2207    1    84.13     7.05
2207    2    30.25     7.12
2207    3    15.79     7.09
2207    4    27.13    10.76
2207    5     4.43    16.57
2207    6     6.38    20.69
2207    7    35.52    25.15
2207    8    14.54    24.12
2207    9    62.53    21.97
2207   10   126.54    18.30
2207   11   109.31    14.72
2207   12   127.22     8.89
2208    1    21.69     9.58
2208    2    12.23     8.42
2208    3     6.46     9.18
2208    4     5.06    12.44
2208    5     3.35    16.30
2208    6     7.83    20.84
2208    7     3.33    24.54
2208    8    35.74    26.29
2208    9    74.81    22.82
2208   10    67.60    18.11
2208   11    54.42    14.44
2208   12    77.37     8.09
2209    1     7.51     8.35
2209    2    65.62     7.16
2209    3    46.67     4.76
2209    4    15.11     8.91
2209    5     5.75    14.99
2209    6     3.67    20.38
2209    7     1.78    24.40
2209    8    17.00    25.96
2209    9    34.74    22.70
2209   10    59.91    17.52
2209   11    53.32    14.86
2209   12    51.54    10.04
2210    1    23.22     8.70
2210    2    27.13     7.12
2210    3    16.98     8.64
2210    4    19.77    12.53
2210    5     3.78    17.53
2210    6     6.63    21.51
2210    7     5.01    25.28
2210    8    16.56    26.24
2210    9    17.09    23.59
2210   10   144.37    18.71
2210   11   101.35    14.22
2210   12    27.62    12.35
2211    1    27.20     7.94
2211    2    33.48     2.90
2211    3    14.05     5.18
2211    4    51.44    10.39
2211    5     5.93    15.22
2211    6     5.79    21.16
2211    7     2.62    24.62
2211    8     8.90    25.30
2211    9    77.11    22.70
2211   10   105.14    17.53
2211   11    14.85    16.33
2211   12    34.50    12.69
2212    1    28.89    10.92
2212    2    96.79     8.13
2212    3    24.06     7.13
2212    4     7.97    11.31
2212    5    23.07    16.43
2212    6     5.20    21.55
2212    7    11.23    24.94
2212    8    50.41    25.61
2212    9    30.21    23.11
2212   10    98.19    16.02
2212   11    91.54    13.01
2212   12    32.38    10.47
2213    1    37.52     8.88
2213    2    29.18     3.60
2213    3    25.45     7.78
2213    4    19.07    11.13
2213    5     5.34    16.47
2213    6     3.01    21.08
2213    7     3.50    25.42
2213    8     3.46    25.79
2213    9    37.66    23.24
2213   10    54.40    18.82
2213   11    43.81    14.22
2213   12    64.70     7.70
2214    1    57.49     5.05
2214    2    39.37     5.22
2214    3    32.29     6.84
2214    4    51.16    10.47
2214    5    15.75    16.34
2214    6     4.04    20.86
2214    7     1.20    25.34
2214    8    26.90    25.97
2214    9    18.67    23.64
2214   10   153.31    18.46
2214   11   150.49    12.90
2214   12    29.63    11.31
2215    1    63.48     6.85
2215    2    28.69     5.77
2215    3    33.21     7.39
2215    4    18.02    11.23
2215    5    15.49    14.52
2215    6     2.59    20.93
2215    7     6.11    24.36
2215    8    26.29    25.64
2215    9    73.98    23.01
2215   10   118.37    18.18
2215   11    99.23    11.47
2215   12    41.86     9.50
2216    1    31.46     7.32
2216    2     6.80     5.68
2216    3    26.34     8.83
2216    4     5.30    12.62
2216    5    17.77    16.95
2216    6     4.62    21.98
2216    7     8.64    25.56
2216    8    15.53    26.17
2216    9    22.74    23.47
2216   10   145.32    18.79
2216   11    74.34    12.58
2216   12    71.58     7.75
2217    1    61.79     6.28
2217    2    11.61     8.76
2217    3    13.15     9.02
2217    4    29.74    11.43
2217    5     5.80    15.90
2217    6     2.97    20.51
2217    7     1.12    25.11
2217    8     2.92    27.07
2217    9    14.45    23.31
2217   10    99.79    16.67
2217   11    41.96    13.00
2217   12    42.54    11.44
2218    1    12.30     9.40
2218    2    27.69     7.61
2218    3    19.82     8.02
2218    4    45.84    11.64
2218    5     2.20    16.69
2218    6     2.37    21.60
2218    7     4.89    25.08
2218    8    22.73    26.20
2218    9    48.37    21.80
2218   10    23.64    19.69
2218   11    61.45    14.84
2218   12    45.31    10.27
2219    1    29.80     7.44
2219    2    14.29     6.68
2219    3    38.83     6.47
2219    4    36.78    10.46
2219    5     4.74    16.01
2219    6     8.08    20.82
2219    7     7.60    24.05
2219    8    26.06    25.39
2219    9    25.28    23.15
2219   10    64.91    19.60
2219   11   124.11    13.37
2219   12    82.55     8.22
2220    1    48.85     6.34
2220    2    14.91     5.97
2220    3    13.86     7.83
2220    4    41.16    10.52
2220    5     5.27    15.99
2220    6     2.21    20.55
2220    7     1.34    24.93
2220    8     6.07    26.40
2220    9    41.04    23.72
2220   10    92.14    19.65
2220   11    58.02    12.92
2220   12    60.57     7.92
2221    1    56.72     4.82
2221    2    39.90     6.03
2221    3    30.20     6.27
2221    4    16.25     9.34
2221    5     6.84    14.94
2221    6     2.35    20.47
2221    7     7.13    24.64
2221    8     1.76    25.73
2221    9    28.00    21.87
2221   10   105.55    17.55
2221   11    79.52    14.71
2221   12    58.19    10.32
2222    1    37.94     8.23
2222    2    14.48     7.50
2222    3    63.93     7.37
2222    4    30.44    11.40
2222    5     2.36    17.49
2222    6     3.70    22.29
2222    7     1.53    25.60
2222    8    16.40    25.85
2222    9    48.68    22.26
2222   10   101.60    18.47
2222   11    84.76    15.83
2222   12    69.63    11.30
2223    1    30.37     9.04
2223    2    52.84     6.35
2223    3     5.74     9.40
2223    4    43.92    11.57
2223    5    22.13    16.26
2223    6     2.94    21.83
2223    7     1.34    25.34
2223    8     9.49    26.13
2223    9    39.67    23.37
2223   10   128.03    18.29
2223   11   131.97    14.84
2223   12    14.42    11.74
2224    1    37.14     8.38
2224    2   124.51     5.42
2224    3    34.70     4.53
2224    4    11.04     8.39
2224    5    16.28    13.46
2224    6     2.56    19.87
2224    7     0.38    24.15
2224    8    18.49    24.56
2224    9    47.32    23.41
2224   10   122.80    17.96
2224   11    99.86    15.03
2224   12    31.21    11.51
2225    1    80.33     8.29
2225    2     8.71     8.38
2225    3    14.91     8.57
2225    4    26.65    11.24
2225    5     3.60    16.66
2225    6     2.84    20.50
2225    7     4.44    24.08
2225    8     2.85    25.47
2225    9    36.41    22.49
2225   10    73.51    19.15
2225   11    65.65    15.51
2225   12   110.59    11.56
2226    1    39.85     9.30
2226    2    26.86     7.91
2226    3    23.75     9.00
2226    4    10.38    10.42
2226    5     8.82    15.55
2226    6     5.21    20.70
2226    7     7.28    24.63
2226    8     4.68    27.23
2226    9    65.84    22.56
2226   10    99.02    16.98
2226   11    68.05    15.41
2226   12    58.66    11.92
2227    1    76.13     5.60
2227    2    41.04     4.28
2227    3    14.21     6.33
2227    4    85.94     8.80
2227    5     3.17    14.47
2227    6     2.04    20.15
2227    7    14.76    24.16
2227    8    10.21    25.65
2227    9    35.56    21.55
2227   10    44.13    19.88
2227   11    63.63    12.83
2227   12    76.25     9.63
2228    1    29.36     8.06
2228    2    14.93     5.86
2228    3    42.06     6.09
2228    4    23.50     9.06
2228    5     4.18    15.10
2228    6     3.65    20.35
2228    7     4.24    23.65
2228    8     6.90    25.27
2228    9     9.74    23.40
2228   10    73.41    18.36
2228   11    56.50    16.37
2228   12    53.45    10.74
2229    1    62.72     7.46
2229    2    49.41     4.83
2229    3    21.89     8.12
2229    4    24.34    11.53
2229    5     4.89    15.78
2229    6     0.90    21.25
2229    7     9.45    24.63
2229    8    16.62    25.57
2229    9    56.25    22.42
2229   10    33.73    18.87
2229   11    39.55    13.24
2229   12    64.38    11.53
2230    1    45.94     9.89
2230    2    23.56     7.09
2230    3    15.74     8.99
2230    4     2.23    13.16
2230    5     2.93    18.31
2230    6     2.70    22.56
2230    7     8.65    25.79
2230    8     2.93    26.19
2230    9    36.55    23.84
2230   10    33.92    19.72
2230   11    56.56    15.94
2230   12    70.68    11.08
2231    1    41.47     8.37
2231    2    14.45     8.66
2231    3    41.57     6.25
2231    4    34.57    10.89
2231    5    18.35    16.46
2231    6     4.46    21.15
2231    7     4.91    25.14
2231    8    12.80    25.37
2231    9    81.39    23.01
2231   10    40.56    16.88
2231   11   102.73    13.47
2231   12    25.26    10.48
2232    1    55.15     6.45
2232    2    36.66     5.42
2232    3    20.14     7.39
2232    4    23.00    10.87
2232    5     6.25    15.90
2232    6     5.02    21.28
2232    7     1.96    24.58
2232    8    17.62    25.77
2232    9    64.43    23.32
2232   10    79.70    17.86
2232   11    61.34    13.44
2232   12    38.34     9.10
2233    1     9.83     9.15
2233    2    22.22     8.22
2233    3    35.18     9.02
2233    4    15.31    11.28
2233    5     2.66    16.26
2233    6     2.03    22.22
2233    7     3.67    25.05
2233    8     2.33    27.26
2233    9    16.03    23.51
2233   10    47.46    18.94
2233   11    67.55    13.95
2233   12    48.26    12.48
2234    1    50.77     9.81
2234    2    27.41     6.18
2234    3    43.76     7.36
2234    4    36.98    10.18
2234    5     6.46    15.84
2234    6     5.17    21.37
2234    7    31.78    24.62
2234    8     5.13    24.78
2234    9    28.10    22.96
2234   10    77.28    18.90
2234   11    50.89    14.42
2234   12    85.80     8.58
2235    1    25.95     7.33
2235    2    19.95     8.17
2235    3    40.34     7.00
2235    4    24.46    11.56
2235    5    20.10    15.93
2235    6     1.69    21.09
2235    7    11.40    24.60
2235    8    15.57    25.92
2235    9    33.55    24.07
2235   10   141.36    17.18
2235   11    85.58    14.15
2235   12    16.49    12.11
2236    1    54.93     8.38
2236    2    18.81     9.34
2236    3     9.56     9.78
2236    4    50.37    10.37
2236    5    15.19    15.25
2236    6     3.83    21.05
2236    7    15.23    25.12
2236    8     6.04    25.82
2236    9   107.21    21.51
2236   10    65.59    17.01
2236   11   127.20    10.41
2236   12    46.43     9.60
2237    1    18.13     8.43
2237    2    20.74     7.88
2237    3    45.18     6.09
2237    4     2.63    10.73
2237    5     2.74    16.58
2237    6     6.80    20.61
2237    7     8.85    24.40
2237    8     4.19    26.37
2237    9   144.88    23.45
2237   10    90.05    17.83
2237   11    63.84    13.76
2237   12    31.00    11.13
2238    1    26.65     6.92
2238    2     5.40     7.67
2238    3     5.11     7.29
2238    4    38.62    11.15
2238    5    13.50    14.74
2238    6     2.41    21.50
2238    7     1.13    25.08
2238    8    24.18    24.69
2238    9    26.77    22.60
2238   10    73.71    19.77
2238   11    30.20    15.51
2238   12    67.80    10.61
2239    1    11.16     8.68
2239    2    54.25     5.73
2239    3    27.41     7.29
2239    4    20.63    10.84
2239    5    10.24    15.31
2239    6     6.79    21.04
2239    7     4.49    24.23
2239    8    18.53    25.58
2239    9    16.98    22.24
2239   10    78.95    19.94
2239   11    67.56    14.30
2239   12    83.96    10.98
2240    1    74.06     3.86
2240    2    14.18     7.61
2240    3    33.70     7.80
2240    4     9.55    10.18
2240    5    16.62    15.13
2240    6     5.18    21.35
2240    7     2.82    24.83
2240    8     6.03    26.40
2240    9    53.20    23.11
2240   10   123.44    16.23
2240   11    30.49    14.39
2240   12    48.73    11.37
2241    1    33.19     6.48
2241    2    27.24     5.59
2241    3    37.68     5.66
2241    4    32.22     8.84
2241    5    16.52    14.14
2241    6     8.88    20.13
2241    7     7.72    24.10
2241    8     7.78    25.11
2241    9    30.35    22.73
2241   10   130.67    18.05
2241   11    36.64    13.41
2241   12   135.92     8.02
2242    1    30.63     6.22
2242    2    14.48     5.82
2242    3    38.03     7.47
2242    4     4.83     9.82
2242    5     3.37    16.11
2242    6     3.78    20.50
2242    7     3.07    24.62
2242    8    44.13    26.04
2242    9    80.11    22.58
2242   10   115.29    18.10
2242   11    40.08    15.34
2242   12    95.50     9.70
2243    1    39.28     7.51
2243    2    17.42     5.53
2243    3    11.00     7.60
2243    4    45.72    10.46
2243    5     3.96    15.96
2243    6     4.33    21.46
2243    7     0.82    24.46
2243    8     3.83    25.34
2243    9    71.44    23.24
2243   10    63.44    18.85
2243   11    92.89    14.94
2243   12    57.81     8.91
2244    1    16.08     6.20
2244    2     8.67     6.57
2244    3    23.56     7.59
2244    4    11.31    10.08
2244    5     6.37    14.59
2244    6     0.82    21.31
2244    7     3.16    24.79
2244    8     7.94    25.89
2244    9    49.17    22.99
2244   10    48.83    17.87
2244   11    27.69    15.05
2244   12    72.86    10.74
2245    1    23.45    10.19
2245    2    42.58     5.09
2245    3     5.96     8.93
2245    4    23.66    10.63
2245    5     7.75    17.03
2245    6     2.86    21.86
2245    7     1.02    25.01
2245    8    10.70    25.91
2245    9    26.27    23.15
2245   10    77.98    19.85
2245   11    57.54    16.40
2245   12   104.62     9.42
2246    1    26.74     6.25
2246    2    22.82     5.57
2246    3    16.49     8.69
2246    4    23.55    12.73
2246    5    15.55    16.20
2246    6     3.12    21.91
2246    7     5.00    24.49
2246    8     2.38    26.22
2246    9    65.98    23.53
2246   10    41.96    19.24
2246   11    62.05    13.86
2246   12    52.80    10.55
2247    1    22.70     9.47
2247    2    67.10     5.79
2247    3    14.88     7.66
2247    4    10.52    10.08
2247    5    26.79    14.85
2247    6     1.84    20.42
2247    7     3.98    24.78
2247    8     9.99    24.80
2247    9    39.46    22.91
2247   10    35.15    19.57
2247   11    71.07    13.09
2247   12    51.14     8.76
2248    1    25.21     6.48
2248    2    37.70     5.79
2248    3    24.85     6.61
2248    4    10.23     9.93
2248    5     0.12    17.20
2248    6     1.29    20.82
2248    7     1.99    25.30
2248    8    10.30    26.03
2248    9    52.98    23.40
2248   10    63.23    17.63
2248   11    62.97    12.95
2248   12    58.13     8.96
2249    1    31.91     8.67
2249    2    23.52     7.78
2249    3    41.49     5.83
2249    4    29.43    10.36
2249    5     4.40    16.27
2249    6    14.35    21.44
2249    7     4.16    24.89
2249    8     2.02    27.53
2249    9    14.75    23.81
2249   10   119.17    20.20
2249   11   104.48    14.10
2249   12    59.78    10.89
2250    1    38.32     7.16
2250    2    43.38     6.65
2250    3    25.94     7.64
2250    4    17.26    11.07
2250    5    31.14    15.91
2250    6     3.07    21.25
2250    7     8.43    25.33
2250    8     7.63    26.15
2250    9    66.72    22.77
2250   10    93.95    19.82
2250   11    55.11    14.06
2250   12    35.03    11.31
2251    1    15.84     7.47
2251    2    29.16     7.51
2251    3    67.50     9.06
2251    4     9.86    12.67
2251    5    19.14    15.56
2251    6     2.94    20.43
2251    7     2.44    25.67
2251    8    20.14    26.62
2251    9    65.28    22.78
2251   10    96.99    16.41
2251   11    95.21    13.86
2251   12    40.10    11.10
2252    1    30.39     8.47
2252    2    25.16     6.89
2252    3    46.13     8.21
2252    4    11.31    10.82
2252    5    20.59    16.64
2252    6     1.22    21.97
2252    7     2.23    24.80
2252    8    35.08    25.81
2252    9    29.00    24.51
2252   10    90.81    18.55
2252   11   134.76    15.45
2252   12    84.68    11.15
2253    1    29.08     7.47
2253    2    35.75     7.48
2253    3    56.24     6.46
2253    4    43.50     9.76
2253    5     5.96    15.51
2253    6     3.84    20.54
2253    7     5.65    24.72
2253    8     1.70    25.91
2253    9    56.55    23.27
2253   10   135.67    17.84
2253   11    85.61    13.97
2253   12    44.64     6.77
2254    1    42.34     6.59
2254    2    20.69     6.12
2254    3    22.81     6.44
2254    4    19.94     8.43
2254    5   124.12    14.36
2254    6     1.60    19.29
2254    7     2.53    23.42
2254    8     7.63    24.70
2254    9    62.60    23.70
2254   10   147.85    17.08
2254   11   104.20    12.80
2254   12    47.57     9.05
2255    1    21.69     8.41
2255    2    36.98     6.40
2255    3     8.99     8.02
2255    4    21.59    10.77
2255    5     7.71    14.89
2255    6     1.66    20.86
2255    7     2.22    25.19
2255    8    12.82    25.06
2255    9    19.52    22.37
2255   10    42.08    18.38
2255   11    98.58    13.50
2255   12    29.63    11.31
2256    1    20.50     8.18
2256    2    39.32     7.03
2256    3    65.17     7.92
2256    4    16.56    10.21
2256    5    28.45    16.14
2256    6     2.73    21.28
2256    7     2.97    24.07
2256    8     8.48    24.75
2256    9    49.62    21.92
2256   10    47.00    19.78
2256   11    64.94    15.53
2256   12    31.00    11.31
2257    1    60.12     4.60
2257    2    25.77     5.24
2257    3    33.27     6.68
2257    4    50.02     9.95
2257    5     8.29    15.33
2257    6     4.42    20.86
2257    7    10.01    24.22
2257    8     7.47    25.34
2257    9    64.16    22.36
2257   10    70.64    18.21
2257   11    52.13    15.06
2257   12    53.39     9.24
2258    1    16.38     7.50
2258    2    60.84     4.60
2258    3    14.08     7.78
2258    4     8.47    11.96
2258    5    25.67    16.31
2258    6     5.05    21.67
2258    7     1.45    25.87
2258    8     2.25    25.20
2258    9    19.18    23.26
2258   10   106.13    18.50
2258   11    99.48    12.27
2258   12    14.27    12.29
2259    1    10.76     7.64
2259    2    21.99     6.25
2259    3    23.32     6.18
2259    4    35.45    11.23
2259    5    17.46    14.83
2259    6     2.44    21.26
2259    7    20.12    25.05
2259    8    53.30    25.36
2259    9    60.77    22.09
2259   10   105.54    17.90
2259   11    51.47    12.36
2259   12     7.45    12.97
2260    1    42.86     8.31
2260    2    29.48     3.48
2260    3    46.36     3.99
2260    4    49.56     9.41
2260    5    11.89    15.41
2260    6     8.42    20.21
2260    7     3.37    24.96
2260    8    24.41    25.63
2260    9    47.13    21.66
2260   10    19.93    18.79
2260   11    22.53    16.91
2260   12    68.84    12.19
2261    1    21.98    10.57
2261    2    24.85     8.95
2261    3   110.77     8.30
2261    4    38.40     9.05
2261    5    26.76    14.91
2261    6    11.38    20.41
2261    7    22.10    24.14
2261    8     5.92    26.06
2261    9    53.83    22.07
2261   10    37.42    18.32
2261   11    70.09    13.52
2261   12    64.57    10.43
2262    1    32.30     5.70
2262    2    19.32     6.30
2262    3    53.68     8.41
2262    4    33.21     8.83
2262    5     4.16    15.51
2262    6     4.51    20.98
2262    7     2.92    24.27
2262    8     8.16    24.27
2262    9    43.98    22.09
2262   10   103.87    17.91
2262   11    13.67    17.30
2262   12    36.45    11.02
2263    1    97.60     4.00
2263    2    17.48     4.35
2263    3    46.07     6.11
2263    4    45.72     9.41
2263    5     3.92    15.55
2263    6     2.12    20.67
2263    7     4.88    23.44
2263    8     1.61    24.33
2263    9    10.20    21.86
2263   10    58.17    16.83
2263   11    32.55    16.46
2263   12    71.36     9.31
2264    1    18.95    10.15
2264    2    19.69     8.33
2264    3   122.18     8.12
2264    4     7.73    12.82
2264    5     3.27    16.59
2264    6    10.76    22.07
2264    7     3.01    25.14
2264    8    44.27    25.95
2264    9    69.01    23.16
2264   10    51.58    17.35
2264   11    24.24    13.62
2264   12    45.93    10.98
2265    1    19.83     9.77
2265    2    33.86     7.48
2265    3    18.50     7.82
2265    4    23.47    10.83
2265    5     3.63    16.83
2265    6     4.89    22.04
2265    7     1.43    24.31
2265    8     6.06    26.28
2265    9    54.16    24.29
2265   10    84.61    18.70
2265   11    77.48    12.38
2265   12    32.61     9.48
2266    1    45.97     7.46
2266    2    92.34     3.81
2266    3    49.82     5.24
2266    4     6.72     9.95
2266    5     3.97    14.54
2266    6     2.06    20.46
2266    7     1.90    24.84
2266    8    53.86    25.95
2266    9    73.18    22.48
2266   10   135.73    17.56
2266   11    85.37    14.00
2266   12    55.70    10.23
2267    1    26.20     4.86
2267    2     2.71     4.66
2267    3    41.63     5.63
2267    4    61.72     7.89
2267    5     2.96    14.00
2267    6     2.13    20.44
2267    7     1.88    23.85
2267    8     8.48    25.53
2267    9    17.81    22.35
2267   10   131.03    18.45
2267   11    88.90    12.79
2267   12    46.31     9.78
2268    1    28.58     9.96
2268    2    43.52     7.16
2268    3    36.28     7.77
2268    4    12.04    11.14
2268    5    10.91    15.90
2268    6     8.71    22.24
2268    7    19.54    25.60
2268    8     5.80    25.25
2268    9   142.71    23.48
2268   10    59.50    17.93
2268   11    42.19    15.58
2268   12    34.36    13.35
2269    1    21.29     9.81
2269    2    13.22     8.96
2269    3    32.60     7.53
2269    4    50.04    11.30
2269    5    24.84    16.35
2269    6     3.96    22.12
2269    7     6.01    25.76
2269    8     2.20    26.96
2269    9    14.18    23.83
2269   10   136.86    19.39
2269   11    66.19    13.45
2269   12    37.31    10.58
2270    1    15.87     7.51
2270    2    15.74     8.64
2270    3    37.18     8.53
2270    4    13.16    12.06
2270    5    13.06    15.67
2270    6    10.56    21.88
2270    7    18.88    24.95
2270    8    85.95    25.00
2270    9    49.46    23.99
2270   10    80.92    16.81
2270   11   108.91    11.89
2270   12    25.83     8.78
2271    1    51.42     7.78
2271    2    14.65     4.84
2271    3    10.74     6.16
2271    4    36.16     9.29
2271    5    22.03    14.08
2271    6     0.88    20.90
2271    7     1.55    24.70
2271    8    10.46    24.88
2271    9    18.61    23.48
2271   10    76.49    19.82
2271   11   108.38    14.25
2271   12   105.29    12.59
2272    1    15.09    10.79
2272    2    28.43     7.76
2272    3    20.87    10.27
2272    4    19.10    12.72
2272    5    27.71    16.09
2272    6     3.34    21.87
2272    7     8.93    25.26
2272    8    30.23    25.98
2272    9     5.93    24.89
2272   10   114.13    20.07
2272   11    55.84    17.12
2272   12    23.16    14.00
2273    1    25.25    10.55
2273    2    65.53     7.15
2273    3     4.68     9.12
2273    4     8.55    13.01
2273    5     3.81    18.11
2273    6     2.27    22.15
2273    7     3.86    25.42
2273    8    32.70    25.14
2273    9    55.83    21.88
2273   10    78.40    17.85
2273   11   103.29    11.00
2273   12    66.93     6.43
2274    1    31.52     5.50
2274    2    45.61     1.83
2274    3     8.75     5.19
2274    4     2.87    10.24
2274    5    15.16    14.66
2274    6     2.10    19.81
2274    7     1.96    24.09
2274    8    10.73    24.98
2274    9    44.43    23.47
2274   10    98.52    17.78
2274   11    39.84    14.59
2274   12    45.43     9.58
2275    1    30.18     6.46
2275    2    16.30     7.21
2275    3    58.37     5.38
2275    4    13.23    10.06
2275    5     6.51    16.43
2275    6     1.39    20.86
2275    7     4.19    24.44
2275    8    27.30    25.85
2275    9    38.37    22.28
2275   10   126.06    17.32
2275   11    44.27    14.49
2275   12    92.30     8.01
2276    1    87.20     1.88
2276    2    11.85     4.01
2276    3    16.92     6.81
2276    4    20.54     9.62
2276    5    19.51    15.80
2276    6     3.34    21.32
2276    7     2.57    25.20
2276    8    19.81    25.43
2276    9    33.91    23.32
2276   10    73.63    19.08
2276   11    61.35    15.32
2276   12    27.64    10.13
2277    1    48.03     6.49
2277    2    36.17     5.52
2277    3    30.83     7.52
2277    4    36.77     9.63
2277    5    11.99    14.38
2277    6     5.16    20.07
2277    7     1.18    24.78
2277    8    11.32    26.06
2277    9    72.11    22.67
2277   10    68.07    16.83
2277   11    50.01    11.73
2277   12    13.32    11.48
2278    1    37.73     7.02
2278    2    45.53     6.53
2278    3    23.39     6.55
2278    4    19.60    10.26
2278    5     4.74    16.93
2278    6     1.76    20.91
2278    7     1.33    24.63
2278    8     3.56    26.24
2278    9    58.03    23.90
2278   10    99.87    20.76
2278   11    87.88    17.06
2278   12   162.02     8.51
2279    1    21.56    10.11
2279    2    64.93     6.14
2279    3    85.86     5.77
2279    4    19.38    10.24
2279    5    16.92    14.20
2279    6    20.25    19.58
2279    7     2.43    24.28
2279    8     5.07    25.75
2279    9    54.35    22.89
2279   10    99.06    19.09
2279   11    68.49    14.20
2279   12    44.49    10.30
2280    1    25.46     6.52
2280    2    29.18     8.16
2280    3    10.69     8.10
2280    4     5.38    12.27
2280    5     2.24    17.23
2280    6     7.34    21.75
2280    7     0.65    25.44
2280    8     4.86    26.47
2280    9    55.77    23.36
2280   10    60.64    18.54
2280   11    44.84    15.21
2280   12    86.01    10.29
2281    1    23.98     9.13
2281    2    14.62     8.93
2281    3    28.16     9.44
2281    4     9.02    13.65
2281    5     6.54    17.44
2281    6     1.89    22.21
2281    7     7.62    25.32
2281    8    38.29    26.96
2281    9   156.39    22.57
2281   10    90.77    18.47
2281   11    57.03    15.59
2281   12    51.30    10.15
2282    1    50.25     6.62
2282    2    14.63     8.09
2282    3     2.18    10.44
2282    4     1.91    13.85
2282    5     4.96    16.76
2282    6     4.01    21.11
2282    7     2.19    24.97
2282    8     6.18    25.19
2282    9    52.70    22.03
2282   10    40.80    20.06
2282   11    80.24    12.99
2282   12    42.84    10.14
2283    1    16.20     8.16
2283    2    27.41     5.20
2283    3     3.85     6.59
2283    4    12.51     8.94
2283    5    28.69    14.13
2283    6     1.20    20.04
2283    7     2.70    24.27
2283    8     5.66    26.59
2283    9   105.38    23.34
2283   10    95.07    16.60
2283   11    86.03    13.52
2283   12    24.12    12.19
2284    1    33.88     9.17
2284    2    45.50     7.31
2284    3    28.72     8.36
2284    4    42.26    10.88
2284    5     5.78    16.45
2284    6    11.59    20.73
2284    7     7.21    24.64
2284    8    10.80    24.72
2284    9    73.90    23.14
2284   10    67.61    20.00
2284   11    91.09    13.79
2284   12    51.67    11.39
2285    1    59.34     7.32
2285    2    27.18     7.70
2285    3    43.65     5.59
2285    4     5.47    11.47
2285    5     3.34    14.88
2285    6     3.12    21.60
2285    7     0.96    25.05
2285    8    22.13    25.34
2285    9    55.00    22.21
2285   10   103.33    18.97
2285   11    31.01    14.73
2285   12    47.80    11.26
2286    1    26.79     9.47
2286    2    43.94     4.50
2286    3     2.65     9.70
2286    4    15.93    12.00
2286    5    16.94    16.29
2286    6     8.45    22.07
2286    7     4.90    24.43
2286    8    16.17    25.14
2286    9    44.90    23.74
2286   10    52.50    19.63
2286   11    78.19    16.84
2286   12    62.28    10.07
2287    1    48.27     6.54
2287    2     4.44     6.91
2287    3    39.94     7.83
2287    4     9.94    11.17
2287    5    22.55    15.56
2287    6     1.26    21.08
2287    7     1.35    24.38
2287    8    17.93    25.99
2287    9    21.56    23.91
2287   10   124.97    18.61
2287   11    11.86    17.66
2287   12    71.47    10.79
2288    1    25.43     8.84
2288    2     5.51     7.46
2288    3    12.53     8.73
2288    4    16.09    13.18
2288    5   106.23    14.87
2288    6     0.79    21.06
2288    7     3.72    25.26
2288    8     2.49    25.69
2288    9    58.27    23.54
2288   10    89.68    17.05
2288   11    34.76    13.41
2288   12    38.33    11.69
2289    1    27.05     9.59
2289    2    11.20     8.63
2289    3    58.30     6.57
2289    4    37.65     9.93
2289    5    32.21    14.21
2289    6     1.61    20.62
2289    7    17.43    24.20
2289    8     9.43    25.93
2289    9    34.40    21.81
2289   10    78.79    17.46
2289   11    75.04    15.39
2289   12    42.28    11.52
2290    1    38.52     5.83
2290    2    37.57     6.23
2290    3    16.46     7.30
2290    4    16.62    10.04
2290    5    29.21    15.69
2290    6     2.60    20.82
2290    7     4.40    24.57
2290    8    47.91    25.53
2290    9    62.60    22.14
2290   10   137.82    15.46
2290   11    83.80    10.55
2290   12    16.04     7.39
2291    1    41.55     6.80
2291    2    36.28     3.84
2291    3    59.11     6.13
2291    4    52.17     8.02
2291    5    24.68    14.04
2291    6     1.80    19.99
2291    7     1.44    24.19
2291    8     7.16    24.87
2291    9     8.55    21.29
2291   10    59.31    17.66
2291   11    68.67    13.20
2291   12    51.03     9.76
2292    1    40.22     6.92
2292    2    10.37     7.55
2292    3    73.80     7.89
2292    4    14.15    10.92
2292    5    13.01    15.77
2292    6     3.83    21.70
2292    7    11.18    24.46
2292    8    13.32    25.89
2292    9    50.45    23.12
2292   10    46.37    19.16
2292   11    89.52    15.35
2292   12    60.02    11.62
2293    1    19.42     9.21
2293    2    16.03     8.39
2293    3    51.30     5.57
2293    4    35.80    10.35
2293    5     9.38    15.85
2293    6     3.65    21.27
2293    7     8.82    24.70
2293    8     5.60    25.29
2293    9    99.49    22.96
2293   10    84.86    18.57
2293   11    11.21    17.44
2293   12    39.49    12.44
2294    1   135.45     6.10
2294    2    19.75     6.10
2294    3    24.53     7.30
2294    4    83.11    10.23
2294    5     7.89    16.43
2294    6     2.98    20.25
2294    7     2.56    23.73
2294    8     1.74    25.85
2294    9    22.99    24.32
2294   10    51.96    19.57
2294   11   101.26    14.10
2294   12    57.39     6.62
2295    1    27.43     5.77
2295    2    23.50     5.63
2295    3    36.29     7.03
2295    4     8.23    10.04
2295    5    15.58    15.47
2295    6     7.21    20.99
2295    7     4.44    24.34
2295    8    65.15    25.54
2295    9    40.30    21.69
2295   10    87.53    18.10
2295   11    65.12    14.79
2295   12    21.90     9.35
2296    1    23.81     7.65
2296    2    28.26     7.76
2296    3    42.37     5.70
2296    4    21.23     9.74
2296    5    19.02    15.11
2296    6     8.51    20.94
2296    7    10.68    23.77
2296    8    20.79    25.39
2296    9    79.52    24.03
2296   10   109.17    18.36
2296   11    78.20    12.40
2296   12    47.79     7.83
2297    1    33.84     8.25
2297    2    39.98     5.27
2297    3     5.40     9.19
2297    4     8.84    12.37
2297    5     9.03    16.41
2297    6     3.20    20.14
2297    7     1.07    24.99
2297    8     4.66    25.83
2297    9    73.00    21.77
2297   10   124.73    18.95
2297   11    38.92    16.52
2297   12    60.03    11.31
2298    1    20.70     8.56
2298    2    18.24     8.89
2298    3    16.46     7.98
2298    4     4.16    12.41
2298    5     3.32    17.57
2298    6    10.71    21.40
2298    7     6.89    25.52
2298    8    15.01    25.71
2298    9    37.07    22.09
2298   10   110.01    17.00
2298   11    34.84    12.49
2298   12    55.57    11.31
2299    1    25.70     7.45
2299    2    33.28     6.06
2299    3    39.35     7.59
2299    4    18.18    11.31
2299    5    20.68    14.86
2299    6     2.35    19.91
2299    7     1.92    24.25
2299    8    21.93    25.25
2299    9    70.34    22.82
2299   10    57.56    20.32
2299   11   174.52    14.90
2299   12    29.16    13.22
2300    1    32.66     8.75
2300    2    20.84     7.47
2300    3    37.79     6.93
2300    4     3.99    12.65
2300    5    29.72    16.45
2300    6    12.40    21.22
2300    7    14.88    25.25
2300    8     9.97    26.21
2300    9    63.66    23.48
2300   10   218.37    15.50
2300   11    46.35    15.09
2300   12    47.78    11.14
