1850    1    67.50     3.64
1850    2    59.30     3.40
1850    3    16.79     7.38
1850    4     4.76    13.63
1850    5     0.81    17.47
1850    6     0.12    23.49
1850    7    66.20    22.77
1850    8     9.11    22.84
1850    9    30.84    17.92
1850   10   122.60    11.68
1850   11    41.80    10.79
1850   12    49.66     6.09
1851    1    33.17     1.23
1851    2    35.44    -1.63
1851    3    53.87     5.05
1851    4    17.42     6.73
1851    5    41.54    13.08
1851    6     6.27    21.13
1851    7    14.57    24.32
1851    8    26.24    22.73
1851    9    21.21    19.39
1851   10    44.26    13.88
1851   11    31.75     9.05
1851   12    46.43     5.00
1852    1    21.18     1.18
1852    2    41.58    -0.19
1852    3    65.54     5.62
1852    4   134.32     8.32
1852    5    22.04    14.26
1852    6    64.38    19.96
1852    7     4.75    25.27
1852    8    16.63    23.13
1852    9    89.83    15.89
1852   10    42.96    14.74
1852   11    10.15     8.54
1852   12    18.11     4.53
1853    1     5.99     3.27
1853    2    21.74     5.76
1853    3    52.00     4.32
1853    4   135.39     7.42
1853    5    53.74    14.41
1853    6    43.10    20.69
1853    7     9.18    25.13
1853    8    31.18    21.24
1853    9    39.77    20.19
1853   10    44.19    13.77
1853   11    68.39     9.07
1853   12    25.55     6.49
1854    1    81.16     1.40
1854    2    94.89     1.02
1854    3    26.42     6.44
1854    4    29.46    11.22
1854    5     3.87    18.75
1854    6     6.59    21.92
1854    7     9.41    25.12
1854    8     2.93    25.52
1854    9     5.89    21.22
1854   10   103.45    12.33
1854   11    85.66     6.94
1854   12    13.52     4.72
1855    1    63.66     2.45
1855    2    39.65     2.79
1855    3    55.48     8.00
1855    4    52.31     8.14
1855    5     6.00    16.52
1855    6    52.74    20.08
1855    7    60.91    22.98
1855    8     1.71    22.74
1855    9    16.54    19.61
1855   10   104.97    12.56
1855   11    17.37     6.20
1855   12    66.22     0.85
1856    1    31.53     2.47
1856    2    51.86     1.91
1856    3    57.14     3.68
1856    4     9.59    13.58
1856    5     3.24    18.44
1856    6    21.47    22.09
1856    7     1.61    24.45
1856    8     3.08    23.80
1856    9     2.06    21.47
1856   10    61.18    14.23
1856   11    40.15     8.99
1856   12    59.09     1.17
1857    1    34.16    -3.02
1857    2     6.82     3.74
1857    3     6.00     7.83
1857    4    29.95    12.02
1857    5    48.08    15.10
1857    6     4.48    20.12
1857    7     3.85    25.34
1857    8    17.57    26.04
1857    9    67.05    16.69
1857   10    44.00    12.57
1857   11    67.61     7.90
1857   12    24.18     6.30
1858    1    20.39     3.16
1858    2    30.01     4.42
1858    3    20.97     6.49
1858    4    48.58     9.91
1858    5    88.73    12.71
1858    6    73.37    20.81
1858    7     4.46    25.54
1858    8     0.05    24.07
1858    9    37.77    17.82
1858   10    57.62    12.98
1858   11    22.06     8.77
1858   12    38.96     5.47
1859    1    46.68     0.58
1859    2    28.23     4.13
1859    3    29.79     6.65
1859    4    51.96    11.73
1859    5    21.71    14.58
1859    6    16.57    21.29
1859    7     6.87    23.41
1859    8     0.00    25.24
1859    9     5.53    19.18
1859   10    59.82    11.48
1859   11    61.89     7.24
1859   12    81.08     3.41
1860    1     2.12     5.48
1860    2    37.68     3.82
1860    3    40.19     6.20
1860    4    29.16    11.57
1860    5    10.65    17.32
1860    6    20.87    20.33
1860    7    10.10    24.73
1860    8     0.75    24.46
1860    9    32.40    20.90
1860   10   101.89    12.85
1860   11    51.57     9.37
1860   12    99.03     3.53
1861    1    20.80     3.22
1861    2    64.36     3.48
1861    3    52.30     5.71
1861    4    57.29     8.96
1861    5    12.17    16.40
1861    6    32.35    20.55
1861    7    39.97    22.10
1861    8    12.44    23.97
1861    9    45.79    17.97
1861   10     5.43    14.23
1861   11    18.24     8.51
1861   12    17.37     4.98
1862    1     2.87     3.94
1862    2    24.73     7.13
1862    3    70.11     4.28
1862    4    27.08     8.67
1862    5    41.85    15.42
1862    6    17.20    22.96
1862    7    21.93    24.63
1862    8     6.42    24.31
1862    9    46.36    19.65
1862   10    84.23    13.35
1862   11   112.94     7.70
1862   12     9.56     5.75
1863    1    67.74    -0.15
1863    2    79.68     0.81
1863    3     5.91     6.89
1863    4    38.81    10.80
1863    5     5.99    17.50
1863    6    12.63    21.23
1863    7     0.36    24.50
1863    8    13.97    24.26
1863    9     1.84    23.15
1863   10    88.36    16.96
1863   11    36.71     8.31
1863   12     9.80     4.82
1864    1    33.47     3.23
1864    2    81.54     2.84
1864    3    34.52     3.13
1864    4     6.98    10.35
1864    5     5.63    16.86
1864    6     4.42    20.90
1864    7    12.86    24.03
1864    8    23.53    20.37
1864    9    32.16    15.92
1864   10    70.38    12.91
1864   11    76.74     9.36
1864   12    41.17     4.39
1865    1    80.04     1.42
1865    2    28.95     3.40
1865    3    20.20     8.71
1865    4    43.37    10.61
1865    5    39.21    13.67
1865    6   134.09    17.30
1865    7    26.95    22.84
1865    8    13.96    21.21
1865    9    11.75    19.94
1865   10    19.06    14.37
1865   11    44.70     9.23
1865   12    71.86     4.14
1866    1    38.25     2.13
1866    2    27.97     3.07
1866    3    56.89     4.51
1866    4    31.67    10.55
1866    5    43.71    15.25
1866    6    30.26    20.43
1866    7    68.77    19.54
1866    8    26.06    23.70
1866    9     4.73    21.04
1866   10    13.10    18.04
1866   11    95.46     8.54
1866   12    43.99     4.00
1867    1    46.36     3.72
1867    2    40.34     4.95
1867    3     6.28     6.75
1867    4    63.65     9.80
1867    5    33.03    15.04
1867    6    63.00    19.04
1867    7    50.87    22.64
1867    8     4.14    22.29
1867    9    58.46    17.27
1867   10   108.86    10.71
1867   11    77.78     7.77
1867   12    77.65     1.46
1868    1    43.64     4.02
1868    2    25.47     4.76
1868    3    38.84     6.21
1868    4    25.60    11.18
1868    5    22.53    17.04
1868    6    49.38    21.35
1868    7   117.54    22.70
1868    8    38.86    22.11
1868    9    39.18    19.19
1868   10     7.55    13.78
1868   11    62.64     6.68
1868   12     8.32     5.58
1869    1   105.91    -0.87
1869    2    19.63     4.53
1869    3    38.70     2.91
1869    4    89.15     7.89
1869    5     8.65    15.68
1869    6    66.10    21.97
1869    7   113.53    21.96
1869    8     0.01    24.41
1869    9     4.30    22.09
1869   10    34.31    13.89
1869   11    48.37     7.98
1869   12    30.41     4.68
1870    1    25.50     2.39
1870    2    58.55     2.87
1870    3    39.73     5.90
1870    4   108.85     9.44
1870    5    42.14    15.18
1870    6    13.06    22.62
1870    7     2.93    26.58
1870    8     3.96    25.71
1870    9    59.79    22.15
1870   10    14.71    13.62
1870   11    33.61     7.82
1870   12    95.32     1.17
1871    1    14.14     3.00
1871    2     9.98     6.58
1871    3    40.66     6.10
1871    4    61.36     7.91
1871    5    18.10    15.51
1871    6     2.71    21.19
1871    7    12.78    25.09
1871    8    18.62    24.18
1871    9     8.03    20.91
1871   10     9.48    15.77
1871   11    52.21    10.21
1871   12    33.92     6.52
1872    1    26.96     2.83
1872    2    11.70     3.27
1872    3    49.05     6.51
1872    4    26.33     9.52
1872    5    63.43    15.70
1872    6     1.17    24.30
1872    7     1.62    25.81
1872    8    15.91    23.25
1872    9    45.37    17.90
1872   10   105.42    12.05
1872   11    43.62    10.19
1872   12    65.29     3.58
1873    1    44.11     3.30
1873    2    27.13     4.81
1873    3    16.55     9.73
1873    4     2.65    11.41
1873    5    21.01    16.43
1873    6     5.74    19.41
1873    7     0.00    25.20
1873    8     0.86    22.38
1873    9    38.80    18.54
1873   10     3.89    15.67
1873   11    64.23     8.39
1873   12    69.65     6.03
1874    1    75.36     2.57
1874    2    75.17     3.08
1874    3    62.34     5.32
1874    4    42.99     8.60
1874    5    56.13    14.25
1874    6    24.03    20.44
1874    7    53.14    22.24
1874    8    23.24    24.31
1874    9    24.08    19.31
1874   10    97.24    12.67
1874   11   131.97     6.48
1874   12    26.69     5.18
1875    1    34.92    -1.74
1875    2    28.36     3.10
1875    3    18.31     5.29
1875    4     4.32    12.25
1875    5    15.38    15.59
1875    6    46.11    20.85
1875    7     7.56    25.46
1875    8     1.79    23.48
1875    9     6.71    19.71
1875   10    20.06    11.68
1875   11    99.18     6.98
1875   12    18.65     2.34
1876    1    62.15     0.25
1876    2    46.05     2.65
1876    3    38.63     5.35
1876    4    41.34    10.55
1876    5    63.91    15.22
1876    6    15.80    21.84
1876    7    19.22    24.72
1876    8     1.08    24.89
1876    9    48.30    17.82
1876   10    25.21    14.41
1876   11    64.58     5.60
1876   12    66.79     0.58
1877    1    60.01    -1.55
1877    2    58.18     3.97
1877    3    28.70     6.04
1877    4    38.12     9.36
1877    5    29.99    15.90
1877    6    19.92    20.40
1877    7     4.06    23.55
1877    8    24.89    20.30
1877    9    99.54    16.79
1877   10     4.04    14.54
1877   11    25.71     8.37
1877   12     5.95     4.29
1878    1    40.03     2.85
1878    2    64.00     2.61
1878    3    53.68     3.49
1878    4    41.08     7.82
1878    5    73.37    15.15
1878    6    28.55    19.44
1878    7     8.22    22.79
1878    8    13.19    24.67
1878    9    81.74    19.84
1878   10    35.42    14.32
1878   11    77.99     9.71
1878   12    23.88     5.70
1879    1    71.76     1.85
1879    2    18.14     6.54
1879    3     1.14     8.03
1879    4    11.48    10.89
1879    5    50.96    15.09
1879    6    44.29    19.08
1879    7     0.00    26.53
1879    8     5.86    23.56
1879    9    39.17    19.26
1879   10    26.16    15.41
1879   11    30.71     8.79
1879   12    58.42     3.69
1880    1    50.20     1.25
1880    2    34.22     4.15
1880    3    68.27     5.12
1880    4    19.07     9.92
1880    5    30.08    16.39
1880    6    32.86    19.59
1880    7    25.85    23.03
1880    8    36.12    24.20
1880    9    55.36    18.52
1880   10    93.62    11.22
1880   11    30.91     5.38
1880   12    28.66     3.59
1881    1    54.63     0.34
1881    2    46.11     4.33
1881    3    27.87     6.65
1881    4    79.07     8.61
1881    5    18.36    14.61
1881    6     7.64    19.11
1881    7     0.90    22.97
1881    8    82.87    20.91
1881    9    51.87    19.27
1881   10    15.36    13.39
1881   11    99.23     7.55
1881   12    43.02     6.38
1882    1    50.11     1.64
1882    2    46.39     2.11
1882    3    26.61     6.51
1882    4    25.99    10.61
1882    5    92.67    13.19
1882    6     7.68    21.41
1882    7     0.33    26.25
1882    8    37.90    21.43
1882    9    16.02    17.27
1882   10     7.42    14.70
1882   11    84.71     8.83
1882   12    61.98     3.52
1883    1    64.04     3.29
1883    2    24.31     4.50
1883    3    18.70     5.92
1883    4    62.99     8.18
1883    5    46.77    13.54
1883    6    29.03    20.95
1883    7     5.97    23.18
1883    8     9.44    23.02
1883    9    20.04    18.74
1883   10   117.45    11.26
1883   11    16.57     7.87
1883   12    19.07     4.28
1884    1    44.69     0.30
1884    2     9.60     4.92
1884    3    15.64     7.77
1884    4    55.80     9.53
1884    5    27.75    15.38
1884    6    16.52    18.79
1884    7     3.14    23.30
1884    8     3.42    24.50
1884    9    85.11    18.37
1884   10    76.69    13.10
1884   11    27.14     6.91
1884   12    58.54     2.39
1885    1    39.27     4.20
1885    2    33.73     3.10
1885    3    66.95     4.92
1885    4    88.22     8.55
1885    5    17.68    16.76
1885    6     4.88    22.06
1885    7     6.23    22.56
1885    8    77.32    21.62
1885    9    11.66    20.01
1885   10    66.53    12.77
1885   11    55.85     7.11
1885   12    73.73     2.06
1886    1    12.82     1.41
1886    2    29.10     4.17
1886    3    17.61     7.22
1886    4    61.99     9.16
1886    5     8.98    17.45
1886    6    35.49    19.88
1886    7    10.78    24.71
1886    8    15.90    24.04
1886    9    55.69    20.29
1886   10    28.37    14.53
1886   11    15.06     8.90
1886   12    46.44     5.04
1887    1    30.07     3.95
1887    2    99.14     3.17
1887    3    15.29     8.44
1887    4     9.69    11.18
1887    5     6.73    19.19
1887    6    14.11    22.78
1887    7    22.18    25.28
1887    8     1.15    24.47
1887    9    54.64    18.39
1887   10    28.10    13.87
1887   11    66.43     6.61
1887   12    13.68     4.65
1888    1    40.38     3.60
1888    2    68.21     1.94
1888    3    57.75     5.00
1888    4    40.34     7.10
1888    5     6.66    14.73
1888    6    13.48    21.64
1888    7    62.97    21.41
1888    8    58.66    23.93
1888    9    56.95    20.11
1888   10    78.63    14.73
1888   11    10.20     8.80
1888   12    66.67     4.53
1889    1    25.11     2.33
1889    2     6.79     5.51
1889    3    18.58     8.12
1889    4    98.95     6.42
1889    5    44.72    11.85
1889    6     4.51    20.80
1889    7    65.76    21.13
1889    8     0.00    24.43
1889    9    54.25    20.72
1889   10   114.03    14.56
1889   11    81.55     8.60
1889   12    63.00     3.21
1890    1    38.18     2.47
1890    2     8.84     4.59
1890    3    48.80     3.94
1890    4    36.33     8.39
1890    5    47.57    12.38
1890    6    19.08    20.38
1890    7     0.04    24.48
1890    8     0.03    26.91
1890    9   106.11    18.45
1890   10    45.50    13.81
1890   11    43.42     7.38
1890   12     6.02     5.96
1891    1    22.32     0.98
1891    2    19.58     3.01
1891    3    39.66     7.64
1891    4    36.24    11.73
1891    5    36.90    14.80
1891    6   148.86    17.48
1891    7    15.56    23.98
1891    8    59.00    23.14
1891    9    83.25    16.79
1891   10    62.24    13.22
1891   11    81.65     8.14
1891   12    28.60     7.13
1892    1    23.33     1.85
1892    2    53.99     2.09
1892    3    45.07     2.59
1892    4    21.99     9.38
1892    5   107.81    13.59
1892    6    29.34    19.48
1892    7     0.25    24.44
1892    8     7.26    23.73
1892    9   180.29    16.13
1892   10   177.16    10.52
1892   11   126.03     5.00
1892   12    31.56     4.28
1893    1    45.07     0.84
1893    2    22.32     3.36
1893    3    40.06     6.34
1893    4    25.03    12.84
1893    5     0.01    18.23
1893    6     5.22    22.59
1893    7     9.69    24.67
1893    8     0.19    25.52
1893    9    89.98    20.16
1893   10    22.98    13.42
1893   11    22.30     8.96
1893   12    12.34     5.50
1894    1    20.57     1.52
1894    2    44.45     2.60
1894    3    23.49     5.62
1894    4    43.26     7.05
1894    5    14.28    19.00
1894    6    18.18    19.22
1894    7     2.45    25.30
1894    8     1.63    22.90
1894    9    39.10    17.73
1894   10    52.44    12.70
1894   11    75.63     7.51
1894   12    30.67     3.49
1895    1    57.64     1.69
1895    2    76.43    -1.67
1895    3    62.73     7.35
1895    4    63.93     9.20
1895    5     6.21    16.71
1895    6     0.69    22.28
1895    7     0.04    25.34
1895    8     5.63    24.44
1895    9    36.44    19.53
1895   10     0.07    13.92
1895   11     9.12     9.02
1895   12    29.43     3.87
1896    1    65.88    -0.43
1896    2    45.89     3.07
1896    3    44.63     5.38
1896    4     3.33    13.21
1896    5    21.09    19.37
1896    6     0.84    23.68
1896    7    17.38    25.49
1896    8     0.82    23.84
1896    9     4.94    20.72
1896   10   129.93    13.26
1896   11    95.04     6.19
1896   12    21.20     4.79
1897    1     9.61     5.33
1897    2    52.54     3.01
1897    3    43.24     6.31
1897    4    12.36    13.79
1897    5    30.45    15.84
1897    6     0.26    22.98
1897    7    27.69    24.01
1897    8     0.08    25.00
1897    9    17.22    21.04
1897   10    31.15    12.56
1897   11    48.59     9.09
1897   12    30.75     4.20
1898    1    43.32     1.34
1898    2    54.85     1.62
1898    3     8.29     7.38
1898    4    25.77    10.16
1898    5     8.38    16.62
1898    6     9.91    20.91
1898    7    23.69    23.78
1898    8    14.69    23.64
1898    9    17.34    17.98
1898   10    36.18    12.55
1898   11    45.88     8.55
1898   12    18.17     5.65
1899    1    88.21     0.67
1899    2    45.11     3.01
1899    3    94.06     2.24
1899    4    56.87     9.10
1899    5    31.22    14.52
1899    6     6.59    21.51
1899    7     2.34    24.22
1899    8    33.24    20.28
1899    9    50.65    18.19
1899   10   231.76    13.20
1899   11    17.95    10.50
1899   12    38.87     5.13
1900    1    60.39    -0.45
1900    2    40.53     3.45
1900    3    39.73     5.17
1900    4    18.46    13.28
1900    5    28.68    15.52
1900    6    84.16    20.39
1900    7    57.70    23.32
1900    8     4.46    24.67
1900    9    21.04    18.44
1900   10    74.84    12.86
1900   11    50.94     5.10
1900   12    13.95     2.87
1901    1    47.17     3.39
1901    2    46.82     0.30
1901    3    92.83     0.37
1901    4    51.39    10.52
1901    5    80.61    13.97
1901    6     6.04    23.10
1901    7    84.94    22.63
1901    8     0.01    24.45
1901    9    10.37    20.51
1901   10   167.80    11.97
1901   11    48.34     6.90
1901   12    69.94     3.69
1902    1    41.69     1.81
1902    2    54.16     2.15
1902    3     7.68     6.34
1902    4    41.51    11.65
1902    5    35.68    15.79
1902    6    15.51    21.02
1902    7     1.45    26.29
1902    8     2.23    24.54
1902    9    93.12    17.96
1902   10   116.40    13.50
1902   11    51.05     5.88
1902   12    22.97     5.76
1903    1    21.60     4.27
1903    2    38.04     1.08
1903    3    21.95     5.91
1903    4    54.07     9.89
1903    5    21.24    14.71
1903    6    40.88    20.05
1903    7    53.23    22.57
1903    8    25.31    22.15
1903    9     0.25    20.71
1903   10    55.69    13.20
1903   11    74.65     9.63
1903   12    35.42     3.10
1904    1    63.15     1.85
1904    2    56.17     0.15
1904    3    12.33     3.19
1904    4    18.83    11.47
1904    5     2.19    16.47
1904    6     5.95    21.19
1904    7    27.46    22.47
1904    8    18.10    23.07
1904    9    57.65    20.67
1904   10    31.55    14.64
1904   11    12.66     7.86
1904   12    21.75     3.96
1905    1    29.12     3.38
1905    2    65.86     1.61
1905    3    23.94     5.69
1905    4    16.05     9.07
1905    5    24.28    14.88
1905    6    30.05    19.92
1905    7   106.03    20.70
1905    8    29.49    21.15
1905    9     7.56    21.07
1905   10    42.51    15.85
1905   11     8.01     9.10
1905   12    33.69     5.12
1906    1     8.70     4.81
1906    2    25.91     3.69
1906    3    27.33     6.08
1906    4    76.02     8.22
1906    5    48.20    15.07
1906    6     2.81    22.27
1906    7     6.68    25.46
1906    8    15.36    23.92
1906    9     8.34    19.55
1906   10   214.84    10.61
1906   11    75.46     5.76
1906   12    32.45     5.62
1907    1    59.59     3.97
1907    2    42.89     2.96
1907    3    39.76     6.50
1907    4   154.90     4.88
1907    5    36.57    11.47
1907    6     1.30    21.37
1907    7     7.60    23.48
1907    8    24.73    22.95
1907    9    87.09    16.40
1907   10    45.79    13.76
1907   11    39.52     7.58
1907   12    38.04     1.83
1908    1    15.04     4.44
1908    2    59.09     2.64
1908    3    23.91     7.24
1908    4    13.26     9.33
1908    5     3.36    17.74
1908    6    34.29    19.06
1908    7     1.12    25.58
1908    8    55.11    23.40
1908    9     7.28    19.08
1908   10     6.97    15.69
1908   11    55.01     9.19
1908   12    31.49     6.60
1909    1    55.97     1.51
1909    2    29.84     1.36
1909    3    57.89     3.85
1909    4    18.26    11.69
1909    5    38.30    17.26
1909    6     4.33    20.37
1909    7    45.73    21.63
1909    8    10.46    22.28
1909    9    17.96    20.42
1909   10    15.75    15.02
1909   11    37.40    10.10
1909   12    90.91     3.64
1910    1    32.12     1.63
1910    2    21.34    -0.79
1910    3    76.17     2.92
1910    4    24.47    10.73
1910    5    33.62    14.31
1910    6     7.10    21.44
1910    7     7.20    23.56
1910    8     7.92    22.96
1910    9     1.04    21.23
1910   10    37.93    14.82
1910   11    62.11     6.98
1910   12     9.16     5.44
1911    1     5.81     5.64
1911    2    15.12     4.69
1911    3    88.30     4.22
1911    4    26.44     9.37
1911    5     8.01    17.87
1911    6     8.76    20.30
1911    7     9.77    26.14
1911    8    29.80    23.63
1911    9    47.79    19.54
1911   10    38.12    15.52
1911   11    63.05     8.41
1911   12    35.51     2.92
1912    1    68.56     0.65
1912    2    22.47     4.92
1912    3    98.31     4.06
1912    4    12.10     8.64
1912    5    20.27    14.71
1912    6     8.59    22.99
1912    7    48.65    22.60
1912    8     9.64    24.25
1912    9    83.48    17.39
1912   10    72.72    12.58
1912   11    25.91     6.46
1912   12    37.31     2.08
1913    1    42.63     1.12
1913    2     6.15     4.75
1913    3    25.02     5.54
1913    4     1.41    10.42
1913    5     0.13    16.26
1913    6     5.74    20.06
1913    7    22.26    25.64
1913    8    33.82    21.40
1913    9     3.70    20.86
1913   10     5.58    16.20
1913   11    26.78     9.85
1913   12    38.07     2.46
1914    1    38.65     2.02
1914    2    20.71     0.61
1914    3    63.17     3.50
1914    4    49.74     9.39
1914    5    37.41    14.09
1914    6    14.09    22.01
1914    7    38.93    23.09
1914    8     9.32    23.51
1914    9    66.66    20.16
1914   10   106.33    14.06
1914   11    60.30    10.01
1914   12     5.83     4.63
1915    1    46.86     2.89
1915    2    54.37     1.03
1915    3    17.27     7.08
1915    4    20.22    12.68
1915    5    39.29    15.59
1915    6    73.17    18.74
1915    7     4.01    24.43
1915    8     7.15    23.16
1915    9    40.44    19.22
1915   10    19.30    13.23
1915   11    14.03    10.43
1915   12    61.99     4.90
1916    1   105.77    -1.57
1916    2    17.18     2.25
1916    3    20.59     8.02
1916    4    34.56    10.44
1916    5    14.26    17.08
1916    6    38.91    20.53
1916    7    18.47    23.98
1916    8     4.26    23.36
1916    9    23.13    19.00
1916   10    41.18    13.82
1916   11    74.53     7.14
1916   12     6.48     6.48
1917    1    57.19     1.26
1917    2    31.58    -0.67
1917    3     2.46     7.59
1917    4    16.78    13.36
1917    5    20.32    15.68
1917    6    29.88    20.68
1917    7     8.21    25.23
1917    8     1.86    24.83
1917    9    11.36    22.49
1917   10    27.95    13.86
1917   11    23.88     7.44
1917   12    21.35     4.66
1918    1    92.43    -0.13
1918    2    28.75    -1.30
1918    3    67.81     2.50
1918    4    21.46     9.09
1918    5    16.05    16.14
1918    6    18.56    20.16
1918    7    19.01    22.83
1918    8    37.63    21.59
1918    9     3.76    17.89
1918   10    49.16    13.45
1918   11    88.95     8.12
1918   12    70.75     3.47
1919    1    49.16     0.58
1919    2    27.84     2.65
1919    3    18.29     6.06
1919    4    31.06    10.33
1919    5    11.72    16.11
1919    6    74.10    20.95
1919    7    13.88    24.90
1919    8     0.00    24.91
1919    9     6.67    19.50
1919   10    46.13    15.03
1919   11    27.98     7.13
1919   12    41.07     4.41
1920    1    41.97     0.50
1920    2    20.79     3.53
1920    3    10.17     8.23
1920    4    37.92     8.49
1920    5    66.12    13.41
1920    6    11.17    21.87
1920    7     6.21    24.92
1920    8    25.49    24.99
1920    9    12.55    21.45
1920   10    63.05    14.92
1920   11    54.63     8.85
1920   12    67.41     5.07
1921    1    44.58     1.07
1921    2    22.17     1.94
1921    3    12.91     5.16
1921    4    16.55    12.14
1921    5    56.58    13.57
1921    6     4.93    22.52
1921    7     5.36    24.45
1921    8     2.08    22.41
1921    9     6.60    18.60
1921   10    37.45    12.18
1921   11    47.79     8.98
1921   12    82.30     4.69
1922    1    34.71     2.13
1922    2    31.29     4.01
1922    3    37.53     4.77
1922    4    15.10    11.25
1922    5    20.04    15.81
1922    6     5.96    21.77
1922    7    11.64    24.06
1922    8    66.49    21.76
1922    9    95.33    17.67
1922   10    75.20    13.63
1922   11    31.78     8.67
1922   12    25.36     1.34
1923    1    25.60     1.73
1923    2    32.14     3.28
1923    3    15.85     6.54
1923    4    37.04     7.54
1923    5    25.22    15.07
1923    6    40.23    20.02
1923    7    32.33    23.08
1923    8     7.20    23.36
1923    9    62.17    19.53
1923   10    58.99    12.87
1923   11    60.71     6.86
1923   12    30.02     4.98
1924    1    21.80     2.78
1924    2    44.82     1.65
1924    3    26.15     4.96
1924    4    34.65     9.41
1924    5    27.09    15.37
1924    6     6.95    21.89
1924    7    14.19    24.85
1924    8     5.96    22.53
1924    9    25.29    22.04
1924   10    27.79    13.82
1924   11    39.38     9.11
1924   12    22.41     6.44
1925    1    30.23     3.29
1925    2    26.22     4.43
1925    3    13.81     7.03
1925    4    89.47     6.51
1925    5     5.52    16.84
1925    6    15.66    22.26
1925    7    14.30    23.05
1925    8     0.34    24.92
1925    9    87.99    19.43
1925   10     4.42    13.93
1925   11    19.59     9.07
1925   12    61.28     2.41
1926    1    20.77     2.30
1926    2    42.17     3.01
1926    3    22.96     5.40
1926    4    46.95     9.40
1926    5    16.65    16.34
1926    6    18.16    20.12
1926    7     5.21    24.83
1926    8     0.60    23.64
1926    9     2.03    22.01
1926   10    25.90    12.93
1926   11    38.20     6.12
1926   12    26.79     3.47
1927    1     7.64     3.83
1927    2    13.38     6.72
1927    3    63.41     5.77
1927    4    23.29     9.69
1927    5    16.71    15.76
1927    6     2.30    23.53
1927    7    61.15    23.64
1927    8     4.92    24.98
1927    9     9.21    20.06
1927   10    24.72    14.38
1927   11    17.22    12.29
1927   12    58.35     1.66
1928    1    25.35     1.91
1928    2    22.91     4.02
1928    3    40.70     6.70
1928    4    27.89     8.89
1928    5    17.54    14.82
1928    6    34.01    20.82
1928    7    32.71    24.14
1928    8    16.56    21.59
1928    9     2.30    19.55
1928   10    16.22    15.42
1928   11    33.04     8.28
1928   12    36.25     5.46
1929    1    66.25     3.03
1929    2    37.49     3.37
1929    3    47.14     5.77
1929    4    29.97    10.05
1929    5     9.66    16.25
1929    6    54.79    17.76
1929    7     1.33    24.71
1929    8     8.75    21.80
1929    9    44.21    17.47
1929   10    49.41    13.73
1929   11   109.71     8.80
1929   12    69.30     4.32
1930    1    38.25     2.29
1930    2    15.62     4.54
1930    3    67.71     2.85
1930    4    24.44    10.37
1930    5    18.68    16.06
1930    6     6.71    21.66
1930    7    23.97    24.40
1930    8    25.53    23.61
1930    9    83.01    18.53
1930   10    28.05    12.71
1930   11    56.30     6.78
1930   12    52.51     2.65
1931    1    69.88     0.48
1931    2    56.00     2.50
1931    3    43.22     6.38
1931    4    27.82    11.49
1931    5    29.29    12.33
1931    6    12.05    21.46
1931    7    23.29    25.37
1931    8    11.18    23.54
1931    9    15.89    20.23
1931   10    38.61    14.26
1931   11    27.02     9.04
1931   12    69.10     3.22
1932    1    83.42    -0.53
1932    2    16.76     3.70
1932    3    47.87     4.90
1932    4    36.04    11.58
1932    5     9.49    14.71
1932    6    11.46    22.96
1932    7    16.65    24.36
1932    8     1.76    24.20
1932    9    36.21    16.40
1932   10    65.46    13.12
1932   11    43.13     7.45
1932   12    68.99     2.64
1933    1    25.45     1.54
1933    2    29.31     1.87
1933    3    15.23     5.78
1933    4    64.64    10.31
1933    5    58.55    15.50
1933    6    12.23    21.34
1933    7     0.16    25.01
1933    8     2.40    23.19
1933    9    42.60    20.03
1933   10    95.89    11.93
1933   11    67.68     8.43
1933   12    15.76     5.63
1934    1     2.17     5.59
1934    2    17.04     6.50
1934    3    56.32     4.45
1934    4    64.33     8.72
1934    5    47.33    14.64
1934    6     6.67    21.99
1934    7    29.91    23.58
1934    8    10.67    23.41
1934    9    90.55    17.53
1934   10    77.57    11.01
1934   11    23.46     8.03
1934   12    42.61     4.04
1935    1    40.19     3.25
1935    2    30.25     3.55
1935    3    24.13     6.72
1935    4    39.34     9.53
1935    5    77.34    15.87
1935    6     0.16    21.48
1935    7     0.00    26.00
1935    8     3.90    24.78
1935    9    51.72    19.21
1935   10    67.70    13.25
1935   11    36.54     6.58
1935   12    49.78     2.98
1936    1    65.40     0.25
1936    2    23.18     1.01
1936    3    20.42     4.31
1936    4    30.94    11.53
1936    5    67.12    15.56
1936    6    51.52    20.90
1936    7     0.23    24.56
1936    8    11.43    21.54
1936    9    57.14    17.90
1936   10    27.54    12.64
1936   11    31.42     9.32
1936   12    65.05     5.20
1937    1    37.66     2.46
1937    2    62.59    -0.54
1937    3     8.08     5.86
1937    4    43.03     7.62
1937    5    90.45    14.07
1937    6    23.31    19.57
1937    7     7.30    23.35
1937    8    14.12    23.20
1937    9     3.69    20.42
1937   10    51.79    16.00
1937   11    52.91     7.51
1937   12    15.51     2.67
1938    1    34.27     2.01
1938    2    10.91     2.23
1938    3    15.00     7.65
1938    4    73.63     8.95
1938    5     3.02    14.67
1938    6    34.45    19.33
1938    7    38.88    23.91
1938    8    33.58    24.06
1938    9    96.95    18.18
1938   10   110.32    10.08
1938   11    86.05     7.12
1938   12    24.60     4.26
1939    1    45.45     0.34
1939    2    56.00     3.43
1939    3    51.79     1.66
1939    4     8.22    11.14
1939    5    20.74    15.76
1939    6    28.68    19.97
1939    7     0.00    25.60
1939    8    30.57    25.08
1939    9    51.80    19.93
1939   10    83.75    12.93
1939   11    63.16     7.82
1939   12    74.93     3.82
1940    1    43.31     0.51
1940    2    13.61     3.47
1940    3    67.39     4.21
1940    4    64.32    10.08
1940    5     9.05    16.52
1940    6     0.09    21.11
1940    7    10.31    22.22
1940    8    29.75    25.20
1940    9    48.60    19.56
1940   10     3.29    17.84
1940   11    56.64    10.87
1940   12    42.74     4.34
1941    1    48.61     0.65
1941    2    34.46     2.36
1941    3    14.56     5.14
1941    4    58.60     8.33
1941    5    39.00    15.47
1941    6    24.01    22.38
1941    7     2.41    23.85
1941    8    53.32    23.47
1941    9    10.65    18.59
1941   10    36.17    15.27
1941   11    25.01     6.64
1941   12    58.81     3.11
1942    1    48.40     3.24
1942    2    45.98     3.26
1942    3    13.59     7.40
1942    4    35.59    11.38
1942    5    61.95    15.78
1942    6    17.94    20.17
1942    7     7.17    24.69
1942    8    57.92    21.36
1942    9    51.04    19.32
1942   10   126.88    15.94
1942   11    60.31     6.98
1942   12    88.01     1.69
1943    1    50.20     2.87
1943    2    59.23     1.60
1943    3    19.20     7.14
1943    4    34.21    11.20
1943    5     3.97    16.89
1943    6    14.04    19.78
1943    7    23.19    24.53
1943    8     5.93    24.32
1943    9    51.17    22.12
1943   10    82.19    14.14
1943   11    40.18     6.76
1943   12    47.82     2.14
1944    1    28.65     3.27
1944    2    46.16     2.96
1944    3    73.75     2.57
1944    4    19.80    10.77
1944    5    38.25    17.17
1944    6     1.77    22.85
1944    7   103.89    21.36
1944    8    20.81    20.30
1944    9    31.51    19.31
1944   10    58.94    13.82
1944   11    34.50     6.09
1944   12    16.45     4.31
1945    1    12.24     3.29
1945    2    34.54     3.38
1945    3    25.93     5.44
1945    4    31.71     8.93
1945    5    49.39    14.47
1945    6    33.15    20.00
1945    7     2.37    25.68
1945    8    22.21    24.45
1945    9    56.40    16.05
1945   10    27.27    12.32
1945   11    19.15     9.14
1945   12    39.53     4.02
1946    1     4.31     4.28
1946    2    35.93     5.48
1946    3    19.15     2.19
1946    4    32.22    11.32
1946    5    30.09    16.26
1946    6    11.31    21.91
1946    7     0.26    25.90
1946    8     6.30    28.14
1946    9    89.01    19.53
1946   10    62.40    13.65
1946   11     1.46     7.62
1946   12    34.39     7.05
1947    1     8.85     4.01
1947    2    36.31     2.61
1947    3    63.25     3.81
1947    4    70.99    13.34
1947    5    75.34    13.89
1947    6    34.96    19.09
1947    7     2.04    25.07
1947    8    12.95    26.10
1947    9     5.50    20.98
1947   10    68.63    14.57
1947   11    38.46     8.55
1947   12    43.13     4.70
1948    1    17.52     2.63
1948    2    33.14     5.46
1948    3    25.84     7.17
1948    4    13.48    10.15
1948    5    33.37    14.58
1948    6    13.66    22.33
1948    7     2.87    25.64
1948    8     0.05    25.17
1948    9    95.34    19.50
1948   10   126.99    13.02
1948   11    38.11     9.72
1948   12    21.42     6.67
1949    1    43.27     4.22
1949    2     3.01     4.09
1949    3    31.84     6.47
1949    4    49.34     8.82
1949    5    22.85    14.72
1949    6     2.92    22.37
1949    7    25.43    25.44
1949    8    92.38    24.06
1949    9    67.20    17.68
1949   10   129.82    13.97
1949   11    45.55     9.47
1949   12    69.36     4.48
1950    1    38.51     2.84
1950    2    53.25     1.73
1950    3    29.88     4.64
1950    4    30.82    11.85
1950    5    15.92    17.35
1950    6     0.00    23.19
1950    7     5.84    25.38
1950    8     2.77    23.72
1950    9    13.90    21.88
1950   10    36.87    14.97
1950   11   124.83     9.13
1950   12    48.68     3.65
1951    1    58.99    -0.17
1951    2    13.80     2.69
1951    3    56.57     5.69
1951    4    30.45    10.72
1951    5    45.06    13.68
1951    6     2.06    23.39
1951    7    32.33    24.86
1951    8     0.01    24.44
1951    9    88.12    16.85
1951   10   182.85    12.69
1951   11    13.22     9.30
1951   12     3.29     5.17
1952    1    18.85     5.74
1952    2    15.52     4.79
1952    3    50.46     6.46
1952    4    22.47     7.33
1952    5    38.40    13.54
1952    6    23.24    20.38
1952    7    14.22    23.16
1952    8    40.57    22.12
1952    9     7.93    20.55
1952   10   130.12    13.31
1952   11    22.45    10.00
1952   12   110.30     1.47
1953    1    40.84     2.68
1953    2    53.63     1.99
1953    3    37.45     7.64
1953    4    16.57     8.35
1953    5    63.74    13.43
1953    6    25.12    18.74
1953    7     4.46    24.56
1953    8    18.57    24.84
1953    9    88.09    19.97
1953   10    45.82    13.98
1953   11    57.64     7.20
1953   12    36.46     4.17
1954    1    28.76     2.63
1954    2    24.90     2.81
1954    3    37.65     3.73
1954    4   118.05     9.57
1954    5    16.64    15.75
1954    6    14.73    22.36
1954    7     0.05    25.71
1954    8    33.54    23.34
1954    9    36.28    18.15
1954   10    37.96    13.50
1954   11    20.87     9.45
1954   12    97.71     4.44
1955    1    44.56     1.46
1955    2    30.05     5.42
1955    3    75.03     0.48
1955    4     0.22    12.05
1955    5    38.26    16.39
1955    6    26.00    20.33
1955    7     0.89    24.24
1955    8    29.39    23.37
1955    9    25.95    17.67
1955   10   136.74    12.07
1955   11    16.52     6.88
1955   12    47.55     3.74
1956    1    14.47     3.03
1956    2    25.21     5.48
1956    3     7.83     7.23
1956    4    69.57     5.00
1956    5    23.56    14.79
1956    6    44.18    19.43
1956    7     6.75    22.64
1956    8     3.96    25.47
1956    9    31.07    16.78
1956   10    14.85    14.30
1956   11    81.17     9.86
1956   12    58.79     6.53
1957    1    49.16     4.59
1957    2    86.77     1.56
1957    3    51.01     2.44
1957    4    90.60     9.04
1957    5    68.38    11.60
1957    6     0.00    23.31
1957    7    62.43    23.55
1957    8    21.34    23.96
1957    9    94.38    19.11
1957   10    99.42    11.87
1957   11    29.09     9.99
1957   12    23.56     4.47
1958    1    71.53     1.45
1958    2    33.74     3.81
1958    3    34.62     3.69
1958    4    26.39    11.47
1958    5    88.05    16.41
1958    6     9.21    21.20
1958    7    13.88    25.00
1958    8    33.34    23.35
1958    9    81.82    15.41
1958   10     6.85    15.04
1958   11    51.32    10.20
1958   12    25.97     5.62
1959    1    23.99     2.26
1959    2    35.44     4.81
1959    3    44.66     7.20
1959    4    13.52    10.01
1959    5    14.85    14.83
1959    6    16.79    21.42
1959    7    26.75    24.21
1959    8    56.32    23.48
1959    9   104.78    19.08
1959   10    34.76    15.87
1959   11   146.20     8.14
1959   12    31.67     4.64
1960    1    37.05     1.67
1960    2    28.24     2.48
1960    3    18.05     6.35
1960    4    42.91    12.85
1960    5    18.46    16.45
1960    6    17.56    22.24
1960    7   105.63    23.01
1960    8    12.13    20.70
1960    9    22.98    19.36
1960   10    18.99    14.87
1960   11    58.16     6.71
1960   12    37.19     3.18
1961    1    25.58     2.49
1961    2    70.62     1.50
1961    3    23.43     6.02
1961    4    51.59    10.01
1961    5    31.03    13.77
1961    6    34.64    20.72
1961    7     6.55    23.81
1961    8     5.82    22.99
1961    9    65.07    18.38
1961   10    32.13    14.30
1961   11    34.57     8.14
1961   12    61.17     5.09
1962    1    72.95     2.11
1962    2    25.35     1.59
1962    3    17.73     4.14
1962    4    38.33    10.79
1962    5     3.80    17.13
1962    6    29.29    20.38
1962    7     1.27    25.66
1962    8    31.41    22.62
1962    9    28.95    17.99
1962   10    15.29    12.63
1962   11    39.97     7.92
1962   12    47.99     3.71
1963    1     8.42     1.01
1963    2    41.41     2.75
1963    3    40.42     5.71
1963    4    66.71     8.30
1963    5     1.88    16.02
1963    6    29.11    19.02
1963    7     7.24    23.89
1963    8    10.59    23.32
1963    9    28.70    21.01
1963   10    50.59    13.26
1963   11   122.88     3.66
1963   12    29.64     3.33
1964    1    42.37     1.81
1964    2    10.75     4.79
1964    3    85.25     3.67
1964    4     2.21    11.70
1964    5    54.48    17.08
1964    6    35.53    18.77
1964    7     1.70    24.89
1964    8     0.00    24.01
1964    9    73.37    17.74
1964   10    61.59    14.13
1964   11    74.59     8.97
1964   12    45.85     5.17
1965    1    46.17     2.93
1965    2    21.77     4.43
1965    3    25.71     3.86
1965    4     9.78    13.43
1965    5    73.31    15.11
1965    6    29.00    19.52
1965    7     0.85    24.92
1965    8     5.72    22.66
1965    9    46.30    18.70
1965   10    19.29    15.06
1965   11    46.19     5.51
1965   12    52.81     4.23
1966    1    44.24     1.26
1966    2    45.70     0.90
1966    3    22.29     5.51
1966    4    32.28     8.04
1966    5    25.56    16.21
1966    6    30.43    20.67
1966    7     2.03    22.52
1966    8    16.23    23.07
1966    9    15.51    19.13
1966   10    55.78    14.10
1966   11   122.56     6.71
1966   12    70.71     3.37
1967    1    19.84     2.70
1967    2    16.36     5.96
1967    3    25.37     7.46
1967    4    60.86     9.49
1967    5    39.90    15.51
1967    6    21.31    19.36
1967    7    89.88    20.88
1967    8    26.48    21.83
1967    9    35.18    18.94
1967   10    52.36    13.51
1967   11    31.13     8.27
1967   12    33.58     4.19
1968    1    28.08     2.67
1968    2    20.58     5.86
1968    3    37.11     5.21
1968    4    33.82    10.57
1968    5    39.87    15.15
1968    6     9.05    20.04
1968    7    81.56    22.52
1968    8     0.33    24.85
1968    9    27.53    19.56
1968   10    76.61    15.69
1968   11    51.52     8.97
1968   12    63.22     5.14
1969    1    38.19     2.90
1969    2    47.90     1.68
1969    3    44.58     5.99
1969    4    17.93    11.14
1969    5    20.06    16.87
1969    6     9.50    21.87
1969    7     0.00    25.74
1969    8     8.93    23.96
1969    9    74.67    19.18
1969   10    84.22    14.21
1969   11    60.85     6.03
1969   12    67.31     3.00
1970    1    49.63     0.90
1970    2    14.37     3.62
1970    3    25.62     4.38
1970    4    92.57     8.12
1970    5    10.44    14.83
1970    6     3.03    22.52
1970    7     1.38    22.84
1970    8     0.27    23.83
1970    9   112.64    19.08
1970   10    25.81    12.80
1970   11    43.79     8.50
1970   12    49.25     3.90
1971    1     5.92     4.04
1971    2    42.28     1.82
1971    3    15.43     5.47
1971    4    84.44     9.61
1971    5    67.66    16.09
1971    6    48.14    20.40
1971    7    29.99    22.97
1971    8     0.27    23.82
1971    9    43.98    19.25
1971   10    47.87    12.23
1971   11    33.24     6.11
1971   12    14.15     4.17
1972    1    24.27     1.44
1972    2    23.57     3.09
1972    3    20.14     5.04
1972    4    43.84     7.20
1972    5    76.62    11.78
1972    6     1.80    20.28
1972    7    33.36    21.95
1972    8    15.95    23.79
1972    9    71.48    18.07
1972   10    88.67    10.51
1972   11    49.80     8.86
1972   12    12.18     5.59
1973    1    49.09     3.37
1973    2    47.46     0.03
1973    3    34.59     6.70
1973    4    34.61     8.14
1973    5    47.14    12.31
1973    6     6.73    19.21
1973    7    41.43    23.48
1973    8    13.35    24.73
1973    9    25.02    19.46
1973   10    38.33    11.62
1973   11     5.82     9.96
1973   12    74.09     4.02
1974    1    38.90     1.64
1974    2    49.21     4.22
1974    3    19.65     6.43
1974    4    31.06    11.37
1974    5    65.34    14.69
1974    6    11.62    19.89
1974    7     2.55    24.93
1974    8     0.76    25.79
1974    9   132.66    18.24
1974   10     8.10    15.79
1974   11   141.20     8.25
1974   12    64.88     5.67
1975    1    49.42     4.62
1975    2    84.20     3.62
1975    3    23.67     5.51
1975    4    31.86    10.60
1975    5    48.12    15.14
1975    6    37.54    20.94
1975    7    46.02    23.66
1975    8    55.21    20.65
1975    9    33.55    20.11
1975   10    20.43    14.96
1975   11    45.34     8.82
1975   12    72.89     3.61
1976    1    52.30     1.99
1976    2    48.50    -0.84
1976    3    56.93     4.67
1976    4    36.27     9.98
1976    5    30.01    15.43
1976    6     9.76    21.25
1976    7    45.26    23.74
1976    8    36.98    23.62
1976    9    66.72    17.57
1976   10    44.29    13.46
1976   11    18.74     7.63
1976   12    21.42     3.47
1977    1    72.56    -0.54
1977    2    27.29     4.57
1977    3    54.40     3.82
1977    4    39.26    10.57
1977    5    66.06    16.46
1977    6     8.95    21.51
1977    7     1.45    25.09
1977    8     3.68    26.54
1977    9     9.69    20.87
1977   10    85.71    12.81
1977   11    92.91     6.35
1977   12    31.63     2.22
1978    1    32.58     1.84
1978    2    29.90     3.22
1978    3    11.73     4.73
1978    4    58.36    10.91
1978    5    26.76    15.73
1978    6    10.60    18.42
1978    7    13.65    22.74
1978    8     3.66    23.79
1978    9    23.69    18.57
1978   10    75.33    14.77
1978   11    14.89    10.72
1978   12    43.40     5.24
1979    1    30.22     4.51
1979    2    50.23     1.49
1979    3    62.85     4.62
1979    4   125.02     7.04
1979    5    11.59    16.45
1979    6     5.20    21.94
1979    7     2.45    26.91
1979    8    23.09    23.29
1979    9     1.65    21.37
1979   10    51.01    15.59
1979   11    35.76     8.33
1979   12    40.72     4.07
1980    1    27.52     2.84
1980    2    68.89    -0.01
1980    3    19.13     4.58
1980    4    22.92    10.19
1980    5    71.53    14.33
1980    6     8.38    21.32
1980    7     0.00    26.51
1980    8    11.49    25.10
1980    9    32.61    18.38
1980   10    32.66    14.19
1980   11     5.46     8.62
1980   12    78.50     1.78
1981    1    17.23     3.62
1981    2    20.05     4.91
1981    3    47.56     5.04
1981    4    47.81     7.75
1981    5    21.12    15.65
1981    6     0.83    22.28
1981    7     1.23    25.46
1981    8     3.96    24.02
1981    9    61.90    20.43
1981   10    23.38    13.39
1981   11    12.57     8.84
1981   12    44.22     5.00
1982    1    55.51    -0.75
1982    2    22.08     3.18
1982    3    32.18     7.37
1982    4    30.73    10.70
1982    5    50.69    14.40
1982    6     9.39    20.85
1982    7     0.00    26.33
1982    8    21.42    21.33
1982    9    49.49    18.65
1982   10    50.82    11.87
1982   11    73.85     5.37
1982   12    28.68     5.05
1983    1    18.17     2.53
1983    2    28.59     4.50
1983    3    41.82     4.86
1983    4    50.19    11.27
1983    5    43.39    14.55
1983    6     5.97    20.07
1983    7     0.77    25.58
1983    8    22.25    24.25
1983    9    22.12    19.50
1983   10    53.15    12.49
1983   11    24.88     9.03
1983   12    61.23     5.79
1984    1    43.55     4.59
1984    2    25.60     4.59
1984    3    21.67     5.82
1984    4    48.29    11.68
1984    5     5.04    16.02
1984    6     5.79    22.65
1984    7    10.28    25.45
1984    8    15.83    25.63
1984    9    68.55    20.91
1984   10    49.04    14.47
1984   11    74.09     8.31
1984   12     6.71     6.59
1985    1    31.33     4.36
1985    2    55.21     1.54
1985    3    16.90     7.26
1985    4    38.39     8.66
1985    5    58.70    17.61
1985    6    19.84    21.73
1985    7     3.40    26.83
1985    8    15.26    26.06
1985    9    13.80    21.52
1985   10    62.18    15.48
1985   11    65.48     7.82
1985   12    16.00     4.19
1986    1    58.06     3.05
1986    2    32.17     0.70
1986    3    69.99     3.60
1986    4    25.31     8.95
1986    5    67.67    14.54
1986    6    55.72    21.27
1986    7    23.30    23.32
1986    8    20.30    23.48
1986    9    13.51    20.97
1986   10    20.67    14.98
1986   11    12.79     6.08
1986   12    40.63     3.15
1987    1    28.75     5.17
1987    2    48.73     2.91
1987    3     9.44     4.40
1987    4    80.88     5.28
1987    5     6.86    15.28
1987    6     5.30    23.18
1987    7     0.10    24.49
1987    8    23.30    24.06
1987    9    71.39    20.73
1987   10   152.11    14.58
1987   11    39.28     8.56
1987   12    36.74     3.94
1988    1    18.68     4.49
1988    2    18.00     2.22
1988    3    12.18     6.13
1988    4     7.28    12.86
1988    5    90.21    16.63
1988    6     2.11    21.66
1988    7     5.19    24.05
1988    8    29.32    23.11
1988    9    74.51    18.83
1988   10    80.31    13.00
1988   11    48.60     8.42
1988   12    71.56     1.49
1989    1    53.27     0.81
1989    2    31.76     3.27
1989    3    57.11     5.27
1989    4    37.78    11.35
1989    5    82.32    17.08
1989    6     2.68    23.47
1989    7     9.41    25.17
1989    8     5.23    23.93
1989    9    78.35    19.64
1989   10    64.64    12.08
1989   11    51.63     8.17
1989   12    45.22     3.46
1990    1    66.07    -0.42
1990    2    43.36     2.54
1990    3    94.42     5.84
1990    4    18.34    11.17
1990    5    56.02    16.65
1990    6    10.94    20.96
1990    7     1.09    25.46
1990    8     7.51    22.97
1990    9    44.68    20.39
1990   10    45.28    12.74
1990   11    29.65     4.90
1990   12    51.93     2.67
1991    1    47.48     0.79
1991    2    69.64     0.18
1991    3    72.64     2.91
1991    4    24.86    10.47
1991    5    30.76    17.22
1991    6    22.56    20.02
1991    7     0.23    26.43
1991    8    10.99    24.18
1991    9    84.63    17.68
1991   10    38.16     9.99
1991   11    66.24     7.73
1991   12    27.35     5.72
1992    1    44.17     3.80
1992    2    12.65     4.61
1992    3    11.97     7.67
1992    4     5.69    13.97
1992    5    38.97    15.97
1992    6    14.79    20.50
1992    7    16.31    23.63
1992    8     5.44    23.48
1992    9     9.43    20.19
1992   10     9.27    14.07
1992   11    47.70     9.50
1992   12    59.12     1.59
1993    1    37.65    -0.22
1993    2    19.20     2.82
1993    3    13.63     4.13
1993    4    20.40     8.10
1993    5    21.65    15.33
1993    6     1.67    22.49
1993    7    12.18    24.65
1993    8     0.01    23.39
1993    9    26.77    19.55
1993   10   114.97    11.49
1993   11    17.23     7.40
1993   12    39.56     3.60
1994    1    16.95     2.35
1994    2    56.73     1.14
1994    3    66.31     5.95
1994    4     8.08    11.42
1994    5    34.07    14.82
1994    6     8.21    21.03
1994    7    31.99    25.37
1994    8     6.78    23.92
1994    9    36.44    18.34
1994   10    20.68    12.17
1994   11    88.60     4.56
1994   12    20.29     5.14
1995    1     5.52     3.43
1995    2    34.74     2.98
1995    3    43.51     5.62
1995    4    35.51    11.91
1995    5    33.00    15.02
1995    6    32.65    22.37
1995    7     3.39    25.38
1995    8     0.78    23.50
1995    9    43.93    20.46
1995   10    68.96    13.07
1995   11    50.09     7.50
1995   12    19.06     4.10
1996    1    54.40     1.22
1996    2    27.29     0.09
1996    3    53.40     8.24
1996    4    54.72    10.89
1996    5    24.55    14.17
1996    6     4.90    21.31
1996    7     0.47    25.66
1996    8    23.64    26.81
1996    9    72.55    17.79
1996   10    51.14    14.62
1996   11   150.42     6.34
1996   12    25.19     4.77
1997    1    15.62     5.39
1997    2    15.43     4.53
1997    3    41.52     6.97
1997    4    23.29    10.39
1997    5    34.82    13.93
1997    6     0.53    21.39
1997    7    15.56    23.55
1997    8    15.77    22.58
1997    9     0.38    21.03
1997   10    92.91    13.20
1997   11    62.00     7.48
1997   12    66.21     3.73
1998    1    35.29     2.73
1998    2    17.63     5.01
1998    3    34.19     8.14
1998    4    49.16     9.36
1998    5    14.00    17.94
1998    6     6.62    21.22
1998    7    37.58    25.05
1998    8     3.80    23.37
1998    9    30.62    16.25
1998   10   127.95    12.03
1998   11     2.04     7.89
1998   12    53.96     3.43
1999    1    42.40     1.96
1999    2     8.05     1.84
1999    3    41.50     5.84
1999    4    34.12    12.49
1999    5    35.14    17.75
1999    6     9.17    22.86
1999    7    23.07    24.55
1999    8     0.00    25.91
1999    9     5.14    20.62
1999   10    73.22    13.84
1999   11    79.62     7.99
1999   12    10.49     5.22
2000    1    44.51     5.36
2000    2    64.44     2.29
2000    3    54.63     2.07
2000    4    35.95    11.58
2000    5     9.19    16.66
2000    6    89.29    20.27
2000    7    22.16    23.23
2000    8     0.87    25.82
2000    9    34.45    20.71
2000   10    54.89    14.06
2000   11    96.44     6.14
2000   12    21.31     6.75
2001    1    36.21     4.81
2001    2    22.62     6.51
2001    3    52.71     5.37
2001    4    21.47    12.88
2001    5    78.23    15.65
2001    6    19.03    20.80
2001    7    12.16    25.28
2001    8    33.97    24.01
2001    9    18.78    17.72
2001   10   122.02    15.35
2001   11    68.48     8.56
2001   12    81.89     5.01
2002    1    38.44     3.80
2002    2    28.38     2.99
2002    3    35.06     4.44
2002    4    50.71     8.40
2002    5    56.27    15.16
2002    6    39.53    21.58
2002    7    10.87    23.51
2002    8     7.75    23.89
2002    9     0.00    22.88
2002   10    68.14    16.45
2002   11    27.66     8.61
2002   12    51.21     3.77
2003    1    26.29     4.16
2003    2    36.71     1.95
2003    3    34.30     6.06
2003    4     6.01    13.39
2003    5    35.86    16.19
2003    6    24.28    20.39
2003    7    28.14    24.95
2003    8     1.24    25.68
2003    9    16.34    21.79
2003   10    50.32    13.12
2003   11    54.58     6.71
2003   12    41.79     3.95
2004    1    38.64     2.78
2004    2    30.46     2.44
2004    3    73.94     2.47
2004    4    47.33     9.00
2004    5    91.89    15.07
2004    6     9.93    22.47
2004    7    37.27    24.96
2004    8     7.61    25.60
2004    9     4.73    20.11
2004   10    18.29    15.29
2004   11    46.81     8.95
2004   12    63.50     5.37
2005    1    74.73     2.03
2005    2    93.20    -1.04
2005    3    69.52     5.51
2005    4    44.93     8.42
2005    5    45.22    17.25
2005    6    25.16    21.79
2005    7    59.89    24.64
2005    8   120.93    21.57
2005    9    70.07    18.31
2005   10    76.92    15.19
2005   11    46.79     8.11
2005   12    90.07     2.39
