2006    1   108.79    -0.25
2006    2    85.19     1.25
2006    3    93.20     0.42
2006    4    71.77     5.59
2006    5    82.87    11.00
2006    6    80.52    17.84
2006    7    63.43    24.60
2006    8    39.44    20.55
2006    9    77.28    13.43
2006   10    84.61     4.92
2006   11    72.15     0.47
2006   12    66.21     0.36
2007    1   113.58    -1.52
2007    2    57.05     0.99
2007    3    55.91     4.00
2007    4   101.70     5.79
2007    5    84.72     8.73
2007    6   119.15    14.43
2007    7    61.06    20.78
2007    8    41.70    23.14
2007    9    77.23    15.54
2007   10    25.34     7.81
2007   11    92.03     3.99
2007   12    71.48    -0.53
2008    1   111.62    -2.28
2008    2    53.80    -0.86
2008    3    87.84     3.38
2008    4    93.19     7.35
2008    5   103.37     9.68
2008    6    75.99    17.10
2008    7    75.14    22.80
2008    8    36.00    21.28
2008    9    47.71    16.93
2008   10    69.57    10.61
2008   11    71.17     3.52
2008   12    61.86     0.55
2009    1    75.91    -0.18
2009    2    52.40    -1.96
2009    3    52.18     5.79
2009    4   138.83     4.20
2009    5    53.62    13.46
2009    6    81.21    16.96
2009    7    79.22    21.53
2009    8    34.35    23.78
2009    9    48.98    17.06
2009   10    65.26     9.85
2009   11   114.71     2.53
2009   12   164.47     2.71
2010    1    67.04     1.87
2010    2    85.22    -1.29
2010    3    82.06     4.22
2010    4    68.06     6.67
2010    5   120.58    11.05
2010    6    81.74    18.76
2010    7    66.91    21.95
2010    8    31.10    25.34
2010    9    37.19    15.85
2010   10    28.28    13.52
2010   11   110.25     2.56
2010   12    92.05    -0.09
2011    1    63.36    -1.29
2011    2    54.51     0.19
2011    3    91.59     4.20
2011    4   145.49     5.12
2011    5    52.75    14.32
2011    6    36.09    19.63
2011    7    38.03    22.28
2011    8    27.70    22.60
2011    9    30.47    18.70
2011   10    62.65    11.68
2011   11    70.40     7.42
2011   12    60.12    -3.97
2012    1   105.62    -3.23
2012    2    91.74    -2.34
2012    3    98.10     3.66
2012    4    45.78     8.42
2012    5   103.01    12.10
2012    6    85.97    14.69
2012    7    36.24    23.50
2012    8    43.24    21.67
2012    9    32.28    15.95
2012   10    66.75    12.37
2012   11   112.19     2.75
2012   12    39.18     0.58
2013    1    87.03    -0.50
2013    2    30.33    -1.07
2013    3    83.99     3.26
2013    4    65.91     5.30
2013    5   127.54    10.06
2013    6   111.40    16.53
2013    7    44.70    21.24
2013    8    24.47    26.16
2013    9    28.31    16.80
2013   10    55.58     8.09
2013   11   103.22     4.65
2013   12    96.43     2.84
2014    1   119.65     2.17
2014    2    83.06    -1.45
2014    3   103.60     4.40
2014    4    93.59     7.45
2014    5    63.36    13.89
2014    6    36.11    19.60
2014    7    72.48    22.01
2014    8    34.67    23.51
2014    9    45.80    16.90
2014   10    19.72     9.44
2014   11    74.65     2.53
2014   12    43.29     0.37
2015    1    55.86    -0.35
2015    2    37.71     3.01
2015    3    34.14     7.81
2015    4    45.69    11.96
2015    5   130.32    13.35
2015    6    63.19    16.85
2015    7    35.88    24.55
2015    8    44.23    24.04
2015    9    25.80    18.95
2015   10   104.52    12.43
2015   11   107.42     2.91
2015   12   111.96    -0.53
2016    1    94.84     0.74
2016    2    71.76    -2.04
2016    3    58.97     4.48
2016    4    44.40     8.64
2016    5    88.37    11.28
2016    6    62.83    19.91
2016    7    41.89    23.00
2016    8    30.60    22.70
2016    9    46.28    16.87
2016   10   130.14     6.29
2016   11   108.49     2.72
2016   12   128.89    -0.21
2017    1    99.09     0.83
2017    2    81.55    -3.44
2017    3    55.34     2.99
2017    4   125.66     3.72
2017    5    91.54    11.52
2017    6    61.68    19.84
2017    7    78.58    21.03
2017    8    41.76    22.56
2017    9    59.77    16.04
2017   10   122.57    10.27
2017   11    70.45     4.09
2017   12    41.55     3.03
2018    1    82.85    -4.96
2018    2    32.09     1.12
2018    3    31.08     4.84
2018    4    91.27     9.60
2018    5    74.11    13.63
2018    6   130.08    16.60
2018    7    32.58    24.59
2018    8    37.23    23.99
2018    9    43.17    17.29
2018   10    71.49     8.94
2018   11   101.77     1.30
2018   12    46.86     0.80
2019    1    34.39    -1.18
2019    2    67.95    -3.60
2019    3    81.83     1.33
2019    4    77.80     2.25
2019    5    59.63    13.66
2019    6    80.89    17.65
2019    7    65.85    22.15
2019    8    21.24    25.11
2019    9    41.38    18.50
2019   10    58.36    10.19
2019   11    80.03     3.06
2019   12   106.44    -2.66
2020    1   118.33     1.41
2020    2    78.61     1.10
2020    3    89.68     1.91
2020    4    89.12     6.82
2020    5    57.73    13.69
2020    6    75.45    18.88
2020    7    56.05    25.33
2020    8    37.36    23.11
2020    9    37.23    17.67
2020   10    23.95    11.10
2020   11    65.36     1.68
2020   12   100.15    -4.61
2021    1    95.09    -2.67
2021    2    29.00     0.13
2021    3   101.37     5.76
2021    4   133.71     4.24
2021    5    88.33    12.72
2021    6   126.00    15.34
2021    7    48.52    21.86
2021    8    48.78    22.46
2021    9    40.24    19.22
2021   10    58.35    10.51
2021   11   128.11     4.03
2021   12   114.02    -1.50
2022    1    72.62     1.79
2022    2    59.89     0.63
2022    3   103.01     0.95
2022    4    85.31     6.27
2022    5    90.80    10.65
2022    6    68.85    17.69
2022    7    83.75    22.31
2022    8    24.00    22.00
2022    9    93.31    15.10
2022   10    87.72     9.51
2022   11    62.76     3.11
2022   12    56.45     2.52
2023    1    53.03    -0.31
2023    2    73.60     2.54
2023    3    83.50     2.82
2023    4   152.97     7.20
2023    5   107.43    11.86
2023    6    80.66    16.88
2023    7    60.67    20.89
2023    8    31.69    24.47
2023    9    29.32    17.49
2023   10    79.17     9.77
2023   11   110.94     4.08
2023   12   117.71     3.40
2024    1    70.76     0.57
2024    2    83.95     3.28
2024    3    84.78     5.07
2024    4   128.92     5.09
2024    5    64.65    12.80
2024    6    89.62    17.45
2024    7    80.96    20.91
2024    8    56.65    21.64
2024    9    38.69    16.98
2024   10    98.40     7.84
2024   11    56.66     1.87
2024   12    66.02     1.28
2025    1    88.54    -4.47
2025    2    35.60     0.71
2025    3    76.96     4.54
2025    4   158.76     7.87
2025    5    75.26    11.68
2025    6   250.64    17.41
2025    7    88.62    21.93
2025    8    38.89    22.62
2025    9    32.82    15.42
2025   10    62.59     9.17
2025   11    39.75     8.49
2025   12    38.04     2.86
2026    1    68.59    -1.20
2026    2   157.12     1.45
2026    3   133.06     3.12
2026    4   114.00     7.41
2026    5   104.06    12.97
2026    6    76.49    20.11
2026    7    54.39    24.39
2026    8    40.83    26.31
2026    9    25.78    18.36
2026   10    38.87    12.25
2026   11    82.85     4.21
2026   12   105.75     0.43
2027    1    81.42    -0.54
2027    2    93.25     1.33
2027    3    71.88     3.57
2027    4   104.09     4.59
2027    5   163.00    10.78
2027    6   133.25    15.66
2027    7    71.19    21.76
2027    8    22.77    23.30
2027    9   125.13    17.98
2027   10    83.17     4.66
2027   11    50.12     1.04
2027   12    72.89     1.81
2028    1    73.64     4.46
2028    2    91.06     1.84
2028    3   131.13     0.41
2028    4    93.29     6.02
2028    5    92.68    10.54
2028    6    75.40    19.52
2028    7    55.66    22.97
2028    8    41.21    23.43
2028    9    39.69    18.10
2028   10    93.70    12.40
2028   11    53.83     4.18
2028   12    74.28     2.36
2029    1    52.68     1.57
2029    2    49.30     0.44
2029    3    33.49     5.40
2029    4    71.61    10.05
2029    5    88.84    13.62
2029    6   109.26    17.83
2029    7    55.41    21.50
2029    8    27.27    23.92
2029    9    27.31    19.57
2029   10   101.81     7.36
2029   11    91.97     4.76
2029   12    51.58     0.49
2030    1    72.01    -1.67
2030    2    48.77     1.81
2030    3   101.82     3.54
2030    4    52.51     8.46
2030    5   102.85    13.04
2030    6   139.60    17.41
2030    7    39.73    23.64
2030    8    27.92    22.89
2030    9    51.48    16.47
2030   10   137.17     7.73
2030   11    49.13     2.54
2030   12    72.51     0.80
2031    1    56.88    -1.62
2031    2    19.66     3.59
2031    3    76.83     5.43
2031    4    87.61     8.11
2031    5   103.32    14.62
2031    6    97.38    18.13
2031    7    67.25    20.88
2031    8    34.44    24.02
2031    9    45.59    15.22
2031   10    73.66     8.28
2031   11   123.26     3.39
2031   12    44.22     2.19
2032    1   101.40    -0.47
2032    2    91.14    -1.43
2032    3    72.33     3.51
2032    4    97.14     4.66
2032    5   140.74    11.09
2032    6   114.29    18.23
2032    7    35.86    23.73
2032    8    35.98    25.23
2032    9    13.03    18.16
2032   10    45.90    10.79
2032   11    94.26     4.89
2032   12    41.80     4.32
2033    1    69.02     0.21
2033    2    96.19    -0.63
2033    3    59.42     2.62
2033    4   107.63     7.67
2033    5    93.17    10.13
2033    6    72.50    17.45
2033    7    60.18    21.83
2033    8    22.23    23.96
2033    9    43.25    16.77
2033   10    42.61     7.94
2033   11    88.29     4.65
2033   12    30.24     0.20
2034    1    68.96    -1.23
2034    2    60.36    -1.56
2034    3    67.06     0.94
2034    4   158.71     5.59
2034    5    31.91    13.64
2034    6    36.79    19.83
2034    7    80.53    21.30
2034    8     8.02    22.86
2034    9    21.50    18.26
2034   10    41.58    10.67
2034   11    22.82     0.80
2034   12    59.09    -1.20
2035    1   119.92    -0.51
2035    2   102.21    -4.47
2035    3    57.35     4.54
2035    4   100.15     9.15
2035    5    94.31    13.32
2035    6    55.62    17.85
2035    7    46.48    21.98
2035    8    69.92    21.88
2035    9    63.26    17.01
2035   10    66.24     6.29
2035   11    86.51     0.09
2035   12    91.68     0.83
2036    1    65.79     0.56
2036    2    74.06     2.92
2036    3   111.28     3.14
2036    4   102.67     6.51
2036    5    83.20    15.53
2036    6   105.17    19.62
2036    7    28.21    24.40
2036    8    40.78    20.43
2036    9    39.62    18.71
2036   10    96.39     7.60
2036   11    89.74     6.00
2036   12    88.13    -2.67
2037    1    92.61     1.12
2037    2    94.91    -4.96
2037    3    89.37     0.18
2037    4    49.21     7.54
2037    5    87.89    10.84
2037    6    64.92    17.58
2037    7    53.38    21.63
2037    8    32.26    23.74
2037    9    13.68    19.71
2037   10    57.30    10.55
2037   11    74.40     3.41
2037   12   147.91     1.04
2038    1   119.31    -0.72
2038    2    47.71    -0.32
2038    3    45.16     4.10
2038    4    49.31     9.39
2038    5   178.31    12.23
2038    6    66.02    19.22
2038    7    55.32    24.58
2038    8    15.03    25.27
2038    9    31.05    20.04
2038   10    61.64     7.25
2038   11    84.86     4.59
2038   12    83.86    -1.47
2039    1    65.32    -0.59
2039    2    47.20    -0.43
2039    3   127.42     3.71
2039    4    72.16     4.38
2039    5   102.45    11.41
2039    6   123.45    17.70
2039    7    45.37    22.83
2039    8    49.93    22.85
2039    9    35.01    19.32
2039   10    72.12     9.49
2039   11    57.51     2.83
2039   12    87.78     0.08
2040    1    76.14    -1.65
2040    2    68.80    -1.37
2040    3    58.69     5.22
2040    4   126.55     6.27
2040    5    77.28    11.08
2040    6    65.81    17.73
2040    7    51.56    25.29
2040    8    37.03    23.55
2040    9    60.01    16.77
2040   10    73.04     8.88
2040   11    62.76     2.83
2040   12   122.79     3.01
2041    1    99.43     0.73
2041    2    73.29     1.24
2041    3    86.31     3.45
2041    4   132.10     5.07
2041    5    47.50    14.28
2041    6    54.37    18.68
2041    7    44.10    23.07
2041    8    38.40    23.22
2041    9    42.73    14.90
2041   10    43.28    11.35
2041   11   123.67     1.85
2041   12    85.54    -5.25
2042    1    88.28    -2.52
2042    2    73.57    -4.77
2042    3    71.11     3.31
2042    4    37.83    11.29
2042    5   103.10    13.78
2042    6    81.22    17.74
2042    7    77.92    21.11
2042    8    41.57    23.06
2042    9    83.88    17.26
2042   10    83.24    10.68
2042   11    78.51     6.83
2042   12    59.74     3.47
2043    1    83.73     2.14
2043    2   124.06    -2.29
2043    3    88.79     0.80
2043    4    79.46     8.83
2043    5   150.43    13.38
2043    6    89.32    17.71
2043    7    43.44    23.66
2043    8    27.90    26.03
2043    9    30.81    19.95
2043   10   105.39     9.37
2043   11    68.76     0.58
2043   12    84.14     0.19
2044    1    67.82     2.04
2044    2    93.11     3.32
2044    3   113.02     3.18
2044    4   106.71     5.44
2044    5    77.57    12.92
2044    6    94.12    16.83
2044    7    47.27    23.03
2044    8    30.48    23.28
2044    9    85.71    19.13
2044   10    89.40     7.91
2044   11    89.94     1.77
2044   12    74.45     2.78
2045    1   132.90    -1.19
2045    2    51.68     0.30
2045    3    60.98     4.84
2045    4    92.88     8.38
2045    5   142.95    12.82
2045    6    56.51    18.25
2045    7    40.93    22.85
2045    8    33.23    23.17
2045    9    34.69    22.11
2045   10    74.64     6.00
2045   11    86.94     2.93
2045   12    64.97     1.59
2046    1    82.33     1.77
2046    2    98.82    -0.17
2046    3    42.52     1.89
2046    4   111.00     5.78
2046    5    93.53    12.72
2046    6   246.83    16.13
2046    7    50.45    24.97
2046    8     7.82    26.43
2046    9    63.69    18.51
2046   10    81.11    11.63
2046   11    60.90     1.78
2046   12    70.92     0.62
2047    1   108.61     1.51
2047    2    97.99    -1.88
2047    3    61.35     2.88
2047    4    78.10     7.75
2047    5   142.81     9.60
2047    6    48.03    21.47
2047    7    61.86    23.24
2047    8    43.94    24.02
2047    9    29.71    18.12
2047   10    64.42    12.85
2047   11    58.28     4.96
2047   12    47.67     2.50
2048    1    74.40    -3.88
2048    2    74.61    -0.51
2048    3    63.79     3.51
2048    4   127.24     9.02
2048    5    72.02    13.96
2048    6    66.49    20.11
2048    7    63.21    21.84
2048    8    42.51    24.17
2048    9   131.98    14.12
2048   10    64.17     6.94
2048   11    49.82     6.77
2048   12    69.57    -0.45
2049    1    52.57     0.36
2049    2    94.83     3.64
2049    3   134.04     4.80
2049    4   139.13     3.80
2049    5   118.29    11.90
2049    6    78.39    18.32
2049    7    67.73    23.56
2049    8    53.36    23.32
2049    9    22.44    20.14
2049   10    96.70    11.66
2049   11    50.49     5.36
2049   12    33.08     1.09
2050    1   110.28    -3.51
2050    2    96.31     2.13
2050    3   144.08     2.79
2050    4   131.05     6.74
2050    5    89.94    13.24
2050    6    67.72    18.88
2050    7    42.98    22.46
2050    8    35.84    25.16
2050    9    48.97    19.15
2050   10    33.71    12.37
2050   11   111.47     5.43
2050   12    35.61     1.90
2051    1   103.27     0.90
2051    2    39.87     4.71
2051    3   137.65     4.66
2051    4   117.75     7.47
2051    5    34.62    13.73
2051    6    83.94    20.67
2051    7    48.21    22.85
2051    8    25.56    22.76
2051    9    48.35    19.56
2051   10    77.97     7.71
2051   11    67.31     2.39
2051   12    97.99     2.66
2052    1    77.63    -1.79
2052    2    69.23     0.34
2052    3   123.43     4.90
2052    4    81.18     7.93
2052    5    94.80    13.08
2052    6    54.55    18.99
2052    7    43.99    23.46
2052    8    57.78    23.04
2052    9    38.73    16.85
2052   10    76.18    10.24
2052   11    56.17     6.34
2052   12   109.54     0.66
2053    1   110.96     3.21
2053    2   101.86     1.99
2053    3    99.73     3.85
2053    4   110.92     7.82
2053    5    67.71    12.22
2053    6    82.88    19.26
2053    7    44.75    22.96
2053    8    31.06    23.75
2053    9    50.53    18.33
2053   10    73.88     8.09
2053   11    85.46     4.64
2053   12   131.60     0.44
2054    1    72.21    -2.59
2054    2    61.17    -2.87
2054    3    43.71     1.87
2054    4   179.31     5.71
2054    5   114.88    11.60
2054    6    64.66    19.33
2054    7    62.25    22.69
2054    8    31.03    25.02
2054    9   116.70    16.64
2054   10    51.94    10.43
2054   11    49.60     6.40
2054   12   126.01    -0.18
2055    1    61.63     0.81
2055    2    63.75     4.97
2055    3    35.83     6.96
2055    4   102.45     9.17
2055    5   157.17    11.25
2055    6    72.65    22.12
2055    7    25.17    24.16
2055    8    42.57    24.91
2055    9    13.44    19.80
2055   10    31.49    12.47
2055   11    82.52     4.40
2055   12    45.08     3.98
2056    1    89.67     1.44
2056    2    81.73     0.76
2056    3    96.03     2.33
2056    4   129.07     7.36
2056    5    65.40    13.11
2056    6    82.66    19.68
2056    7    72.17    22.52
2056    8    30.86    22.15
2056    9    36.97    16.05
2056   10    26.17    10.57
2056   11   109.72     2.56
2056   12    88.88    -0.54
2057    1    34.91     0.23
2057    2   106.87    -1.60
2057    3    49.76     4.73
2057    4    70.03     7.34
2057    5   121.90    11.96
2057    6    83.83    19.60
2057    7    71.18    23.91
2057    8    43.00    22.72
2057    9    50.87    20.01
2057   10    38.12    13.70
2057   11    23.62     7.65
2057   12    86.30     0.88
2058    1    75.02     1.67
2058    2    42.92     0.02
2058    3    80.63     4.33
2058    4   121.03     8.72
2058    5   111.44    11.48
2058    6    63.10    19.59
2058    7    74.60    23.76
2058    8    80.13    23.31
2058    9    46.01    17.70
2058   10    56.55    11.90
2058   11    91.00     3.86
2058   12    52.01    -1.75
2059    1    97.64     0.33
2059    2   100.25     1.35
2059    3    81.71     2.83
2059    4   143.99     6.30
2059    5    99.89    14.06
2059    6    48.24    20.28
2059    7    35.63    25.21
2059    8    70.76    23.71
2059    9    29.59    22.16
2059   10   112.45    12.54
2059   11    74.85     6.58
2059   12   102.24     0.52
2060    1    75.68     3.13
2060    2    63.07     5.96
2060    3   114.92     5.59
2060    4   130.22     5.96
2060    5   118.82     9.92
2060    6    85.59    18.60
2060    7    43.54    23.01
2060    8    39.49    24.09
2060    9    29.04    18.29
2060   10    22.40    13.17
2060   11    78.55     6.60
2060   12    97.06     2.83
2061    1    67.55    -6.33
2061    2    54.04     0.93
2061    3    71.48     6.17
2061    4    64.10    11.48
2061    5    60.47    12.97
2061    6    61.34    22.28
2061    7    68.06    23.96
2061    8    21.88    26.42
2061    9    14.50    21.93
2061   10    40.92    10.79
2061   11    34.89     6.38
2061   12    82.00     2.21
2062    1    73.61    -0.10
2062    2    49.96     1.20
2062    3    67.70     5.37
2062    4    87.58     8.42
2062    5    65.85    15.95
2062    6   122.24    18.26
2062    7    29.35    25.17
2062    8    62.86    24.56
2062    9    92.74    15.10
2062   10    28.32    11.30
2062   11    47.35     4.59
2062   12    74.24     1.34
2063    1    51.25    -0.26
2063    2    67.13     2.82
2063    3    96.72     4.73
2063    4    85.33     7.29
2063    5    66.73    12.17
2063    6    79.52    18.30
2063    7    62.90    24.48
2063    8    39.73    23.27
2063    9    46.15    17.70
2063   10    54.60    11.21
2063   11    52.30     3.10
2063   12   111.39     1.41
2064    1    93.31     1.85
2064    2    30.60     2.19
2064    3    69.98     1.60
2064    4   109.43     8.38
2064    5    73.46    12.22
2064    6    16.65    22.64
2064    7    52.69    25.50
2064    8    34.07    24.85
2064    9    43.53    18.20
2064   10    63.16     9.88
2064   11    60.20     3.33
2064   12    51.26     1.19
2065    1    48.79    -3.27
2065    2    72.82     3.03
2065    3    53.65     3.81
2065    4    48.21    10.05
2065    5    77.40    15.84
2065    6    47.00    22.31
2065    7    62.11    24.44
2065    8    26.69    26.54
2065    9    19.32    20.18
2065   10    56.58     9.42
2065   11    57.44     2.41
2065   12   102.22     1.63
2066    1    83.39     3.12
2066    2    38.37     1.72
2066    3    95.98     2.47
2066    4    88.39     6.83
2066    5    64.23    14.09
2066    6   110.61    17.85
2066    7    45.01    25.14
2066    8    14.41    25.72
2066    9    76.40    18.14
2066   10    65.76     9.37
2066   11    81.40     6.80
2066   12   103.37     1.30
2067    1    96.47     1.15
2067    2    20.78     4.98
2067    3    55.58     3.77
2067    4    69.73     6.77
2067    5    82.60    14.10
2067    6   114.12    17.39
2067    7    40.98    23.45
2067    8    17.48    24.19
2067    9    25.52    17.37
2067   10    47.56    11.29
2067   11    58.57     1.99
2067   12   105.86     2.77
2068    1    46.05     1.68
2068    2    74.29     0.32
2068    3   133.62     3.29
2068    4    75.83     7.27
2068    5   127.99    12.62
2068    6    45.17    20.78
2068    7    36.75    25.09
2068    8    47.55    25.08
2068    9    61.11    20.50
2068   10    62.78    10.97
2068   11    98.05     0.55
2068   12    91.20     3.40
2069    1    24.52     1.15
2069    2    54.04     3.13
2069    3    91.87     3.78
2069    4   124.59     7.65
2069    5   128.89    10.67
2069    6   201.33    16.12
2069    7    39.72    24.98
2069    8    35.29    26.05
2069    9    48.84    15.45
2069   10    41.26     8.96
2069   11   116.19     4.62
2069   12   104.79     0.36
2070    1   129.86    -1.78
2070    2    61.57     2.27
2070    3    26.66     7.79
2070    4    35.66     7.85
2070    5    51.43    14.13
2070    6   103.42    18.57
2070    7    37.50    26.09
2070    8    44.10    24.10
2070    9    58.16    17.55
2070   10   126.46     8.08
2070   11    74.14     5.15
2070   12    42.83     2.78
2071    1    42.05    -0.86
2071    2   104.41     3.48
2071    3    61.55     7.11
2071    4    84.29     6.72
2071    5    76.23    13.09
2071    6    82.20    16.90
2071    7    56.00    24.33
2071    8    46.85    21.70
2071    9    78.95    17.32
2071   10    29.47     9.49
2071   11    63.53     4.51
2071   12    45.84     2.53
2072    1    48.65    -4.71
2072    2    79.32     3.34
2072    3   127.96     1.49
2072    4    97.48    11.89
2072    5    83.58    16.07
2072    6    65.87    19.39
2072    7    38.91    24.50
2072    8    34.36    26.53
2072    9    39.30    18.42
2072   10    71.52    10.04
2072   11    40.74     7.04
2072   12    20.14    -1.68
2073    1    55.01    -1.66
2073    2    87.72    -1.49
2073    3    55.66     8.23
2073    4    93.60     9.40
2073    5   101.81    12.37
2073    6    75.50    19.64
2073    7    39.69    24.58
2073    8    52.93    23.19
2073    9    69.08    16.48
2073   10    48.37    12.24
2073   11    84.61     5.02
2073   12    87.39     2.48
2074    1   102.02    -1.35
2074    2   108.05    -3.73
2074    3   105.26     3.05
2074    4   134.21     4.32
2074    5    59.88    14.43
2074    6    74.71    20.07
2074    7    35.39    25.01
2074    8    40.40    23.00
2074    9    20.46    19.29
2074   10    61.05    10.69
2074   11    47.99     5.43
2074   12    30.69     3.21
2075    1    81.75    -1.47
2075    2    64.80     1.58
2075    3    26.69     8.74
2075    4    72.49     9.70
2075    5    48.25    16.36
2075    6    54.97    21.83
2075    7    34.54    27.84
2075    8    74.41    23.69
2075    9    58.19    16.80
2075   10    62.93    10.84
2075   11    58.94     7.19
2075   12    99.56     4.25
2076    1    76.62    -2.74
2076    2    89.38     3.75
2076    3    76.11     4.68
2076    4    50.84    10.15
2076    5    46.82    14.51
2076    6   101.57    16.90
2076    7    29.05    24.52
2076    8    17.36    23.63
2076    9    38.48    20.77
2076   10    38.08    12.76
2076   11    64.57     3.78
2076   12   146.98     3.40
2077    1   116.90     0.16
2077    2    38.97     2.37
2077    3   110.38     3.48
2077    4    36.73    10.23
2077    5   118.96    14.67
2077    6    68.25    18.60
2077    7    48.29    26.56
2077    8    19.96    27.34
2077    9    46.29    19.37
2077   10   171.67    12.01
2077   11    56.86     3.51
2077   12    79.98     4.45
2078    1    22.05     3.40
2078    2    54.93     1.11
2078    3    52.60     5.54
2078    4   143.91     7.21
2078    5    50.91    14.47
2078    6    49.53    21.33
2078    7    47.90    24.58
2078    8    72.84    23.73
2078    9    28.90    17.36
2078   10    88.99    11.07
2078   11    64.44     8.12
2078   12   122.14     0.95
2079    1   123.11     0.84
2079    2    74.70     0.49
2079    3    93.93     3.46
2079    4   141.05     8.56
2079    5    98.85    13.63
2079    6    51.91    19.66
2079    7    59.57    23.36
2079    8     9.46    25.53
2079    9    37.97    19.74
2079   10    45.40    12.05
2079   11    24.19     8.34
2079   12   151.72     3.46
2080    1    91.34    -4.77
2080    2    87.34     0.87
2080    3    87.74     3.43
2080    4   137.59     5.63
2080    5   158.71    12.95
2080    6    51.24    20.16
2080    7    54.15    24.46
2080    8    43.97    24.16
2080    9    43.22    20.04
2080   10    14.40    13.18
2080   11    69.82     6.26
2080   12    32.08     2.18
2081    1    87.26     1.29
2081    2    79.97     2.33
2081    3   118.58    -0.90
2081    4    33.87    10.54
2081    5   103.30    12.93
2081    6    72.71    20.46
2081    7    69.27    22.69
2081    8    19.53    24.77
2081    9    49.55    16.46
2081   10    80.58     8.83
2081   11    90.19     2.53
2081   12    61.58     1.43
2082    1    81.78     2.84
2082    2    83.98     3.51
2082    3    69.64     5.08
2082    4   131.14     8.68
2082    5   140.76    11.33
2082    6    68.89    20.39
2082    7    41.47    23.97
2082    8    35.27    24.11
2082    9    17.14    21.11
2082   10    64.28    10.05
2082   11    87.63     4.83
2082   12    70.87     0.86
2083    1    79.97    -0.34
2083    2    34.52     1.10
2083    3    72.06     4.52
2083    4   116.66     6.64
2083    5   115.03    11.04
2083    6    48.34    18.83
2083    7    16.24    26.15
2083    8    45.95    23.15
2083    9    24.72    20.06
2083   10    54.69    11.35
2083   11    78.49     6.88
2083   12    54.31    -0.48
2084    1    81.02    -0.55
2084    2    68.62     3.48
2084    3    95.66     3.47
2084    4   140.69     5.51
2084    5   129.10    10.27
2084    6    67.25    15.90
2084    7    55.98    24.97
2084    8    11.73    27.48
2084    9    51.87    18.04
2084   10    53.20    11.72
2084   11    88.38     5.85
2084   12    77.02     1.48
2085    1    60.12     0.64
2085    2    61.35    -3.71
2085    3    72.91     5.33
2085    4    74.36    11.65
2085    5   103.72    12.16
2085    6    43.05    22.86
2085    7    56.78    25.65
2085    8    37.39    25.12
2085    9    34.88    16.61
2085   10    54.24    11.60
2085   11    54.51     4.92
2085   12    63.02    -1.97
2086    1    53.70    -0.19
2086    2    34.95     2.96
2086    3    80.65     4.75
2086    4    29.34    10.34
2086    5    95.47    14.30
2086    6    68.73    21.58
2086    7    36.94    25.23
2086    8    20.41    25.65
2086    9    31.34    19.99
2086   10   119.00     6.93
2086   11    20.09     3.27
2086   12    50.03     1.64
2087    1    75.46     1.29
2087    2    32.05     0.82
2087    3    81.84     5.19
2087    4    86.62     7.08
2087    5    73.52    13.52
2087    6    85.32    18.12
2087    7    44.14    25.16
2087    8    34.68    26.17
2087    9    37.46    15.78
2087   10    57.83    10.72
2087   11    44.88     5.27
2087   12    77.55    -0.20
2088    1    41.57    -0.43
2088    2    68.12     5.04
2088    3    49.53     6.60
2088    4    73.92     8.56
2088    5    55.23    15.06
2088    6    59.05    17.77
2088    7    46.30    24.80
2088    8    37.78    22.92
2088    9    34.98    19.71
2088   10    75.98     7.91
2088   11    39.94     3.08
2088   12   137.80     5.04
2089    1    97.60     0.62
2089    2    49.40     1.20
2089    3   105.94     1.87
2089    4   162.22     3.82
2089    5    70.35    13.20
2089    6    67.50    21.24
2089    7    33.26    24.22
2089    8    48.36    24.66
2089    9    21.71    19.31
2089   10    34.01    16.07
2089   11   112.12     6.00
2089   12    24.97     1.98
2090    1    78.16    -0.01
2090    2    84.21     1.21
2090    3    87.03     5.66
2090    4    66.93     6.41
2090    5   108.58    11.86
2090    6    34.79    18.98
2090    7    48.07    24.49
2090    8    24.57    25.86
2090    9    18.22    23.02
2090   10    36.78    14.69
2090   11    60.91     3.65
2090   12    63.27     2.79
2091    1    72.28     2.46
2091    2    49.36    -1.57
2091    3    88.94     4.73
2091    4   102.91     6.62
2091    5   103.43    12.91
2091    6    72.90    19.66
2091    7    24.58    26.39
2091    8    33.14    25.73
2091    9    42.23    18.21
2091   10    73.84    12.71
2091   11    94.72     2.51
2091   12    97.07     3.93
2092    1    74.18     3.00
2092    2    68.78     4.19
2092    3    79.04     3.46
2092    4   107.57     8.07
2092    5   110.54    13.37
2092    6    51.25    19.76
2092    7    88.29    22.80
2092    8    16.12    23.85
2092    9    39.64    18.34
2092   10    63.71    11.21
2092   11    77.86     5.59
2092   12    85.35     1.20
2093    1    60.37     4.91
2093    2    58.23     3.94
2093    3    34.31     9.25
2093    4    83.15     6.37
2093    5    80.78    14.00
2093    6    98.73    19.55
2093    7    48.59    24.89
2093    8    23.25    27.26
2093    9    18.45    20.96
2093   10    31.70    11.65
2093   11   108.52     1.97
2093   12   101.82     2.20
2094    1    71.14     2.52
2094    2    95.39     0.96
2094    3    57.30     5.20
2094    4   141.67     7.85
2094    5   106.31    11.49
2094    6   145.01    18.23
2094    7    62.12    23.43
2094    8    41.54    25.11
2094    9    46.84    17.22
2094   10    53.33     8.99
2094   11    83.06     4.64
2094   12   104.21     2.02
2095    1    73.19     1.12
2095    2    46.52     1.87
2095    3    74.10     1.48
2095    4    71.87     8.70
2095    5    84.90    14.64
2095    6    65.66    20.72
2095    7    33.10    24.88
2095    8    49.52    24.06
2095    9    40.63    16.70
2095   10    32.85    11.94
2095   11   107.32    -0.27
2095   12    44.81     2.41
2096    1   111.43    -1.43
2096    2    40.98    -0.03
2096    3    97.36     2.13
2096    4    89.09     3.36
2096    5   115.69    12.95
2096    6   106.58    17.20
2096    7    15.29    26.13
2096    8    28.61    27.36
2096    9    31.32    21.39
2096   10    39.23    10.69
2096   11    62.12     1.97
2096   12   127.45    -0.78
2097    1    87.98    -1.86
2097    2    57.30     2.39
2097    3    79.45     3.71
2097    4    40.26    10.25
2097    5    95.56    13.55
2097    6    46.23    20.79
2097    7    47.29    24.28
2097    8    24.82    25.92
2097    9    63.61    19.87
2097   10    77.29    12.26
2097   11    44.18     8.08
2097   12    21.98    -1.73
2098    1    67.69    -0.37
2098    2    75.79     1.21
2098    3    60.76     7.92
2098    4    49.20    10.11
2098    5   116.84    13.42
2098    6    51.51    19.74
2098    7    72.47    24.00
2098    8    37.79    24.49
2098    9    17.94    20.36
2098   10   114.26    10.70
2098   11    20.88     3.68
2098   12   150.51     0.51
2099    1   129.87     3.14
2099    2   114.88     2.33
2099    3    77.68     4.26
2099    4    99.09     8.66
2099    5    55.74    18.24
2099    6    74.84    18.80
2099    7    34.03    25.54
2099    8    21.65    27.00
2099    9    25.72    20.29
2099   10    44.05    14.61
2099   11    72.84     5.85
2099   12    83.00     1.34
2100    1    75.86     4.27
2100    2    34.20     3.74
2100    3    72.09     5.01
2100    4    64.64     8.46
2100    5   113.88    14.51
2100    6    61.70    20.17
2100    7    56.27    24.66
2100    8    63.26    22.92
2100    9    31.60    18.32
2100   10    37.57     9.92
2100   11   129.66     2.18
2100   12    76.79    -0.53
2101    1    47.87     2.34
2101    2    58.08     0.41
2101    3    84.93     6.88
2101    4   173.88     8.15
2101    5    81.14    13.95
2101    6    86.69    19.63
2101    7    73.28    23.55
2101    8    29.51    26.18
2101    9    59.69    17.34
2101   10    19.00    13.77
2101   11    88.34     3.19
2101   12    81.74     2.57
2102    1    53.82     4.45
2102    2    19.66     0.84
2102    3    50.30     4.91
2102    4    73.61    10.44
2102    5    68.44    17.09
2102    6    85.79    17.50
2102    7    39.98    25.29
2102    8    29.60    27.15
2102    9    26.67    21.69
2102   10   106.73    11.40
2102   11    77.65     5.66
2102   12   105.88     1.24
2103    1    59.68     0.20
2103    2    34.94     1.47
2103    3    48.31     2.18
2103    4    87.43     3.02
2103    5   118.73     9.08
2103    6   103.11    18.26
2103    7    34.56    25.32
2103    8    60.44    24.19
2103    9    65.98    18.25
2103   10    58.99    14.11
2103   11   159.31     5.49
2103   12    59.23    -0.87
2104    1    35.46     1.37
2104    2    83.79     1.16
2104    3    78.55     5.47
2104    4    96.78     8.75
2104    5   179.86    11.17
2104    6    65.39    17.66
2104    7    36.39    26.11
2104    8    78.05    24.73
2104    9    33.76    21.65
2104   10    67.75    12.08
2104   11    63.35     6.34
2104   12    94.98     0.77
2105    1    63.46    -2.33
2105    2    18.32    -0.63
2105    3    30.63     8.91
2105    4   123.79     8.02
2105    5   110.94    12.95
2105    6    58.05    22.44
2105    7    46.86    24.90
2105    8    41.38    26.03
2105    9   112.73    17.84
2105   10    82.94     4.97
2105   11    63.24     6.59
2105   12    85.28     2.35
2106    1    54.49     2.84
2106    2    91.55     2.71
2106    3    61.56     6.99
2106    4   164.10     8.93
2106    5   132.63    14.23
2106    6    58.09    18.98
2106    7    42.17    27.05
2106    8    42.11    25.78
2106    9    43.30    16.53
2106   10    81.81     6.24
2106   11    77.79     4.01
2106   12   110.57     2.85
2107    1   118.57     2.22
2107    2   109.90     1.75
2107    3   111.07     2.67
2107    4    94.21     8.13
2107    5    56.74    16.79
2107    6    42.61    22.04
2107    7    67.97    24.17
2107    8    43.83    24.45
2107    9    41.89    18.32
2107   10    69.35    13.33
2107   11    45.43     5.64
2107   12    61.60     3.09
2108    1   103.31     0.23
2108    2    81.73    -0.41
2108    3    89.99     0.92
2108    4   136.42     8.05
2108    5   108.62    14.48
2108    6    84.57    21.89
2108    7    44.78    24.81
2108    8    41.80    24.57
2108    9    36.48    17.71
2108   10    65.58    11.46
2108   11    86.60     7.87
2108   12    33.71     0.87
2109    1    53.31    -1.97
2109    2    86.03     2.42
2109    3    60.70     3.52
2109    4    76.76     6.92
2109    5   138.57    11.27
2109    6    68.46    19.96
2109    7    93.96    20.83
2109    8    58.73    24.37
2109    9    61.38    20.62
2109   10    74.08     9.67
2109   11    66.56     6.15
2109   12    47.87     2.32
2110    1    79.67    -0.20
2110    2    42.56    -0.10
2110    3    82.58     5.04
2110    4   145.88     7.82
2110    5    94.36    14.95
2110    6    66.36    20.50
2110    7    57.65    23.28
2110    8    61.31    22.95
2110    9    73.82    16.99
2110   10    57.60    12.60
2110   11    54.11     5.81
2110   12    56.32     1.93
2111    1    75.78     0.64
2111    2    79.09    -0.26
2111    3   122.91     4.48
2111    4   101.43    10.41
2111    5    62.69    15.67
2111    6   105.74    18.12
2111    7    65.63    22.96
2111    8    58.09    23.68
2111    9    34.18    18.82
2111   10    30.38    12.78
2111   11    37.18     3.73
2111   12    89.30     3.80
2112    1    86.79     0.35
2112    2    83.69    -4.38
2112    3    44.50     3.65
2112    4    88.42     6.14
2112    5   113.32    11.16
2112    6    66.81    19.58
2112    7    46.58    25.65
2112    8    36.01    26.33
2112    9    20.60    21.63
2112   10    40.23    14.83
2112   11    94.04     2.29
2112   12    78.82     0.73
2113    1   112.30     2.56
2113    2    40.16     3.07
2113    3    98.48     2.44
2113    4   108.46     5.67
2113    5    54.38    17.13
2113    6    34.84    21.73
2113    7    37.39    26.37
2113    8    38.49    25.26
2113    9    20.00    22.35
2113   10    46.34    10.33
2113   11    24.41     7.38
2113   12    69.25     5.07
2114    1    96.71     0.24
2114    2    39.07     1.85
2114    3    68.98     4.12
2114    4    72.61     8.95
2114    5   163.33    11.37
2114    6    63.50    22.87
2114    7    37.36    25.79
2114    8    50.01    27.06
2114    9    14.42    20.85
2114   10   105.50    12.47
2114   11    40.22     5.83
2114   12    81.44     4.71
2115    1    54.13     0.05
2115    2    26.13     2.92
2115    3    60.27     6.30
2115    4   153.89     8.55
2115    5    97.30    11.43
2115    6    77.09    21.04
2115    7    47.71    25.46
2115    8    39.85    25.40
2115    9    30.09    18.43
2115   10    41.44    14.55
2115   11    81.19     6.89
2115   12   150.22     1.35
2116    1   104.58     1.58
2116    2    66.83     0.42
2116    3    94.12     4.40
2116    4   155.39     8.52
2116    5   133.45    11.91
2116    6    61.97    18.00
2116    7    26.26    25.00
2116    8     6.30    25.74
2116    9    71.74    17.28
2116   10    45.24    10.53
2116   11    95.60     1.57
2116   12    82.59     0.30
2117    1    65.11     0.06
2117    2    54.13     1.46
2117    3    88.01     4.97
2117    4    86.90     3.56
2117    5    74.24    12.16
2117    6    75.82    17.98
2117    7    61.13    22.79
2117    8    43.60    22.95
2117    9    59.59    16.20
2117   10    73.47    12.49
2117   11    83.46     6.22
2117   12   127.44     3.28
2118    1    39.99     1.62
2118    2    63.50     2.27
2118    3    82.39     5.01
2118    4   100.02     7.35
2118    5    75.66    13.13
2118    6    73.90    18.66
2118    7    25.41    27.30
2118    8    44.86    25.88
2118    9    76.55    18.05
2118   10    88.11     7.61
2118   11    67.29     5.83
2118   12    67.51    -1.20
2119    1    74.85     1.26
2119    2    54.73     2.94
2119    3    51.76     8.45
2119    4    97.42     7.95
2119    5   106.90    12.40
2119    6    65.44    19.43
2119    7    53.14    24.58
2119    8    63.75    22.21
2119    9    39.74    18.33
2119   10    94.11     7.55
2119   11   104.57     6.30
2119   12    82.26    -2.91
2120    1    48.95     0.23
2120    2    49.65     2.76
2120    3    80.14     2.14
2120    4    87.22     9.27
2120    5    70.34    14.10
2120    6    56.71    22.86
2120    7    56.78    24.20
2120    8    29.40    23.79
2120    9    35.87    18.47
2120   10    38.65    10.89
2120   11    77.13     5.77
2120   12    43.47     0.27
2121    1    67.79    -2.01
2121    2    36.52     0.60
2121    3   110.04     4.32
2121    4    97.95     5.36
2121    5    91.60    13.16
2121    6    86.28    19.08
2121    7    83.67    23.34
2121    8    27.09    24.71
2121    9    72.09    19.69
2121   10    96.93    10.65
2121   11   196.61     5.48
2121   12    60.00     1.62
2122    1    67.80     3.36
2122    2    82.57    -1.48
2122    3   114.47     3.33
2122    4   127.80     8.64
2122    5    86.82    14.61
2122    6    78.81    18.52
2122    7    70.81    21.93
2122    8    37.76    25.72
2122    9    12.43    20.55
2122   10   116.94    14.16
2122   11   131.19     3.96
2122   12    96.73     1.90
2123    1    48.99     0.26
2123    2   108.33     1.40
2123    3    80.79     2.42
2123    4    88.14     9.67
2123    5    40.58    15.33
2123    6    97.95    18.23
2123    7    47.31    25.92
2123    8    30.62    25.42
2123    9    53.06    21.55
2123   10    85.86    13.82
2123   11    88.94     5.89
2123   12    79.69    -0.63
2124    1    53.46    -0.96
2124    2   102.88    -0.21
2124    3   103.63     6.67
2124    4    79.39     6.59
2124    5    56.76    14.26
2124    6    78.91    19.82
2124    7    52.39    24.78
2124    8    70.60    23.62
2124    9    36.97    16.93
2124   10    59.55    10.42
2124   11    59.86     3.91
2124   12    56.19     3.47
2125    1   131.84     0.98
2125    2    77.95     2.47
2125    3    50.02     4.61
2125    4   140.25     6.09
2125    5    76.82    12.22
2125    6   121.67    16.88
2125    7    27.77    27.36
2125    8    31.92    25.71
2125    9    48.24    18.81
2125   10    72.90     9.19
2125   11    91.68     1.63
2125   12   104.75     0.38
2126    1    63.86    -2.92
2126    2    84.21     3.09
2126    3    86.32     5.74
2126    4   140.70     8.28
2126    5    70.18    13.78
2126    6    72.33    22.12
2126    7    62.64    25.07
2126    8    35.82    24.64
2126    9    53.23    17.74
2126   10    34.06    13.63
2126   11    87.36     3.83
2126   12    38.64     0.58
2127    1    56.40     2.15
2127    2    46.08     3.22
2127    3    24.04     6.53
2127    4    44.60    11.41
2127    5   103.37    16.54
2127    6    55.73    21.20
2127    7    40.91    28.52
2127    8    24.76    24.95
2127    9    58.04    19.88
2127   10   114.99     8.98
2127   11    81.49     2.06
2127   12    52.42     1.60
2128    1    33.23     0.74
2128    2    25.05     5.26
2128    3    83.59     5.79
2128    4    89.04     6.80
2128    5    42.21    17.26
2128    6   136.34    17.49
2128    7    30.22    25.48
2128    8    31.02    25.88
2128    9    65.78    17.35
2128   10    65.04    10.34
2128   11    82.20     8.58
2128   12    73.39     1.26
2129    1    52.09     4.79
2129    2    70.88     2.34
2129    3    36.41    10.25
2129    4   161.51     7.49
2129    5    85.08    14.15
2129    6   102.03    16.19
2129    7    34.10    24.98
2129    8    46.80    23.83
2129    9    65.91    18.25
2129   10    39.38    12.39
2129   11    46.47     5.43
2129   12    96.07    -0.34
2130    1   127.77    -0.93
2130    2    86.50     0.35
2130    3    75.29     4.23
2130    4    83.77     8.78
2130    5    85.73    14.91
2130    6    39.83    22.52
2130    7    85.21    23.30
2130    8    39.10    25.95
2130    9    51.46    19.04
2130   10    55.30    11.40
2130   11    43.83     5.48
2130   12    75.71     2.37
2131    1    51.64    -0.54
2131    2    51.86     3.06
2131    3    51.45     7.23
2131    4   102.97     8.21
2131    5    96.45    15.00
2131    6    58.66    18.12
2131    7    41.93    26.83
2131    8    33.25    25.48
2131    9    27.43    22.22
2131   10    89.07     8.70
2131   11   107.00     2.48
2131   12    85.13     2.46
2132    1    72.16    -0.50
2132    2    54.18     2.74
2132    3    42.47     6.00
2132    4    78.31     9.54
2132    5   153.65    14.72
2132    6    65.94    19.58
2132    7    42.47    25.54
2132    8    52.54    24.52
2132    9    63.59    18.78
2132   10    64.25    12.93
2132   11    45.41     5.15
2132   12    55.38    -2.58
2133    1    82.17    -4.45
2133    2    68.08     2.47
2133    3    99.83     4.82
2133    4    96.60     9.68
2133    5   131.80    12.83
2133    6    72.83    17.88
2133    7    26.87    25.60
2133    8    45.44    24.22
2133    9    65.04    18.92
2133   10    84.02    13.08
2133   11   125.27     6.59
2133   12    80.80     3.91
2134    1    47.67     1.84
2134    2    70.31     2.19
2134    3   108.61     6.33
2134    4   133.56     7.15
2134    5   100.99    12.53
2134    6    72.21    18.50
2134    7    62.43    25.78
2134    8    24.51    26.68
2134    9    31.91    18.28
2134   10    59.31    13.35
2134   11   127.75     6.22
2134   12    58.90     2.02
2135    1    35.61     0.28
2135    2    37.24     1.42
2135    3    71.57     3.65
2135    4   166.95     6.56
2135    5   136.35    10.62
2135    6    58.27    19.92
2135    7    73.96    24.32
2135    8    63.38    24.00
2135    9    58.38    16.89
2135   10    79.51     8.75
2135   11    86.10     6.49
2135   12    49.34     1.40
2136    1    59.02    -1.04
2136    2    73.86    -1.84
2136    3   166.58     0.95
2136    4   123.27     4.97
2136    5    52.91    15.28
2136    6    50.05    20.64
2136    7    34.66    27.08
2136    8    41.49    23.84
2136    9    24.10    18.69
2136   10    37.57     8.56
2136   11    79.71     3.34
2136   12    76.37     3.93
2137    1    85.96    -0.58
2137    2    52.99     3.89
2137    3    45.21     7.08
2137    4    74.32    11.04
2137    5    36.25    15.58
2137    6    73.09    19.31
2137    7    22.79    27.35
2137    8    47.66    25.55
2137    9    29.96    18.54
2137   10    99.61    11.88
2137   11   107.98     3.66
2137   12    77.53     0.90
2138    1    76.24    -1.72
2138    2    32.61     4.29
2138    3    69.40     6.97
2138    4    54.20     9.83
2138    5    96.76    15.51
2138    6    84.22    19.69
2138    7    58.17    22.58
2138    8    37.31    24.83
2138    9    19.81    20.30
2138   10    38.50    13.51
2138   11    53.87     7.31
2138   12    99.62     1.15
2139    1    37.55     3.09
2139    2    46.76     4.12
2139    3    57.53     2.70
2139    4   171.78     6.89
2139    5   120.90    12.74
2139    6    56.05    19.44
2139    7    31.28    25.67
2139    8    53.20    24.95
2139    9    27.58    21.13
2139   10    38.92    10.61
2139   11    69.93     2.80
2139   12    67.08     0.42
2140    1    36.17     0.92
2140    2    86.11     3.16
2140    3    97.62     2.47
2140    4    96.41     6.82
2140    5    68.03    10.96
2140    6    60.11    21.89
2140    7    27.89    26.43
2140    8    36.56    24.36
2140    9    96.48    19.96
2140   10    60.47    10.26
2140   11    62.85     6.77
2140   12    83.92     3.25
2141    1   103.66     0.04
2141    2   113.90    -0.53
2141    3   110.40     4.54
2141    4    64.30     7.68
2141    5    82.46    14.22
2141    6   123.28    19.85
2141    7    38.28    25.01
2141    8    41.13    27.71
2141    9    26.76    21.86
2141   10    60.14    13.72
2141   11    56.36     5.16
2141   12   124.00    -1.31
2142    1    58.11     2.78
2142    2    76.36     0.35
2142    3   109.12     7.02
2142    4    74.82     6.58
2142    5    84.19    14.13
2142    6    91.54    19.64
2142    7    51.57    26.07
2142    8    17.33    26.46
2142    9    28.52    22.07
2142   10    94.09    11.36
2142   11    83.30     6.08
2142   12    69.60     0.46
2143    1    42.05    -0.05
2143    2    94.37     2.27
2143    3    59.56     5.08
2143    4    95.27     4.89
2143    5   119.56    12.23
2143    6    61.82    18.06
2143    7    64.25    24.49
2143    8    38.47    25.61
2143    9    43.26    17.67
2143   10    66.75    11.07
2143   11   101.21     4.77
2143   12   117.48     2.62
2144    1    48.53     2.27
2144    2    70.16    -0.51
2144    3   118.15     2.78
2144    4   133.35     6.50
2144    5   141.74    14.07
2144    6    79.74    18.46
2144    7    44.96    27.32
2144    8    42.33    25.95
2144    9    25.42    18.38
2144   10    62.24    12.36
2144   11    69.38     4.24
2144   12    85.40     2.35
2145    1    48.92     0.82
2145    2    69.00     0.42
2145    3    55.41     5.48
2145    4    73.13    12.95
2145    5    81.81    13.72
2145    6    91.75    18.73
2145    7    68.38    24.44
2145    8    99.74    24.19
2145    9     9.19    17.32
2145   10    68.94     8.37
2145   11   118.70     6.32
2145   12    68.09     0.26
2146    1    97.86    -0.60
2146    2    52.06     1.89
2146    3    70.52     4.84
2146    4    46.49     7.03
2146    5    82.80    14.03
2146    6    84.89    20.33
2146    7    25.54    28.67
2146    8    27.35    24.85
2146    9    53.63    18.96
2146   10    66.07    11.22
2146   11    44.87     4.99
2146   12   100.31     0.12
2147    1    71.71     0.87
2147    2    75.93    -0.51
2147    3   106.29     3.98
2147    4    92.64     9.50
2147    5   130.61    15.12
2147    6   121.73    17.90
2147    7    52.37    24.35
2147    8    37.78    23.62
2147    9    10.82    22.57
2147   10    60.27     9.58
2147   11   100.66     5.80
2147   12    69.31     2.03
2148    1    62.25     0.33
2148    2    57.62     2.74
2148    3   109.11     6.42
2148    4    72.72     6.95
2148    5   111.16    12.90
2148    6    53.24    20.37
2148    7    52.67    23.38
2148    8    27.95    25.89
2148    9    65.54    16.66
2148   10    32.92    13.52
2148   11    99.74     4.36
2148   12    66.19     3.00
2149    1    77.57     2.27
2149    2    24.84     2.10
2149    3    46.20     7.18
2149    4    99.87     7.97
2149    5   110.85    10.44
2149    6    77.68    20.01
2149    7    41.31    24.21
2149    8    45.50    23.51
2149    9    63.95    16.03
2149   10    57.87    11.84
2149   11    96.25     5.35
2149   12    34.57     1.00
2150    1    67.00     1.24
2150    2    73.66     3.62
2150    3    44.80     6.96
2150    4   102.76    10.53
2150    5   145.86    12.04
2150    6   123.81    16.83
2150    7    67.14    22.74
2150    8    33.50    24.42
2150    9    29.52    18.36
2150   10    35.37    10.95
2150   11    40.83     2.98
2150   12    74.87     4.34
2151    1    84.33     1.11
2151    2    60.44    -0.53
2151    3   137.63     5.47
2151    4   120.37     4.65
2151    5    45.16    16.65
2151    6    94.25    17.22
2151    7    47.80    24.82
2151    8    50.39    27.75
2151    9    38.83    17.93
2151   10    65.49    14.04
2151   11    66.51     5.78
2151   12    79.93     2.51
2152    1    73.36     1.27
2152    2    80.77    -0.41
2152    3    77.04     1.40
2152    4   146.10     4.80
2152    5    69.34    13.30
2152    6    53.45    21.04
2152    7    29.37    26.65
2152    8    51.87    27.08
2152    9    36.86    21.54
2152   10    70.67     9.03
2152   11    43.37     5.32
2152   12    81.15     1.26
2153    1    86.91     1.96
2153    2    53.79     2.50
2153    3    89.80     4.43
2153    4    99.49     7.33
2153    5    87.86    13.77
2153    6    60.99    19.44
2153    7    72.58    23.15
2153    8    83.94    22.97
2153    9    31.43    19.84
2153   10    92.29    11.10
2153   11    89.66     3.78
2153   12    70.97     0.55
2154    1    94.51    -0.90
2154    2   114.91     2.69
2154    3    75.79     2.51
2154    4    77.86     8.28
2154    5    47.42    16.69
2154    6    68.07    20.13
2154    7    27.45    25.87
2154    8    30.72    26.19
2154    9    17.52    21.24
2154   10   120.15    10.43
2154   11    60.12     5.36
2154   12    78.42     2.94
2155    1    61.67     0.68
2155    2    49.03    -1.19
2155    3    95.58     5.41
2155    4    83.63     6.00
2155    5   101.11    12.55
2155    6    83.17    19.67
2155    7    65.56    24.35
2155    8    46.99    25.45
2155    9    34.40    21.09
2155   10    48.65    14.31
2155   11    62.41     6.65
2155   12    66.23     4.42
2156    1    86.46    -4.84
2156    2    88.07     2.29
2156    3   114.97     3.52
2156    4    57.59    10.70
2156    5   116.91    12.31
2156    6    90.87    19.63
2156    7    26.90    26.50
2156    8    26.24    25.61
2156    9    65.71    19.05
2156   10   102.62    10.29
2156   11    39.51     7.72
2156   12   108.52    -0.71
2157    1    71.74     1.47
2157    2    62.15     3.43
2157    3    48.80     3.61
2157    4    91.81     5.80
2157    5   111.83    14.54
2157    6    76.66    20.57
2157    7    15.54    28.79
2157    8    24.27    27.98
2157    9    26.41    20.48
2157   10    46.81    12.87
2157   11    70.48     6.99
2157   12    73.10     1.53
2158    1   128.86    -4.02
2158    2    69.58     2.32
2158    3    66.19     5.11
2158    4    70.36     7.58
2158    5   116.40    15.54
2158    6    80.37    19.22
2158    7    21.51    26.37
2158    8    41.19    25.04
2158    9    52.61    16.48
2158   10   174.47     9.64
2158   11    37.88     4.58
2158   12   112.83     2.90
2159    1    68.91     2.46
2159    2    88.29    -1.70
2159    3   131.54     2.21
2159    4    81.30     6.47
2159    5    64.55    15.48
2159    6    44.20    20.79
2159    7    22.87    26.13
2159    8    45.98    22.22
2159    9    59.50    16.91
2159   10    95.86    10.50
2159   11    62.44     2.56
2159   12    81.88    -2.86
2160    1    44.45     1.21
2160    2    61.91     2.03
2160    3    66.62     7.29
2160    4    71.33    10.77
2160    5   135.17    12.46
2160    6    61.82    18.92
2160    7    65.17    25.05
2160    8    36.29    25.66
2160    9    28.25    20.29
2160   10    60.67     7.71
2160   11    66.88     4.80
2160   12   106.84    -0.79
2161    1    60.31     3.24
2161    2    52.37     2.64
2161    3    61.86     2.70
2161    4    70.68     6.51
2161    5   128.38    11.73
2161    6    92.81    18.74
2161    7    61.41    22.45
2161    8    18.86    28.37
2161    9    44.16    20.01
2161   10    43.77    10.39
2161   11    50.59     6.12
2161   12    85.96     3.70
2162    1    67.62    -0.86
2162    2    49.84    -0.55
2162    3   163.14     4.90
2162    4   156.87     6.79
2162    5    77.03    13.22
2162    6    78.77    18.95
2162    7    36.99    25.62
2162    8    17.60    24.68
2162    9    52.24    19.21
2162   10    49.56     7.76
2162   11   102.37     4.47
2162   12    79.00     1.13
2163    1    98.04     0.31
2163    2   105.78    -3.01
2163    3   116.85     0.58
2163    4   104.79     9.88
2163    5   152.11    12.84
2163    6    98.93    18.40
2163    7    55.16    24.21
2163    8    26.60    23.77
2163    9    46.99    16.94
2163   10   108.80    10.94
2163   11    49.42     5.29
2163   12    44.95     0.27
2164    1   102.58     0.05
2164    2    57.25     3.05
2164    3    50.09     7.98
2164    4   142.96     8.44
2164    5   108.72    12.47
2164    6    37.33    20.07
2164    7    59.10    26.00
2164    8    35.40    25.63
2164    9    29.65    20.33
2164   10    77.53     6.75
2164   11   113.22     7.04
2164   12    61.42    -0.04
2165    1    63.77     2.89
2165    2    75.68     2.48
2165    3    40.24     7.95
2165    4   133.11     6.08
2165    5    72.47    16.32
2165    6    67.46    21.60
2165    7    55.41    25.38
2165    8    50.98    26.01
2165    9    29.87    18.02
2165   10    35.44    12.99
2165   11    32.14     3.58
2165   12    19.79     3.33
2166    1    71.11    -4.69
2166    2   103.37     4.15
2166    3   151.31     1.73
2166    4   138.74     7.67
2166    5   204.97    11.56
2166    6    55.34    20.21
2166    7    34.59    27.39
2166    8    40.91    25.38
2166    9    77.40    18.87
2166   10    56.45     8.57
2166   11    63.39     7.58
2166   12    73.17     4.76
2167    1    40.03     1.64
2167    2    44.63     2.73
2167    3   106.36     5.46
2167    4   109.87     7.92
2167    5    29.67    18.15
2167    6    39.30    22.26
2167    7    40.76    26.14
2167    8    50.50    26.70
2167    9    60.59    21.18
2167   10    37.34     8.56
2167   11    69.80     6.11
2167   12   102.17     3.43
2168    1    79.30     0.66
2168    2    78.50     2.86
2168    3    91.22     6.20
2168    4   133.08     6.78
2168    5   150.29    13.36
2168    6    94.32    19.33
2168    7    93.05    21.86
2168    8    76.59    24.91
2168    9    49.56    17.48
2168   10    33.06    15.05
2168   11    78.30     6.68
2168   12    79.84     1.80
2169    1    86.73    -2.19
2169    2    57.83     2.03
2169    3    80.03     3.57
2169    4    56.00     8.37
2169    5    64.00    14.91
2169    6    77.79    17.61
2169    7    32.05    25.35
2169    8    41.12    25.67
2169    9    36.87    17.96
2169   10    22.96    15.79
2169   11    45.01     5.22
2169   12    82.88     1.06
2170    1    54.33     3.07
2170    2    43.10     2.16
2170    3    80.10     6.60
2170    4    50.76    10.79
2170    5   121.24    13.73
2170    6   129.05    17.82
2170    7    34.47    27.12
2170    8    30.57    27.01
2170    9    36.91    19.41
2170   10    44.44    10.56
2170   11    52.68     6.61
2170   12    42.34     3.22
2171    1    63.60     2.04
2171    2    51.06     2.24
2171    3    61.28     3.48
2171    4    68.41     5.06
2171    5    30.74    13.21
2171    6    73.38    20.15
2171    7    57.86    25.11
2171    8    35.57    24.90
2171    9    35.54    19.52
2171   10    79.58    11.07
2171   11    65.28     8.26
2171   12    76.88     1.28
2172    1   133.80     1.03
2172    2   104.43     3.26
2172    3   104.59     3.51
2172    4   108.69     6.53
2172    5   109.16    14.05
2172    6    64.57    17.75
2172    7    36.33    23.73
2172    8    33.86    24.39
2172    9    36.94    19.87
2172   10    41.58    13.16
2172   11    87.21     6.72
2172   12   101.28    -0.92
2173    1    56.25    -2.54
2173    2    34.43     1.52
2173    3   129.81     3.08
2173    4    93.44     5.85
2173    5   102.50    14.74
2173    6   129.87    17.01
2173    7    28.35    23.48
2173    8    27.84    26.00
2173    9    40.23    20.18
2173   10    79.29     6.39
2173   11    90.00     4.03
2173   12    86.03     2.79
2174    1    83.37     0.62
2174    2    85.87     1.09
2174    3    98.53     3.48
2174    4    73.04     8.44
2174    5   125.97    12.36
2174    6    57.62    17.98
2174    7    52.75    25.55
2174    8    12.35    27.10
2174    9    36.37    19.48
2174   10    39.90    10.41
2174   11   143.57     2.04
2174   12    62.02     1.80
2175    1    73.26     1.30
2175    2    71.69    -2.94
2175    3   101.41     3.25
2175    4    80.81    10.15
2175    5   131.68    12.96
2175    6    78.47    20.13
2175    7    90.87    22.65
2175    8    62.47    24.79
2175    9    79.82    20.11
2175   10    59.36    11.12
2175   11   136.12     6.02
2175   12    83.19     4.62
2176    1    37.94     1.40
2176    2    77.85    -1.44
2176    3   107.10     3.65
2176    4   147.39     8.45
2176    5    87.54    12.99
2176    6    72.75    20.26
2176    7    47.03    25.27
2176    8    15.28    25.25
2176    9    48.93    18.85
2176   10    42.64    10.01
2176   11    90.01     2.12
2176   12    88.55     1.09
2177    1    56.78    -0.20
2177    2   112.13     2.65
2177    3   120.16     5.55
2177    4   104.54     7.61
2177    5    63.19    17.14
2177    6    39.86    21.23
2177    7    35.70    26.18
2177    8    36.23    26.17
2177    9    23.53    21.58
2177   10    52.48    14.53
2177   11    74.41     8.58
2177   12    76.83     1.82
2178    1    67.13    -3.16
2178    2    90.39    -0.73
2178    3    84.50     5.65
2178    4   115.58     7.83
2178    5    76.88    13.72
2178    6    98.49    17.02
2178    7    28.50    26.52
2178    8    25.59    24.46
2178    9    41.49    19.66
2178   10    52.44     9.29
2178   11    28.40     8.67
2178   12    71.19     3.45
2179    1    73.96     0.44
2179    2    51.05     2.07
2179    3    56.80    -5.19
2179    4   111.57     6.69
2179    5    87.94    12.12
2179    6   105.62    17.05
2179    7    37.58    24.14
2179    8    47.69    25.10
2179    9    39.47    17.16
2179   10    19.63    12.57
2179   11    76.29     6.01
2179   12    60.55     0.91
2180    1    57.55    -4.81
2180    2    73.57     0.55
2180    3    47.78     4.89
2180    4   153.84     9.95
2180    5   144.47    12.12
2180    6   130.10    18.58
2180    7    40.62    25.88
2180    8    38.12    26.75
2180    9    25.76    19.56
2180   10    20.13    13.68
2180   11   112.66     5.85
2180   12    83.86     2.18
2181    1    74.70     0.19
2181    2    64.97    -0.31
2181    3    89.12     6.70
2181    4    80.98     7.89
2181    5   140.11    11.60
2181    6    61.70    20.62
2181    7    49.54    26.30
2181    8    70.80    24.39
2181    9    38.30    19.72
2181   10   104.35     8.37
2181   11    97.23     2.36
2181   12    87.73    -2.36
2182    1   110.52    -2.30
2182    2    64.42     5.62
2182    3    46.88     7.34
2182    4   125.84     6.46
2182    5   118.33    12.31
2182    6    65.74    19.67
2182    7    27.57    25.12
2182    8    52.93    25.20
2182    9    19.78    18.13
2182   10    94.68    13.03
2182   11    36.92     4.99
2182   12   103.37     1.09
2183    1    82.44    -0.29
2183    2    80.18     1.03
2183    3    58.66     4.05
2183    4   127.03    10.64
2183    5    43.76    16.26
2183    6   166.66    19.00
2183    7    51.08    23.67
2183    8    40.35    26.88
2183    9    52.60    19.78
2183   10    61.26     9.27
2183   11    32.93     5.13
2183   12   131.40     0.34
2184    1    92.17     3.34
2184    2    54.86    -0.52
2184    3    70.10     6.03
2184    4    82.79     9.70
2184    5    95.65    13.20
2184    6    78.04    19.87
2184    7    46.88    24.04
2184    8    41.22    26.39
2184    9    38.45    18.05
2184   10    35.01     8.52
2184   11    95.89     5.46
2184   12    89.96     2.11
2185    1    70.63     1.67
2185    2    53.48    -6.75
2185    3    96.22     2.81
2185    4    74.99     8.21
2185    5   100.95    14.42
2185    6    36.42    22.00
2185    7    47.15    25.87
2185    8    27.29    27.42
2185    9    27.48    20.84
2185   10    64.78    14.71
2185   11    63.85     7.47
2185   12   127.84     1.92
2186    1    49.08     1.69
2186    2    65.02    -3.29
2186    3    91.35     4.16
2186    4    67.56     4.62
2186    5    96.98    12.98
2186    6    80.63    17.16
2186    7    43.54    24.70
2186    8    22.30    23.52
2186    9    66.18    19.59
2186   10    68.40    10.99
2186   11    83.66     6.94
2186   12    83.65     1.52
2187    1    55.28     1.16
2187    2    65.96     2.21
2187    3   145.36     4.76
2187    4    48.68     7.84
2187    5    94.38    14.21
2187    6    67.69    19.61
2187    7    43.11    25.37
2187    8    56.58    24.84
2187    9    39.22    16.18
2187   10    34.92    13.68
2187   11    54.94     8.53
2187   12    51.74     3.99
2188    1    94.62     0.48
2188    2    34.24     3.80
2188    3    56.20     8.95
2188    4    49.37     8.07
2188    5   129.67    11.65
2188    6    32.89    21.07
2188    7    31.34    27.79
2188    8    18.10    27.97
2188    9    17.71    21.78
2188   10    43.09    14.13
2188   11    90.27    -1.01
2188   12    77.45     3.03
2189    1   100.75    -1.10
2189    2    47.29    -2.11
2189    3    91.92     2.34
2189    4    86.49     8.01
2189    5    61.98    11.28
2189    6    83.27    19.62
2189    7    50.81    24.42
2189    8    35.52    25.79
2189    9    18.76    21.73
2189   10    61.46    10.56
2189   11   120.46     4.25
2189   12    74.79     0.93
2190    1    59.61    -2.06
2190    2    22.00     1.35
2190    3    80.57     4.63
2190    4    86.84     9.71
2190    5   105.07    13.59
2190    6    78.97    19.22
2190    7    36.32    26.09
2190    8    13.54    26.48
2190    9    56.48    18.71
2190   10    77.52    12.30
2190   11    74.80     4.06
2190   12    65.17     0.79
2191    1    91.26    -1.23
2191    2    43.32     1.63
2191    3    76.68     1.07
2191    4    84.29     8.64
2191    5   157.02    10.22
2191    6    51.30    20.43
2191    7    55.21    23.94
2191    8    43.45    26.12
2191    9    18.62    21.66
2191   10    63.18     9.63
2191   11    69.43     1.70
2191   12   107.85     0.31
2192    1    59.77    -1.60
2192    2    57.96     2.23
2192    3    40.46     5.74
2192    4    96.89    10.27
2192    5    85.82    15.15
2192    6    54.59    18.15
2192    7    17.91    26.38
2192    8    40.15    25.51
2192    9    65.60    17.11
2192   10   124.97    10.04
2192   11    63.22     0.83
2192   12    79.01     2.77
2193    1   108.43     1.96
2193    2    51.62     2.89
2193    3    68.87     2.89
2193    4    84.25     6.79
2193    5    49.23    13.81
2193    6    68.77    20.45
2193    7    22.19    26.22
2193    8    18.94    25.56
2193    9    61.66    20.27
2193   10    88.07     8.35
2193   11    33.16     6.71
2193   12    43.18     0.91
2194    1    50.84     2.33
2194    2    62.81     2.70
2194    3    52.84     8.27
2194    4    98.44     7.13
2194    5   136.18    10.68
2194    6    67.85    17.04
2194    7    56.84    24.06
2194    8    42.43    23.19
2194    9    18.45    20.14
2194   10    97.77     9.93
2194   11    64.02     7.14
2194   12    44.94     3.70
2195    1    61.04     3.07
2195    2    34.72     3.27
2195    3    89.27     6.35
2195    4   129.82    10.17
2195    5   121.19    13.12
2195    6    49.18    21.40
2195    7    37.44    27.52
2195    8    26.68    28.12
2195    9    64.08    17.73
2195   10    42.62    12.80
2195   11    99.26     0.97
2195   12   100.91    -3.18
2196    1    84.03     2.80
2196    2    68.36     3.06
2196    3    51.07     4.68
2196    4   110.92     8.77
2196    5   127.11    12.10
2196    6    68.01    20.28
2196    7    79.28    23.39
2196    8    26.68    24.62
2196    9    37.09    19.10
2196   10   132.51    10.53
2196   11   171.09     5.92
2196   12    74.75     1.81
2197    1   118.37    -0.78
2197    2    34.67    -3.93
2197    3    17.51    10.48
2197    4   120.32     7.78
2197    5    97.00    11.63
2197    6    65.50    17.43
2197    7    72.53    25.20
2197    8    13.68    29.10
2197    9    41.63    20.70
2197   10    40.21    13.88
2197   11    43.73     7.15
2197   12    52.54    -0.89
2198    1   113.39    -7.71
2198    2    45.34     0.41
2198    3    72.28     4.46
2198    4   141.97     8.53
2198    5    84.21    12.05
2198    6    85.82    20.75
2198    7    39.90    27.12
2198    8    32.15    25.81
2198    9    30.55    19.96
2198   10    68.89    10.44
2198   11   106.63     0.83
2198   12    87.35    -2.01
2199    1    88.80    -0.53
2199    2    62.66    -1.52
2199    3    47.75     5.62
2199    4    47.57    10.36
2199    5    70.58    14.48
2199    6   113.17    18.72
2199    7    40.50    25.32
2199    8    49.68    24.57
2199    9    23.55    20.25
2199   10    50.85     8.85
2199   11    87.58     2.55
2199   12    67.83     1.27
2200    1    69.83     0.59
2200    2    56.03     5.53
2200    3    80.09     7.03
2200    4   104.47     7.67
2200    5    92.45    12.58
2200    6    49.92    22.01
2200    7    33.19    26.35
2200    8    56.27    25.10
2200    9    18.88    20.85
2200   10    47.98    15.14
2200   11   117.09     7.20
2200   12    97.52     2.04
2201    1    53.88     1.55
2201    2    60.88     1.44
2201    3    74.88     2.60
2201    4   101.17    10.11
2201    5    72.70    16.50
2201    6   135.34    16.72
2201    7    39.35    23.87
2201    8    32.84    24.47
2201    9    58.35    17.95
2201   10    81.62     9.81
2201   11   101.01     7.55
2201   12   102.89     2.66
2202    1    62.78    -0.75
2202    2    86.62    -0.25
2202    3    71.95     4.67
2202    4    60.99    12.55
2202    5    68.73    13.51
2202    6    85.80    17.64
2202    7    37.74    26.02
2202    8    35.21    24.97
2202    9    82.04    17.04
2202   10    53.20    12.34
2202   11    78.70     4.57
2202   12   139.35     0.11
2203    1   119.85     1.52
2203    2    46.82     1.65
2203    3   105.23     4.63
2203    4   123.65     8.11
2203    5   131.44    12.14
2203    6    78.69    19.67
2203    7    43.01    24.24
2203    8    30.91    24.33
2203    9    53.84    18.21
2203   10    56.77    14.58
2203   11    64.55     6.92
2203   12    90.61     3.43
2204    1    77.09    -0.73
2204    2    71.49     1.92
2204    3    77.84     2.29
2204    4    97.81     8.74
2204    5   130.90    13.50
2204    6    44.89    19.87
2204    7    53.16    24.35
2204    8    42.06    26.23
2204    9    66.93    19.68
2204   10   149.38     8.98
2204   11    79.98     0.64
2204   12    77.79     4.46
2205    1    65.41    -0.39
2205    2    55.54    -0.49
2205    3    68.55     2.00
2205    4    68.77    13.60
2205    5   107.53    13.60
2205    6   129.79    18.23
2205    7    33.24    25.76
2205    8    46.18    23.59
2205    9    16.15    18.08
2205   10    47.97     9.86
2205   11    23.23     4.60
2205   12    77.03    -0.37
2206    1    70.15    -0.13
2206    2    35.11     0.70
2206    3   103.64     3.94
2206    4   133.10     6.05
2206    5   109.89    11.02
2206    6    71.91    18.81
2206    7    83.72    23.42
2206    8    26.21    25.58
2206    9    28.55    18.48
2206   10    54.19    12.71
2206   11    79.50     5.66
2206   12    52.20     0.83
2207    1    55.50     3.74
2207    2    98.22    -1.90
2207    3    74.26     8.10
2207    4   124.83     7.73
2207    5    76.77    12.62
2207    6    88.50    20.01
2207    7    58.01    22.87
2207    8    49.09    24.19
2207    9    89.04    18.50
2207   10   151.36     9.88
2207   11   100.24     2.90
2207   12    43.38     1.27
2208    1    61.49     1.28
2208    2    66.49     1.20
2208    3    90.75     4.80
2208    4    90.87     7.38
2208    5   137.51    12.44
2208    6    84.42    19.65
2208    7    61.54    25.24
2208    8    56.49    24.08
2208    9    21.31    18.87
2208   10    31.33    14.19
2208   11   114.76     4.18
2208   12    71.62     1.93
2209    1    73.11     0.92
2209    2    44.96    -4.14
2209    3    83.93     0.14
2209    4   106.41     7.51
2209    5   182.89    13.86
2209    6   106.61    17.97
2209    7    24.41    25.99
2209    8    51.04    25.18
2209    9    34.45    21.27
2209   10    91.84     9.84
2209   11    76.27     3.08
2209   12    42.37    -0.16
2210    1    66.21    -1.15
2210    2    64.68     4.88
2210    3    64.25     6.56
2210    4    94.31    10.05
2210    5    63.36    14.83
2210    6   124.22    19.21
2210    7    32.81    26.30
2210    8    46.40    24.79
2210    9    79.86    15.90
2210   10    48.25    11.09
2210   11    90.39     3.19
2210   12    48.12    -0.70
2211    1    84.42     2.04
2211    2    53.00    -0.57
2211    3    49.68     1.41
2211    4    68.27     9.65
2211    5    65.46    13.57
2211    6   103.41    16.67
2211    7    26.96    25.66
2211    8    25.67    27.15
2211    9    40.45    19.39
2211   10    93.30    12.79
2211   11    98.84     4.52
2211   12    78.08     1.71
2212    1    85.05    -1.93
2212    2    43.11     3.25
2212    3   106.87     0.75
2212    4   159.07     5.41
2212    5   209.34    11.90
2212    6   124.29    19.92
2212    7    42.76    26.18
2212    8    53.42    24.59
2212    9    67.00    18.28
2212   10    94.30     8.73
2212   11    53.60     2.83
2212   12    80.52    -0.33
2213    1    84.36     0.72
2213    2    51.14     3.57
2213    3    23.96     7.91
2213    4    67.59    11.65
2213    5    55.20    16.28
2213    6    91.74    18.31
2213    7    52.37    25.22
2213    8    64.13    23.85
2213    9    48.58    18.36
2213   10    81.94     7.86
2213   11    77.75     2.90
2213   12    69.68     1.86
2214    1    81.24     1.27
2214    2    97.57     0.72
2214    3    44.05     5.18
2214    4    83.34     8.64
2214    5    22.20    18.06
2214    6    57.69    23.24
2214    7    64.85    23.95
2214    8    27.61    25.95
2214    9    35.74    20.69
2214   10    37.16     7.20
2214   11    46.55     2.58
2214   12    40.13    -0.69
2215    1    32.07    -0.62
2215    2    55.94     1.76
2215    3    61.17     6.13
2215    4   157.91     7.19
2215    5   205.45    12.70
2215    6    90.24    17.68
2215    7    45.25    24.61
2215    8    53.11    23.30
2215    9    52.59    18.57
2215   10    57.98     8.54
2215   11    52.55     3.85
2215   12    74.57     1.61
2216    1    84.19     1.78
2216    2    72.49    -0.93
2216    3    76.91     3.32
2216    4   144.62     7.20
2216    5   135.66    11.01
2216    6    67.34    20.65
2216    7    52.15    24.74
2216    8    20.24    25.19
2216    9    53.39    18.47
2216   10   134.25     8.18
2216   11   101.49     0.66
2216   12    72.17     2.61
2217    1   126.89     2.26
2217    2    65.06     3.22
2217    3   117.73     4.38
2217    4    89.64     8.81
2217    5   134.19    12.49
2217    6    57.26    22.22
2217    7    42.82    24.90
2217    8    32.81    25.36
2217    9    51.84    16.71
2217   10    88.06     9.25
2217   11    56.11    -0.54
2217   12    73.23    -0.24
2218    1    56.98    -3.66
2218    2    35.45     5.14
2218    3    58.57     6.89
2218    4    79.13     9.25
2218    5   139.20    12.57
2218    6   107.49    17.20
2218    7    54.86    25.25
2218    8    39.01    25.46
2218    9    31.05    20.07
2218   10    56.34    10.64
2218   11    65.22     5.79
2218   12    79.12    -3.04
2219    1    29.51    -1.72
2219    2    68.43    -0.44
2219    3    81.44     5.41
2219    4   109.91     7.79
2219    5   169.06    13.14
2219    6    20.53    21.64
2219    7    39.55    25.71
2219    8    41.32    24.03
2219    9    12.62    17.74
2219   10    16.81    10.95
2219   11    33.13     5.75
2219   12    29.51     2.24
2220    1    23.26     2.72
2220    2    41.36     2.98
2220    3    39.86     7.79
2220    4   106.77     7.98
2220    5    41.14    17.97
2220    6    60.96    21.64
2220    7    70.01    25.28
2220    8    63.67    25.72
2220    9    35.90    20.52
2220   10   117.80    12.00
2220   11    74.76     5.69
2220   12   141.21     0.37
2221    1    55.00     2.70
2221    2    75.96     2.85
2221    3    38.30     8.16
2221    4    96.87     8.96
2221    5   135.07    16.24
2221    6    51.16    20.70
2221    7    76.35    25.45
2221    8    20.60    23.39
2221    9    41.68    20.12
2221   10    97.25    11.82
2221   11    59.81     5.10
2221   12    62.25     0.85
2222    1    45.48    -0.80
2222    2    35.88     2.90
2222    3    50.00     6.98
2222    4   117.76     8.13
2222    5   138.94    13.31
2222    6   159.61    18.07
2222    7    21.97    23.00
2222    8    36.34    24.43
2222    9    17.71    19.81
2222   10    82.65     9.98
2222   11   134.10     4.59
2222   12   117.12     3.66
2223    1    85.37    -1.09
2223    2    21.86     4.32
2223    3   106.52     3.69
2223    4   165.51     7.01
2223    5    99.73    13.59
2223    6   100.56    18.36
2223    7    33.96    25.09
2223    8    44.17    25.15
2223    9    42.57    20.14
2223   10    70.32    12.95
2223   11    44.94     7.23
2223   12    41.86     4.36
2224    1    66.15     2.99
2224    2    56.21     0.69
2224    3   102.62     5.95
2224    4    74.54     8.13
2224    5    32.78    17.77
2224    6    99.10    19.24
2224    7    48.52    25.17
2224    8    40.93    24.55
2224    9    39.99    16.57
2224   10    71.15    12.69
2224   11   105.61     7.06
2224   12    75.70     1.33
2225    1    70.92    -0.28
2225    2    63.27     1.66
2225    3    54.54     0.33
2225    4    74.67     7.33
2225    5    58.39    18.75
2225    6    66.36    23.03
2225    7    53.05    27.23
2225    8    55.49    24.77
2225    9    80.09    17.65
2225   10    37.78    11.06
2225   11   139.23     5.42
2225   12    81.64     4.99
2226    1    33.70     1.77
2226    2    68.64     0.30
2226    3    81.40     4.06
2226    4   154.09     8.57
2226    5   173.05    12.65
2226    6    58.08    18.70
2226    7    81.23    22.99
2226    8    41.24    25.02
2226    9    13.69    18.73
2226   10    73.32     9.36
2226   11    87.36     6.03
2226   12    32.88     3.61
2227    1    98.27     1.96
2227    2    41.79     4.17
2227    3   103.08     1.39
2227    4    91.92     7.50
2227    5   149.24    13.09
2227    6    69.05    17.92
2227    7    51.05    24.88
2227    8    33.92    25.56
2227    9    25.62    21.21
2227   10    63.63    11.08
2227   11    49.79     5.51
2227   12   106.32     2.40
2228    1    45.36    -1.18
2228    2    73.44    -1.50
2228    3    42.14     3.13
2228    4    84.14     8.47
2228    5    48.79    16.41
2228    6    49.29    20.90
2228    7    42.15    25.56
2228    8    35.06    24.83
2228    9    30.76    19.70
2228   10    77.72    10.43
2228   11    25.71     9.12
2228   12    88.28     2.36
2229    1    67.23     2.07
2229    2    60.08     2.42
2229    3    89.43     4.95
2229    4   103.01     9.09
2229    5   106.55    12.49
2229    6    75.09    20.67
2229    7    38.71    25.53
2229    8    28.59    25.53
2229    9    30.68    20.07
2229   10    27.96    13.36
2229   11   124.54     7.11
2229   12   111.15     2.97
2230    1    75.21    -4.50
2230    2   105.03     3.75
2230    3    60.31     5.48
2230    4    78.32     6.06
2230    5    96.78    13.33
2230    6    72.79    19.36
2230    7    38.48    25.25
2230    8    40.48    27.51
2230    9    79.13    18.43
2230   10    52.87     7.32
2230   11    17.38     7.04
2230   12    29.16     3.83
2231    1    51.48    -8.89
2231    2    60.72     1.27
2231    3    91.11     3.94
2231    4   103.96    10.48
2231    5   152.16    13.28
2231    6    68.43    21.25
2231    7    55.11    25.98
2231    8    38.41    24.50
2231    9    51.65    21.25
2231   10    76.66    12.22
2231   11    58.67     5.22
2231   12    57.22     3.72
2232    1    75.58    -3.32
2232    2    39.77     3.27
2232    3    71.08     5.97
2232    4   104.79     9.07
2232    5   114.00    11.32
2232    6    49.25    21.25
2232    7    23.54    28.56
2232    8    39.03    26.82
2232    9    36.06    20.97
2232   10   132.20    10.84
2232   11    96.34     5.69
2232   12    52.43     1.79
2233    1    72.46     0.96
2233    2    93.55     1.72
2233    3    75.35     1.76
2233    4   137.66     5.16
2233    5   116.01    11.85
2233    6    70.30    19.37
2233    7    53.90    24.83
2233    8    42.20    26.87
2233    9    59.66    20.38
2233   10    71.47    10.93
2233   11    52.63     4.57
2233   12    80.96     2.53
2234    1    93.90    -0.50
2234    2    50.79    -1.40
2234    3    75.89     7.78
2234    4    77.79     8.53
2234    5    85.16    14.69
2234    6   145.92    17.60
2234    7    22.23    26.03
2234    8    39.25    24.64
2234    9    61.18    18.31
2234   10    60.86    11.02
2234   11    61.07     7.73
2234   12    47.72     4.01
2235    1    78.57    -5.22
2235    2    55.47    -1.32
2235    3    53.55    -0.09
2235    4    79.03     4.96
2235    5    94.10    13.86
2235    6    75.23    18.45
2235    7    33.63    26.21
2235    8    29.60    24.85
2235    9    26.42    21.73
2235   10    22.91    17.20
2235   11    29.68     7.95
2235   12    75.28     2.81
2236    1    51.15    -0.41
2236    2   106.91     3.71
2236    3    53.33     8.07
2236    4    93.02     8.16
2236    5    57.11    14.95
2236    6    70.86    21.07
2236    7    48.94    25.64
2236    8    29.69    25.62
2236    9    37.44    19.81
2236   10    53.22     8.67
2236   11    57.66     7.88
2236   12    63.56     0.12
2237    1    59.05     0.11
2237    2    58.75    -3.97
2237    3   118.39     2.44
2237    4    92.98     9.64
2237    5    98.56    13.50
2237    6    92.30    19.11
2237    7    47.51    24.52
2237    8    72.86    22.93
2237    9    34.54    19.76
2237   10    31.76    13.88
2237   11    58.02     5.74
2237   12    91.64     5.08
2238    1    83.32     0.49
2238    2    36.64     5.98
2238    3    57.60     7.70
2238    4    66.09    10.41
2238    5    85.85    16.00
2238    6    52.28    21.48
2238    7    61.57    24.67
2238    8    53.47    24.66
2238    9    37.84    20.49
2238   10    87.71    10.67
2238   11    98.68     5.29
2238   12    98.57    -0.93
2239    1    65.15    -2.66
2239    2    73.61    -4.21
2239    3    55.53     6.55
2239    4   183.15     9.55
2239    5   175.90    13.91
2239    6    96.54    19.78
2239    7    21.24    26.56
2239    8    24.02    23.95
2239    9    28.55    21.55
2239   10    57.35     9.58
2239   11    89.67     5.70
2239   12    56.39     2.70
2240    1    66.04     2.30
2240    2    67.25    -0.27
2240    3    56.02     5.04
2240    4   122.32     8.43
2240    5   142.30    12.98
2240    6   101.50    17.84
2240    7    37.51    25.06
2240    8    22.99    25.32
2240    9    20.87    19.60
2240   10    57.92     9.56
2240   11    73.18     5.91
2240   12    75.08     2.60
2241    1    68.03    -0.21
2241    2    55.49     0.16
2241    3   128.97     6.26
2241    4   156.82     5.93
2241    5   125.86    10.10
2241    6    76.41    20.29
2241    7    30.60    26.04
2241    8     9.82    27.85
2241    9    36.20    20.06
2241   10   114.75    13.33
2241   11    60.96     5.68
2241   12    75.50    -5.03
2242    1    33.89     3.67
2242    2    89.97     2.11
2242    3   117.78     5.60
2242    4   160.77     3.79
2242    5    43.25    15.67
2242    6    91.68    19.64
2242    7    28.77    25.17
2242    8    21.39    25.59
2242    9    45.56    15.89
2242   10    71.66    11.96
2242   11    27.57     7.03
2242   12    99.83     0.02
2243    1    96.78    -1.93
2243    2    71.54     2.52
2243    3   145.30     6.16
2243    4   141.94     8.09
2243    5    82.91    17.04
2243    6    92.90    20.15
2243    7    56.94    23.67
2243    8    33.74    24.63
2243    9    69.74    16.04
2243   10    45.77    14.59
2243   11    78.10     4.25
2243   12    68.05     1.00
2244    1    71.42     2.94
2244    2    65.62     3.01
2244    3    90.93     7.78
2244    4   131.71     6.94
2244    5    54.05    14.36
2244    6    70.26    22.14
2244    7    49.57    26.08
2244    8    35.17    26.31
2244    9    48.20    18.03
2244   10    67.36    11.99
2244   11    53.41     5.89
2244   12    63.13     1.57
2245    1    66.15     1.33
2245    2    63.93     2.88
2245    3   124.06     2.69
2245    4   100.18     6.75
2245    5   134.45    11.60
2245    6   138.80    15.82
2245    7    62.28    24.33
2245    8    36.40    23.49
2245    9    52.44    18.80
2245   10    53.62     7.40
2245   11    66.80     1.50
2245   12   128.05     1.37
2246    1    92.59     1.49
2246    2    96.60     4.27
2246    3    70.43     5.76
2246    4    90.52     8.68
2246    5    77.97    12.81
2246    6    52.41    19.71
2246    7    55.14    26.31
2246    8    32.77    25.95
2246    9    71.07    17.98
2246   10    45.52    13.59
2246   11   102.64     4.43
2246   12    82.20    -1.02
2247    1    27.74     0.26
2247    2    56.53     1.93
2247    3    71.40    -0.86
2247    4    93.60     8.59
2247    5    67.56    14.52
2247    6    85.16    19.33
2247    7    32.52    25.78
2247    8    21.77    26.28
2247    9    30.11    18.54
2247   10    31.62    11.89
2247   11   138.11     2.62
2247   12    87.61     0.91
2248    1    64.49    -2.52
2248    2    44.20     4.45
2248    3    60.05     5.11
2248    4    66.04    12.27
2248    5    57.85    15.04
2248    6    31.53    22.43
2248    7    22.04    27.28
2248    8    27.33    25.19
2248    9    86.32    18.06
2248   10    53.50     8.31
2248   11    82.60     8.12
2248   12   134.03     0.11
2249    1    84.65    -0.05
2249    2    97.28     2.18
2249    3   126.63     5.89
2249    4    75.81     9.53
2249    5   113.50    15.42
2249    6    38.52    20.43
2249    7    40.14    27.72
2249    8    50.09    26.97
2249    9    36.49    19.72
2249   10    90.61    11.50
2249   11    68.26     8.29
2249   12    86.52     2.77
2250    1    79.37    -2.83
2250    2    18.64     0.60
2250    3    71.31     5.47
2250    4    91.64     6.24
2250    5   120.79    13.48
2250    6   128.71    18.90
2250    7    34.14    26.56
2250    8    47.27    24.18
2250    9    38.75    20.74
2250   10    45.28    11.67
2250   11    88.50     6.45
2250   12    50.89    -1.25
2251    1    70.79    -4.44
2251    2   112.50     2.78
2251    3   101.67     6.42
2251    4   118.71     5.28
2251    5   105.28    13.13
2251    6   109.11    19.04
2251    7    17.03    24.58
2251    8    32.81    25.07
2251    9    18.53    20.21
2251   10    39.32    12.09
2251   11    35.08     7.45
2251   12    42.33     5.27
2252    1    68.76    -6.73
2252    2    54.85    -0.67
2252    3    85.58     3.83
2252    4   148.36     5.31
2252    5   118.76    12.91
2252    6    69.84    18.97
2252    7    57.58    23.38
2252    8    39.90    22.74
2252    9    61.81    20.57
2252   10    27.49     9.93
2252   11   114.78     5.72
2252   12    99.82     1.60
2253    1    75.80     0.56
2253    2    87.23    -2.38
2253    3    61.80     3.12
2253    4    56.36     9.75
2253    5   116.10    12.57
2253    6    87.53    19.25
2253    7    32.55    26.36
2253    8    49.63    24.98
2253    9    30.22    18.80
2253   10    20.99    13.55
2253   11    34.68     4.33
2253   12    76.20    -0.41
2254    1    72.54    -0.06
2254    2    62.67     0.72
2254    3    82.59     5.67
2254    4   108.14    10.43
2254    5   120.34    13.20
2254    6    78.55    19.04
2254    7    59.21    25.45
2254    8    24.56    26.99
2254    9    44.38    20.44
2254   10    41.52    10.35
2254   11    70.13     6.19
2254   12    40.72     0.65
2255    1    72.90     0.86
2255    2    36.51     1.63
2255    3   134.80     2.87
2255    4   129.77     8.72
2255    5    84.02    15.29
2255    6    85.77    18.40
2255    7    41.49    26.39
2255    8    27.16    24.82
2255    9    32.10    20.14
2255   10    25.31    12.32
2255   11    41.02     6.36
2255   12    48.74     3.24
2256    1    69.85     2.27
2256    2    84.33     3.87
2256    3    96.23     6.41
2256    4    98.29     8.41
2256    5   111.45    11.72
2256    6   113.75    16.65
2256    7    51.31    24.43
2256    8    41.82    24.51
2256    9     7.59    21.05
2256   10    50.90     9.49
2256   11    57.84     6.60
2256   12    79.60     4.68
2257    1    47.43    -1.11
2257    2    54.44     0.79
2257    3   113.81     4.67
2257    4   115.71     9.20
2257    5    68.48    17.41
2257    6    94.75    19.07
2257    7    32.47    27.86
2257    8    35.65    26.41
2257    9    57.60    17.43
2257   10    23.45    11.24
2257   11    54.08     2.05
2257   12    50.29     3.36
2258    1   111.23    -0.01
2258    2    35.22     3.15
2258    3    37.51     9.29
2258    4   107.40    12.04
2258    5   144.47    12.18
2258    6   101.34    17.92
2258    7    50.92    23.55
2258    8    38.35    24.93
2258    9    15.88    20.18
2258   10    60.54    11.90
2258   11    39.23     5.92
2258   12    95.41     2.96
2259    1    34.66    -0.03
2259    2    68.56    -4.39
2259    3    47.90     7.34
2259    4    89.90    10.52
2259    5    62.39    13.01
2259    6    85.46    19.60
2259    7    29.44    27.35
2259    8    35.15    26.29
2259    9    41.26    19.89
2259   10    69.52    11.62
2259   11    63.31     6.20
2259   12    50.68     3.91
2260    1    48.16    -2.03
2260    2    52.30     1.35
2260    3   117.04     3.85
2260    4    49.92     7.20
2260    5   104.12    12.85
2260    6    57.93    19.28
2260    7    88.85    23.86
2260    8    43.96    25.35
2260    9    43.86    20.58
2260   10    81.06    10.85
2260   11    98.25     2.92
2260   12    69.73     3.67
2261    1    44.52     1.98
2261    2    31.81     2.86
2261    3    56.24     2.10
2261    4   109.89     6.71
2261    5    45.33    18.19
2261    6    38.39    24.13
2261    7    60.07    24.90
2261    8    42.27    23.66
2261    9    51.31    17.94
2261   10    75.86    11.15
2261   11    54.67     8.44
2261   12    36.79     0.40
2262    1   109.44     0.24
2262    2    79.89     1.10
2262    3    79.52     4.22
2262    4    79.23     9.57
2262    5   112.74    12.46
2262    6    98.82    18.13
2262    7    48.78    23.73
2262    8    46.34    24.44
2262    9    49.21    19.31
2262   10    65.95    12.21
2262   11    57.50     6.98
2262   12    67.05     4.45
2263    1    59.04    -0.49
2263    2    14.04     7.73
2263    3    57.32     6.47
2263    4    89.47     8.70
2263    5    43.45    14.66
2263    6    87.66    18.53
2263    7    45.66    27.22
2263    8    34.99    25.48
2263    9    27.70    20.70
2263   10    35.01    12.01
2263   11   108.43     7.26
2263   12   108.39     4.32
2264    1    90.67     3.74
2264    2    33.04     0.77
2264    3   167.87     1.94
2264    4    54.13     8.17
2264    5    71.04    12.71
2264    6    67.27    20.71
2264    7    31.76    28.77
2264    8    41.72    23.74
2264    9    76.47    20.73
2264   10    79.47    11.03
2264   11    27.04     7.49
2264   12    95.75     3.02
2265    1   106.26    -2.48
2265    2    52.21     3.76
2265    3    64.52     7.35
2265    4    87.12     9.95
2265    5    93.77    16.90
2265    6    57.03    21.99
2265    7    63.10    24.39
2265    8    30.45    25.78
2265    9    68.20    19.63
2265   10    75.99    10.49
2265   11    39.61     8.31
2265   12    67.76     6.29
2266    1    39.78     0.75
2266    2    39.34     3.34
2266    3    49.15     9.35
2266    4    90.01     8.77
2266    5    67.37    14.52
2266    6    76.58    20.64
2266    7    41.38    28.14
2266    8    48.11    24.74
2266    9    58.19    16.41
2266   10    41.89    13.77
2266   11    74.28     7.45
2266   12    91.14     0.14
2267    1    91.47    -1.80
2267    2    83.46     3.27
2267    3   129.60     4.88
2267    4   140.96     6.71
2267    5    75.43    14.71
2267    6    93.06    20.08
2267    7    33.92    26.28
2267    8    36.80    25.55
2267    9    69.63    20.69
2267   10    62.32    13.31
2267   11    61.72     6.66
2267   12    38.99     3.01
2268    1    65.90    -4.73
2268    2    30.62     3.25
2268    3    42.88     6.38
2268    4   122.56     9.50
2268    5    97.09    12.84
2268    6    96.66    20.01
2268    7    40.24    24.15
2268    8    45.91    25.74
2268    9    47.51    19.80
2268   10    42.16    11.53
2268   11    63.06     5.93
2268   12    65.37     1.33
2269    1    65.38     3.36
2269    2    78.96     2.73
2269    3   122.17     5.70
2269    4    94.52     9.45
2269    5   102.80    13.47
2269    6    47.62    19.95
2269    7    46.65    26.14
2269    8    26.01    26.32
2269    9    31.89    17.80
2269   10   145.30    10.74
2269   11    99.20     4.41
2269   12    50.88     0.94
2270    1    39.56    -1.01
2270    2   113.46    -1.36
2270    3    72.05     4.13
2270    4   117.43     6.49
2270    5    93.75    13.18
2270    6    71.00    20.46
2270    7    35.73    24.75
2270    8    23.12    23.91
2270    9    64.63    19.22
2270   10   102.53     9.79
2270   11    30.17     5.26
2270   12    82.28     4.54
2271    1    72.10     3.83
2271    2    41.99     2.46
2271    3   104.89     5.24
2271    4   105.79     7.13
2271    5    61.85    14.40
2271    6    72.56    20.23
2271    7    45.94    27.05
2271    8    24.60    25.10
2271    9    51.49    16.91
2271   10    30.56    10.79
2271   11    88.27     5.03
2271   12    84.29     2.97
2272    1   109.48    -1.26
2272    2    84.41     3.13
2272    3    97.74     3.36
2272    4   142.44     7.25
2272    5   125.38    13.45
2272    6   107.97    19.30
2272    7    35.22    27.77
2272    8    30.99    27.85
2272    9    34.89    20.83
2272   10    41.99     8.32
2272   11   116.71     5.37
2272   12   130.22     3.27
2273    1    63.59     2.45
2273    2    51.82     3.30
2273    3    42.89     6.71
2273    4   116.09     5.63
2273    5   101.80    12.42
2273    6    64.05    21.63
2273    7    15.52    26.19
2273    8    43.81    24.89
2273    9    48.34    21.65
2273   10    56.40    10.46
2273   11    49.15     5.75
2273   12   104.45     0.01
2274    1    86.39     1.61
2274    2   104.23    -3.91
2274    3    57.47     5.17
2274    4    84.27     8.64
2274    5    56.51    17.14
2274    6    74.34    20.85
2274    7    34.39    24.80
2274    8    33.24    24.47
2274    9    68.26    19.99
2274   10    55.09    12.70
2274   11    79.27     6.24
2274   12    67.12     3.07
2275    1    73.99     2.68
2275    2    60.46     0.06
2275    3    18.39     6.60
2275    4    50.78    10.19
2275    5    31.34    16.96
2275    6    78.03    19.35
2275    7    42.28    26.03
2275    8    40.31    25.54
2275    9    22.76    19.18
2275   10    34.05    14.25
2275   11    72.74     6.81
2275   12    61.67     3.29
