1850    1    52.99    -1.61
1850    2   141.12    -2.47
1850    3   163.20     1.78
1850    4   149.05     7.36
1850    5   176.73    11.01
1850    6    76.00    15.64
1850    7    61.72    20.28
1850    8    97.51    19.39
1850    9   181.98    13.59
1850   10   188.14     9.07
1850   11   121.41     5.55
1850   12   383.91    -1.67
1851    1   174.96    -2.89
1851    2   104.95    -7.05
1851    3    81.63    -4.30
1851    4    79.46     0.97
1851    5   169.71     9.66
1851    6   140.76    16.26
1851    7   112.01    17.92
1851    8    88.91    18.74
1851    9   258.19    14.04
1851   10   228.24     7.70
1851   11   167.62     3.33
1851   12   181.18    -1.67
1852    1   256.96    -2.76
1852    2    69.95    -2.27
1852    3   164.17     2.33
1852    4   186.28     6.54
1852    5   107.15    12.86
1852    6   107.66    16.14
1852    7   122.27    20.23
1852    8   164.35    17.74
1852    9    72.23    13.73
1852   10    27.84    11.52
1852   11   170.87     6.34
1852   12   233.92    -2.37
1853    1   167.50    -2.12
1853    2    70.70    -4.25
1853    3   109.72     1.14
1853    4   167.01     4.66
1853    5    74.86    11.58
1853    6   162.97    17.60
1853    7   134.79    17.52
1853    8   120.67    17.55
1853    9   141.26    14.31
1853   10    62.92     7.89
1853   11   381.81     2.83
1853   12   259.27    -0.43
1854    1   125.21    -0.09
1854    2   194.37    -2.85
1854    3   121.37     1.75
1854    4   190.86     5.85
1854    5   156.05    11.42
1854    6   150.77    17.82
1854    7    81.79    18.36
1854    8   178.07    16.46
1854    9   186.83    11.53
1854   10    74.79     8.81
1854   11   100.59     5.84
1854   12    61.07     2.74
1855    1   178.49    -3.46
1855    2   103.02    -3.13
1855    3   152.06     2.07
1855    4   118.53     7.44
1855    5   155.94    10.59
1855    6   178.09    17.48
1855    7   146.48    17.60
1855    8    85.32    16.48
1855    9    81.52    13.65
1855   10   215.30     6.36
1855   11   210.33     2.41
1855   12   341.73     2.44
1856    1   274.33    -3.59
1856    2    91.84    -0.69
1856    3   122.11     2.49
1856    4   143.46     3.96
1856    5   194.86    10.37
1856    6   172.71    16.80
1856    7   157.74    18.93
1856    8   117.81    17.73
1856    9    98.28    13.66
1856   10    99.40     7.11
1856   11    49.79     0.22
1856   12   232.66    -0.50
1857    1   146.50    -6.64
1857    2    64.77    -8.58
1857    3   202.47    -2.98
1857    4    88.59     3.94
1857    5   197.24    10.54
1857    6   141.05    15.79
1857    7   122.05    19.40
1857    8    98.42    18.15
1857    9    52.87    15.09
1857   10   149.65     9.03
1857   11   175.36     4.77
1857   12   300.59     0.00
1858    1    55.88    -4.18
1858    2    69.95    -7.13
1858    3   140.62    -2.38
1858    4    82.54     3.28
1858    5   242.77     9.21
1858    6    99.37    15.73
1858    7   142.57    16.06
1858    8    78.92    19.29
1858    9   113.22    14.23
1858   10   208.20     8.06
1858   11   112.74     6.41
1858   12   145.44    -0.06
1859    1   126.07    -4.95
1859    2   185.19    -3.67
1859    3   131.69    -2.56
1859    4    55.13     3.42
1859    5   208.29    11.57
1859    6    78.48    17.32
1859    7    93.37    19.16
1859    8   134.07    18.56
1859    9    97.98    15.62
1859   10    94.44     8.60
1859   11   132.92     5.52
1859   12   327.26    -2.14
1860    1   148.65    -4.55
1860    2    77.05    -5.14
1860    3   208.73    -4.37
1860    4   142.36    -0.32
1860    5   121.43     5.98
1860    6   112.29    17.05
1860    7   121.06    17.54
1860    8   143.49    17.53
1860    9   104.13    13.89
1860   10   211.53     7.85
1860   11    40.82     5.90
1860   12   124.11     3.73
1861    1   197.34    -1.45
1861    2    68.51    -5.06
1861    3    79.14    -2.86
1861    4    95.99     7.75
1861    5    96.33     9.80
1861    6   100.97    16.67
1861    7    87.10    19.06
1861    8   155.81    18.28
1861    9    87.36    15.77
1861   10   232.95     6.76
1861   11   330.53     1.76
1861   12   297.84    -1.58
1862    1   149.95    -4.18
1862    2    61.93    -5.82
1862    3   106.97    -1.17
1862    4   161.50     2.86
1862    5   179.44    12.43
1862    6   281.21    15.88
1862    7   191.25    16.62
1862    8    64.75    18.98
1862    9    25.88    15.82
1862   10   140.90     9.51
1862   11    76.23     3.79
1862   12   178.61     2.68
1863    1   161.72    -0.68
1863    2   136.94    -4.36
1863    3   116.34     2.15
1863    4   125.67     7.13
1863    5   181.63    13.36
1863    6   171.95    19.71
1863    7   107.44    20.21
1863    8   149.36    19.62
1863    9   111.23    12.53
1863   10   135.80    10.29
1863   11   227.76     4.35
1863   12   207.17    -4.88
1864    1   190.69    -3.33
1864    2    49.93    -5.26
1864    3    83.58    -5.19
1864    4   138.80     2.00
1864    5   115.28    10.31
1864    6    93.82    16.94
1864    7    75.17    18.20
1864    8    91.67    17.11
1864    9    97.13    11.90
1864   10    35.05     8.37
1864   11    84.06     4.75
1864   12   243.79    -1.03
1865    1   174.18    -1.47
1865    2   212.05    -3.09
1865    3    68.08     1.23
1865    4   141.60     6.87
1865    5   182.87     9.73
1865    6   158.26    16.09
1865    7    82.12    18.45
1865    8    96.14    19.96
1865    9   144.67    11.21
1865   10   120.06     7.29
1865   11   136.71     4.51
1865   12   181.18     3.09
1866    1   333.87    -2.26
1866    2    89.70    -1.51
1866    3    85.26     0.56
1866    4   189.74     7.25
1866    5   153.09    12.38
1866    6   189.68    15.37
1866    7   133.87    18.76
1866    8    66.50    18.39
1866    9    37.09    17.26
1866   10   118.08     9.17
1866   11   125.90     5.17
1866   12    76.00     3.30
1867    1   288.89    -5.20
1867    2   117.07    -4.31
1867    3   124.12    -1.11
1867    4    65.34     4.33
1867    5   181.11     8.16
1867    6   133.64    16.93
1867    7    98.90    19.17
1867    8    56.79    20.00
1867    9    41.97    16.43
1867   10   123.61     8.54
1867   11   115.81     4.42
1867   12   295.94    -1.45
1868    1   281.74    -4.03
1868    2   112.00    -2.99
1868    3   237.34     1.48
1868    4   138.48     7.98
1868    5   136.72    12.36
1868    6   114.89    15.79
1868    7   155.47    19.32
1868    8   104.88    19.06
1868    9   138.57    14.77
1868   10    90.45    10.67
1868   11   138.53     3.12
1868   12   361.28     0.80
1869    1   132.95    -3.73
1869    2   370.50    -2.72
1869    3    87.95     0.20
1869    4    97.28     1.89
1869    5   106.72    13.38
1869    6   155.11    17.12
1869    7   113.80    18.32
1869    8   154.67    17.11
1869    9   131.71    14.05
1869   10    47.78     6.43
1869   11   119.22     4.55
1869   12    76.99     1.93
1870    1   237.88     0.06
1870    2    76.86    -3.96
1870    3   167.75     0.10
1870    4   135.82     6.99
1870    5   163.10    12.18
1870    6   203.76    17.08
1870    7   115.29    18.97
1870    8   107.45    17.33
1870    9   128.09    11.30
1870   10   119.13     7.87
1870   11    93.00     4.97
1870   12   124.75     0.23
1871    1   350.65    -4.45
1871    2    56.20    -4.66
1871    3    74.97    -2.07
1871    4   150.85     4.80
1871    5   247.52    10.02
1871    6   211.33    15.21
1871    7   121.30    17.09
1871    8    98.15    18.70
1871    9    97.80    14.86
1871   10    21.39    11.20
1871   11   126.79     6.71
1871   12   213.16    -1.00
1872    1   209.83    -1.83
1872    2   194.36    -2.68
1872    3    67.28     2.21
1872    4   161.45     5.19
1872    5   137.56    10.01
1872    6   138.70    15.09
1872    7   181.87    16.26
1872    8   118.05    17.18
1872    9    89.10    16.23
1872   10    83.71     8.42
1872   11   413.02     2.49
1872   12   336.04    -2.53
1873    1   235.42    -5.41
1873    2   301.48    -3.51
1873    3   103.86    -5.63
1873    4   159.72     0.42
1873    5   125.95     5.66
1873    6   170.13    16.43
1873    7   152.76    17.85
1873    8   112.67    17.90
1873    9    68.29    12.83
1873   10    55.80     7.23
1873   11   146.03     3.05
1873   12   244.60     0.04
1874    1   195.49    -3.62
1874    2   166.12    -4.13
1874    3    76.35    -3.29
1874    4    88.71     1.25
1874    5   164.75     9.61
1874    6   289.02    16.18
1874    7   171.82    18.36
1874    8   100.15    18.27
1874    9   130.84    13.08
1874   10   104.33     9.40
1874   11    79.04     7.31
1874   12    61.50    -0.90
1875    1   187.11    -3.29
1875    2   183.56    -3.44
1875    3   149.70    -1.49
1875    4   167.81     4.70
1875    5   135.18    11.06
1875    6   106.46    16.78
1875    7   128.91    20.00
1875    8   136.16    17.24
1875    9   161.44    14.00
1875   10   128.13     9.08
1875   11   129.18     4.05
1875   12   245.80    -1.86
1876    1   233.74    -4.47
1876    2   100.71    -2.10
1876    3    53.42    -2.17
1876    4    79.35     2.96
1876    5   190.02    11.08
1876    6   142.10    17.56
1876    7   150.16    18.60
1876    8    92.81    18.86
1876    9    93.48    15.04
1876   10   144.12    10.82
1876   11   262.43     6.33
1876   12   106.17    -5.36
1877    1   209.29     0.40
1877    2   102.08    -0.22
1877    3   137.79    -1.19
1877    4   156.95     8.19
1877    5   230.76    10.65
1877    6   128.36    15.77
1877    7    75.49    18.98
1877    8    86.54    18.33
1877    9   147.61    14.06
1877   10   179.67    10.06
1877   11    61.87     2.14
1877   12   113.18     2.07
1878    1   353.89     0.06
1878    2   215.46     1.95
1878    3    88.47     1.40
1878    4    74.84     7.77
1878    5    43.30    12.92
1878    6   139.45    16.97
1878    7   147.29    17.65
1878    8   116.53    19.72
1878    9    79.82    14.54
1878   10   124.35     8.15
1878   11   114.39     3.29
1878   12   199.41     1.26
1879    1   113.36    -3.31
1879    2   121.67    -6.27
1879    3   155.64    -0.14
1879    4   164.13     5.93
1879    5   302.35    10.10
1879    6   276.53    15.24
1879    7   191.10    17.35
1879    8   144.54    17.80
1879    9   156.63    12.11
1879   10    64.12    12.48
1879   11    84.15     5.82
1879   12   310.16     1.43
1880    1   233.48    -4.13
1880    2   207.74    -3.49
1880    3   186.88    -4.42
1880    4    97.76     2.36
1880    5   134.96     9.93
1880    6   193.11    16.04
1880    7    64.02    18.63
1880    8   126.38    17.92
1880    9   161.37    14.78
1880   10    84.15     6.93
1880   11    49.53     5.24
1880   12    56.00     1.74
1881    1   237.44    -2.82
1881    2    66.98    -2.57
1881    3   153.65    -3.10
1881    4    77.24     3.15
1881    5   130.17     8.58
1881    6   109.70    15.72
1881    7   149.25    19.58
1881    8    91.70    18.15
1881    9   108.53    14.34
1881   10    77.14    10.97
1881   11    79.21     6.50
1881   12   197.57     2.71
1882    1   108.28     1.61
1882    2    84.07     3.04
1882    3   143.07     1.11
1882    4   179.63     8.51
1882    5   197.55    12.31
1882    6   113.21    16.89
1882    7   189.34    18.04
1882    8   100.08    18.40
1882    9   102.10    13.59
1882   10    67.28     9.65
1882   11   107.56     4.14
1882   12   245.65    -0.13
1883    1   294.02    -3.39
1883    2   135.31    -2.15
1883    3    77.63    -0.70
1883    4   150.42     4.31
1883    5   193.73     9.08
1883    6   156.22    16.45
1883    7    78.19    20.66
1883    8   199.36    18.33
1883    9   150.73    11.93
1883   10   169.27     9.98
1883   11    89.37     6.28
1883   12   121.22     2.73
1884    1   159.06     1.68
1884    2   184.71     2.85
1884    3   197.07     2.13
1884    4   237.63     3.60
1884    5    94.00    11.85
1884    6    97.29    13.41
1884    7   138.90    17.31
1884    8   124.07    17.79
1884    9    69.82    15.68
1884   10   154.23     7.61
1884   11    50.50     4.33
1884   12   173.07    -0.05
1885    1   189.35    -5.22
1885    2   140.32    -3.05
1885    3    88.54     1.03
1885    4   160.99     5.90
1885    5   273.21     9.25
1885    6    70.93    16.85
1885    7   134.14    17.72
1885    8    72.23    17.58
1885    9    82.84    14.76
1885   10    83.95    10.00
1885   11    86.44     1.14
1885   12   290.84    -2.08
1886    1   209.81    -5.80
1886    2   182.07    -5.07
1886    3    79.47    -4.75
1886    4    82.00     2.69
1886    5   168.47    10.32
1886    6   143.11    16.36
1886    7   120.82    18.37
1886    8    64.83    18.66
1886    9    89.28    13.17
1886   10   128.92     8.75
1886   11    64.52     4.21
1886   12   339.31    -2.34
1887    1   250.10    -4.75
1887    2    51.16    -6.44
1887    3    75.39    -1.73
1887    4   229.22     4.45
1887    5   151.80     9.20
1887    6   128.75    17.19
1887    7   104.96    19.85
1887    8   101.42    18.25
1887    9    41.58    16.33
1887   10    80.53    11.08
1887   11   171.79     4.46
1887   12    67.46     3.60
1888    1   288.48    -0.94
1888    2   126.52     0.18
1888    3   125.30     2.64
1888    4   145.49     5.57
1888    5   117.39    11.31
1888    6   123.87    14.97
1888    7   119.03    18.21
1888    8    92.45    16.34
1888    9    38.08    15.14
1888   10    89.00     9.19
1888   11   115.78     2.87
1888   12   306.39     2.04
1889    1   155.76     2.50
1889    2    97.10    -0.57
1889    3   181.01     6.47
1889    4    82.35     9.29
1889    5    94.93    11.42
1889    6   118.32    17.53
1889    7   182.80    18.22
1889    8    84.66    17.42
1889    9    87.44    15.25
1889   10    63.86     9.20
1889   11   261.50     1.45
1889   12   224.40    -3.56
1890    1   286.37    -5.14
1890    2   119.05    -5.19
1890    3   110.00    -1.82
1890    4    97.39     2.29
1890    5    99.67    11.83
1890    6   116.28    14.62
1890    7   152.90    17.40
1890    8   119.77    20.01
1890    9    59.35    12.06
1890   10   114.99     8.23
1890   11    53.77     2.35
1890   12    99.61    -0.78
1891    1   237.66    -1.29
1891    2    46.04    -1.41
1891    3   118.97     0.72
1891    4   112.05     7.70
1891    5   228.78     9.53
1891    6   143.95    13.94
1891    7    62.94    19.51
1891    8   113.38    20.67
1891    9   122.55    13.42
1891   10    64.91     7.95
1891   11   194.19     5.13
1891   12   228.97    -2.90
1892    1    88.87    -1.79
1892    2   101.50    -2.99
1892    3   212.29    -2.27
1892    4   193.59     5.86
1892    5   131.68    11.50
1892    6   103.06    16.34
1892    7   138.49    17.56
1892    8   138.89    17.54
1892    9   133.56    13.25
1892   10    97.50     8.85
1892   11   145.66     1.74
1892   12   369.73     0.92
1893    1   133.27     0.76
1893    2   158.06    -3.03
1893    3   119.82     1.82
1893    4   184.04     6.85
1893    5   111.06    11.57
1893    6   115.26    17.72
1893    7    82.31    19.77
1893    8   137.59    19.53
1893    9   200.30    13.33
1893   10   108.02    10.43
1893   11   150.99     4.45
1893   12   183.70    -1.13
1894    1   146.80    -3.76
1894    2   153.64    -4.09
1894    3   148.24    -2.80
1894    4    81.50     4.14
1894    5   181.09    11.46
1894    6   151.63    15.68
1894    7   108.77    18.53
1894    8    93.26    19.07
1894    9   161.56    13.35
1894   10   229.93     8.12
1894   11    69.38     3.56
1894   12   207.33    -1.07
1895    1   215.00    -5.43
1895    2    94.92    -2.28
1895    3    85.96    -3.61
1895    4    77.18     1.01
1895    5   172.87    10.48
1895    6    70.37    16.69
1895    7   134.36    18.85
1895    8   133.29    19.04
1895    9    78.00    13.60
1895   10    54.23     7.69
1895   11   191.65     3.21
1895   12   140.47     1.21
1896    1   156.07    -5.03
1896    2   181.23    -5.47
1896    3   234.64    -1.70
1896    4   123.88     1.36
1896    5   173.63    11.30
1896    6   153.39    14.97
1896    7   116.58    17.35
1896    8   115.62    17.09
1896    9   182.95    13.79
1896   10   168.34     9.29
1896   11   135.84     3.80
1896   12   184.76    -0.36
1897    1   241.89    -4.00
1897    2   196.13    -5.52
1897    3   140.81    -1.04
1897    4    73.23     4.12
1897    5   117.33    12.50
1897    6   240.10    15.17
1897    7   180.94    17.14
1897    8    59.34    19.55
1897    9   131.00    14.86
1897   10   141.68    12.52
1897   11    91.01     4.76
1897   12   231.29    -2.92
1898    1    76.61    -4.93
1898    2   208.08    -4.78
1898    3    89.67    -1.84
1898    4    81.69     2.98
1898    5   240.14     8.09
1898    6   163.25    15.52
1898    7    94.45    18.36
1898    8   139.43    19.92
1898    9   118.27    13.35
1898   10    68.24     9.06
1898   11   129.76     1.74
1898   12   225.47    -1.36
1899    1   191.50    -3.18
1899    2   245.36    -2.10
1899    3   104.96    -3.87
1899    4    88.36     2.13
1899    5   149.84     8.36
1899    6   147.15    16.00
1899    7   164.16    17.90
1899    8    98.39    18.68
1899    9   117.42    13.40
1899   10    80.92     7.01
1899   11    52.85     3.61
1899   12   196.50    -4.07
1900    1   251.76    -5.33
1900    2   115.72    -1.46
1900    3   220.28    -1.62
1900    4   110.03     1.09
1900    5   117.39     8.05
1900    6   163.07    16.44
1900    7   131.87    18.29
1900    8   125.42    16.03
1900    9    44.49    13.16
1900   10   166.91     8.25
1900   11   158.87     6.68
1900   12   259.14     3.08
1901    1   259.64    -3.69
1901    2   134.26    -4.76
1901    3   156.46    -4.71
1901    4   177.50     3.29
1901    5   140.95     8.80
1901    6   205.35    15.33
1901    7   138.38    18.14
1901    8   134.96    16.35
1901    9   113.06    13.19
1901   10   121.57     9.18
1901   11   136.58     3.88
1901   12   196.81    -0.13
1902    1   211.34    -6.29
1902    2   207.91    -2.23
1902    3   150.13    -4.19
1902    4    53.19     1.00
1902    5   102.45     8.08
1902    6   162.60    15.77
1902    7    59.42    19.59
1902    8    76.17    20.17
1902    9    78.61    13.92
1902   10    54.59     8.51
1902   11   300.46     4.56
1902   12   104.24     0.92
1903    1   213.08    -8.16
1903    2   119.24    -2.23
1903    3    76.16    -3.37
1903    4    57.40     4.61
1903    5   161.28    10.48
1903    6   163.04    15.40
1903    7   112.71    17.61
1903    8    80.68    18.49
1903    9    90.10    15.63
1903   10    69.20     7.53
1903   11   238.98     5.69
1903   12   107.88    -3.17
1904    1   219.01    -4.00
1904    2   160.79    -1.19
1904    3    70.48    -0.59
1904    4   253.83     5.37
1904    5   112.61    11.44
1904    6   313.87    15.66
1904    7   130.34    17.88
1904    8   107.18    17.45
1904    9   180.87    13.26
1904   10   104.94     5.14
1904   11    91.55     1.68
1904   12   209.78    -2.14
1905    1   298.88    -4.28
1905    2   136.44    -3.45
1905    3    71.85    -3.54
1905    4    89.58     2.39
1905    5   222.22     9.03
1905    6   312.27    16.31
1905    7    80.28    18.18
1905    8    76.60    18.63
1905    9    96.02    13.71
1905   10    52.29     8.43
1905   11   127.08     5.83
1905   12   311.60    -0.55
1906    1   158.23    -1.63
1906    2   190.83    -3.31
1906    3   105.11    -1.51
1906    4    95.51     0.73
1906    5   208.27    11.44
1906    6   150.98    16.19
1906    7   166.66    18.40
1906    8    60.38    19.03
1906    9   113.21    12.84
1906   10    74.09     9.24
1906   11   215.84     2.72
1906   12    77.88    -2.01
1907    1   108.37    -5.62
1907    2   187.93    -1.57
1907    3   148.17     0.01
1907    4   156.06     2.45
1907    5   174.90     8.49
1907    6   171.25    14.90
1907    7   156.47    16.82
1907    8    87.15    16.42
1907    9    69.26    14.10
1907   10    79.56     7.38
1907   11   137.84     2.90
1907   12   267.31    -1.53
1908    1   243.09    -0.76
1908    2   136.20    -5.17
1908    3   144.25    -4.34
1908    4   127.73    -0.03
1908    5   242.57     7.10
1908    6   215.79    14.93
1908    7   165.58    17.85
1908    8    46.26    20.09
1908    9    76.66    16.26
1908   10   158.25     8.86
1908   11   185.70     2.60
1908   12   137.73    -4.66
1909    1    75.72    -3.97
1909    2   107.95    -1.59
1909    3   101.53     0.63
1909    4   183.21     6.69
1909    5   272.14     9.72
1909    6   213.31    15.85
1909    7   106.39    19.63
1909    8   135.16    18.40
1909    9   103.16    14.44
1909   10    85.13     9.55
1909   11   281.69     2.21
1909   12   228.07    -0.40
1910    1   184.55    -6.82
1910    2    74.84    -4.81
1910    3   169.56    -3.03
1910    4    49.70     3.44
1910    5   180.95    10.53
1910    6   164.28    14.31
1910    7   166.79    18.30
1910    8   145.36    16.34
1910    9   137.77    11.56
1910   10   154.46     9.05
1910   11   115.51     2.28
1910   12   226.54    -1.06
1911    1   154.70    -4.46
1911    2    36.09    -6.86
1911    3   247.13    -0.73
1911    4   134.25     4.26
1911    5   177.39     9.49
1911    6   107.94    15.24
1911    7   101.57    17.72
1911    8   165.04    17.48
1911    9    75.66    13.97
1911   10   148.72     9.00
1911   11   138.35     4.49
1911   12   306.08    -1.02
1912    1   238.70    -4.87
1912    2    19.04    -8.18
1912    3   133.08    -2.68
1912    4   195.23     0.06
1912    5   199.91     8.20
1912    6   162.39    13.98
1912    7   168.96    19.38
1912    8    73.31    17.83
1912    9    56.38    13.93
1912   10    76.31     6.53
1912   11   124.34     1.83
1912   12   152.37     0.24
1913    1    85.70    -3.24
1913    2   107.96    -2.71
1913    3   149.62    -0.17
1913    4   139.63     7.60
1913    5   125.93    11.69
1913    6   118.56    17.17
1913    7    47.10    21.84
1913    8    48.68    18.30
1913    9    70.06    14.59
1913   10    72.20     7.74
1913   11   206.24     0.35
1913   12   326.45    -1.95
1914    1   282.10    -5.41
1914    2   168.69    -2.20
1914    3    93.89    -1.20
1914    4    82.29     2.96
1914    5   198.28    12.34
1914    6   111.98    17.47
1914    7   105.43    19.19
1914    8   149.68    19.00
1914    9   172.23    13.46
1914   10    24.60    12.27
1914   11   238.97     3.98
1914   12   238.15    -3.40
1915    1   103.17    -3.43
1915    2   175.92    -5.56
1915    3   201.02    -2.33
1915    4    63.13     1.72
1915    5   240.12     7.74
1915    6   182.52    14.53
1915    7   241.83    17.86
1915    8   108.62    17.33
1915    9    64.89    15.97
1915   10   103.65     7.79
1915   11   202.83     3.21
1915   12   278.01    -0.59
1916    1   206.68    -4.50
1916    2   203.59    -2.59
1916    3    73.18     0.84
1916    4   113.38     5.24
1916    5   298.74    12.11
1916    6   131.48    16.96
1916    7   187.80    19.80
1916    8    99.65    15.67
1916    9    99.39    13.50
1916   10    41.58     9.20
1916   11    81.07     5.13
1916   12   243.44    -1.35
1917    1   186.76    -1.06
1917    2    57.84    -0.92
1917    3   115.97    -1.50
1917    4   164.09     4.22
1917    5   182.76    11.12
1917    6    76.56    15.37
1917    7    98.86    17.36
1917    8    55.47    20.45
1917    9    56.65    13.84
1917   10    43.87     8.83
1917   11    83.66    -1.00
1917   12   295.18    -1.40
1918    1    92.77    -4.90
1918    2    71.20    -7.27
1918    3   123.47    -0.14
1918    4   176.33     4.60
1918    5   217.24     9.72
1918    6    82.24    16.64
1918    7   102.90    19.32
1918    8   148.10    17.23
1918    9   117.08    11.98
1918   10   116.03     8.32
1918   11   249.77    -0.30
1918   12   298.74    -0.20
1919    1   365.37    -6.94
1919    2    77.40    -5.85
1919    3   144.21    -1.84
1919    4   205.51     3.70
1919    5   168.97    10.10
1919    6   170.83    15.13
1919    7   115.76    17.10
1919    8   113.06    18.45
1919    9    94.62    14.67
1919   10   123.28     7.82
1919   11   162.11     1.80
1919   12    94.26    -1.28
1920    1   186.43    -5.83
1920    2   134.06    -3.32
1920    3   123.74     0.06
1920    4   110.40     6.37
1920    5   135.22    10.80
1920    6   174.52    17.34
1920    7   137.55    19.29
1920    8    68.35    17.15
1920    9    71.49    16.33
1920   10   196.69     8.92
1920   11   194.88     1.08
1920   12   293.03    -1.52
1921    1   102.25    -4.38
1921    2   211.69    -4.23
1921    3   126.21     0.19
1921    4   150.10     6.70
1921    5   264.86    10.31
1921    6   262.12    15.37
1921    7    96.74    18.10
1921    8   146.34    18.32
1921    9   128.88    13.26
1921   10   143.20    10.11
1921   11   253.38     2.24
1921   12   168.29    -2.28
1922    1   197.94    -1.33
1922    2   253.51    -1.15
1922    3    99.16     2.29
1922    4   104.70     6.86
1922    5   132.53    11.88
1922    6   185.90    17.05
1922    7   129.84    17.57
1922    8   130.61    18.44
1922    9   153.29    14.57
1922   10    22.11    11.07
1922   11   108.65     3.99
1922   12   223.44    -2.63
1923    1    79.89    -2.59
1923    2    49.03    -0.95
1923    3    64.85     0.60
1923    4    59.24     6.61
1923    5   211.25     9.31
1923    6    61.49    15.30
1923    7   211.33    17.69
1923    8    38.50    18.10
1923    9   101.61    13.21
1923   10    17.83    10.15
1923   11    67.22     4.38
1923   12   135.15     0.54
1924    1   249.10    -3.36
1924    2   128.45    -5.02
1924    3    69.36    -0.68
1924    4    85.25     3.92
1924    5   136.74    11.86
1924    6    95.71    17.11
1924    7   155.57    20.09
1924    8    65.85    20.82
1924    9    96.70    15.27
1924   10   137.20     9.22
1924   11   142.56     4.25
1924   12   177.22     0.37
1925    1   196.65    -1.00
1925    2    34.21     1.24
1925    3   231.99     2.56
1925    4   202.83     8.12
1925    5   193.63    11.43
1925    6   290.86    16.07
1925    7   125.96    18.41
1925    8   122.37    18.49
1925    9   135.41    13.98
1925   10    51.06     8.68
1925   11   259.81     4.12
1925   12   178.92     1.74
1926    1    75.45    -0.30
1926    2   109.29     0.79
1926    3   152.92     4.61
1926    4    77.23     7.81
1926    5   178.91    10.63
1926    6   116.77    15.58
1926    7   150.78    19.24
1926    8   102.14    18.26
1926    9   165.89    13.98
1926   10   174.21    10.23
1926   11   368.69     4.33
1926   12    89.89    -1.20
1927    1    75.18    -2.95
1927    2   113.75    -8.46
1927    3   234.26    -2.34
1927    4    86.88     0.71
1927    5   214.36    10.04
1927    6   179.17    14.21
1927    7    83.47    17.99
1927    8    60.70    18.27
1927    9    63.51    13.69
1927   10    46.78     8.53
1927   11   109.27     2.75
1927   12   213.30     0.76
1928    1   220.59    -3.13
1928    2    50.51    -1.16
1928    3   138.44    -0.03
1928    4    80.02     5.27
1928    5   176.88    10.16
1928    6   125.88    17.48
1928    7   116.15    17.75
1928    8    47.10    21.96
1928    9    96.32    14.29
1928   10    91.36    11.56
1928   11    69.21     6.26
1928   12   136.64    -0.74
1929    1   238.50    -2.66
1929    2    67.65     0.88
1929    3   146.79     5.42
1929    4   110.46     9.28
1929    5    50.58    13.57
1929    6   158.06    16.25
1929    7    99.04    19.40
1929    8    98.91    19.33
1929    9    57.26    14.67
1929   10    70.63     7.28
1929   11   116.27     0.36
1929   12   299.94     0.44
1930    1    99.44    -1.52
1930    2   194.08    -1.15
1930    3   104.48     1.69
1930    4    93.50     6.67
1930    5   165.15    11.55
1930    6   137.98    15.48
1930    7    32.01    23.22
1930    8   130.19    18.58
1930    9   155.56    15.71
1930   10   117.13     8.84
1930   11    83.73     5.01
1930   12   271.19     3.09
1931    1   353.85    -5.04
1931    2   169.99    -3.96
1931    3    99.63     1.11
1931    4   218.49     4.52
1931    5   205.27     9.86
1931    6   136.01    14.04
1931    7    73.08    17.02
1931    8    34.90    20.12
1931    9    49.69    13.42
1931   10   180.18     7.09
1931   11   163.62     4.81
1931   12   302.44    -4.01
1932    1   202.88    -5.18
1932    2   142.40    -4.75
1932    3    99.64    -6.18
1932    4    63.66    -0.20
1932    5   207.78     7.47
1932    6   135.55    15.32
1932    7    97.16    18.16
1932    8   112.20    16.56
1932    9    60.81    15.73
1932   10    61.25    10.07
1932   11   136.23     4.71
1932   12   246.95    -3.59
1933    1   316.95    -2.59
1933    2    78.45    -3.38
1933    3   160.70    -1.36
1933    4   122.77     3.22
1933    5   157.27    11.23
1933    6   158.55    16.30
1933    7   177.42    16.41
1933    8    79.86    16.36
1933    9   112.12    12.50
1933   10   125.20     9.84
1933   11   199.78     2.05
1933   12    82.09     0.27
1934    1    54.99    -6.99
1934    2   274.84    -5.22
1934    3   154.81    -0.75
1934    4   119.88     3.40
1934    5   117.01    11.00
1934    6   122.04    17.71
1934    7   209.85    15.49
1934    8    77.88    17.85
1934    9    65.67    14.54
1934   10    40.13     8.04
1934   11   149.80     5.98
1934   12   138.19     1.04
1935    1   102.64     1.16
1935    2    65.02     0.72
1935    3   144.86     4.56
1935    4   216.36     8.23
1935    5   233.85     9.63
1935    6   131.29    16.47
1935    7    69.79    21.03
1935    8   114.52    21.86
1935    9   120.15    17.10
1935   10   121.01     9.64
1935   11   265.47     5.70
1935   12   242.26     2.67
1936    1   293.94     0.02
1936    2   176.55    -0.17
1936    3   147.18     0.48
1936    4   118.90     5.28
1936    5    94.00    10.95
1936    6   127.72    16.85
1936    7   106.32    18.52
1936    8    78.27    20.38
1936    9    72.76    16.52
1936   10   115.05     7.84
1936   11   200.13     2.97
1936   12    53.66     0.00
1937    1   224.42    -3.86
1937    2    88.44    -3.20
1937    3   160.08    -0.15
1937    4   218.86     3.73
1937    5   165.65    10.21
1937    6   217.86    16.51
1937    7   128.08    18.00
1937    8   122.54    18.50
1937    9   121.38    13.90
1937   10   150.57     8.72
1937   11   106.74     3.47
1937   12   298.27    -3.97
1938    1   149.63    -4.57
1938    2   110.65    -2.81
1938    3   148.78    -3.37
1938    4   170.54     1.75
1938    5    82.11     9.62
1938    6   163.94    15.53
1938    7   103.12    20.13
1938    8    95.71    16.84
1938    9    67.75    16.29
1938   10    28.10     9.34
1938   11   207.59     3.92
1938   12   219.82    -0.74
1939    1   309.95    -6.14
1939    2    79.90    -2.62
1939    3    92.38    -4.72
1939    4    98.21     3.42
1939    5   130.64    12.20
1939    6   162.14    16.10
1939    7   142.59    19.14
1939    8   124.62    16.76
1939    9    95.42    11.89
1939   10    55.96    10.79
1939   11   170.21     2.58
1939   12   219.23     0.97
1940    1   181.18    -2.16
1940    2   153.78    -1.77
1940    3   116.34     4.10
1940    4    61.48     9.36
1940    5   133.29    12.16
1940    6   165.27    18.81
1940    7    76.49    19.55
1940    8    89.41    17.89
1940    9    30.16    17.77
1940   10   175.01    10.74
1940   11   147.56     0.25
1940   12   280.38     1.30
1941    1   234.93    -1.98
1941    2    73.02    -0.97
1941    3    63.53     0.08
1941    4   224.60     5.20
1941    5   185.96    11.62
1941    6    71.66    15.78
1941    7   165.75    16.73
1941    8    76.74    18.56
1941    9   189.42    13.17
1941   10   168.01    10.21
1941   11   211.23     1.83
1941   12   130.98     0.26
1942    1   199.38    -5.10
1942    2    74.92    -3.66
1942    3   223.26    -2.17
1942    4    96.01     1.82
1942    5   318.62    10.53
1942    6   124.73    17.35
1942    7    40.48    19.82
1942    8   133.14    17.36
1942    9    98.51    15.55
1942   10    98.98     8.75
1942   11   233.66     5.21
1942   12   238.33    -0.79
1943    1   237.10    -4.04
1943    2   258.17    -3.50
1943    3   258.76    -3.56
1943    4   200.62    -1.35
1943    5   118.22     8.14
1943    6   117.69    16.37
1943    7   134.01    18.15
1943    8    66.60    19.72
1943    9    88.41    15.45
1943   10   122.64    10.62
1943   11   226.29     4.14
1943   12   146.02    -1.13
1944    1   194.20    -4.82
1944    2    37.02    -7.18
1944    3    93.85    -1.26
1944    4   107.53     5.10
1944    5   155.38    10.97
1944    6   198.13    15.01
1944    7   163.54    18.41
1944    8    30.19    19.40
1944    9   116.66    16.91
1944   10   101.56     9.21
1944   11   111.92     1.34
1944   12   188.94     0.29
1945    1   163.37    -4.47
1945    2    99.24    -3.40
1945    3   140.22    -1.22
1945    4   117.82     5.48
1945    5   117.91    13.58
1945    6   205.17    16.52
1945    7   153.70    17.18
1945    8    60.29    18.91
1945    9   102.52    15.20
1945   10   198.91     4.34
1945   11   150.45     4.68
1945   12   182.94     2.18
1946    1   116.93    -1.14
1946    2   164.70    -4.83
1946    3   148.44     1.14
1946    4    95.07     4.75
1946    5   140.84     8.50
1946    6   164.82    15.82
1946    7   119.30    17.53
1946    8    91.76    17.90
1946    9   104.16    15.51
1946   10    80.73     9.95
1946   11   363.28     3.38
1946   12   266.87    -3.27
1947    1   151.24    -5.05
1947    2   136.95    -5.72
1947    3   309.94    -2.17
1947    4   164.62     0.03
1947    5   117.01     7.61
1947    6   177.18    16.59
1947    7   203.15    17.88
1947    8    90.84    19.83
1947    9    86.73    17.31
1947   10   197.02     9.92
1947   11   128.99     3.47
1947   12   208.46    -2.09
1948    1    79.02    -0.79
1948    2   194.61    -0.51
1948    3   176.74     2.01
1948    4   136.63     4.93
1948    5   185.41    10.17
1948    6   215.72    16.06
1948    7   148.51    18.29
1948    8   109.07    18.16
1948    9    78.71    15.17
1948   10    91.34    11.44
1948   11   193.34     6.05
1948   12    39.56     2.79
1949    1   370.07     0.30
1949    2   185.58    -5.86
1949    3    70.73    -1.79
1949    4   223.28     3.85
1949    5   184.18    11.57
1949    6   205.45    14.00
1949    7   122.34    19.03
1949    8   115.29    17.27
1949    9    82.50    12.94
1949   10    82.83    11.36
1949   11   211.12     3.50
1949   12   164.04     0.14
1950    1   134.40     0.58
1950    2   230.00    -2.00
1950    3   197.12     0.09
1950    4   123.95     3.48
1950    5   186.42    10.31
1950    6   140.85    14.04
1950    7   117.50    18.00
1950    8    85.99    17.65
1950    9    63.78    13.12
1950   10   117.44     7.41
1950   11    82.13     5.23
1950   12   232.24     0.55
1951    1   249.37    -2.42
1951    2   178.83    -2.14
1951    3   256.65    -0.08
1951    4    99.21     3.72
1951    5   185.84    12.31
1951    6   125.05    16.51
1951    7   128.01    18.77
1951    8   172.17    16.50
1951    9   104.24    12.77
1951   10    79.96     7.41
1951   11   199.93     2.00
1951   12   285.22     0.22
1952    1   323.78    -6.13
1952    2   272.72    -2.43
1952    3   358.50    -2.05
1952    4    72.07     0.48
1952    5   216.38     8.09
1952    6   107.61    17.28
1952    7   115.80    17.37
1952    8   116.71    16.20
1952    9    97.47    16.40
1952   10    83.96    10.64
1952   11    55.91     4.77
1952   12   186.60     0.85
1953    1   257.85    -3.09
1953    2   265.57    -1.42
1953    3   191.32    -1.63
1953    4   113.04     0.21
1953    5    95.19    11.50
1953    6    44.90    17.42
1953    7   108.43    19.76
1953    8   140.39    18.30
1953    9    51.23    12.65
1953   10   127.30     7.86
1953   11    70.73     3.31
1953   12   271.44    -1.36
1954    1   196.43    -4.79
1954    2   120.53    -3.10
1954    3   121.21    -2.78
1954    4   130.64     2.96
1954    5   215.54     9.46
1954    6   268.04    14.33
1954    7   157.15    18.15
1954    8    35.58    19.32
1954    9    51.82    14.21
1954   10   111.35    10.32
1954   11    62.97     5.35
1954   12   193.15     2.30
1955    1   139.07    -0.90
1955    2    95.24     0.79
1955    3   128.10     2.95
1955    4   296.67     5.38
1955    5   225.97    11.91
1955    6    69.16    17.58
1955    7   190.65    18.27
1955    8   129.27    18.68
1955    9    64.11    14.74
1955   10    49.71    10.57
1955   11   152.74     2.55
1955   12   310.49     3.26
1956    1   138.91    -0.72
1956    2    55.44     1.05
1956    3   221.01     0.08
1956    4   143.38     5.46
1956    5   118.30    10.37
1956    6   176.11    16.10
1956    7   188.88    19.07
1956    8   159.75    16.71
1956    9   179.59    14.10
1956   10   128.48    10.05
1956   11   188.82     4.85
1956   12   219.78    -0.83
1957    1   183.79    -2.77
1957    2   290.78    -1.78
1957    3    94.31     1.14
1957    4   266.38     3.34
1957    5   211.68     7.99
1957    6   148.31    14.73
1957    7    79.60    17.41
1957    8    63.90    17.61
1957    9    57.41    13.78
1957   10    33.82     7.73
1957   11   122.88     2.94
1957   12   208.53    -0.68
1958    1   300.33    -4.20
1958    2   123.50    -7.34
1958    3    71.38    -3.48
1958    4    62.05     0.26
1958    5   101.91    11.83
1958    6   268.41    16.23
1958    7    58.13    19.96
1958    8    44.73    21.13
1958    9   105.86    11.75
1958   10   151.78     7.36
1958   11    91.25     3.77
1958   12   240.88     0.18
1959    1   110.25    -2.53
1959    2    64.92    -2.80
1959    3   213.60    -0.83
1959    4   131.76     3.26
1959    5    92.52    13.13
1959    6   135.14    15.85
1959    7   185.10    18.89
1959    8   126.28    17.28
1959    9   139.51    14.85
1959   10    71.12     9.66
1959   11   105.03     4.22
1959   12   174.81     1.33
1960    1   170.54    -1.14
1960    2   194.05    -3.05
1960    3   134.73    -1.39
1960    4   106.42     5.86
1960    5   158.29     9.09
1960    6   134.69    16.24
1960    7   164.71    17.46
1960    8    94.18    18.67
1960    9    97.47    15.29
1960   10   108.76     8.44
1960   11    81.96     4.11
1960   12   114.03    -2.62
1961    1   190.21    -0.31
1961    2   108.62    -6.28
1961    3   181.51    -2.20
1961    4   110.62     4.98
1961    5   109.43    12.79
1961    6   119.67    14.80
1961    7   173.52    18.59
1961    8    96.53    17.55
1961    9    49.55    13.54
1961   10   117.21     9.40
1961   11   125.37     4.80
1961   12   150.00    -1.24
1962    1   204.58    -6.65
1962    2    93.23    -3.59
1962    3   119.93    -1.20
1962    4   116.16     4.03
1962    5   232.42    10.99
1962    6    69.88    17.01
1962    7   125.47    18.75
1962    8    79.32    19.16
1962    9    86.17    14.86
1962   10   156.07     6.07
1962   11    33.25     5.16
1962   12   332.65     2.27
1963    1    95.11    -0.10
1963    2   150.87     0.31
1963    3   205.05     1.42
1963    4   112.62     3.62
1963    5   141.12    11.75
1963    6   127.06    15.96
1963    7    80.46    19.08
1963    8   130.11    18.87
1963    9    67.37    17.00
1963   10    65.88    12.44
1963   11   225.83     3.28
1963   12   101.83     1.11
1964    1   181.94    -2.45
1964    2   143.32    -5.20
1964    3   152.15    -1.77
1964    4   126.34     4.62
1964    5    82.04    12.35
1964    6    97.91    16.76
1964    7    62.99    20.01
1964    8    87.73    19.44
1964    9    69.24    14.41
1964   10   133.85     7.45
1964   11   103.76     4.57
1964   12   239.88    -0.37
1965    1   290.35    -3.08
1965    2    50.36    -6.16
1965    3   129.08    -2.88
1965    4   218.62     2.12
1965    5    84.85     9.97
1965    6   187.57    16.14
1965    7   131.58    19.90
1965    8    69.40    18.85
1965    9   106.13    14.39
1965   10    50.95     8.67
1965   11   132.86     6.45
1965   12   141.68     1.68
1966    1   103.64    -2.69
1966    2   107.46    -0.32
1966    3   135.32     1.61
1966    4   161.34     3.83
1966    5   140.02    11.22
1966    6   150.28    16.47
1966    7   158.48    16.55
1966    8   103.57    18.38
1966    9    75.45    13.36
1966   10   107.28     8.26
1966   11   125.73     3.85
1966   12   237.07     0.39
1967    1   199.01    -2.39
1967    2   101.72    -5.50
1967    3    70.17    -1.92
1967    4   170.42     5.95
1967    5    99.99     9.71
1967    6    71.14    18.79
1967    7   107.11    19.64
1967    8    73.21    19.65
1967    9   125.37    13.17
1967   10   119.10     9.78
1967   11   211.66     3.27
1967   12   272.59    -3.33
1968    1   163.50    -6.94
1968    2   138.01    -2.92
1968    3   205.13    -1.57
1968    4   101.93     1.41
1968    5   164.25     9.77
1968    6   122.75    16.42
1968    7   131.04    18.06
1968    8   130.28    16.75
1968    9    84.56    12.38
1968   10   130.51     9.95
1968   11   130.44     1.83
1968   12   134.25     0.20
1969    1   122.74    -1.24
1969    2    80.50    -2.84
1969    3   124.19     0.09
1969    4   142.18     5.22
1969    5    81.45    14.95
1969    6   153.44    16.15
1969    7   108.18    19.16
1969    8   123.05    17.97
1969    9   152.69    14.11
1969   10    93.34     7.57
1969   11   111.77     1.73
1969   12   151.28    -0.29
1970    1   148.87    -4.20
1970    2   325.35    -0.92
1970    3    47.16    -6.78
1970    4    74.41     3.08
1970    5    70.05     9.75
1970    6   170.05    15.78
1970    7   110.11    17.76
1970    8    45.35    17.69
1970    9    92.59    14.84
1970   10   132.87     6.40
1970   11    73.57     3.66
1970   12   157.44    -4.39
1971    1   164.69    -4.73
1971    2    89.04    -6.39
1971    3   198.83    -1.51
1971    4   112.78     4.57
1971    5   174.32    10.54
1971    6   129.64    14.87
1971    7    90.19    19.03
1971    8    99.24    18.49
1971    9    39.13    17.06
1971   10   131.11     8.41
1971   11   198.41     5.55
1971   12   107.10    -4.35
1972    1   170.98    -4.53
1972    2    95.77    -1.45
1972    3    82.12    -2.74
1972    4    90.64     6.82
1972    5   112.87    12.25
1972    6   202.09    13.33
1972    7    69.75    19.50
1972    8    47.68    16.81
1972    9   139.29    13.49
1972   10   152.99     7.18
1972   11   187.13     4.27
1972   12   211.92    -1.98
1973    1   235.58    -0.98
1973    2    63.30    -5.37
1973    3   177.31     0.46
1973    4   174.86     4.59
1973    5   265.84     8.82
1973    6   180.42    15.09
1973    7    60.91    21.21
1973    8   149.46    16.62
1973    9    80.61    14.24
1973   10   173.40     6.19
1973   11   229.70     3.69
1973   12    57.62    -0.47
1974    1   154.95    -1.36
1974    2   130.06    -1.83
1974    3    98.19    -0.87
1974    4   221.29     1.29
1974    5   136.98     8.69
1974    6   100.46    17.96
1974    7   131.75    18.49
1974    8    86.09    17.40
1974    9   126.85    12.38
1974   10   265.49     7.66
1974   11    91.40     0.05
1974   12   199.92     0.63
1975    1   172.38    -2.27
1975    2   137.33    -3.07
1975    3   168.43    -2.78
1975    4   129.71     0.28
1975    5   148.74     8.26
1975    6   149.35    14.49
1975    7   111.94    17.51
1975    8    73.08    16.29
1975    9   187.43    11.93
1975   10   114.03     5.21
1975   11    85.51     4.21
1975   12   308.55    -0.12
1976    1   118.53    -5.16
1976    2   145.11    -5.55
1976    3   163.52    -0.30
1976    4   135.30     4.73
1976    5   217.88    10.11
1976    6    90.21    15.79
1976    7    91.32    20.98
1976    8    62.64    20.23
1976    9    76.56    16.21
1976   10    77.77     6.94
1976   11   154.75     4.44
1976   12   299.23    -0.85
1977    1   225.40    -5.96
1977    2    91.98    -4.55
1977    3   140.77    -0.64
1977    4   201.44     2.32
1977    5   179.34     7.57
1977    6   112.91    15.24
1977    7   130.90    18.27
1977    8    57.92    17.83
1977    9   108.17    14.80
1977   10   174.91     8.60
1977   11   154.72     1.38
1977   12    93.79    -2.83
1978    1    86.46    -2.47
1978    2   215.27    -1.32
1978    3   156.10    -1.57
1978    4    92.88     3.49
1978    5   189.00    10.16
1978    6    90.47    17.79
1978    7   168.18    16.46
1978    8   106.07    17.65
1978    9    73.35    14.55
1978   10   138.46    11.39
1978   11   163.05     3.41
1978   12   138.38    -2.62
1979    1   234.91    -2.48
1979    2    45.42    -3.99
1979    3   163.01    -2.02
1979    4   169.52     4.37
1979    5   166.23     9.19
1979    6   274.43    17.48
1979    7   148.20    17.22
1979    8    69.93    18.31
1979    9   181.88    11.73
1979   10   187.76     6.86
1979   11   267.31     1.12
1979   12   199.78    -1.85
1980    1   151.40    -3.12
1980    2   108.75    -2.37
1980    3   192.67    -3.04
1980    4    59.44     3.34
1980    5   196.57     8.55
1980    6   132.06    15.89
1980    7    64.76    18.12
1980    8   107.77    19.12
1980    9   148.73    14.13
1980   10    77.59     8.28
1980   11   182.56     4.73
1980   12   146.63     3.86
1981    1   156.54     1.80
1981    2   177.69    -0.74
1981    3   192.02     4.66
1981    4   231.16     5.93
1981    5   148.28    11.25
1981    6   183.69    14.60
1981    7    89.35    17.65
1981    8   149.62    18.61
1981    9   140.57    12.21
1981   10   131.08     7.75
1981   11    83.12     4.21
1981   12   215.71     0.09
1982    1   310.24    -2.77
1982    2    71.02    -4.24
1982    3    75.76     0.07
1982    4    99.95     6.23
1982    5   118.85    13.09
1982    6    84.30    16.71
1982    7   276.09    18.46
1982    8   108.17    17.71
1982    9    70.21    14.86
1982   10    81.28     7.72
1982   11   132.92     3.03
1982   12   335.45    -0.98
1983    1   247.23    -7.37
1983    2   228.81    -6.34
1983    3   147.16    -4.61
1983    4   123.98     0.23
1983    5   275.73     6.92
1983    6   137.86    14.30
1983    7   130.72    17.26
1983    8    40.70    19.35
1983    9    58.74    13.15
1983   10    71.11     7.80
1983   11   175.15     5.08
1983   12   255.81     0.19
1984    1   159.11    -0.19
1984    2   194.68    -3.02
1984    3   130.65    -0.31
1984    4   131.04     3.24
1984    5   110.85    10.61
1984    6   215.64    16.01
1984    7   111.17    20.20
1984    8    70.07    18.50
1984    9   146.17    13.37
1984   10   139.09     7.34
1984   11   164.21     3.67
1984   12   257.02    -1.49
1985    1   260.03    -4.31
1985    2   259.42    -1.86
1985    3   112.82     0.15
1985    4   145.82     3.92
1985    5   199.29    11.52
1985    6   153.47    13.47
1985    7    64.16    17.38
1985    8    74.10    19.29
1985    9    34.26    16.53
1985   10    67.86     7.31
1985   11   151.74     3.94
1985   12   116.77    -1.43
1986    1    92.51    -2.41
1986    2   196.87    -2.08
1986    3    86.52    -1.39
1986    4   121.21     4.28
1986    5   240.92    10.56
1986    6   128.78    16.00
1986    7    95.60    18.74
1986    8    84.73    18.86
1986    9   112.04    15.10
1986   10    79.78     9.33
1986   11   203.70     3.75
1986   12   189.60    -2.39
1987    1   109.04    -4.12
1987    2   153.95    -3.82
1987    3   122.81    -1.29
1987    4   219.74     1.07
1987    5   152.42     8.98
1987    6   113.73    13.95
1987    7    99.32    20.22
1987    8    88.67    17.90
1987    9    57.08    17.08
1987   10    78.72    10.58
1987   11   233.60     1.95
1987   12   339.97     0.62
1988    1   196.38    -6.62
1988    2   335.93    -1.57
1988    3   122.83     2.23
1988    4   177.46     7.85
1988    5   166.90    12.86
1988    6   185.18    18.18
1988    7   106.79    20.03
1988    8   170.45    18.47
1988    9   145.02    13.70
1988   10   169.85     6.93
1988   11   235.86     4.80
1988   12    65.50     1.48
1989    1   147.68    -2.13
1989    2   215.48    -1.62
1989    3   185.21     0.81
1989    4   146.39     1.90
1989    5   181.67    10.99
1989    6    91.52    19.62
1989    7    40.77    18.16
1989    8    93.99    19.25
1989    9   109.41    14.49
1989   10   112.53     8.63
1989   11   224.47     5.56
1989   12   319.27     2.32
1990    1   159.83    -1.34
1990    2   122.27    -1.00
1990    3   109.58     0.00
1990    4   137.84     3.87
1990    5   211.73     9.95
1990    6   173.07    15.62
1990    7   112.42    19.83
1990    8    71.32    17.37
1990    9    80.48    15.48
1990   10    28.03    10.31
1990   11    89.21     2.36
1990   12   100.05    -1.44
1991    1   422.97     0.65
1991    2   176.19    -6.28
1991    3   111.63    -1.30
1991    4    86.23     3.13
1991    5   184.00    11.36
1991    6   217.71    15.76
1991    7    98.76    19.63
1991    8    51.09    18.94
1991    9    55.21    14.48
1991   10    40.48     9.80
1991   11   151.81     1.63
1991   12    33.29    -0.59
1992    1    95.87     1.39
1992    2   167.54    -3.74
1992    3   119.10    -3.11
1992    4   144.45     5.50
1992    5    33.87    14.29
1992    6   124.16    18.81
1992    7   143.46    18.40
1992    8    64.93    17.27
1992    9   129.08    13.88
1992   10   146.34     7.92
1992   11   100.25     0.20
1992   12   168.82    -3.43
1993    1    92.88    -5.22
1993    2   121.40    -6.63
1993    3   179.47    -0.69
1993    4   123.32     4.10
1993    5   188.76     8.71
1993    6   114.43    14.66
1993    7    59.92    19.04
1993    8    93.52    19.77
1993    9    84.99    17.82
1993   10   224.51    11.89
1993   11   131.24     3.65
1993   12   158.89    -0.73
1994    1    83.74    -3.76
1994    2   144.54    -5.90
1994    3   160.97    -1.83
1994    4    60.10     2.42
1994    5   231.23    11.49
1994    6    86.42    17.16
1994    7   117.28    19.61
1994    8    65.64    16.28
1994    9    99.95    13.51
1994   10    61.51     9.26
1994   11   140.29     3.24
1994   12   205.86    -0.89
1995    1   101.41    -3.52
1995    2    92.67    -2.28
1995    3   163.97     0.47
1995    4   100.15     6.38
1995    5   131.95    11.53
1995    6   110.67    15.65
1995    7   109.69    19.56
1995    8   157.55    19.66
1995    9    39.41    17.21
1995   10   191.88    10.16
1995   11   128.22     5.14
1995   12   173.52     0.42
1996    1   143.92    -1.11
1996    2    92.02    -2.27
1996    3   158.83    -0.41
1996    4   115.13     5.57
1996    5   140.11    11.12
1996    6   117.20    14.72
1996    7   208.27    17.47
1996    8   124.54    18.21
1996    9    79.65    13.16
1996   10    81.33     9.74
1996   11   248.46     2.82
1996   12   232.06    -3.16
1997    1   118.40    -1.03
1997    2    59.00     0.15
1997    3   120.75     0.94
1997    4   212.64     5.25
1997    5   259.68    10.39
1997    6   194.90    15.10
1997    7    87.86    18.77
1997    8   115.50    18.60
1997    9   123.92    14.30
1997   10    97.70     7.62
1997   11   142.30     2.81
1997   12   217.64    -2.19
1998    1   161.52    -4.33
1998    2   106.53    -2.15
1998    3   156.92    -0.80
1998    4   280.79     3.03
1998    5   156.60    10.28
1998    6   163.29    14.41
1998    7   170.91    17.27
1998    8   148.32    19.25
1998    9    60.32    16.07
1998   10    42.74     9.05
1998   11   154.99     5.13
1998   12    34.61     0.45
1999    1    55.17    -2.68
1999    2   264.78     1.75
1999    3    96.96     1.72
1999    4   181.93     4.30
1999    5    75.83    12.28
1999    6   112.24    16.58
1999    7   145.61    17.72
1999    8   129.07    19.69
1999    9   154.06    14.48
1999   10   151.87     7.74
1999   11   157.88     5.23
1999   12   160.90     0.79
2000    1    32.78    -3.09
2000    2    59.33    -2.61
2000    3   186.83     0.92
2000    4   189.84     6.44
2000    5   287.55    11.06
2000    6    55.33    15.09
2000    7    93.19    20.57
2000    8    89.87    19.20
2000    9   177.38    13.76
2000   10   190.62     8.87
2000   11   138.12     4.37
2000   12    92.05    -1.50
2001    1   169.98    -6.13
2001    2   272.69    -6.55
2001    3   143.29    -1.12
2001    4   133.77     1.50
2001    5   114.10     8.80
2001    6   171.06    14.90
2001    7   158.63    18.39
2001    8    99.15    19.22
2001    9   117.61    14.74
2001   10   127.51     9.94
2001   11   250.30     3.04
2001   12   163.15     3.81
2002    1    98.86    -2.94
2002    2    94.17     1.15
2002    3   122.41     3.27
2002    4   102.02     7.43
2002    5   198.32    14.24
2002    6    93.48    18.81
2002    7   106.01    19.21
2002    8    75.47    19.26
2002    9   134.26    16.37
2002   10   128.45    10.91
2002   11   239.99     4.05
2002   12   344.38    -0.99
2003    1   161.10    -0.80
2003    2   182.12    -0.79
2003    3   141.26     3.52
2003    4   162.49     5.71
2003    5   173.75    10.55
2003    6   150.88    17.04
2003    7   150.94    18.27
2003    8    60.64    18.71
2003    9    61.69    15.49
2003   10    86.25    11.57
2003   11   226.25     5.37
2003   12   264.23     0.41
2004    1   312.65    -2.86
2004    2   112.81    -3.58
2004    3   144.57    -3.20
2004    4   128.40     1.65
2004    5   120.59     9.97
2004    6   128.78    14.66
2004    7   120.75    17.61
2004    8    38.87    19.21
2004    9   176.66    15.48
2004   10   116.54     8.57
2004   11    69.80     4.57
2004   12   142.08     2.58
2005    1   310.56    -3.69
2005    2   141.64    -3.79
2005    3   112.89    -0.71
2005    4    97.08     3.29
2005    5   163.70    11.85
2005    6   100.81    16.76
2005    7    33.72    20.95
2005    8   151.15    18.88
2005    9    37.13    15.61
2005   10   140.93     9.75
2005   11   135.84     3.10
2005   12   225.58    -4.45
