2006    1    27.36     3.33
2006    2    45.36     1.35
2006    3    57.82     2.23
2006    4    28.32     4.35
2006    5    12.28    11.76
2006    6     0.00    20.63
2006    7     0.00    25.97
2006    8    10.37    24.05
2006    9     0.00    19.99
2006   10    28.70    15.05
2006   11    12.43    10.48
2006   12    15.00     6.47
2007    1    55.36     1.72
2007    2    34.79     0.20
2007    3    21.38     4.84
2007    4    21.70     7.48
2007    5     0.30    13.86
2007    6     1.51    19.69
2007    7     6.54    24.44
2007    8     5.64    23.18
2007    9     1.49    20.33
2007   10    27.19    15.20
2007   11    32.80     9.30
2007   12    56.55     2.90
2008    1    42.80     2.91
2008    2    56.63    -0.42
2008    3    29.65     0.67
2008    4     4.05     6.53
2008    5     2.02    13.06
2008    6     0.81    18.84
2008    7     0.85    24.16
2008    8     3.97    25.19
2008    9     5.38    21.52
2008   10     6.86    15.00
2008   11    13.23    10.97
2008   12     9.52     9.16
2009    1    53.66     1.45
2009    2    44.49     1.00
2009    3    11.55     4.94
2009    4    34.04     7.80
2009    5     0.36    15.98
2009    6     2.57    21.76
2009    7     7.07    24.34
2009    8     0.10    23.00
2009    9    15.70    18.30
2009   10    16.76    15.53
2009   11    54.49    10.77
2009   12    46.31     4.27
2010    1    26.80     3.68
2010    2    24.17     1.31
2010    3    12.54     5.56
2010    4    18.95     8.96
2010    5    52.43    11.75
2010    6     1.03    18.99
2010    7     0.78    24.96
2010    8     7.16    24.25
2010    9     3.98    21.02
2010   10     5.23    13.38
2010   11    18.18    10.14
2010   12    30.83     2.73
2011    1    57.87     0.95
2011    2    24.38     1.94
2011    3    11.80     3.98
2011    4    22.50     7.79
2011    5     1.23    14.22
2011    6     0.23    18.89
2011    7     0.43    24.09
2011    8     0.00    25.95
2011    9    20.10    23.81
2011   10    19.12    15.46
2011   11    22.21     8.59
2011   12    12.80     7.48
2012    1    33.56     3.05
2012    2    29.70     0.45
2012    3    22.36     3.08
2012    4     4.48    11.92
2012    5     0.70    16.08
2012    6     0.34    22.33
2012    7     0.39    25.39
2012    8     3.68    25.51
2012    9     3.31    21.08
2012   10    12.21    16.15
2012   11    26.04     8.80
2012   12     8.89     6.04
2013    1    11.75     5.36
2013    2    51.41    -0.25
2013    3    11.23     5.26
2013    4     6.90     8.79
2013    5     1.06    14.20
2013    6     1.02    21.53
2013    7    42.86    25.21
2013    8     0.00    25.70
2013    9     0.32    21.62
2013   10     1.36    15.57
2013   11    12.51     9.49
2013   12    50.22     5.62
2014    1    40.15     3.68
2014    2    22.06     3.05
2014    3     1.17     5.29
2014    4     7.72     7.95
2014    5    12.57    12.69
2014    6     0.00    20.61
2014    7     0.00    25.11
2014    8     0.00    25.62
2014    9     0.00    24.16
2014   10     1.46    16.03
2014   11    22.64    11.56
2014   12    66.67     5.84
2015    1    29.32     3.55
2015    2    44.56     4.62
2015    3     3.89     6.64
2015    4     1.97     9.42
2015    5     0.90    16.43
2015    6     0.74    23.05
2015    7     9.56    24.55
2015    8     0.04    25.50
2015    9     0.00    23.97
2015   10    58.75    16.36
2015   11    31.05     8.98
2015   12    43.84     5.87
2016    1    37.08     3.74
2016    2     9.87     5.32
2016    3    13.53     5.37
2016    4    40.49     8.98
2016    5    70.28    12.67
2016    6     9.91    18.73
2016    7     0.00    25.27
2016    8     9.76    24.76
2016    9     4.20    20.34
2016   10    12.25    15.00
2016   11    42.77     7.85
2016   12    26.18     5.14
2017    1    20.24     3.11
2017    2    10.18     4.17
2017    3    21.28     5.86
2017    4    16.69     8.72
2017    5     9.53    13.59
2017    6     0.00    20.23
2017    7     0.75    23.87
2017    8    22.04    23.93
2017    9     0.00    22.52
2017   10     8.95    16.60
2017   11    49.47    10.26
2017   12    24.84     6.99
2018    1    14.87     4.75
2018    2     7.51     5.66
2018    3    24.05     4.40
2018    4     1.72     9.50
2018    5     2.82    15.81
2018    6     0.48    21.13
2018    7    15.84    25.06
2018    8     0.80    24.75
2018    9     0.09    22.26
2018   10     7.67    17.07
2018   11    75.16     9.49
2018   12    37.00     7.05
2019    1    34.68     3.79
2019    2    12.76     4.96
2019    3    12.45     4.89
2019    4     1.73     8.41
2019    5     4.08    15.10
2019    6     0.05    21.85
2019    7     1.48    25.63
2019    8     0.52    24.64
2019    9    24.27    20.84
2019   10    32.46    16.03
2019   11    43.01    11.93
2019   12    57.38     5.92
2020    1     9.06     3.48
2020    2    28.87     2.41
2020    3    16.52     6.55
2020    4     3.24     7.84
2020    5     0.35    14.21
2020    6     0.13    21.33
2020    7     0.00    26.37
2020    8     0.00    25.68
2020    9     0.01    24.59
2020   10    36.76    17.82
2020   11     8.01    14.36
2020   12    45.40     8.07
2021    1    39.41     2.84
2021    2    22.45     3.55
2021    3    24.22     5.93
2021    4     0.76     8.43
2021    5     0.95    16.57
2021    6     0.00    22.20
2021    7    11.59    24.33
2021    8     0.71    24.47
2021    9     0.70    21.11
2021   10    28.41    14.56
2021   11    53.28     6.28
2021   12    44.02     4.60
2022    1    42.82     2.37
2022    2    18.79     3.75
2022    3    39.66     4.43
2022    4     5.60     8.68
2022    5     0.86    15.71
2022    6     0.21    21.36
2022    7     0.01    24.65
2022    8     0.00    25.12
2022    9    33.11    21.54
2022   10     4.20    17.35
2022   11    22.88    12.89
2022   12    30.48     6.09
2023    1    39.93     0.82
2023    2    44.63     1.47
2023    3    50.28     3.68
2023    4    15.25     7.75
2023    5     8.41    11.92
2023    6     0.09    18.67
2023    7     4.27    23.73
2023    8     0.63    23.94
2023    9     0.76    20.42
2023   10    24.71    14.69
2023   11    20.48    10.11
2023   12    36.44     5.30
2024    1    27.38     2.30
2024    2     4.97     5.47
2024    3     9.70     6.35
2024    4    41.79     7.69
2024    5    25.54    13.05
2024    6     7.89    19.91
2024    7    25.39    23.07
2024    8     0.07    24.45
2024    9     0.69    22.98
2024   10    34.76    16.81
2024   11    22.60    11.70
2024   12    39.68     4.98
2025    1    42.82     3.96
2025    2    17.02     6.82
2025    3    22.87     6.67
2025    4    16.93     8.48
2025    5     4.54    15.60
2025    6    17.76    21.12
2025    7     0.00    26.79
2025    8     0.00    26.91
2025    9     6.44    21.74
2025   10     3.38    19.51
2025   11    15.73    12.85
2025   12    59.41     8.22
2026    1    39.42     4.85
2026    2     9.29     4.86
2026    3    37.25     6.77
2026    4     9.52     7.04
2026    5    15.92    12.47
2026    6     0.00    21.59
2026    7     0.00    26.60
2026    8    31.67    25.59
2026    9    14.87    20.61
2026   10    28.34    15.70
2026   11    40.17    10.99
2026   12     6.32     9.09
2027    1     7.42     8.46
2027    2    28.64     5.09
2027    3    23.87     6.20
2027    4    22.12     9.19
2027    5    11.43    14.23
2027    6     0.00    22.24
2027    7     0.28    25.90
2027    8    17.27    24.85
2027    9    17.16    19.42
2027   10     7.94    15.25
2027   11    16.44    11.75
2027   12    47.68     8.19
2028    1    42.78     5.02
2028    2    27.97     4.42
2028    3     2.53     7.13
2028    4    14.60    10.18
2028    5     1.67    14.71
2028    6     1.34    21.49
2028    7     0.00    26.93
2028    8     5.63    25.19
2028    9    12.07    20.57
2028   10     5.63    18.22
2028   11    15.22    11.24
2028   12    10.05     9.29
2029    1    47.02     6.10
2029    2    18.47     5.41
2029    3    19.38     6.95
2029    4    12.53     8.11
2029    5     0.44    14.61
2029    6     0.00    22.70
2029    7    38.70    24.32
2029    8     7.04    24.54
2029    9    33.82    21.22
2029   10    35.81    17.94
2029   11    72.10    10.86
2029   12    82.81     3.97
2030    1    21.83     4.28
2030    2    39.79     4.24
2030    3    49.33     5.36
2030    4     0.60     9.99
2030    5     0.33    16.30
2030    6     0.64    20.97
2030    7     0.00    25.92
2030    8     5.19    24.26
2030    9     9.07    21.97
2030   10    25.82    17.25
2030   11    18.39    12.48
2030   12    37.31     8.31
2031    1    54.68     2.68
2031    2     8.30     5.55
2031    3    18.12     7.23
2031    4     5.47    11.42
2031    5     9.64    14.39
2031    6     0.57    21.22
2031    7     0.19    24.80
2031    8     0.49    24.31
2031    9     2.01    21.59
2031   10     9.56    17.51
2031   11    20.01    13.20
2031   12    31.24     6.93
2032    1    87.69     2.56
2032    2    17.62     4.29
2032    3     0.27     8.35
2032    4    11.35    10.35
2032    5     6.40    14.96
2032    6    11.62    21.00
2032    7    13.29    26.09
2032    8     5.85    25.43
2032    9     0.05    22.09
2032   10    18.63    19.61
2032   11    58.60    10.44
2032   12    29.57     7.61
2033    1    37.71     6.08
2033    2    21.23     5.86
2033    3    21.65     6.34
2033    4    22.98     8.92
2033    5     7.32    14.87
2033    6    28.02    21.12
2033    7     0.00    28.02
2033    8     0.00    26.63
2033    9     0.21    24.47
2033   10    12.99    16.56
2033   11     2.71    14.44
2033   12    13.77    10.00
2034    1    33.50     4.36
2034    2    31.57     5.70
2034    3    15.22     8.04
2034    4    24.69    11.95
2034    5    17.99    16.61
2034    6     0.56    20.98
2034    7     0.85    24.72
2034    8     0.02    25.71
2034    9    16.65    21.83
2034   10    42.63    15.42
2034   11    36.83    12.60
2034   12    20.46     9.18
2035    1    39.46     6.90
2035    2    43.44     3.75
2035    3    40.42     6.66
2035    4    62.84     8.63
2035    5    23.90    14.23
2035    6     0.19    19.88
2035    7     7.49    26.01
2035    8     0.52    27.21
2035    9    11.26    22.49
2035   10    10.40    16.93
2035   11    67.17    10.67
2035   12    35.49     6.03
2036    1    26.45     3.77
2036    2    40.51     4.66
2036    3    64.30     2.94
2036    4    40.02     6.93
2036    5     6.80    13.49
2036    6     0.00    21.58
2036    7     2.15    26.39
2036    8    19.52    25.12
2036    9    16.97    22.16
2036   10    22.93    18.63
2036   11     9.87    10.41
2036   12    68.56     4.09
2037    1    14.02     4.24
2037    2    26.20     2.40
2037    3    20.15     4.08
2037    4     0.22     7.75
2037    5    15.09    15.39
2037    6     0.00    22.06
2037    7     6.57    26.64
2037    8    24.91    25.45
2037    9     0.13    23.25
2037   10     4.89    19.42
2037   11    54.38    12.99
2037   12    24.45     6.68
2038    1    74.04     2.89
2038    2    14.09     3.95
2038    3    18.41     4.57
2038    4    24.15     8.17
2038    5     3.44    15.73
2038    6     0.00    23.30
2038    7     2.30    28.53
2038    8     6.06    25.84
2038    9    30.66    21.82
2038   10    34.67    16.08
2038   11     8.64    13.07
2038   12    33.59     6.78
2039    1    19.38     4.50
2039    2    45.71     3.49
2039    3    14.51     4.51
2039    4     8.30    11.10
2039    5     8.73    15.47
2039    6     0.00    21.45
2039    7     0.00    28.78
2039    8    27.50    26.34
2039    9     8.84    22.40
2039   10     8.26    15.18
2039   11     2.37    11.35
2039   12    60.21     6.61
2040    1    43.65     3.91
2040    2    40.24     1.89
2040    3     0.63     7.54
2040    4    10.71     9.69
2040    5    10.55    14.48
2040    6     0.00    22.69
2040    7     8.26    25.60
2040    8     0.00    24.87
2040    9     2.14    22.25
2040   10    48.43    15.62
2040   11     2.33    13.35
2040   12    44.63     8.16
2041    1    13.33     4.91
2041    2    28.69     6.16
2041    3     3.89     8.53
2041    4     3.11    12.33
2041    5    12.27    17.43
2041    6    10.07    21.36
2041    7     3.25    25.29
2041    8     3.34    24.91
2041    9     2.99    22.17
2041   10    13.48    14.39
2041   11    18.10    12.60
2041   12    47.60     9.15
2042    1    65.30     3.94
2042    2    15.10     4.77
2042    3     3.81     8.57
2042    4     0.68    11.92
2042    5     4.21    16.78
2042    6     0.00    21.97
2042    7     0.48    25.38
2042    8    11.16    26.04
2042    9     0.11    24.80
2042   10    18.24    18.57
2042   11    36.02    10.95
2042   12    39.08     6.62
2043    1    61.33     3.80
2043    2    25.30     3.65
2043    3    25.87     5.35
2043    4    44.16     8.63
2043    5    16.24    15.15
2043    6     1.22    23.03
2043    7     4.01    25.81
2043    8     0.11    27.06
2043    9     1.06    23.35
2043   10     1.31    20.45
2043   11     8.42    15.27
2043   12    31.21     9.90
2044    1    27.81     6.88
2044    2    32.14     1.21
2044    3    25.67     7.14
2044    4    89.32     8.90
2044    5     4.48    13.70
2044    6    14.42    20.99
2044    7     0.04    26.73
2044    8    15.24    26.91
2044    9    29.23    23.39
2044   10    51.77    16.46
2044   11    32.87    12.46
2044   12    12.93     8.98
2045    1    28.26     5.59
2045    2    23.88     5.59
2045    3     5.75     7.11
2045    4    27.49     9.16
2045    5     5.52    15.29
2045    6     1.73    22.06
2045    7     1.49    27.82
2045    8    11.19    25.48
2045    9     3.19    21.73
2045   10    16.68    17.13
2045   11    59.33    11.34
2045   12    28.84     8.64
2046    1    26.82     6.23
2046    2    21.92     6.30
2046    3    25.90     7.12
2046    4     9.87     9.13
2046    5     0.65    16.31
2046    6     1.17    22.82
2046    7     0.00    26.63
2046    8     0.65    26.93
2046    9     5.22    22.66
2046   10     0.19    19.34
2046   11    19.79    14.22
2046   12    76.97     8.29
2047    1     7.42     7.57
2047    2    48.55     2.50
2047    3     7.15     6.12
2047    4    12.54    10.51
2047    5     0.91    15.99
2047    6     3.84    23.33
2047    7     1.10    27.29
2047    8    24.75    25.05
2047    9    11.87    21.42
2047   10    39.81    18.72
2047   11    55.63     9.47
2047   12    44.91     7.83
2048    1    50.51     5.29
2048    2    37.20     3.96
2048    3     5.02     8.10
2048    4     5.13    10.15
2048    5    50.84    13.33
2048    6     2.07    21.28
2048    7     0.95    26.41
2048    8     2.93    26.48
2048    9     5.92    23.07
2048   10     2.81    17.73
2048   11    31.52    11.75
2048   12    66.06     4.52
2049    1    20.95     4.82
2049    2    24.00     5.64
2049    3    10.31     6.32
2049    4    12.33     9.11
2049    5     1.71    16.35
2049    6    20.69    21.13
2049    7     0.00    27.55
2049    8     0.62    26.94
2049    9    12.85    24.27
2049   10    15.97    17.67
2049   11     9.35    12.75
2049   12    38.48     7.29
2050    1    24.90     7.68
2050    2    22.46     3.56
2050    3    11.67     6.75
2050    4    18.97    10.52
2050    5    35.28    17.18
2050    6     0.00    24.01
2050    7     0.00    28.03
2050    8     0.71    28.21
2050    9     5.25    25.65
2050   10     3.29    20.04
2050   11    16.18    15.72
2050   12    10.91     9.80
2051    1    21.99     6.07
2051    2    14.95     6.81
2051    3     0.67     9.12
2051    4     5.58    10.46
2051    5     5.28    16.36
2051    6     0.03    23.29
2051    7     0.99    27.12
2051    8     5.15    26.79
2051    9    37.95    22.37
2051   10    12.93    16.56
2051   11    10.91    11.50
2051   12    29.58     8.39
2052    1    48.97     4.13
2052    2    26.11     2.98
2052    3    13.90     4.37
2052    4     0.19    11.54
2052    5     3.94    15.63
2052    6     0.27    21.64
2052    7     0.00    26.73
2052    8     3.66    25.42
2052    9     8.89    23.06
2052   10    31.26    15.27
2052   11    66.94     9.94
2052   12    12.83     8.58
2053    1    32.77     5.61
2053    2    12.77     5.51
2053    3    33.50     6.69
2053    4     2.83     9.37
2053    5     4.93    13.97
2053    6     0.24    21.07
2053    7     2.71    26.50
2053    8     5.15    26.33
2053    9     0.69    22.65
2053   10    76.93    18.61
2053   11    47.22     9.98
2053   12    39.86     7.72
2054    1    35.06     4.66
2054    2    19.44     5.11
2054    3    17.91     6.12
2054    4    13.59     8.14
2054    5    20.76    11.91
2054    6     9.36    20.68
2054    7    14.00    25.31
2054    8    10.27    25.57
2054    9    19.26    20.77
2054   10    24.03    18.88
2054   11    37.26    12.27
2054   12    40.00     8.93
2055    1    26.73     4.99
2055    2    32.24     5.71
2055    3    15.47     5.97
2055    4     6.82    10.22
2055    5    23.63    17.13
2055    6     0.00    22.43
2055    7     1.09    26.00
2055    8     1.10    26.81
2055    9    12.83    21.24
2055   10     7.61    18.40
2055   11    46.28    12.12
2055   12     3.93    10.26
2056    1    14.56     5.71
2056    2    41.82     4.41
2056    3     1.45     9.54
2056    4     6.73    12.57
2056    5     0.00    18.15
2056    6     5.18    23.48
2056    7     0.00    27.67
2056    8     1.92    26.42
2056    9     2.56    24.71
2056   10     9.30    18.62
2056   11    11.42    13.14
2056   12    12.17    10.14
2057    1    11.68     8.57
2057    2    77.47     3.10
2057    3    14.00     7.42
2057    4    34.62    10.34
2057    5     3.52    15.30
2057    6     0.00    23.37
2057    7     0.00    25.86
2057    8     2.12    25.69
2057    9     8.82    22.29
2057   10    56.93    16.00
2057   11    76.78     8.58
2057   12    27.37     7.66
2058    1    29.98     5.78
2058    2    34.89     3.04
2058    3    20.47     6.37
2058    4     7.94     8.65
2058    5    11.81    13.75
2058    6     0.95    20.96
2058    7     3.35    26.59
2058    8     0.00    27.15
2058    9     5.45    23.60
2058   10     9.63    21.29
2058   11     6.49    14.53
2058   12    16.03    11.06
2059    1    32.00     7.94
2059    2    37.14     4.23
2059    3    28.26     6.27
2059    4    10.37     9.40
2059    5    19.83    14.42
2059    6     0.00    23.33
2059    7     6.56    28.15
2059    8     1.67    28.70
2059    9    48.30    24.91
2059   10     4.31    19.45
2059   11     3.51    13.44
2059   12    18.17     6.96
2060    1    23.62     7.25
2060    2    43.38     4.39
2060    3     3.46     8.78
2060    4    22.09    10.03
2060    5     0.23    16.06
2060    6     0.00    23.56
2060    7     0.00    28.23
2060    8     1.63    28.30
2060    9    10.89    24.27
2060   10     2.86    20.09
2060   11    22.04    13.40
2060   12    44.61     7.15
2061    1    82.32     4.41
2061    2    35.20     3.90
2061    3     2.30     8.48
2061    4    28.86    10.07
2061    5    10.99    15.16
2061    6     2.29    21.04
2061    7     5.94    26.46
2061    8     0.00    29.13
2061    9     0.00    24.72
2061   10    13.94    17.15
2061   11    33.80    11.77
2061   12    30.72     8.26
2062    1    10.68     8.77
2062    2    64.50     3.11
2062    3    29.61     6.74
2062    4    10.88    10.89
2062    5     0.00    17.48
2062    6     0.30    23.30
2062    7     0.00    28.87
2062    8    10.07    27.01
2062    9     0.00    24.93
2062   10     2.04    18.81
2062   11    26.92    15.08
2062   12    41.15     6.61
2063    1    38.18     6.52
2063    2    39.97     5.14
2063    3    22.59     6.45
2063    4     3.74     9.70
2063    5    17.40    15.96
2063    6     0.87    22.01
2063    7     0.00    27.91
2063    8     9.47    26.93
2063    9    28.52    25.85
2063   10     1.79    19.95
2063   11    77.72    12.57
2063   12    17.46    10.69
2064    1    38.68     7.07
2064    2    19.86     7.44
2064    3    22.41     6.76
2064    4     0.07    11.59
2064    5    14.24    16.75
2064    6     0.00    24.74
2064    7    24.44    28.11
2064    8     5.51    26.77
2064    9    20.67    23.29
2064   10    18.57    18.28
2064   11    72.60    11.19
2064   12    90.58     2.87
2065    1    32.63     5.33
2065    2    65.37     4.44
2065    3     7.28     8.22
2065    4    10.64     7.39
2065    5     0.25    14.98
2065    6     0.38    21.81
2065    7    14.19    27.91
2065    8     0.00    27.31
2065    9    15.44    24.50
2065   10    10.76    17.56
2065   11     4.26    12.71
2065   12    83.40     4.18
2066    1    13.58     6.17
2066    2    48.85     3.43
2066    3     0.33     8.58
2066    4     8.05    11.64
2066    5     0.77    17.11
2066    6     1.50    23.32
2066    7     0.00    29.21
2066    8     0.00    27.89
2066    9    11.03    25.55
2066   10    65.06    17.59
2066   11    44.72    10.08
2066   12    10.24     9.08
2067    1    31.37     6.61
2067    2    23.85     4.78
2067    3    45.73     6.06
2067    4     6.41     9.35
2067    5     3.66    15.52
2067    6     2.69    23.37
2067    7     2.75    28.07
2067    8     0.00    27.61
2067    9     0.17    26.95
2067   10    32.40    19.56
2067   11    12.02    15.53
2067   12    43.28     9.89
2068    1    42.67     2.37
2068    2    65.30     5.46
2068    3    18.76     8.50
2068    4     5.45     9.98
2068    5     7.62    16.11
2068    6     0.10    22.67
2068    7     0.34    27.22
2068    8     0.02    27.73
2068    9    12.82    23.10
2068   10    16.97    17.84
2068   11    18.06    13.95
2068   12    12.39    10.01
2069    1    45.74     5.91
2069    2    49.28     5.84
2069    3     1.31     8.23
2069    4    11.73    12.85
2069    5     2.38    17.76
2069    6     0.67    21.95
2069    7     4.71    27.69
2069    8    50.05    27.55
2069    9    19.59    23.23
2069   10    19.69    17.38
2069   11    13.27    13.91
2069   12    41.59     6.71
2070    1    23.96     7.87
2070    2    26.60     5.90
2070    3    21.35     6.89
2070    4     2.77    11.10
2070    5     0.21    15.95
2070    6    11.61    22.47
2070    7    10.46    26.94
2070    8     0.00    27.14
2070    9    11.82    23.40
2070   10    45.19    18.60
2070   11    61.93    11.33
2070   12    16.49     9.97
2071    1    46.84     5.39
2071    2    25.78     4.00
2071    3    11.69     6.95
2071    4    25.47    10.44
2071    5     2.96    17.28
2071    6     0.00    24.33
2071    7     1.97    28.73
2071    8     1.16    27.73
2071    9     3.08    23.23
2071   10    10.71    18.31
2071   11    75.56     7.89
2071   12    24.36     6.46
2072    1    38.12     5.78
2072    2    30.64     2.40
2072    3    11.26     6.92
2072    4     5.70     9.97
2072    5    22.84    17.19
2072    6     0.02    22.12
2072    7     1.41    26.79
2072    8     0.28    27.60
2072    9    19.23    22.62
2072   10    30.74    16.90
2072   11    18.36    12.94
2072   12    10.27     9.15
2073    1    25.10     6.66
2073    2    12.26     4.27
2073    3    62.88     2.55
2073    4    24.32     8.85
2073    5     0.53    15.26
2073    6     0.00    23.51
2073    7     1.49    29.08
2073    8     1.41    27.30
2073    9     8.21    23.90
2073   10    32.28    19.14
2073   11    63.40    12.41
2073   12    32.28     8.67
2074    1    13.19     7.32
2074    2     5.80     9.23
2074    3    24.81     7.60
2074    4    14.84    10.31
2074    5     0.56    17.97
2074    6     3.61    24.11
2074    7     0.75    28.32
2074    8     0.69    27.97
2074    9     0.66    25.77
2074   10    11.64    20.39
2074   11    20.06    16.57
2074   12    18.92     9.15
2075    1    15.25     8.41
2075    2    22.11     5.74
2075    3     6.27     9.16
2075    4     8.83    13.88
2075    5     0.00    19.94
2075    6     0.01    25.86
2075    7     0.00    28.39
2075    8     0.00    27.74
2075    9     0.63    26.17
2075   10     9.16    22.13
2075   11    17.21    16.88
2075   12    33.90    10.16
2076    1    46.63     6.59
2076    2    18.16     6.93
2076    3     5.27     8.21
2076    4     1.13    14.64
2076    5     0.01    20.96
2076    6     0.00    25.27
2076    7     3.47    29.61
2076    8     0.00    29.44
2076    9     1.37    24.00
2076   10     3.28    18.83
2076   11    20.35    14.57
2076   12    42.96    10.91
2077    1    73.71     4.05
2077    2     8.07     7.57
2077    3    10.00     7.47
2077    4    29.87    10.26
2077    5     8.18    15.27
2077    6     1.86    23.77
2077    7     0.34    28.24
2077    8     0.00    27.78
2077    9     0.77    26.95
2077   10    16.30    21.44
2077   11    60.08    13.43
2077   12    29.01    10.00
2078    1    38.18     5.88
2078    2    16.00     6.74
2078    3    38.09     7.79
2078    4     7.52    12.22
2078    5     5.82    17.25
2078    6     0.97    23.92
2078    7    16.34    28.17
2078    8     0.03    28.53
2078    9     3.17    26.11
2078   10    55.03    17.88
2078   11    36.04    11.34
2078   12    30.88     7.47
2079    1    70.29     2.93
2079    2    25.45     4.72
2079    3     2.49     9.23
2079    4    67.30     9.72
2079    5     5.08    16.70
2079    6    30.85    23.92
2079    7     0.89    29.49
2079    8     8.00    28.90
2079    9     4.24    25.49
2079   10     1.83    20.54
2079   11     3.23    14.97
2079   12     8.00    11.81
2080    1    66.57     7.94
2080    2    13.18     6.27
2080    3    14.03     8.38
2080    4    46.31    11.16
2080    5     0.17    16.47
2080    6     0.10    22.67
2080    7     0.45    27.19
2080    8     4.82    28.34
2080    9     0.00    26.10
2080   10     6.95    21.63
2080   11     0.86    12.75
2080   12    26.38     8.37
2081    1    16.26     7.14
2081    2     5.99     8.43
2081    3    27.55     7.57
2081    4     3.82    11.55
2081    5     1.41    16.66
2081    6     0.91    24.99
2081    7     0.00    29.12
2081    8     0.00    29.36
2081    9     7.89    26.33
2081   10    14.00    19.29
2081   11    45.87    14.74
2081   12    15.98    11.94
2082    1     6.34     9.51
2082    2    12.80    10.22
2082    3    30.63     9.13
2082    4     3.45    11.76
2082    5    13.59    17.28
2082    6     0.00    23.92
2082    7     1.17    29.49
2082    8     2.27    28.54
2082    9     0.00    26.69
2082   10     0.31    22.58
2082   11    35.77    13.82
2082   12    25.37    10.93
2083    1    51.30     5.10
2083    2    49.14     6.89
2083    3    17.90     8.74
2083    4    34.62     9.80
2083    5    14.27    15.59
2083    6     0.00    23.86
2083    7    24.36    28.63
2083    8     0.00    28.53
2083    9     6.47    26.23
2083   10    10.53    19.51
2083   11    17.32    14.66
2083   12    29.59     7.52
2084    1    57.71     5.50
2084    2    39.13     4.89
2084    3    19.69     9.35
2084    4    10.68    12.16
2084    5     6.87    18.59
2084    6     0.00    24.60
2084    7     0.00    29.27
2084    8     2.65    27.93
2084    9     0.57    25.46
2084   10     2.53    21.01
2084   11    32.90    14.79
2084   12    14.83     9.11
2085    1    45.75     4.29
2085    2     3.08     8.73
2085    3    11.76    10.99
2085    4    20.87    13.72
2085    5    10.12    16.71
2085    6     0.00    24.19
2085    7     0.00    28.10
2085    8     0.02    30.25
2085    9    17.52    26.58
2085   10    12.24    19.66
2085   11     8.06    15.34
2085   12    29.10    11.27
2086    1    21.82     8.98
2086    2    14.90     8.90
2086    3    19.22     7.85
2086    4    28.17    10.87
2086    5    44.57    15.23
2086    6     0.00    21.99
2086    7     0.27    28.11
2086    8     0.00    28.66
2086    9     7.66    26.48
2086   10     4.47    21.06
2086   11     6.90    16.49
2086   12    43.29     7.85
2087    1    15.66     8.81
2087    2    12.44     7.33
2087    3    47.18     8.20
2087    4    26.20    11.15
2087    5     0.03    17.25
2087    6     2.90    23.13
2087    7     0.87    28.54
2087    8     0.00    29.17
2087    9     1.45    26.37
2087   10    33.23    21.23
2087   11     9.28    16.35
2087   12    23.48     9.78
2088    1    59.91     7.36
2088    2    62.54     4.90
2088    3    30.38     7.15
2088    4     3.07    10.01
2088    5     0.70    16.60
2088    6    30.80    23.43
2088    7     0.79    29.93
2088    8     5.14    30.43
2088    9     0.48    25.28
2088   10    43.19    18.79
2088   11    20.42    12.52
2088   12    62.06     8.68
2089    1    20.70     6.86
2089    2    31.23     5.86
2089    3    13.94     8.44
2089    4     1.99    12.44
2089    5    26.65    15.98
2089    6     3.64    22.70
2089    7     0.00    27.76
2089    8    10.91    26.68
2089    9    16.58    24.80
2089   10    21.60    18.92
2089   11    25.06    14.47
2089   12    21.05    10.03
2090    1    37.48     7.59
2090    2    16.66     8.41
2090    3    21.36     7.95
2090    4     6.68    10.57
2090    5    13.05    15.53
2090    6     0.03    24.27
2090    7     7.02    28.15
2090    8     0.09    29.44
2090    9     0.11    25.54
2090   10    28.11    19.18
2090   11     9.17    14.50
2090   12    22.08    10.97
2091    1    50.65     6.36
2091    2     0.18    10.45
2091    3     3.55    11.69
2091    4     8.69    14.58
2091    5    61.57    17.82
2091    6     2.06    24.68
2091    7     4.05    30.64
2091    8     0.00    31.44
2091    9     1.91    27.39
2091   10    10.96    21.31
2091   11     1.31    17.35
2091   12    10.95    10.68
2092    1    55.82     5.48
2092    2     9.28     7.81
2092    3     3.45    10.15
2092    4     1.53    14.64
2092    5     2.86    20.15
2092    6     8.98    25.13
2092    7     0.00    30.32
2092    8     0.37    27.65
2092    9    24.12    23.16
2092   10    18.19    18.21
2092   11    21.51    15.65
2092   12    17.22    12.82
2093    1    37.01    10.41
2093    2    36.29     7.24
2093    3    34.38     8.50
2093    4    19.70    11.82
2093    5     1.38    17.12
2093    6     0.01    24.14
2093    7     0.00    29.24
2093    8     0.04    29.12
2093    9     7.59    27.19
2093   10    19.43    21.41
2093   11    90.53    13.21
2093   12    33.46     9.07
2094    1    32.96    10.25
2094    2    32.91     5.48
2094    3    18.16     9.65
2094    4     5.88    12.92
2094    5    10.86    16.34
2094    6     0.01    24.10
2094    7     0.09    29.68
2094    8    38.51    28.84
2094    9     1.16    25.15
2094   10     9.74    19.14
2094   11    55.89    14.69
2094   12    69.59     6.09
2095    1    34.91     7.02
2095    2    38.09     6.44
2095    3     5.34     9.01
2095    4     3.43    11.98
2095    5     0.09    19.20
2095    6     0.05    26.74
2095    7     2.62    28.84
2095    8     0.33    28.99
2095    9     3.01    25.61
2095   10    50.38    20.65
2095   11    24.44    15.51
2095   12    37.33     8.40
2096    1    59.65     5.67
2096    2    30.62     8.65
2096    3    13.48    10.77
2096    4    17.33    13.09
2096    5     0.08    19.63
2096    6    16.11    24.36
2096    7     0.00    30.41
2096    8     5.62    31.84
2096    9    27.74    24.90
2096   10    14.69    19.21
2096   11    27.15    13.77
2096   12    24.84     9.44
2097    1    26.57     8.98
2097    2     4.63     9.76
2097    3     2.03    10.96
2097    4    22.15    14.46
2097    5     0.03    19.84
2097    6     0.00    25.71
2097    7    15.09    29.69
2097    8    12.04    29.26
2097    9    27.22    24.89
2097   10    14.25    19.68
2097   11     1.32    17.06
2097   12    15.04    13.96
2098    1    12.61     9.61
2098    2    18.48     9.87
2098    3    13.77    10.09
2098    4     7.73    15.27
2098    5     8.18    18.01
2098    6     1.36    25.61
2098    7    26.54    27.88
2098    8     0.00    30.43
2098    9    17.17    27.83
2098   10    14.25    20.26
2098   11    18.84    14.89
2098   12    30.82    12.89
2099    1    45.62     9.10
2099    2    32.64     9.87
2099    3    11.04    11.84
2099    4     0.85    15.45
2099    5     0.79    20.29
2099    6     0.24    25.82
2099    7     6.32    30.30
2099    8     0.00    30.24
2099    9     1.17    26.20
2099   10    18.68    20.66
2099   11     5.96    14.81
2099   12    65.54     9.41
2100    1    11.32     8.08
2100    2     6.28    10.30
2100    3    14.09    11.32
2100    4    29.70    13.97
2100    5     2.30    18.47
2100    6     9.63    25.63
2100    7     0.00    31.20
2100    8     1.51    32.38
2100    9     0.12    27.02
2100   10    16.84    22.38
2100   11    23.05    13.12
2100   12    21.03    11.23
