2006    1    35.36    -7.91
2006    2    21.60    -5.21
2006    3    69.93     0.14
2006    4    63.34     7.61
2006    5    47.11    11.58
2006    6    27.42    20.14
2006    7     0.24    24.61
2006    8     4.00    22.48
2006    9    42.84    14.44
2006   10    66.49     7.80
2006   11    27.04     4.23
2006   12    38.73    -3.92
2007    1    36.79    -9.36
2007    2    49.89    -6.97
2007    3    15.38     0.28
2007    4   127.14     2.24
2007    5    81.72    10.16
2007    6    73.84    16.81
2007    7    37.75    21.24
2007    8    91.15    20.09
2007    9    12.14    14.20
2007   10    19.11     9.50
2007   11    38.22    -0.44
2007   12    16.67    -3.23
2008    1    30.99   -10.68
2008    2    33.98    -5.30
2008    3    47.22    -4.19
2008    4    77.55     6.70
2008    5    73.22    12.37
2008    6    20.66    18.16
2008    7    77.88    19.55
2008    8     9.59    21.74
2008    9    92.18    14.45
2008   10    54.16     6.02
2008   11    53.23     1.11
2008   12    34.74    -3.76
2009    1    27.75    -7.69
2009    2    27.99    -7.94
2009    3   102.20    -1.97
2009    4    60.71     6.35
2009    5   116.80     9.68
2009    6    89.47    15.77
2009    7    52.88    17.27
2009    8    12.75    20.12
2009    9    53.66    13.96
2009   10    16.74     8.05
2009   11    17.44     0.11
2009   12    15.97    -5.94
2010    1    17.88   -12.10
2010    2    16.83    -4.30
2010    3    38.37     2.90
2010    4    62.76     5.91
2010    5   103.36    10.84
2010    6    31.32    17.33
2010    7    62.18    23.01
2010    8    23.73    21.28
2010    9    71.68    14.49
2010   10    33.32     7.64
2010   11    44.04     0.16
2010   12    19.08    -4.20
2011    1     8.56    -3.10
2011    2    14.15    -1.89
2011    3    69.22    -0.05
2011    4    79.40     5.50
2011    5   107.16     9.56
2011    6    83.47    16.18
2011    7    44.14    19.49
2011    8    60.77    20.05
2011    9   126.99    12.85
2011   10    32.97     6.39
2011   11     9.86     1.96
2011   12     6.93    -1.74
2012    1    31.38    -5.53
2012    2    41.25    -7.02
2012    3    50.08    -2.21
2012    4    95.69     7.25
2012    5   116.65    11.10
2012    6    88.10    14.89
2012    7    18.82    20.89
2012    8    15.18    19.83
2012    9    93.72    12.79
2012   10    34.94     8.02
2012   11    32.11     1.05
2012   12    12.89    -4.23
2013    1    16.87    -4.36
2013    2    34.13    -4.07
2013    3    98.66     2.78
2013    4    43.95     7.62
2013    5   103.74    11.42
2013    6    28.85    18.15
2013    7     5.91    24.71
2013    8    60.50    18.80
2013    9    49.93    13.69
2013   10    57.47     4.65
2013   11    58.68     1.24
2013   12    14.48    -3.72
2014    1    24.65    -6.98
2014    2    18.36    -0.16
2014    3   113.44    -3.10
2014    4    85.64     6.00
2014    5   115.95    11.57
2014    6    30.56    17.54
2014    7    13.05    18.68
2014    8    30.17    20.07
2014    9    87.87    15.17
2014   10    36.57     8.54
2014   11    18.61     0.95
2014   12    11.34    -2.15
2015    1    14.29    -2.59
2015    2     5.49    -1.09
2015    3    68.81     0.10
2015    4   135.92     7.06
2015    5   155.41    10.56
2015    6   119.64    13.45
2015    7    63.59    17.48
2015    8    53.44    18.05
2015    9    55.38    14.38
2015   10    60.82     8.12
2015   11    45.25     0.71
2015   12    21.10    -4.08
2016    1    12.71    -4.61
2016    2    39.76    -0.83
2016    3   121.94    -1.09
2016    4   119.88     4.73
2016    5   184.78     7.74
2016    6    86.38    13.59
2016    7     6.63    20.30
2016    8     5.04    20.96
2016    9    20.73    16.91
2016   10    67.33     7.04
2016   11    29.40     0.27
2016   12    29.81    -3.55
2017    1     6.10    -1.72
2017    2    61.02    -4.22
2017    3    65.45     2.35
2017    4    80.86     7.18
2017    5    56.71    12.33
2017    6    52.74    15.74
2017    7    25.17    20.76
2017    8    10.31    21.79
2017    9    39.43    15.95
2017   10    61.06     9.84
2017   11    19.99     1.78
2017   12    13.43    -1.97
2018    1    27.38    -6.33
2018    2    30.46    -3.06
2018    3    80.16     3.45
2018    4    79.64     6.64
2018    5   144.83    10.60
2018    6    79.26    15.20
2018    7    42.34    18.84
2018    8    10.15    22.14
2018    9    60.41    13.94
2018   10    21.15     7.86
2018   11    11.54     2.05
2018   12     8.84    -4.04
2019    1     6.70    -2.10
2019    2    24.02    -0.69
2019    3    71.34     1.31
2019    4    88.66     8.09
2019    5    77.94    10.96
2019    6    74.65    17.43
2019    7     2.52    22.75
2019    8    12.43    20.35
2019    9    31.53    15.37
2019   10    37.34     9.69
2019   11    44.09    -0.76
2019   12    36.94    -4.87
2020    1    12.48    -4.37
2020    2    34.66    -5.44
2020    3    48.24     1.26
2020    4   157.11     6.42
2020    5   146.88     8.21
2020    6    79.40    14.53
2020    7     5.96    22.27
2020    8    17.61    21.55
2020    9    50.04    14.74
2020   10    12.00     8.14
2020   11    14.76     3.85
2020   12    32.23    -3.92
2021    1    40.81    -3.79
2021    2    39.08    -2.22
2021    3    24.79     4.56
2021    4    91.90     6.43
2021    5    66.95    12.53
2021    6    83.18    15.63
2021    7    18.48    21.38
2021    8    42.09    19.13
2021    9    40.16    14.04
2021   10    27.26     7.52
2021   11    23.66     1.77
2021   12    27.04    -4.32
2022    1    29.31    -8.01
2022    2    10.35    -0.38
2022    3    90.41     2.23
2022    4   121.31     2.70
2022    5   126.62     8.69
2022    6    77.84    13.21
2022    7     2.34    23.08
2022    8    97.29    19.15
2022    9    74.41    13.04
2022   10    75.74     5.28
2022   11    16.75    -0.73
2022   12    67.30    -6.30
2023    1    14.83   -10.19
2023    2    23.74    -4.43
2023    3    69.63     1.23
2023    4    40.86     6.21
2023    5    90.59    11.59
2023    6    61.48    15.91
2023    7     0.03    23.37
2023    8    22.04    23.22
2023    9   104.74    13.85
2023   10    69.78     7.58
2023   11     9.49     1.82
2023   12     4.23    -3.29
2024    1    14.80    -2.36
2024    2    26.25    -1.64
2024    3    63.13     2.75
2024    4   102.62     5.75
2024    5    73.29    10.78
2024    6    62.70    15.44
2024    7    15.00    22.20
2024    8    17.69    21.49
2024    9    16.15    16.23
2024   10    55.18    10.20
2024   11    24.09     1.91
2024   12    20.75    -2.46
2025    1    39.57    -6.04
2025    2    18.12    -2.53
2025    3    60.41     1.59
2025    4   113.77     2.94
2025    5   106.99     9.62
2025    6    99.37    14.50
2025    7     2.44    22.92
2025    8    39.21    20.47
2025    9    43.81    15.42
2025   10    91.98     5.01
2025   11    28.83    -1.60
2025   12    13.64    -5.81
2026    1    15.90    -3.95
2026    2    92.10    -3.93
2026    3    57.91     0.33
2026    4   113.64     2.96
2026    5   144.44     9.24
2026    6    58.63    15.38
2026    7    26.83    18.91
2026    8    29.43    20.91
2026    9    62.65    13.29
2026   10    10.72     8.93
2026   11    31.73     2.25
2026   12     7.21    -1.41
2027    1    43.26    -4.23
2027    2    33.46    -1.55
2027    3    44.79     0.83
2027    4    57.94     8.63
2027    5    83.96    11.90
2027    6    29.24    17.11
2027    7     6.20    21.71
2027    8    70.44    19.06
2027    9   123.72    13.44
2027   10    46.21     6.51
2027   11    23.84     1.16
2027   12    15.10    -1.71
2028    1    24.90    -8.19
2028    2     6.78    -0.45
2028    3    55.58     2.37
2028    4    71.95     8.33
2028    5   156.96     9.90
2028    6    31.26    16.96
2028    7     0.18    22.64
2028    8    44.64    22.20
2028    9    66.62    12.98
2028   10    81.92     6.59
2028   11    22.27     0.63
2028   12    12.72    -2.31
2029    1    27.86    -4.44
2029    2    32.73    -3.82
2029    3    23.34     4.63
2029    4   133.89     5.53
2029    5    72.59    13.00
2029    6    45.80    18.72
2029    7    37.10    21.76
2029    8    29.52    19.52
2029    9   115.94    12.29
2029   10    29.60     7.07
2029   11    13.70     1.51
2029   12    27.59    -7.19
2030    1    18.55    -7.40
2030    2    32.99    -1.79
2030    3    59.96     2.83
2030    4    68.32     9.02
2030    5    53.52    12.21
2030    6   120.41    14.63
2030    7     0.02    24.52
2030    8     3.04    21.14
2030    9    67.12    12.88
2030   10    40.66     8.60
2030   11    95.13    -1.91
2030   12    18.98    -7.88
2031    1    24.08   -10.25
2031    2    23.94    -3.78
2031    3   106.37     0.81
2031    4    86.12     7.03
2031    5   110.84    10.91
2031    6    93.69    15.25
2031    7   117.18    17.46
2031    8    79.75    16.44
2031    9    29.26    14.30
2031   10    86.15     7.54
2031   11    26.27     1.91
2031   12     7.28    -4.09
2032    1     8.96    -3.59
2032    2    32.81    -2.13
2032    3    62.43     2.41
2032    4    70.34     7.91
2032    5   127.40     9.54
2032    6    53.53    17.73
2032    7    19.10    20.90
2032    8    22.25    21.18
2032    9     5.98    20.48
2032   10    75.88     8.25
2032   11    53.99    -4.46
2032   12    30.52    -4.20
2033    1    27.21    -9.50
2033    2    31.68    -3.66
2033    3    23.54     4.43
2033    4    44.35     7.40
2033    5   105.44    11.07
2033    6    29.64    18.54
2033    7     0.12    23.62
2033    8     3.00    21.13
2033    9    69.76    14.93
2033   10    27.42     9.59
2033   11    30.41     2.30
2033   12     9.66    -2.06
2034    1    20.60    -1.73
2034    2    50.60    -4.08
2034    3    31.80    -1.03
2034    4   189.13     4.23
2034    5    96.22    10.18
2034    6    90.29    15.24
2034    7     3.16    20.54
2034    8     6.04    22.69
2034    9    78.60    15.76
2034   10    71.77     5.72
2034   11     9.00     1.23
2034   12    42.02    -6.94
2035    1     8.43   -10.85
2035    2    34.97    -2.63
2035    3    85.99     3.60
2035    4    45.76     8.14
2035    5    98.61    10.60
2035    6    45.58    15.79
2035    7    32.12    21.26
2035    8    33.82    19.60
2035    9    52.71    17.61
2035   10    77.25     5.14
2035   11    15.02     0.42
2035   12     9.74    -2.69
2036    1    22.42    -3.46
2036    2    39.58    -5.20
2036    3    33.24    -4.42
2036    4    83.82     8.66
2036    5   119.04    11.49
2036    6    55.79    17.11
2036    7    25.52    20.03
2036    8    54.71    19.45
2036    9    52.61    12.78
2036   10     5.80     7.91
2036   11    45.05    -1.54
2036   12    18.75    -9.10
2037    1     9.08    -5.00
2037    2    53.12    -1.51
2037    3    61.31     3.70
2037    4    87.03     5.44
2037    5    41.88    11.72
2037    6    83.86    15.34
2037    7    34.25    20.54
2037    8    11.66    20.71
2037    9   113.83    12.43
2037   10    40.84     7.88
2037   11    36.22     1.68
2037   12    10.48    -3.48
2038    1    18.52    -3.09
2038    2    69.04    -4.19
2038    3    33.61    -1.87
2038    4   116.42     6.74
2038    5   103.43    10.92
2038    6    69.77    14.73
2038    7     4.66    22.74
2038    8    69.33    18.29
2038    9    26.03    14.81
2038   10    71.17     7.32
2038   11    15.85     1.46
2038   12    71.48    -6.25
2039    1    20.51   -10.71
2039    2    36.14    -4.38
2039    3    46.01     2.87
2039    4    91.40     8.94
2039    5    67.57    12.16
2039    6    27.07    20.35
2039    7     7.57    25.24
2039    8    35.96    22.33
2039    9    63.16    14.77
2039   10    45.04     8.62
2039   11    41.16     1.30
2039   12    40.83    -8.15
2040    1     6.53    -9.59
2040    2    49.79    -4.05
2040    3    51.41     1.78
2040    4   117.01     7.42
2040    5   115.65    11.70
2040    6    98.54    15.30
2040    7    12.56    21.44
2040    8     2.96    24.83
2040    9    31.66    15.29
2040   10    93.24     7.10
2040   11    46.17    -0.51
2040   12    44.48    -7.66
2041    1    21.86    -7.02
2041    2    29.52    -4.91
2041    3    50.88     3.24
2041    4   106.64     4.39
2041    5   118.19    11.31
2041    6    93.13    15.00
2041    7    44.59    19.67
2041    8    21.25    20.96
2041    9    38.96    16.06
2041   10    76.69     5.89
2041   11    11.78     3.19
2041   12    28.50    -0.54
2042    1    48.31    -5.50
2042    2    60.20    -6.66
2042    3    43.46     1.16
2042    4    52.84     7.68
2042    5   140.58    11.70
2042    6    98.03    14.33
2042    7    20.87    20.02
2042    8    51.98    20.98
2042    9    62.58    13.13
2042   10    70.26     5.57
2042   11    30.07    -0.04
2042   12     0.94    -1.34
2043    1    25.12    -3.50
2043    2    32.95    -1.89
2043    3    29.77     3.62
2043    4   113.37     7.47
2043    5   114.18    11.86
2043    6    52.21    16.80
2043    7     0.34    21.65
2043    8     2.23    22.49
2043    9    60.84    15.67
2043   10    54.37     7.82
2043   11    51.49     1.16
2043   12     9.76    -1.14
2044    1    15.10    -3.04
2044    2    34.00    -2.03
2044    3    79.86     3.49
2044    4    75.98     8.12
2044    5   139.61    10.38
2044    6    22.68    19.18
2044    7    15.19    22.02
2044    8    11.05    22.33
2044    9    65.01    13.10
2044   10    43.17     9.01
2044   11    32.36     2.11
2044   12    30.77    -4.31
2045    1    24.73    -6.47
2045    2    11.65    -1.75
2045    3    79.98     1.52
2045    4   104.53     4.79
2045    5   106.46    10.80
2045    6   103.29    15.54
2045    7    48.40    20.50
2045    8    24.01    22.29
2045    9    31.66    16.96
2045   10    28.91     9.92
2045   11    26.10     4.71
2045   12    40.30    -7.22
2046    1    27.16    -8.57
2046    2    36.81    -3.66
2046    3    67.66     2.81
2046    4    84.42     9.64
2046    5    50.13    14.58
2046    6    71.71    17.78
2046    7     0.01    23.97
2046    8     2.19    24.78
2046    9    89.31    13.73
2046   10    10.63    10.28
2046   11    74.26     0.59
2046   12    31.33    -6.19
2047    1    25.13    -5.10
2047    2    38.16    -0.91
2047    3    71.67     4.41
2047    4   109.50     6.96
2047    5   117.68    12.00
2047    6    57.60    17.71
2047    7    33.45    20.18
2047    8   134.30    17.07
2047    9    99.69    13.44
2047   10    43.70     8.60
2047   11    40.64     0.52
2047   12    16.56    -2.37
2048    1    18.57    -2.45
2048    2    31.48     0.66
2048    3    50.75     2.79
2048    4    68.82     5.92
2048    5    66.06    13.71
2048    6     9.40    19.59
2048    7     0.32    25.52
2048    8    14.58    20.85
2048    9    85.01    13.60
2048   10    54.90     8.48
2048   11    49.35    -0.25
2048   12     8.90    -0.96
2049    1    13.72    -0.88
2049    2    26.82    -2.54
2049    3    48.01     4.29
2049    4   120.45     5.58
2049    5    82.99    10.53
2049    6    80.42    17.44
2049    7    24.85    20.73
2049    8    28.34    21.44
2049    9    84.20    12.72
2049   10    22.19     9.67
2049   11     6.44     3.16
2049   12    20.16    -1.90
2050    1     5.04    -3.83
2050    2    59.04    -4.27
2050    3    55.76     2.37
2050    4   125.92     7.85
2050    5   128.70    12.63
2050    6    40.81    19.02
2050    7     2.77    24.07
2050    8    25.24    20.39
2050    9    56.30    15.67
2050   10    65.51     8.66
2050   11    40.60     2.28
2050   12     5.38    -0.92
2051    1    29.23    -3.88
2051    2     9.22    -1.45
2051    3   104.79     2.59
2051    4   105.50     6.91
2051    5    93.45    11.04
2051    6    26.18    17.80
2051    7     0.90    27.06
2051    8    45.03    22.18
2051    9    73.40    15.10
2051   10    69.42     8.00
2051   11    48.27    -0.26
2051   12    11.32    -1.10
2052    1    31.57    -2.55
2052    2    31.87    -4.15
2052    3    32.52     2.90
2052    4   120.23     6.35
2052    5   102.82    11.48
2052    6    54.59    18.02
2052    7    14.52    24.50
2052    8    15.00    22.72
2052    9    32.06    15.85
2052   10    44.06     9.11
2052   11    33.26     3.49
2052   12    32.02    -4.41
2053    1    14.84    -4.55
2053    2    25.01    -3.56
2053    3    88.49     0.24
2053    4    97.86     5.73
2053    5   106.68     9.16
2053    6    44.81    16.30
2053    7     0.08    23.75
2053    8     2.09    24.84
2053    9    40.70    15.35
2053   10    38.16    10.31
2053   11    80.54    -1.05
2053   12    17.83    -7.56
2054    1    10.83    -3.26
2054    2    13.40     0.12
2054    3    63.43    -0.10
2054    4   120.38     5.32
2054    5   128.95    11.57
2054    6    85.73    15.27
2054    7     7.47    21.95
2054    8     3.62    22.70
2054    9    40.18    16.44
2054   10    36.03    11.27
2054   11    62.89    -0.28
2054   12    26.80    -1.85
2055    1    12.38   -10.65
2055    2    74.53    -6.47
2055    3    67.63    -3.21
2055    4    44.86     5.57
2055    5    83.65    12.58
2055    6    88.83    16.03
2055    7   106.98    18.46
2055    8    47.97    18.90
2055    9    33.64    15.20
2055   10    42.97    10.87
2055   11    15.83     2.65
2055   12    38.11    -1.39
2056    1     4.98    -3.22
2056    2    61.11    -5.76
2056    3    45.14     1.46
2056    4   139.13     6.18
2056    5   126.25    12.67
2056    6    54.19    17.81
2056    7    12.80    23.73
2056    8    13.63    24.17
2056    9    41.14    18.09
2056   10    58.74    10.83
2056   11     6.74     1.63
2056   12     8.97    -2.42
2057    1     8.22    -2.37
2057    2    21.87     0.24
2057    3    41.82     5.14
2057    4    56.86     8.57
2057    5   101.46    13.92
2057    6    51.84    17.45
2057    7    51.51    21.36
2057    8    81.08    19.75
2057    9    99.60    13.22
2057   10    87.38     7.25
2057   11     6.65     2.21
2057   12    21.58    -1.53
2058    1    61.86    -5.10
2058    2    60.43    -4.15
2058    3    62.38     0.22
2058    4    60.42     8.35
2058    5   176.48    10.22
2058    6   138.15    14.54
2058    7    43.56    19.18
2058    8    40.12    18.38
2058    9   121.25    15.08
2058   10    40.77     7.93
2058   11    46.31     1.27
2058   12    31.96    -0.54
2059    1    23.42    -2.71
2059    2    54.42    -5.48
2059    3    68.49     0.49
2059    4    82.43     8.04
2059    5   119.35    12.14
2059    6    82.20    16.85
2059    7     7.86    22.64
2059    8     3.26    27.03
2059    9    93.31    14.98
2059   10    47.53    10.91
2059   11    24.61     0.13
2059   12    23.45    -3.47
2060    1    29.23    -4.75
2060    2    18.01    -1.17
2060    3    73.91     1.54
2060    4   109.25     5.44
2060    5   128.30    10.10
2060    6    43.05    18.85
2060    7     0.19    26.81
2060    8     1.67    27.13
2060    9    14.36    20.49
2060   10    43.58     9.78
2060   11    39.19     3.05
2060   12    26.95    -2.26
2061    1    11.83    -8.05
2061    2    19.75    -0.47
2061    3    59.65     4.65
2061    4    44.54    10.89
2061    5    99.93    13.45
2061    6    47.08    18.92
2061    7    22.69    22.51
2061    8    26.83    22.91
2061    9    61.73    15.36
2061   10    69.35     8.96
2061   11    41.75     3.85
2061   12    29.19    -1.14
2062    1    31.53    -2.91
2062    2    43.73    -1.15
2062    3    57.37     1.24
2062    4    97.53     6.74
2062    5   107.79    12.40
2062    6    25.79    18.89
2062    7     4.13    22.97
2062    8     1.89    22.80
2062    9    70.97    15.24
2062   10    49.81     8.45
2062   11    55.64     2.56
2062   12    32.03    -0.47
2063    1    39.25    -7.27
2063    2    26.01    -0.26
2063    3    55.71     4.37
2063    4    99.85     6.03
2063    5    74.82    13.94
2063    6    78.03    17.51
2063    7     5.71    23.28
2063    8    11.47    22.73
2063    9    39.72    16.73
2063   10    83.26     7.71
2063   11     8.95     3.26
2063   12     9.97    -0.80
2064    1    10.93    -0.28
2064    2    19.14     1.43
2064    3    74.44     5.30
2064    4   120.79     6.95
2064    5    93.37    13.85
2064    6    56.12    17.94
2064    7    15.75    22.91
2064    8     1.33    25.68
2064    9   117.13    16.94
2064   10    29.14     9.63
2064   11    21.16     6.23
2064   12    19.62    -1.17
2065    1    26.37    -4.58
2065    2    44.37    -2.00
2065    3   100.86     1.72
2065    4    76.91     6.27
2065    5   116.73    12.28
2065    6    86.00    17.57
2065    7    40.97    22.36
2065    8     2.75    22.19
2065    9    40.95    16.10
2065   10    52.31    12.25
2065   11    20.20     2.10
2065   12    60.64    -5.47
2066    1    18.46    -3.14
2066    2    48.09     1.12
2066    3    94.55     3.32
2066    4    79.88     7.24
2066    5    81.22    12.95
2066    6   116.24    15.39
2066    7    17.05    23.74
2066    8    17.03    24.82
2066    9    57.06    14.66
2066   10    28.93     9.74
2066   11     8.12     2.65
2066   12    25.86    -5.35
2067    1    18.00    -6.70
2067    2    27.77    -0.96
2067    3    52.08     3.15
2067    4    36.25    10.64
2067    5    32.81    15.36
2067    6    13.51    23.45
2067    7     3.61    27.35
2067    8    24.20    25.41
2067    9   104.30    16.82
2067   10    45.87    10.94
2067   11    19.45     4.99
2067   12    31.57    -3.17
2068    1    22.39    -4.04
2068    2    33.77     0.34
2068    3   157.00     1.75
2068    4    64.58     6.81
2068    5   180.21     9.70
2068    6    85.45    14.57
2068    7     5.19    21.38
2068    8     7.34    24.58
2068    9    29.86    14.35
2068   10    42.14    10.69
2068   11    10.52     4.33
2068   12    21.23    -0.45
2069    1    17.82    -1.44
2069    2    32.83    -4.33
2069    3    62.46     2.59
2069    4    70.95     8.73
2069    5   149.30    13.82
2069    6    63.14    18.34
2069    7     0.49    27.65
2069    8     2.26    25.34
2069    9    34.34    17.50
2069   10    55.56     9.56
2069   11    58.47     2.50
2069   12    42.88    -2.34
2070    1    17.21    -0.65
2070    2    34.43    -1.63
2070    3    60.53     4.18
2070    4    43.23     9.01
2070    5   102.33    14.12
2070    6    74.54    17.18
2070    7    34.97    23.22
2070    8    19.38    21.50
2070    9    41.46    15.21
2070   10    91.03     9.63
2070   11     9.26     3.97
2070   12    19.70    -1.55
2071    1     8.45    -2.27
2071    2    35.55    -0.93
2071    3   118.10     2.52
2071    4    98.09     5.86
2071    5    91.09    12.88
2071    6    78.40    17.90
2071    7    19.61    22.83
2071    8     7.65    23.22
2071    9    28.85    14.28
2071   10    43.15     8.71
2071   11    20.61    -0.31
2071   12    37.23    -8.19
2072    1    15.46    -3.90
2072    2    31.20     0.06
2072    3    78.49     4.53
2072    4    85.47     7.85
2072    5   110.07    11.84
2072    6    44.41    17.93
2072    7     9.34    22.73
2072    8    78.77    20.23
2072    9    81.96    14.29
2072   10    65.29     8.18
2072   11    52.37     3.08
2072   12    38.59    -6.20
2073    1    22.70    -1.33
2073    2    54.36    -4.09
2073    3    51.42     3.28
2073    4    77.67     8.63
2073    5    83.99    11.60
2073    6    51.24    17.62
2073    7     1.53    26.43
2073    8     1.08    25.87
2073    9    31.56    18.92
2073   10    19.37    12.50
2073   11    43.86     1.42
2073   12    18.69    -2.06
2074    1    34.08    -1.87
2074    2    14.03    -5.55
2074    3    46.68     4.38
2074    4   104.61     9.34
2074    5    74.69    15.63
2074    6    77.86    17.90
2074    7     3.50    26.47
2074    8    15.67    23.38
2074    9    93.58    16.16
2074   10    75.21    10.04
2074   11    45.50     4.19
2074   12    26.14    -4.35
2075    1     4.21    -2.03
2075    2    58.40    -0.46
2075    3    75.10    -2.47
2075    4    87.79     6.29
2075    5   138.09    13.28
2075    6    75.32    17.46
2075    7    66.13    20.43
2075    8    68.47    19.91
2075    9   131.65    16.92
2075   10    36.23     7.63
2075   11    67.46    -1.56
2075   12     6.72    -0.77
2076    1    17.33    -2.04
2076    2    24.33     1.58
2076    3   105.67     4.10
2076    4    76.64     6.48
2076    5   126.99    11.15
2076    6    79.24    17.00
2076    7    13.50    22.99
2076    8    97.03    20.11
2076    9    59.58    15.92
2076   10    61.24    10.11
2076   11    27.51     3.05
2076   12    44.93    -3.93
2077    1     4.08    -3.12
2077    2    17.05     1.01
2077    3    84.53     2.96
2077    4    92.68     6.43
2077    5    97.74    13.24
2077    6    27.57    19.62
2077    7    88.02    21.82
2077    8    72.57    19.92
2077    9   104.68    14.18
2077   10    60.95     9.69
2077   11    60.78     1.51
2077   12    12.61    -1.27
2078    1    29.02    -2.08
2078    2    44.84    -5.61
2078    3    45.92     4.11
2078    4   112.51     8.23
2078    5   121.26    13.16
2078    6    87.45    16.53
2078    7    18.10    21.66
2078    8     0.00    25.95
2078    9    43.93    17.38
2078   10    80.35    10.97
2078   11    49.61     5.80
2078   12     4.99     0.63
2079    1    39.26    -1.29
2079    2    41.12     0.04
2079    3   142.79     2.85
2079    4    45.00    10.72
2079    5    52.94    14.96
2079    6    55.67    22.00
2079    7     1.42    28.36
2079    8    27.64    23.39
2079    9   107.51    17.50
2079   10   125.42     9.58
2079   11    43.44     1.92
2079   12    32.90    -0.03
2080    1     8.75    -4.56
2080    2    44.47    -2.16
2080    3    81.20     2.11
2080    4   114.73     5.98
2080    5   127.05    13.80
2080    6   153.85    15.50
2080    7    39.42    22.57
2080    8    86.85    21.15
2080    9   102.14    15.73
2080   10    24.25    10.92
2080   11     9.22     3.17
2080   12    38.02    -3.73
2081    1    24.47    -5.50
2081    2    41.45     0.22
2081    3    63.36     1.95
2081    4    83.69     5.79
2081    5    92.21    11.62
2081    6    11.74    21.36
2081    7     8.99    26.58
2081    8     9.15    24.32
2081    9   100.76    16.06
2081   10    21.98     9.97
2081   11    24.77     2.88
2081   12    34.41    -4.67
2082    1    30.61    -2.79
2082    2    23.51    -1.81
2082    3    78.70     2.49
2082    4    47.41    11.93
2082    5    58.52    14.68
2082    6    50.94    21.17
2082    7     0.00    27.85
2082    8     7.41    25.02
2082    9    53.46    16.29
2082   10    48.46    10.75
2082   11    19.31     4.20
2082   12    16.24    -0.67
2083    1    17.38    -1.30
2083    2    19.35    -1.53
2083    3    39.31     3.29
2083    4    34.41    12.98
2083    5    34.83    18.91
2083    6    61.46    22.70
2083    7     5.42    29.19
2083    8    91.20    23.28
2083    9    63.61    14.31
2083   10    10.53    14.75
2083   11    21.06     7.31
2083   12     2.49     1.20
2084    1    43.01    -0.03
2084    2    16.12    -4.00
2084    3    86.56     4.00
2084    4    42.14    12.12
2084    5    63.20    14.24
2084    6   155.65    16.97
2084    7    14.43    22.82
2084    8    12.89    24.54
2084    9    24.26    19.72
2084   10   105.95    10.74
2084   11    54.65    -0.60
2084   12    19.70    -0.30
2085    1    11.45    -0.24
2085    2     9.96     1.94
2085    3    71.87     4.92
2085    4    47.85    13.83
2085    5    94.80    13.55
2085    6     2.34    23.70
2085    7    39.76    24.22
2085    8     2.61    26.05
2085    9    51.38    19.51
2085   10   134.79     7.43
2085   11     6.38     1.55
2085   12    25.60     0.43
2086    1    20.94    -0.29
2086    2    33.26     0.70
2086    3    79.42     5.76
2086    4    96.25     8.93
2086    5    67.11    12.83
2086    6    72.00    17.93
2086    7   141.29    20.97
2086    8    19.55    24.41
2086    9    76.94    15.96
2086   10    59.03    10.51
2086   11    33.89     1.93
2086   12    35.72    -4.58
2087    1     8.84     0.19
2087    2    30.92     1.66
2087    3   111.39     6.26
2087    4    29.32    11.86
2087    5    84.53    15.61
2087    6    45.32    19.60
2087    7    24.02    27.33
2087    8     0.06    28.09
2087    9    59.55    15.32
2087   10    34.21    12.10
2087   11    54.68     5.14
2087   12    67.62    -0.85
2088    1    21.42   -11.28
2088    2    35.18     0.87
2088    3    92.44     5.54
2088    4    57.26    12.51
2088    5   107.80    13.30
2088    6    91.74    16.59
2088    7    32.10    26.46
2088    8    13.07    24.46
2088    9    45.91    18.79
2088   10    19.19    12.87
2088   11    78.46     1.93
2088   12    20.44    -3.61
2089    1    31.27    -3.56
2089    2    14.61    -0.86
2089    3    38.02     6.74
2089    4    44.94    14.30
2089    5    50.32    18.51
2089    6    70.54    19.88
2089    7     6.12    25.13
2089    8     5.15    23.80
2089    9   129.43    16.35
2089   10    24.92    11.71
2089   11    34.93     2.65
2089   12    38.38    -1.26
2090    1    19.06    -2.25
2090    2    32.54    -0.77
2090    3    87.67     3.32
2090    4    92.12    10.25
2090    5    51.42    14.55
2090    6    33.84    21.82
2090    7    12.86    25.90
2090    8    65.96    23.92
2090    9    63.03    16.79
2090   10    39.88     9.39
2090   11    24.27     1.19
2090   12    16.01     0.96
2091    1    11.92    -0.01
2091    2     7.05     1.74
2091    3    47.08     7.51
2091    4   117.45     8.47
2091    5    71.77    17.00
2091    6     9.47    23.99
2091    7     0.04    29.97
2091    8    70.40    25.49
2091    9   105.47    14.51
2091   10    27.73    12.30
2091   11    16.69     5.53
2091   12    23.64     0.54
2092    1    26.73    -0.18
2092    2    55.15     1.82
2092    3    96.62     3.13
2092    4    65.47     9.32
2092    5   146.09    11.19
2092    6    44.30    18.10
2092    7     7.09    26.84
2092    8    32.54    23.78
2092    9    64.53    17.92
2092   10    15.54    13.05
2092   11    31.03     6.94
2092   12    15.12    -0.20
2093    1     3.96    -0.33
2093    2    76.90    -0.63
2093    3    47.17     4.86
2093    4   119.34     9.05
2093    5    39.51    15.07
2093    6    30.45    21.92
2093    7     3.16    26.50
2093    8     3.87    25.82
2093    9    53.81    17.92
2093   10    10.66    12.78
2093   11    14.58     8.41
2093   12    15.68    -1.65
2094    1    25.87    -3.03
2094    2    11.53    -2.01
2094    3    37.15     6.96
2094    4    13.84    16.82
2094    5   221.96    12.20
2094    6    29.60    19.46
2094    7     1.15    28.33
2094    8    17.94    25.27
2094    9    16.69    19.39
2094   10    28.44    12.52
2094   11    51.81     6.93
2094   12    18.97     0.63
2095    1    18.18     0.20
2095    2    41.68     1.08
2095    3    42.55     7.26
2095    4   147.94     8.62
2095    5   115.80    13.92
2095    6   109.41    17.95
2095    7    15.98    24.39
2095    8     1.18    25.93
2095    9    61.94    17.48
2095   10    28.45    12.06
2095   11    59.23     4.60
2095   12    10.76     0.26
2096    1    11.57    -0.78
2096    2    25.75     0.65
2096    3    54.70     6.03
2096    4   112.73     7.69
2096    5   100.61    14.27
2096    6     7.82    23.46
2096    7    18.20    25.45
2096    8     2.77    27.27
2096    9    92.05    16.81
2096   10    29.51    11.01
2096   11    36.90     2.89
2096   12    22.75     0.17
2097    1    11.49    -1.28
2097    2    55.60     0.58
2097    3   133.78     2.61
2097    4    92.75     8.12
2097    5    59.03    14.86
2097    6    11.55    23.83
2097    7     8.01    27.71
2097    8     5.90    25.77
2097    9    65.87    19.41
2097   10    66.39     9.91
2097   11    35.22     5.63
2097   12    25.69     1.91
2098    1    25.71    -2.93
2098    2    74.42    -0.46
2098    3    92.64     3.03
2098    4    91.50     8.55
2098    5   103.55    14.59
2098    6    20.53    22.26
2098    7    14.42    25.57
2098    8     0.42    27.27
2098    9     9.22    19.14
2098   10    14.82     9.99
2098   11    28.71     4.89
2098   12     0.10     1.69
2099    1     9.09     0.61
2099    2    33.34    -4.04
2099    3    28.74     6.38
2099    4   106.11     9.47
2099    5    39.11    19.06
2099    6    30.61    26.77
2099    7     5.71    28.07
2099    8    19.75    26.48
2099    9    43.04    18.76
2099   10   112.02     9.23
2099   11    60.19     5.51
2099   12    27.33    -1.91
2100    1    43.69    -3.70
2100    2    16.73     1.57
2100    3    88.05     4.51
2100    4   168.00     8.75
2100    5    95.54    13.44
2100    6    45.77    21.96
2100    7     8.48    26.96
2100    8    58.90    24.28
2100    9   106.25    16.93
2100   10    22.46    11.08
2100   11    30.64     5.34
2100   12    21.67    -0.37
