2006    1   107.67    -4.71
2006    2    66.28    -3.58
2006    3   109.62     0.28
2006    4    85.27     7.69
2006    5   101.81    11.30
2006    6    24.73    18.60
2006    7     4.03    22.62
2006    8    33.52    21.35
2006    9    83.68    13.54
2006   10   121.49     8.70
2006   11    47.53     7.21
2006   12   114.69     0.19
2007    1   114.02    -4.67
2007    2    49.72    -4.30
2007    3    49.16     2.99
2007    4   123.84     2.99
2007    5   121.15    10.07
2007    6   109.95    15.77
2007    7    87.40    17.71
2007    8    34.34    18.58
2007    9    31.13    15.35
2007   10    32.98    11.43
2007   11   149.57     1.45
2007   12    70.24    -1.88
2008    1    91.81    -6.21
2008    2    90.62    -3.04
2008    3   113.99    -3.81
2008    4    86.30     6.26
2008    5   135.52    11.83
2008    6    48.21    15.77
2008    7    15.56    19.86
2008    8    12.20    21.89
2008    9    81.11    15.31
2008   10    87.97     7.45
2008   11    89.10     4.15
2008   12    63.34    -0.39
2009    1    92.87    -4.28
2009    2    94.21    -4.29
2009    3   100.16    -0.69
2009    4    82.07     7.84
2009    5   127.36     9.59
2009    6    93.72    15.13
2009    7    46.98    16.42
2009    8    28.27    19.52
2009    9    37.64    14.16
2009   10    25.89     9.29
2009   11    60.26     3.38
2009   12    69.67    -6.10
2010    1    65.90    -7.59
2010    2    26.38    -4.46
2010    3    84.59     3.78
2010    4    90.07     7.69
2010    5   161.68    10.85
2010    6    72.91    14.50
2010    7    77.25    19.71
2010    8    30.68    19.84
2010    9    47.00    14.37
2010   10    64.53     9.29
2010   11    83.72     4.49
2010   12   118.32    -1.52
2011    1    54.50    -1.40
2011    2    39.94    -0.77
2011    3   171.14     0.76
2011    4    77.87     5.82
2011    5   173.58     9.29
2011    6   171.02    13.82
2011    7    45.52    17.39
2011    8    20.73    18.48
2011    9   127.36    14.16
2011   10    95.38     7.82
2011   11    25.27     4.74
2011   12    52.27     1.72
2012    1    82.21    -1.76
2012    2    56.01    -4.48
2012    3    56.56     1.36
2012    4   167.15     7.93
2012    5   147.56    11.01
2012    6    59.68    14.75
2012    7    11.00    19.56
2012    8    23.82    20.50
2012    9    51.12    13.51
2012   10    38.17    10.58
2012   11    77.06     3.52
2012   12   105.86    -4.08
2013    1    58.64    -4.40
2013    2    88.35    -2.55
2013    3   148.84     3.11
2013    4   137.85     6.53
2013    5   115.03    11.70
2013    6    77.30    15.90
2013    7    14.88    21.85
2013    8    52.99    16.63
2013    9    52.91    13.87
2013   10    76.94     6.74
2013   11    89.53     2.98
2013   12    71.54    -1.94
2014    1    94.70    -4.07
2014    2    71.28     1.47
2014    3   147.40    -2.35
2014    4    92.37     6.98
2014    5   137.51    11.35
2014    6    42.84    16.14
2014    7    68.54    16.19
2014    8    22.33    18.18
2014    9    55.38    15.73
2014   10    81.65     9.76
2014   11    87.91     3.74
2014   12   164.53    -0.65
2015    1    81.38    -2.10
2015    2    36.37     0.92
2015    3    88.22     1.83
2015    4   168.79     7.90
2015    5   136.14    11.61
2015    6    98.08    13.52
2015    7    41.82    17.31
2015    8    29.11    18.24
2015    9    53.38    15.34
2015   10    61.96    10.49
2015   11    91.00     2.79
2015   12    80.91     1.02
2016    1    63.48    -2.74
2016    2    60.43     2.14
2016    3   148.99     0.49
2016    4   162.03     5.22
2016    5   176.22     8.86
2016    6    76.95    13.56
2016    7     2.34    21.38
2016    8     6.94    19.74
2016    9    52.55    16.56
2016   10    57.48     9.28
2016   11    92.91     2.35
2016   12    93.70    -0.08
2017    1    30.26     1.44
2017    2   127.66    -1.66
2017    3   120.04     2.24
2017    4   155.44     7.30
2017    5   100.44    11.08
2017    6    79.67    13.66
2017    7    12.52    19.44
2017    8    17.68    19.88
2017    9    32.46    15.61
2017   10   107.09    10.36
2017   11    94.61     4.03
2017   12    54.73     1.62
2018    1    60.33    -2.99
2018    2   100.96    -2.08
2018    3    87.91     5.42
2018    4   134.74     7.25
2018    5    88.75    11.52
2018    6    76.05    15.32
2018    7    36.77    17.98
2018    8    32.64    21.66
2018    9    50.03    16.38
2018   10    80.69    10.06
2018   11   103.91     4.10
2018   12    40.31    -0.66
2019    1    29.26     1.72
2019    2    72.52     1.69
2019    3   102.77     3.72
2019    4   105.86     9.36
2019    5   135.46    11.56
2019    6    86.29    15.67
2019    7    21.55    20.01
2019    8    50.56    18.31
2019    9    37.13    16.30
2019   10    45.90    11.81
2019   11    94.87     2.79
2019   12    97.56    -1.26
2020    1    75.01    -0.85
2020    2    78.16    -4.04
2020    3   122.35     2.45
2020    4   116.77     6.91
2020    5   179.17     8.41
2020    6   132.54    13.71
2020    7    26.07    20.11
2020    8     7.83    20.54
2020    9    90.00    14.00
2020   10    31.85    10.18
2020   11    92.75     6.35
2020   12    64.18    -0.22
2021    1   161.27    -0.17
2021    2    88.54    -0.53
2021    3    49.30     6.35
2021    4   105.10     7.36
2021    5   154.67    12.05
2021    6   129.13    13.81
2021    7    31.10    18.65
2021    8    47.46    17.62
2021    9    71.26    14.43
2021   10   135.65     7.73
2021   11    52.69     4.25
2021   12    52.12    -0.17
2022    1    22.00    -2.76
2022    2    53.98     3.34
2022    3   129.90     3.84
2022    4   177.11     4.14
2022    5   182.41     9.06
2022    6    95.08    13.60
2022    7     8.34    21.90
2022    8    70.82    19.41
2022    9    97.41    14.57
2022   10   125.88     7.64
2022   11    81.05     2.08
2022   12    98.90    -3.02
2023    1    48.27    -4.70
2023    2    46.46    -0.29
2023    3    94.00     3.93
2023    4   120.21     7.47
2023    5    95.31    12.63
2023    6   102.70    15.81
2023    7    11.75    21.83
2023    8    28.08    20.94
2023    9    72.41    14.17
2023   10   125.86     8.84
2023   11   106.29     4.97
2023   12    58.17    -0.73
2024    1    54.08     0.64
2024    2    40.52     0.81
2024    3   142.84     4.59
2024    4   110.80     7.11
2024    5   145.28    10.89
2024    6    62.53    14.77
2024    7    11.54    21.14
2024    8    27.38    20.62
2024    9    34.06    16.20
2024   10    58.44    11.47
2024   11    81.12     4.45
2024   12    73.69     1.36
2025    1    92.51    -1.52
2025    2    73.49    -0.37
2025    3   134.28     2.77
2025    4   126.69     2.97
2025    5   156.58    11.12
2025    6    75.19    14.11
2025    7    21.78    19.57
2025    8    22.41    19.71
2025    9    33.61    15.59
2025   10    93.59     7.19
2025   11    35.06     2.29
2025   12    81.96    -4.62
2026    1    59.97    -3.99
2026    2   118.43    -2.80
2026    3   119.84     1.98
2026    4   108.35     3.38
2026    5   130.34     9.29
2026    6    85.92    14.77
2026    7    36.25    17.67
2026    8    12.11    19.47
2026    9    42.78    14.53
2026   10    31.72    11.04
2026   11    86.50     5.09
2026   12    22.35     2.51
2027    1    75.83    -0.31
2027    2    69.10     0.78
2027    3    80.10     2.92
2027    4   105.82     9.25
2027    5   178.02    11.98
2027    6    61.25    15.13
2027    7    76.94    18.53
2027    8    37.00    19.11
2027    9    72.81    14.16
2027   10    53.96     8.02
2027   11    58.50     4.16
2027   12    89.02     1.69
2028    1    89.09    -3.95
2028    2    43.36     2.82
2028    3    92.08     5.41
2028    4    93.33     9.52
2028    5   198.57    10.91
2028    6    83.11    14.99
2028    7    14.05    20.02
2028    8    30.20    20.81
2028    9    24.10    13.90
2028   10    87.95     8.36
2028   11   103.61     3.46
2028   12    41.46     1.52
2029    1   172.56    -2.35
2029    2    60.14    -1.67
2029    3    77.83     5.77
2029    4    99.00     6.29
2029    5    78.50    13.82
2029    6    53.63    18.31
2029    7    32.77    19.93
2029    8    31.61    18.16
2029    9    47.29    13.60
2029   10    85.06     8.62
2029   11    14.82     5.06
2029   12    96.50    -4.27
2030    1   171.47    -3.35
2030    2    65.97    -1.09
2030    3    74.67     4.07
2030    4   144.20     9.32
2030    5   141.88    12.04
2030    6   114.73    13.64
2030    7     7.89    21.91
2030    8    31.63    19.12
2030    9   102.21    13.47
2030   10    71.18    10.16
2030   11    98.17     1.59
2030   12   146.43    -5.48
2031    1    95.02    -5.86
2031    2   119.27    -2.24
2031    3   104.41     1.86
2031    4   118.69     8.05
2031    5   124.66    10.55
2031    6    63.29    14.48
2031    7    43.53    17.87
2031    8   120.00    16.21
2031    9    50.97    14.99
2031   10    66.29     9.48
2031   11    79.19     4.42
2031   12   101.38    -3.86
2032    1    37.83    -3.81
2032    2   107.63    -0.53
2032    3   108.84     3.98
2032    4   126.16     8.28
2032    5   202.26     9.97
2032    6    55.35    16.53
2032    7    33.78    18.99
2032    8    14.38    20.77
2032    9    24.32    18.88
2032   10   102.13    10.50
2032   11   110.05    -0.27
2032   12   125.89    -0.38
2033    1    73.81    -7.28
2033    2    52.17    -1.24
2033    3    52.13     6.12
2033    4   126.48     7.59
2033    5   116.13    11.90
2033    6    60.66    16.10
2033    7    17.94    19.79
2033    8    14.22    20.38
2033    9    62.37    16.13
2033   10    37.87    11.53
2033   11    79.26     4.15
2033   12    24.77     0.93
2034    1    96.18     1.15
2034    2   119.31    -1.73
2034    3    66.82     0.06
2034    4   128.11     5.12
2034    5   152.60    10.92
2034    6    60.05    15.87
2034    7    35.12    19.15
2034    8     4.47    21.91
2034    9    64.87    15.74
2034   10   116.59     7.32
2034   11    44.51     4.37
2034   12   127.56    -3.63
2035    1    60.06    -4.90
2035    2    58.33    -1.24
2035    3   149.62     4.61
2035    4   102.67     8.76
2035    5   190.08    10.15
2035    6    73.75    15.81
2035    7    15.80    19.44
2035    8    41.96    19.69
2035    9    59.93    17.12
2035   10   102.57     7.14
2035   11   140.29     0.45
2035   12    96.05    -1.36
2036    1    81.40    -2.94
2036    2    39.99    -2.42
2036    3    69.02    -2.30
2036    4   117.79     9.13
2036    5   174.49    11.98
2036    6    81.10    15.97
2036    7    49.02    17.68
2036    8    35.00    18.93
2036    9    67.52    13.55
2036   10    70.02     8.51
2036   11   100.24     0.64
2036   12    46.74    -3.96
2037    1   137.14    -3.35
2037    2    97.94    -1.57
2037    3   124.06     4.47
2037    4   141.16     5.83
2037    5   102.07    10.94
2037    6    62.67    14.46
2037    7    49.11    19.09
2037    8    20.90    19.84
2037    9    21.97    14.59
2037   10   105.31     9.59
2037   11    85.25     4.24
2037   12    77.18    -0.72
2038    1   107.97    -2.94
2038    2    64.93    -3.05
2038    3   126.92     0.02
2038    4    98.70     8.81
2038    5   119.22    12.00
2038    6   127.13    14.23
2038    7     7.48    22.32
2038    8    14.58    19.39
2038    9    65.18    16.09
2038   10    87.19     9.68
2038   11    60.63     4.79
2038   12    94.05    -1.49
2039    1   150.13    -5.88
2039    2    52.40    -1.53
2039    3    53.88     5.07
2039    4   164.49     8.14
2039    5    93.45    12.19
2039    6    29.37    17.36
2039    7    33.31    22.61
2039    8    13.48    21.08
2039    9    25.83    16.57
2039   10    87.02    10.19
2039   11   105.84     3.75
2039   12   144.82    -4.11
2040    1    72.26    -4.64
2040    2    75.63    -2.03
2040    3    72.28     3.18
2040    4   153.90     8.34
2040    5    87.77    12.98
2040    6   118.96    14.50
2040    7    50.57    19.29
2040    8     6.77    23.12
2040    9    36.94    15.98
2040   10    69.32     9.23
2040   11   125.73     2.87
2040   12   128.09    -3.54
2041    1   105.28    -2.97
2041    2    64.70    -2.26
2041    3    73.03     4.42
2041    4    99.26     5.93
2041    5   138.17    12.22
2041    6   143.40    14.74
2041    7    33.03    18.71
2041    8     7.91    20.22
2041    9    69.33    15.66
2041   10    62.69     6.94
2041   11    31.83     6.22
2041   12    67.06     2.45
2042    1   166.01    -3.46
2042    2   129.81    -3.67
2042    3    88.31     2.31
2042    4    78.41     8.90
2042    5   183.46    11.82
2042    6   112.01    14.20
2042    7    31.00    18.81
2042    8    53.06    20.00
2042    9    36.84    14.22
2042   10   106.89     7.08
2042   11    81.83     3.23
2042   12    19.98     2.85
2043    1    56.57    -0.60
2043    2    46.93     1.69
2043    3    81.33     5.49
2043    4   121.01     8.46
2043    5   139.72    12.41
2043    6   118.72    15.61
2043    7    36.20    18.95
2043    8     9.29    21.11
2043    9    57.32    15.40
2043   10    76.62     9.01
2043   11   106.78     3.39
2043   12    66.27     2.13
2044    1    25.59     0.34
2044    2    68.82    -0.03
2044    3   159.65     3.84
2044    4   104.77     8.18
2044    5    82.31    11.70
2044    6    16.79    18.94
2044    7    59.07    20.45
2044    8    27.87    22.22
2044    9    95.42    14.20
2044   10    73.75    11.44
2044   11   112.34     4.60
2044   12   173.30    -1.29
2045    1   152.46    -3.81
2045    2    55.86    -0.48
2045    3   115.42     2.26
2045    4    94.38     6.75
2045    5   141.97    11.95
2045    6    65.39    14.77
2045    7    35.87    18.69
2045    8    72.53    21.17
2045    9    24.12    17.37
2045   10    55.73    12.13
2045   11    52.12     7.60
2045   12    82.85    -1.54
2046    1    76.92    -5.77
2046    2    59.82    -1.62
2046    3   157.10     3.55
2046    4    85.86     9.96
2046    5    98.74    13.95
2046    6    94.48    16.03
2046    7    16.73    20.55
2046    8     9.85    23.34
2046    9    55.94    14.13
2046   10    65.87    11.33
2046   11   126.33     3.38
2046   12    74.57    -2.11
2047    1    87.82    -1.23
2047    2   143.31     0.39
2047    3   126.09     5.39
2047    4   167.87     7.51
2047    5    95.56    12.29
2047    6    67.82    16.46
2047    7    38.68    17.85
2047    8    30.73    18.18
2047    9    59.48    14.29
2047   10    62.17    10.32
2047   11    81.77     3.13
2047   12   121.78     1.87
2048    1    54.43     0.95
2048    2    86.59     3.70
2048    3    96.87     5.03
2048    4   119.83     6.88
2048    5    52.43    14.05
2048    6    58.19    16.62
2048    7     4.45    22.62
2048    8    16.69    20.05
2048    9    68.87    14.73
2048   10   115.96    10.29
2048   11   102.50     1.87
2048   12    58.11     2.79
2049    1    29.28     3.14
2049    2   136.51    -1.08
2049    3   143.80     4.92
2049    4   160.68     7.05
2049    5   127.26    10.51
2049    6   111.36    15.82
2049    7    36.24    18.38
2049    8    54.52    19.66
2049    9    44.88    13.53
2049   10    66.53    10.97
2049   11    76.19     5.69
2049   12    80.01     1.29
2050    1   118.45    -3.37
2050    2    67.46    -2.39
2050    3   101.48     4.64
2050    4   219.62     8.24
2050    5   120.13    12.84
2050    6    49.68    16.81
2050    7    16.02    20.66
2050    8    23.46    19.56
2050    9    18.68    16.82
2050   10    72.08    10.23
2050   11    83.58     5.05
2050   12    41.01     2.87
2051    1    80.35     0.00
2051    2    70.49     0.50
2051    3   103.33     4.56
2051    4   137.30     7.91
2051    5    73.25    12.56
2051    6    41.26    17.20
2051    7     3.96    26.09
2051    8    13.95    22.12
2051    9    64.04    16.92
2051   10    58.02    10.66
2051   11    68.53     4.06
2051   12    49.90     3.38
2052    1    58.09     1.33
2052    2    72.38    -2.86
2052    3    68.38     5.59
2052    4   148.73     6.57
2052    5   138.66    11.63
2052    6    63.12    17.23
2052    7    17.73    22.39
2052    8    11.71    20.55
2052    9    58.13    15.22
2052   10    59.50    10.54
2052   11   122.45     5.46
2052   12    80.91    -1.16
2053    1    61.25    -2.90
2053    2    90.21    -2.57
2053    3   118.23     2.90
2053    4   179.14     6.43
2053    5   118.87     9.91
2053    6    70.55    15.40
2053    7    21.57    21.16
2053    8     7.71    23.14
2053    9    80.55    14.86
2053   10    84.25    11.35
2053   11   155.19     1.70
2053   12    63.71    -3.75
2054    1    58.79    -0.85
2054    2    44.02     2.92
2054    3   125.64     1.46
2054    4   171.60     6.93
2054    5   183.18    11.46
2054    6    92.85    15.03
2054    7    30.65    19.60
2054    8    16.87    20.19
2054    9    48.70    15.57
2054   10    74.64    12.14
2054   11   130.59     3.21
2054   12    76.08     1.49
2055    1    92.40    -6.95
2055    2    87.55    -3.79
2055    3    38.69    -0.05
2055    4    59.69     7.33
2055    5    83.75    13.01
2055    6    84.88    15.99
2055    7    12.65    18.62
2055    8    19.62    19.59
2055    9    90.68    14.69
2055   10    65.33    12.13
2055   11    73.17     5.24
2055   12    91.72     2.64
2056    1    49.44     0.93
2056    2    84.01    -2.84
2056    3    73.91     3.06
2056    4   121.39     7.69
2056    5   146.72    13.19
2056    6   101.11    16.12
2056    7    46.90    21.53
2056    8     4.84    22.52
2056    9    58.80    19.26
2056   10   107.86    11.83
2056   11   111.24     3.69
2056   12   112.62    -0.95
2057    1    63.75    -1.50
2057    2   140.21     0.95
2057    3   103.14     5.27
2057    4   138.21     8.15
2057    5   104.05    12.00
2057    6    37.05    16.39
2057    7    36.84    19.95
2057    8    35.10    19.75
2057    9    14.17    15.02
2057   10    66.82     9.62
2057   11    35.44     5.77
2057   12   182.44     0.35
2058    1    99.83    -2.54
2058    2   107.18    -1.99
2058    3    81.76     2.54
2058    4   103.09     8.41
2058    5   179.15    10.93
2058    6    88.57    14.62
2058    7    80.67    17.80
2058    8    13.27    18.56
2058    9    76.57    15.85
2058   10    63.49    10.27
2058   11   108.03     3.30
2058   12    54.38     3.05
2059    1   121.75    -0.39
2059    2    88.95    -2.52
2059    3    97.19     2.58
2059    4   140.51     9.41
2059    5   105.73    12.23
2059    6   103.42    16.13
2059    7    29.05    20.70
2059    8    18.38    25.53
2059    9    39.72    15.69
2059   10    63.06    11.91
2059   11    42.24     4.50
2059   12   103.62    -0.30
2060    1    86.27    -1.51
2060    2    30.65     2.35
2060    3   116.43     3.72
2060    4   185.62     6.12
2060    5   193.22    10.55
2060    6    40.74    17.40
2060    7     4.78    24.91
2060    8     4.87    25.26
2060    9    14.43    20.82
2060   10    57.58    12.21
2060   11    52.52     6.87
2060   12    95.98     2.84
2061    1    46.56    -3.32
2061    2    89.31     1.57
2061    3   150.41     5.16
2061    4   131.30     9.97
2061    5   127.82    12.25
2061    6    33.84    16.48
2061    7    32.25    20.71
2061    8    17.60    20.27
2061    9    23.02    16.30
2061   10   123.98    10.68
2061   11    98.07     6.68
2061   12   189.23     0.89
2062    1   105.01     0.87
2062    2    70.28     1.63
2062    3    85.23     3.55
2062    4   154.67     7.04
2062    5    85.46    12.54
2062    6    34.38    17.30
2062    7    21.17    19.89
2062    8    21.66    21.00
2062    9    82.43    16.85
2062   10    95.18    10.30
2062   11    94.92     6.08
2062   12   159.77     1.22
2063    1   101.07    -3.26
2063    2    66.51     2.15
2063    3   129.99     5.29
2063    4   131.68     6.33
2063    5    77.47    13.35
2063    6    43.98    16.36
2063    7    14.72    21.10
2063    8    25.43    20.74
2063    9    27.98    16.05
2063   10    65.46     9.38
2063   11    26.90     6.18
2063   12    80.21     2.89
2064    1    56.22     3.40
2064    2   103.08     3.57
2064    3   137.32     6.72
2064    4   151.63     7.51
2064    5   109.84    14.46
2064    6    40.12    17.71
2064    7    16.06    21.79
2064    8    12.40    23.88
2064    9    37.70    16.36
2064   10    11.91    13.70
2064   11    97.49     8.75
2064   12    75.24     2.23
2065    1    73.86    -0.70
2065    2   131.16    -0.46
2065    3   200.24     3.18
2065    4   112.94     8.36
2065    5   144.30    12.11
2065    6   107.78    17.14
2065    7    14.96    20.05
2065    8    24.65    19.93
2065    9    66.24    16.99
2065   10    41.90    13.20
2065   11   118.01     4.74
2065   12   172.68    -2.47
2066    1    38.77    -0.56
2066    2   132.49     2.80
2066    3   202.64     3.26
2066    4   140.90     7.85
2066    5   122.19    12.25
2066    6    81.09    15.27
2066    7     8.41    22.68
2066    8    32.39    21.89
2066    9    43.25    15.25
2066   10    50.26    10.63
2066   11    44.54     5.97
2066   12   170.17    -1.93
2067    1    35.02    -3.81
2067    2    74.43     0.04
2067    3    82.67     4.56
2067    4    90.35    10.76
2067    5   100.68    13.12
2067    6    23.64    19.76
2067    7     8.91    23.05
2067    8     9.83    23.86
2067    9    25.90    17.85
2067   10    44.69    14.01
2067   11    68.89     8.17
2067   12   150.55     0.41
2068    1    85.43    -0.90
2068    2    42.97     3.21
2068    3   211.19     2.97
2068    4   146.42     8.19
2068    5   175.01     9.44
2068    6    53.14    14.42
2068    7    14.38    20.72
2068    8    36.61    22.46
2068    9    70.69    15.09
2068   10    52.43    12.71
2068   11    45.63     7.51
2068   12    75.52     3.36
2069    1    77.99     0.55
2069    2   108.42    -3.29
2069    3   186.83     2.22
2069    4   116.23     8.86
2069    5   112.47    14.08
2069    6    45.58    17.28
2069    7     1.14    24.27
2069    8     5.69    23.76
2069    9    33.73    17.10
2069   10   113.81    11.28
2069   11   130.54     4.89
2069   12   134.27     1.24
2070    1    68.60     3.06
2070    2    94.81    -0.31
2070    3   167.14     4.77
2070    4    93.42     9.15
2070    5    96.60    13.48
2070    6   108.21    16.65
2070    7    18.82    21.36
2070    8    23.24    20.00
2070    9    95.75    15.44
2070   10    89.06    10.59
2070   11   105.33     6.29
2070   12    57.00     1.98
2071    1    27.82     1.87
2071    2   144.36     1.85
2071    3   131.55     4.21
2071    4   166.12     5.89
2071    5   125.73    12.61
2071    6    84.69    16.08
2071    7    14.47    20.20
2071    8    13.34    22.12
2071    9    65.47    14.19
2071   10    62.12    10.32
2071   11   127.55     0.71
2071   12   109.80    -2.31
2072    1   117.53    -2.97
2072    2    65.58     1.45
2072    3    90.95     5.87
2072    4   146.85     7.95
2072    5   165.42    11.92
2072    6   109.28    15.93
2072    7    31.64    19.02
2072    8    22.34    20.08
2072    9    76.48    15.69
2072   10    56.33    10.84
2072   11    66.77     6.00
2072   12    98.86    -1.67
2073    1    59.22     2.03
2073    2    85.95    -2.16
2073    3   117.84     5.31
2073    4   186.92     8.27
2073    5   139.09    11.82
2073    6   113.05    16.35
2073    7     8.40    23.21
2073    8     3.01    24.34
2073    9    25.05    18.27
2073   10    26.75    14.89
2073   11    87.27     4.32
2073   12    18.20     2.05
2074    1    46.17     1.96
2074    2    57.75    -1.80
2074    3   119.31     5.22
2074    4   127.30     9.82
2074    5    56.03    14.98
2074    6    92.45    17.04
2074    7     2.04    23.78
2074    8    45.66    21.30
2074    9    76.78    15.54
2074   10   104.82    11.41
2074   11   107.24     6.46
2074   12   123.20    -1.37
2075    1    61.87    -0.41
2075    2   100.02     1.33
2075    3    97.17     0.39
2075    4   143.10     6.45
2075    5   127.17    13.76
2075    6    82.77    16.58
2075    7    32.50    19.51
2075    8    40.87    20.07
2075    9    79.95    17.67
2075   10    50.40     9.60
2075   11    64.11     3.89
2075   12    61.74     3.16
2076    1   108.29     0.87
2076    2    50.99     4.34
2076    3   119.86     5.30
2076    4   138.57     8.74
2076    5   146.14    11.80
2076    6    70.98    16.89
2076    7    48.87    20.46
2076    8    37.91    21.34
2076    9    69.35    15.99
2076   10   125.95    11.15
2076   11    91.01     5.55
2076   12    49.67     1.78
2077    1    40.23    -0.27
2077    2    97.02     3.84
2077    3   137.57     4.28
2077    4   130.61     8.57
2077    5   126.90    13.11
2077    6    81.05    17.66
2077    7    72.15    21.28
2077    8    18.58    21.33
2077    9    47.37    16.16
2077   10    78.36    11.46
2077   11   183.01     3.87
2077   12   167.24     1.36
2078    1   142.63    -0.26
2078    2    41.80    -0.08
2078    3    80.46     5.79
2078    4   164.20     9.36
2078    5    80.44    13.78
2078    6    87.25    16.43
2078    7    44.26    21.55
2078    8     0.52    24.75
2078    9    35.60    18.53
2078   10    57.62    13.37
2078   11    61.18     8.99
2078   12    39.74     5.24
2079    1   202.44     0.66
2079    2    88.92     2.15
2079    3   168.79     4.18
2079    4    70.60    12.03
2079    5   100.48    14.62
2079    6    32.68    20.82
2079    7     6.56    26.66
2079    8    30.15    22.26
2079    9    67.37    17.34
2079   10    58.41    11.66
2079   11   129.89     3.88
2079   12   193.46     3.15
2080    1    83.54     0.25
2080    2    67.20     1.54
2080    3   105.72     4.42
2080    4   205.00     6.96
2080    5   127.26    13.95
2080    6    85.64    15.43
2080    7    74.87    22.25
2080    8    66.52    22.09
2080    9    44.42    17.65
2080   10    24.56    12.65
2080   11   130.14     5.94
2080   12   136.20    -1.75
2081    1    76.35    -0.59
2081    2   101.15     2.15
2081    3   116.18     2.62
2081    4    91.00     7.57
2081    5   117.04    11.75
2081    6     8.13    18.47
2081    7     7.19    24.36
2081    8     3.76    22.57
2081    9   135.25    17.19
2081   10    38.45    12.20
2081   11    80.35     5.19
2081   12   136.88     0.75
2082    1    63.16     0.89
2082    2    70.08     0.27
2082    3   121.10     4.74
2082    4    64.49    12.87
2082    5   195.62    13.07
2082    6    50.04    18.38
2082    7     2.65    23.44
2082    8     4.30    23.04
2082    9    84.88    15.83
2082   10    69.11    11.77
2082   11   121.48     6.97
2082   12   117.22     2.86
2083    1    72.16     2.37
2083    2   150.10    -0.54
2083    3    38.11     5.03
2083    4    90.86    12.78
2083    5    44.42    17.95
2083    6    99.14    20.67
2083    7    30.68    25.17
2083    8    61.03    21.51
2083    9    67.15    15.52
2083   10    46.61    15.52
2083   11   114.29     8.78
2083   12    50.82     4.93
2084    1   145.94     3.05
2084    2    86.19    -1.65
2084    3   183.95     4.12
2084    4   100.51    12.16
2084    5   108.31    14.45
2084    6    49.60    16.96
2084    7    31.04    21.90
2084    8    14.36    23.07
2084    9    44.94    18.74
2084   10   116.31    12.43
2084   11   159.90     1.33
2084   12   195.35     3.30
2085    1    60.51     2.66
2085    2    68.65     3.66
2085    3    90.69     6.93
2085    4    57.11    14.01
2085    5    98.96    13.81
2085    6    18.40    20.60
2085    7     5.83    23.36
2085    8     7.54    24.73
2085    9    66.55    20.54
2085   10   110.19     9.00
2085   11     7.62     5.59
2085   12   102.43     3.88
2086    1    63.87     2.74
2086    2    77.33     3.48
2086    3    95.03     7.73
2086    4   185.91     9.73
2086    5   166.07    12.14
2086    6    48.79    16.55
2086    7    26.22    21.50
2086    8    22.47    23.13
2086    9    28.60    17.68
2086   10    48.77    13.08
2086   11   144.05     3.93
2086   12    60.77    -0.90
2087    1    67.58     3.92
2087    2    89.07     4.50
2087    3    94.43     8.03
2087    4    85.14    11.97
2087    5   101.03    16.43
2087    6    68.89    17.87
2087    7    20.23    25.43
2087    8    22.59    25.16
2087    9    92.52    15.80
2087   10    80.13    12.59
2087   11    58.38     7.88
2087   12   125.04     1.66
2088    1    63.78    -6.35
2088    2   121.52     3.78
2088    3   183.54     6.11
2088    4    65.06    12.79
2088    5    84.71    13.30
2088    6    76.70    16.21
2088    7    10.95    25.08
2088    8    44.57    21.35
2088    9    48.44    19.41
2088   10    76.67    12.76
2088   11   109.65     4.62
2088   12    72.42     1.08
2089    1   109.13    -0.73
2089    2   138.78     0.04
2089    3    87.55     7.57
2089    4    81.37    13.02
2089    5    70.14    16.85
2089    6    49.51    17.96
2089    7    13.66    22.11
2089    8    23.28    22.70
2089    9    39.67    16.44
2089   10    60.61    12.85
2089   11   165.51     4.80
2089   12   111.32     1.61
2090    1   114.50     1.64
2090    2   112.26    -0.11
2090    3   131.46     5.40
2090    4    67.46    11.81
2090    5   103.78    14.63
2090    6    44.80    19.22
2090    7    12.08    23.28
2090    8    17.68    22.72
2090    9    64.93    17.96
2090   10    29.26    11.61
2090   11    39.39     5.13
2090   12    44.17     5.41
2091    1    40.90     4.04
2091    2    71.14     4.18
2091    3   105.41     8.74
2091    4   159.12     8.77
2091    5    74.25    16.91
2091    6    25.03    20.87
2091    7     0.56    28.93
2091    8    18.22    25.06
2091    9    64.52    17.23
2091   10    91.66    13.88
2091   11    38.61     9.00
2091   12   118.65     4.68
2092    1    67.25     3.46
2092    2    85.71     5.19
2092    3   218.39     4.15
2092    4   146.31     9.89
2092    5   124.99    12.37
2092    6   108.92    16.82
2092    7     3.26    24.89
2092    8    19.41    22.54
2092    9    51.59    18.60
2092   10    56.70    14.17
2092   11    60.01     9.81
2092   12    40.62     4.06
2093    1    48.26     3.38
2093    2   116.63     2.09
2093    3   144.74     6.03
2093    4   196.96     9.18
2093    5    86.52    14.37
2093    6    37.10    18.77
2093    7     4.30    23.54
2093    8     5.65    24.86
2093    9    54.27    18.01
2093   10    79.44    13.68
2093   11    44.38    10.41
2093   12    89.66     0.29
2094    1    59.09     0.69
2094    2    67.18    -1.91
2094    3   131.17     7.58
2094    4    53.46    15.31
2094    5   215.24    12.75
2094    6    44.45    18.95
2094    7     9.90    26.21
2094    8    45.02    22.19
2094    9    28.87    19.26
2094   10    45.84    13.54
2094   11    58.87     9.63
2094   12   112.21     3.85
2095    1   106.81     2.81
2095    2    38.38     4.65
2095    3   102.19     8.82
2095    4   199.67     8.81
2095    5   103.50    14.64
2095    6   146.08    17.31
2095    7    35.93    22.63
2095    8    16.67    23.35
2095    9    57.33    17.35
2095   10    21.10    14.37
2095   11   120.87     6.62
2095   12    87.53     4.05
2096    1    71.12     2.92
2096    2    67.84     3.76
2096    3    96.95     7.65
2096    4   170.28     8.38
2096    5   118.74    13.28
2096    6     7.50    21.09
2096    7     5.64    24.27
2096    8    16.15    24.65
2096    9    98.18    18.50
2096   10    77.64    12.75
2096   11    94.46     5.51
2096   12   134.26     2.64
2097    1    95.22     0.75
2097    2   167.25     1.95
2097    3   168.01     3.58
2097    4    93.53     8.90
2097    5    87.02    14.42
2097    6     7.94    22.26
2097    7    13.18    23.91
2097    8    30.01    23.44
2097    9    34.34    19.76
2097   10   127.90    11.14
2097   11   112.96     8.38
2097   12    51.78     5.45
2098    1    57.21     1.10
2098    2   130.25     2.11
2098    3   131.14     4.64
2098    4   139.30     7.95
2098    5    75.77    14.53
2098    6    22.96    20.15
2098    7     5.92    23.73
2098    8     4.79    25.90
2098    9    17.20    17.59
2098   10    78.69    10.86
2098   11   105.36     6.26
2098   12    30.92     6.09
2099    1    31.39     4.57
2099    2    79.40    -2.84
2099    3   129.23     6.84
2099    4   169.56     9.59
2099    5    52.55    17.75
2099    6    12.85    22.93
2099    7    27.02    24.57
2099    8    31.47    25.36
2099    9    72.41    18.68
2099   10    87.37    11.62
2099   11    79.39     8.30
2099   12    47.73     2.57
2100    1    93.32     0.99
2100    2    47.57     4.54
2100    3   177.26     5.57
2100    4   196.55     9.44
2100    5   157.97    13.92
2100    6   115.46    20.56
2100    7    40.64    22.46
2100    8    13.48    23.16
2100    9    64.86    18.56
2100   10    56.66    13.52
2100   11   149.03     8.21
2100   12    90.67     3.49
