2006    1   252.47     0.22
2006    2    84.76     3.18
2006    3    41.29     9.27
2006    4    88.27     7.95
2006    5   125.32    11.65
2006    6   147.75    16.67
2006    7    77.43    20.53
2006    8    46.64    20.08
2006    9    72.65    15.20
2006   10    48.08    10.50
2006   11   131.08     5.04
2006   12   145.41     3.03
2007    1    48.17     0.30
2007    2   164.96     2.36
2007    3    88.00     3.61
2007    4    51.26     5.76
2007    5   126.77    12.14
2007    6    84.07    17.24
2007    7    49.81    21.45
2007    8    54.85    21.62
2007    9    46.39    14.03
2007   10    88.10     6.64
2007   11   194.82     5.32
2007   12   309.83     2.26
2008    1   136.76    -2.39
2008    2    76.83     0.74
2008    3   176.90     0.67
2008    4   179.87     6.65
2008    5    98.49     9.65
2008    6    93.10    15.71
2008    7    52.83    21.58
2008    8    43.95    19.02
2008    9    72.78    14.12
2008   10    32.24    10.09
2008   11   180.34     6.42
2008   12    96.87     1.98
2009    1   238.31     1.02
2009    2   185.56     1.13
2009    3   117.47     1.05
2009    4   139.74     6.89
2009    5   173.22    13.06
2009    6   173.77    16.97
2009    7    83.83    18.86
2009    8    23.40    19.43
2009    9   105.13    13.21
2009   10   136.10     9.66
2009   11   118.09     5.47
2009   12   128.64     3.19
2010    1   294.79     0.99
2010    2   199.52    -0.27
2010    3    40.62     4.72
2010    4    51.90     4.43
2010    5   138.45    11.71
2010    6   229.49    17.08
2010    7    81.33    20.75
2010    8    45.36    20.20
2010    9    14.53    13.98
2010   10    24.01    11.68
2010   11   126.83     5.55
2010   12   330.69     1.12
2011    1   215.68    -0.35
2011    2    52.76     3.68
2011    3   129.85     4.60
2011    4    59.65     8.70
2011    5   118.87    12.04
2011    6   108.28    18.23
2011    7    49.10    20.50
2011    8    19.05    22.05
2011    9    86.63    14.21
2011   10   108.23     8.28
2011   11   245.17     3.96
2011   12   112.72    -1.52
2012    1   153.13    -2.97
2012    2    51.50    -5.34
2012    3   104.19     2.35
2012    4    77.59     9.61
2012    5   115.07    12.63
2012    6    85.55    17.28
2012    7    80.82    19.09
2012    8    49.36    21.06
2012    9    58.89    15.17
2012   10    46.13    12.38
2012   11   109.92     4.27
2012   12    83.67     1.52
2013    1   249.42    -0.03
2013    2   195.20    -0.10
2013    3   204.45    -0.58
2013    4    70.98     6.95
2013    5   128.25    13.80
2013    6   116.93    16.61
2013    7    70.19    20.21
2013    8    13.79    21.92
2013    9    98.69    13.76
2013   10    44.23     8.28
2013   11    26.06     3.02
2013   12   114.30     4.00
2014    1   154.97     2.59
2014    2    75.17     1.12
2014    3    50.24     5.77
2014    4   109.55     6.98
2014    5   132.87    10.38
2014    6   105.75    16.11
2014    7    55.69    19.20
2014    8    37.58    21.46
2014    9    59.17    14.59
2014   10    38.30    10.29
2014   11   123.93     4.78
2014   12   238.21     0.27
2015    1   142.76     0.28
2015    2    57.36     0.73
2015    3   116.01     2.18
2015    4    88.63     8.03
2015    5   100.00    11.59
2015    6   167.07    17.01
2015    7    31.93    19.46
2015    8    30.97    20.33
2015    9    45.62    13.61
2015   10    96.13    10.25
2015   11   101.95     5.48
2015   12   162.95     3.32
2016    1   243.99     0.27
2016    2   137.15    -1.74
2016    3   102.06     1.85
2016    4    72.73     6.26
2016    5   132.52    14.49
2016    6   130.07    18.24
2016    7    73.75    19.55
2016    8    38.56    19.75
2016    9    60.15    13.95
2016   10    17.76    11.89
2016   11    84.40     3.81
2016   12   145.37     1.52
2017    1   189.75     0.73
2017    2   107.98     0.92
2017    3    96.26     2.19
2017    4    76.83     9.09
2017    5    95.47    12.74
2017    6   214.83    16.53
2017    7    46.19    17.77
2017    8    57.70    17.96
2017    9    24.56    15.42
2017   10   100.21    10.30
2017   11    65.02     5.14
2017   12    89.69     3.06
2018    1    54.14     3.16
2018    2    62.97     4.42
2018    3    77.74     2.38
2018    4   140.77     9.54
2018    5   123.78    12.33
2018    6   182.57    16.35
2018    7    71.84    19.52
2018    8    32.61    20.65
2018    9    39.83    15.24
2018   10    75.69     6.87
2018   11   115.38     5.29
2018   12    74.90    -3.40
2019    1   243.28    -4.26
2019    2    91.06    -0.85
2019    3   161.86     2.21
2019    4    92.40     9.83
2019    5    84.71     8.24
2019    6   124.64    17.69
2019    7    52.34    22.33
2019    8    74.64    20.82
2019    9    39.68    15.66
2019   10   122.59     9.76
2019   11    63.08     4.50
2019   12   145.32     1.37
2020    1   168.45     0.27
2020    2    85.06     2.04
2020    3    24.83     4.34
2020    4   134.81     7.57
2020    5   105.08    12.03
2020    6   110.59    16.72
2020    7   119.86    21.17
2020    8    38.15    19.91
2020    9    92.29    15.92
2020   10    34.49     8.36
2020   11   152.55     4.88
2020   12   245.68    -2.54
2021    1   214.28     0.13
2021    2    96.88     1.86
2021    3   106.89     1.97
2021    4    77.22     7.75
2021    5   134.08    14.30
2021    6    86.18    18.33
2021    7    39.04    23.14
2021    8    78.51    21.39
2021    9    93.18    15.95
2021   10   123.37    10.78
2021   11   186.09     5.82
2021   12   258.65     4.81
2022    1    44.55    -2.15
2022    2   242.71     0.05
2022    3   141.31     0.36
2022    4    67.81     8.87
2022    5   148.34    10.26
2022    6   162.86    15.80
2022    7   112.42    20.59
2022    8    61.13    20.15
2022    9    79.80    14.72
2022   10    61.42    10.51
2022   11   107.01     4.15
2022   12    94.14     2.51
2023    1   193.05     1.72
2023    2    94.53     0.89
2023    3   120.19     3.15
2023    4    86.77     7.44
2023    5    79.64    13.92
2023    6   173.49    17.88
2023    7    75.39    20.39
2023    8    29.20    23.77
2023    9    25.96    15.06
2023   10    89.22    10.43
2023   11   164.88     7.72
2023   12   205.87     1.27
2024    1   249.23    -0.59
2024    2    61.98     1.78
2024    3    87.98     4.15
2024    4   101.81     8.52
2024    5   193.72    12.63
2024    6    26.50    18.04
2024    7    11.56    24.00
2024    8    63.95    22.88
2024    9    73.28    13.94
2024   10    54.13     8.67
2024   11    85.57     6.84
2024   12   103.21     3.02
2025    1   124.51    -1.97
2025    2   159.31    -1.28
2025    3    97.61     5.18
2025    4   122.20     8.50
2025    5   179.39    10.08
2025    6    85.60    17.67
2025    7    54.93    20.03
2025    8    58.71    22.30
2025    9   102.97    15.18
2025   10    67.45    12.87
2025   11   185.88     0.10
2025   12   267.56     1.32
2026    1   176.81     1.57
2026    2   202.37     0.06
2026    3   187.70     0.26
2026    4    99.98     7.20
2026    5    66.43    11.60
2026    6    74.28    17.48
2026    7    60.05    21.55
2026    8    99.46    20.26
2026    9    54.74    15.68
2026   10    48.28     8.84
2026   11    50.73     6.35
2026   12   202.56     1.23
2027    1   269.61     0.93
2027    2   101.63     0.18
2027    3    98.81     5.41
2027    4    91.93     7.22
2027    5   146.38    14.87
2027    6   136.53    16.40
2027    7    31.43    24.52
2027    8    37.23    22.37
2027    9    12.24    15.05
2027   10    48.49    10.53
2027   11   233.56     3.72
2027   12   142.81     0.41
2028    1   157.86     0.58
2028    2   120.14    -1.06
2028    3    46.40     8.02
2028    4    93.23     7.44
2028    5   199.93    13.60
2028    6    62.57    16.27
2028    7    33.93    21.33
2028    8   112.29    20.56
2028    9    46.95    13.76
2028   10    49.43     8.56
2028   11   194.26     4.53
2028   12   152.53    -1.46
2029    1   175.39    -0.61
2029    2    79.80    -2.34
2029    3    91.50     2.36
2029    4   127.53     8.50
2029    5   103.26    14.21
2029    6   105.13    16.88
2029    7    42.97    19.92
2029    8    30.12    23.88
2029    9    51.35    12.96
2029   10    47.16    11.39
2029   11    84.82     4.72
2029   12   131.48    -0.33
2030    1    52.59    -1.59
2030    2    83.21     0.52
2030    3    76.27     2.87
2030    4   117.76     9.84
2030    5   129.98    12.63
2030    6   138.50    18.60
2030    7    37.00    22.47
2030    8    48.07    23.55
2030    9    62.80    15.61
2030   10   142.27     8.55
2030   11   171.95     4.79
2030   12   169.97     2.04
2031    1   271.16    -2.93
2031    2    99.23     0.18
2031    3    43.29     2.80
2031    4   135.45     8.31
2031    5    84.10    13.63
2031    6    58.28    17.17
2031    7     8.66    24.08
2031    8    31.48    20.20
2031    9    97.06    15.03
2031   10    52.56     7.69
2031   11    91.05     7.32
2031   12   130.49     1.60
2032    1   407.05    -0.84
2032    2    37.85     3.49
2032    3   116.99     3.66
2032    4   107.80     6.56
2032    5   149.39    12.06
2032    6    70.49    16.32
2032    7    69.26    21.12
2032    8    44.86    21.69
2032    9    71.95    13.10
2032   10    93.06    10.71
2032   11   173.73     3.34
2032   12    79.56     4.00
2033    1    99.13     3.58
2033    2   229.40    -1.06
2033    3    65.27     3.68
2033    4   130.53     9.69
2033    5   223.91    13.18
2033    6   153.12    18.87
2033    7    60.91    21.58
2033    8    53.23    21.27
2033    9    43.44    17.45
2033   10    78.02    11.80
2033   11    87.22     6.76
2033   12   206.38     2.53
2034    1   229.53    -2.47
2034    2   159.22    -1.66
2034    3   177.12     0.08
2034    4   159.30     7.25
2034    5   170.40    12.16
2034    6   151.51    17.04
2034    7    52.89    22.94
2034    8    32.49    23.39
2034    9    35.52    15.92
2034   10   136.21     8.56
2034   11    64.81     4.91
2034   12    30.32     2.65
2035    1    52.68    -1.33
2035    2    71.32     2.89
2035    3   125.11     3.83
2035    4    89.57     9.36
2035    5   142.77    13.48
2035    6   140.91    16.33
2035    7    16.43    23.33
2035    8    14.50    23.96
2035    9    68.45    17.25
2035   10    67.96     7.67
2035   11    99.02     5.31
2035   12   151.16     4.48
2036    1   288.69     0.58
2036    2   165.83    -3.07
2036    3   115.96     2.51
2036    4   121.28     5.45
2036    5   142.77    13.35
2036    6    91.14    19.73
2036    7    58.47    20.75
2036    8    51.69    20.41
2036    9    54.35    17.64
2036   10   123.94    10.62
2036   11    80.63     6.65
2036   12   188.63     2.42
2037    1    63.19     0.47
2037    2   155.80    -1.83
2037    3    84.04     2.46
2037    4   113.38     5.26
2037    5   138.61    13.20
2037    6   135.58    17.88
2037    7    65.06    22.55
2037    8     6.57    25.78
2037    9    54.20    15.54
2037   10    27.35    10.40
2037   11    67.87     6.82
2037   12   194.16     3.82
2038    1   227.46    -0.97
2038    2    94.85     2.10
2038    3   127.20     2.21
2038    4   126.46     7.45
2038    5   105.80    11.72
2038    6    61.53    17.95
2038    7    43.68    22.16
2038    8    35.10    21.97
2038    9     6.76    18.43
2038   10    90.17    10.91
2038   11   170.42     1.65
2038   12   233.77     2.06
2039    1   206.77     1.97
2039    2    80.77     1.37
2039    3   140.34     1.51
2039    4    68.07     9.44
2039    5   171.28    13.47
2039    6   153.14    19.72
2039    7    10.42    26.32
2039    8    68.89    23.37
2039    9    34.68    17.50
2039   10    91.49     9.32
2039   11    49.98     4.54
2039   12   175.41     3.80
2040    1   109.99    -0.41
2040    2   167.37     2.98
2040    3   190.71     1.10
2040    4    53.12    11.04
2040    5   145.19    14.13
2040    6    77.45    17.58
2040    7    38.59    23.15
2040    8    36.17    25.19
2040    9    51.38    15.36
2040   10    66.97     9.58
2040   11   128.50     5.71
2040   12   109.62     1.22
2041    1   230.38    -2.03
2041    2   165.60     2.17
2041    3    77.45     4.90
2041    4    86.82    10.03
2041    5   102.88    13.92
2041    6    62.92    17.60
2041    7    16.84    23.78
2041    8     8.15    26.91
2041    9    53.49    17.83
2041   10   108.96     9.28
2041   11   106.55     2.39
2041   12   159.31     2.87
2042    1   130.69     1.48
2042    2   120.11     2.58
2042    3    69.23     6.42
2042    4   135.05     8.64
2042    5   148.39    14.21
2042    6   100.87    18.56
2042    7    13.40    27.32
2042    8    62.97    22.73
2042    9    48.97    17.38
2042   10    42.91    11.57
2042   11   109.10     5.56
2042   12   231.78     0.73
2043    1   119.45    -4.34
2043    2    77.57     1.53
2043    3   142.61     3.73
2043    4    65.04     8.15
2043    5   171.68    15.85
2043    6   115.97    19.70
2043    7    19.44    23.48
2043    8    82.04    21.09
2043    9    43.32    17.75
2043   10    37.30     9.93
2043   11   141.49     6.86
2043   12   134.82     1.76
2044    1   299.54     1.22
2044    2   110.01    -1.78
2044    3    54.77     3.54
2044    4   107.63     9.42
2044    5   130.41    14.28
2044    6    84.09    15.99
2044    7    60.66    20.85
2044    8    38.13    21.80
2044    9    61.06    18.28
2044   10    84.48    11.41
2044   11   147.57     6.99
2044   12   169.47     0.32
2045    1   141.45     0.22
2045    2    99.91     2.19
2045    3    75.29     5.62
2045    4   132.30     6.99
2045    5   103.65    15.59
2045    6    84.87    20.32
2045    7    57.51    21.00
2045    8    90.35    20.28
2045    9    75.98    15.95
2045   10    65.19     8.83
2045   11   143.08     4.32
2045   12   194.14     1.50
2046    1   180.07     2.71
2046    2    76.15    -1.92
2046    3    80.66     5.93
2046    4    41.24     7.36
2046    5   115.92    12.56
2046    6    68.86    21.40
2046    7    27.07    25.73
2046    8    11.63    23.27
2046    9    50.43    19.35
2046   10   137.90    10.14
2046   11    28.20     6.70
2046   12   155.12    -0.45
2047    1   273.09    -0.53
2047    2   171.80     0.63
2047    3   124.19     2.06
2047    4   188.93     6.53
2047    5    77.28    14.40
2047    6    60.09    18.18
2047    7    30.63    25.76
2047    8    80.37    25.13
2047    9    39.79    17.03
2047   10   116.48    10.63
2047   11    48.71     5.53
2047   12   181.90     2.02
2048    1   222.23     0.15
2048    2    69.77     4.69
2048    3   144.15     2.07
2048    4    51.37     8.89
2048    5   121.85    15.73
2048    6   106.30    18.75
2048    7    30.98    25.29
2048    8    66.12    21.39
2048    9    56.46    15.43
2048   10   112.90     9.23
2048   11    86.95     5.75
2048   12   157.75     1.76
2049    1   279.13    -0.32
2049    2   150.71    -0.25
2049    3    79.62     2.72
2049    4   138.21     6.11
2049    5    73.32    12.46
2049    6   125.17    19.76
2049    7    35.96    22.91
2049    8    29.31    24.60
2049    9    57.66    15.60
2049   10    71.35    11.82
2049   11    49.67     7.17
2049   12   142.12     3.90
2050    1   111.37    -0.01
2050    2    62.25     2.54
2050    3    38.32     7.03
2050    4   124.94     8.27
2050    5   197.40    12.87
2050    6    68.44    20.91
2050    7    23.14    27.06
2050    8   103.60    23.17
2050    9    74.44    18.43
2050   10    90.75    10.55
2050   11   161.42     5.28
2050   12   122.42     1.03
2051    1   156.56     0.68
2051    2   197.93     2.25
2051    3    88.37     2.43
2051    4    68.96    10.36
2051    5   126.01    16.29
2051    6   156.35    17.39
2051    7    37.90    21.09
2051    8    14.94    23.37
2051    9    51.76    17.01
2051   10    90.56    10.90
2051   11   100.43     3.21
2051   12   225.72     2.68
2052    1   134.56     2.83
2052    2    80.39     1.51
2052    3   106.23     5.86
2052    4   101.74     7.58
2052    5   157.26    10.69
2052    6   136.65    19.35
2052    7   107.72    20.49
2052    8     7.81    24.77
2052    9    51.72    19.31
2052   10    38.20    10.53
2052   11   158.55     5.48
2052   12   111.71     2.37
2053    1   176.38    -0.31
2053    2   145.59     2.53
2053    3   128.28     0.71
2053    4    68.08     6.09
2053    5   105.80    15.90
2053    6   118.28    18.05
2053    7    28.51    21.50
2053    8    59.41    23.00
2053    9    96.64    18.19
2053   10    52.20     8.63
2053   11    12.25     5.92
2053   12   287.52     3.46
2054    1   195.01    -1.57
2054    2   175.30    -0.98
2054    3    78.02     3.54
2054    4   148.44     7.90
2054    5    69.61    13.12
2054    6   133.33    19.81
2054    7    18.44    23.84
2054    8    63.36    23.00
2054    9    28.98    16.40
2054   10    29.46    13.20
2054   11   225.25     4.87
2054   12   266.33     1.74
2055    1   180.38    -0.28
2055    2    49.78     0.83
2055    3    53.10     2.02
2055    4    73.69    11.98
2055    5   145.46    16.41
2055    6   104.04    19.74
2055    7    44.99    22.85
2055    8    18.26    22.75
2055    9    48.62    19.94
2055   10    53.90    12.57
2055   11    75.95     7.83
2055   12   172.27    -0.05
2056    1   232.93     0.51
2056    2   105.68     2.45
2056    3   174.03     2.96
2056    4   102.69     4.88
2056    5   134.85    12.87
2056    6   133.68    16.67
2056    7    75.52    22.64
2056    8    35.41    23.02
2056    9    42.62    16.80
2056   10    56.02    13.40
2056   11   181.20     6.67
2056   12   220.10     1.79
2057    1   157.08     0.34
2057    2   119.19     2.08
2057    3    56.78     3.91
2057    4    97.86    10.69
2057    5   148.20    15.87
2057    6   121.87    18.75
2057    7    45.52    24.26
2057    8    28.16    24.11
2057    9    56.15    17.98
2057   10    70.35    12.15
2057   11   120.50     9.12
2057   12   186.94     4.22
2058    1   320.52     1.98
2058    2    80.77     2.63
2058    3    44.30     7.16
2058    4   121.13    10.65
2058    5    89.79    15.84
2058    6    69.72    18.96
2058    7    56.96    25.81
2058    8    56.82    24.47
2058    9    78.94    17.19
2058   10    82.25    10.54
2058   11    47.80     6.28
2058   12   160.93     1.84
2059    1   388.64     0.19
2059    2    70.19    -0.56
2059    3    48.32     5.07
2059    4    78.28     9.18
2059    5   188.72    11.55
2059    6   169.62    18.61
2059    7    81.70    21.23
2059    8    10.72    23.10
2059    9    31.54    17.54
2059   10   104.72    12.12
2059   11    97.38     6.86
2059   12   106.37     5.71
2060    1   325.94     1.80
2060    2    43.47     3.83
2060    3    26.60     6.33
2060    4   162.78     7.71
2060    5   100.59    12.60
2060    6    86.62    21.21
2060    7    38.09    26.52
2060    8    29.14    24.20
2060    9    50.87    16.96
2060   10    48.69     9.26
2060   11   196.81     3.85
2060   12   195.08     1.75
2061    1   157.26     1.20
2061    2   227.60     0.13
2061    3    54.26     5.02
2061    4    59.21    10.21
2061    5    56.51    16.72
2061    6    80.95    20.85
2061    7    56.16    25.48
2061    8    23.11    23.46
2061    9    39.41    18.58
2061   10    85.02    10.40
2061   11    90.01     7.07
2061   12   178.60     1.05
2062    1   271.79     0.51
2062    2   105.40     3.15
2062    3   157.82     2.39
2062    4   129.68     8.48
2062    5   111.78    16.27
2062    6    71.68    20.27
2062    7    48.77    22.71
2062    8    27.36    26.61
2062    9    90.37    17.12
2062   10    90.59    12.22
2062   11   206.31     8.31
2062   12   106.64     0.52
2063    1   237.08     0.93
2063    2   127.69     2.15
2063    3    39.40     8.93
2063    4    34.21    12.36
2063    5   175.62    13.93
2063    6   111.33    18.92
2063    7    10.80    26.61
2063    8    35.38    24.98
2063    9   119.85    17.85
2063   10    34.26    10.57
2063   11    81.10     9.25
2063   12    99.05     0.82
2064    1   100.25    -0.12
2064    2   151.16    -0.28
2064    3   175.45     5.08
2064    4    98.46     9.75
2064    5   131.39    11.32
2064    6   101.08    18.98
2064    7    69.51    21.93
2064    8    58.02    25.39
2064    9    71.04    18.25
2064   10    20.06    13.18
2064   11    34.64     8.44
2064   12   174.03     5.05
2065    1   201.92     1.07
2065    2   145.60     1.13
2065    3    88.02     2.44
2065    4   131.15    10.44
2065    5   135.06    12.42
2065    6   100.55    20.42
2065    7    11.80    26.63
2065    8    28.02    24.85
2065    9    30.85    16.10
2065   10   138.52    11.56
2065   11   148.57     8.51
2065   12   173.26     3.58
2066    1   231.10     2.61
2066    2   135.62     3.13
2066    3   112.38     6.02
2066    4   110.47     9.46
2066    5    78.33    15.89
2066    6   120.91    21.01
2066    7    31.09    25.30
2066    8    14.49    22.98
2066    9   112.75    17.98
2066   10    42.74    13.34
2066   11    80.99     8.30
2066   12   100.16     4.03
2067    1   181.11     2.33
2067    2   187.72     3.01
2067    3   130.75     5.48
2067    4   116.38    10.26
2067    5   130.38    14.34
2067    6   140.03    19.12
2067    7    33.84    26.53
2067    8    20.64    27.57
2067    9    52.75    15.51
2067   10    66.80    12.53
2067   11    73.95     7.18
2067   12   173.21     2.03
2068    1    69.16     4.97
2068    2   115.92     4.25
2068    3   157.76     4.81
2068    4   221.67     6.38
2068    5   178.77    15.29
2068    6   160.37    19.89
2068    7    17.76    24.45
2068    8    99.16    23.31
2068    9    42.93    17.72
2068   10   129.54    11.90
2068   11   120.85     8.87
2068   12   186.44     2.98
2069    1   198.32     3.47
2069    2    68.15     6.94
2069    3   213.35     3.65
2069    4    80.31     9.48
2069    5    87.91    15.71
2069    6    61.77    19.72
2069    7    43.30    25.16
2069    8    16.10    26.31
2069    9    43.27    16.68
2069   10    98.23    11.73
2069   11   157.94     7.82
2069   12   235.10     1.86
2070    1   184.97     3.27
2070    2    84.17     3.73
2070    3   106.08     4.53
2070    4   135.57     8.80
2070    5   137.24    14.22
2070    6   103.11    19.87
2070    7     9.24    25.64
2070    8    77.11    21.86
2070    9    57.25    16.63
2070   10    85.06    10.31
2070   11   135.95     3.38
2070   12   233.61     2.46
2071    1   137.97     3.48
2071    2   148.79     3.93
2071    3   263.67     2.45
2071    4   153.23     5.30
2071    5   134.14    12.24
2071    6    90.66    17.85
2071    7    33.59    24.84
2071    8    13.00    25.42
2071    9    10.42    24.80
2071   10    52.57    13.33
2071   11   131.21     6.94
2071   12    84.53     4.36
2072    1   196.50     3.90
2072    2   119.52     3.14
2072    3    96.15     5.55
2072    4   113.43     9.55
2072    5   136.70    16.69
2072    6   115.62    21.36
2072    7    10.84    28.06
2072    8    14.52    28.15
2072    9    49.65    17.62
2072   10   128.48     9.65
2072   11    74.45     5.16
2072   12   126.74     3.54
2073    1   300.75     1.06
2073    2   241.83    -0.59
2073    3    63.75     4.24
2073    4   155.38    10.16
2073    5   193.51    14.35
2073    6    85.20    20.54
2073    7    74.88    23.77
2073    8    18.13    26.06
2073    9    75.39    18.57
2073   10    30.61    10.99
2073   11    75.60     7.01
2073   12    99.63     3.16
2074    1   156.05     3.73
2074    2    75.07     5.31
2074    3    75.37     4.09
2074    4    86.35     5.27
2074    5   175.08    12.76
2074    6   131.84    19.28
2074    7    68.62    25.28
2074    8    34.10    23.27
2074    9    58.82    17.46
2074   10   101.81    11.34
2074   11   190.70     3.43
2074   12   155.45    -1.91
2075    1   277.61     0.55
2075    2    93.77     2.90
2075    3   160.12     3.02
2075    4    93.27    13.52
2075    5   105.50    14.32
2075    6   110.51    21.43
2075    7    12.45    24.88
2075    8    30.72    26.33
2075    9    47.52    15.88
2075   10   137.76     9.81
2075   11    97.46     7.11
2075   12   237.74     4.38
2076    1   196.56     3.11
2076    2   114.69     0.06
2076    3    80.52     4.57
2076    4    81.98    11.26
2076    5   168.91    13.55
2076    6    96.44    19.93
2076    7    42.72    25.14
2076    8    24.70    26.41
2076    9    37.20    17.54
2076   10    85.65    13.42
2076   11   148.77     7.12
2076   12   119.72     4.30
2077    1   217.00     2.16
2077    2   126.81     3.05
2077    3    56.95     6.08
2077    4    91.22     9.54
2077    5   173.05    14.75
2077    6   162.83    20.36
2077    7    53.80    25.80
2077    8    31.57    24.02
2077    9    66.66    20.90
2077   10    95.81    10.08
2077   11   115.12     7.73
2077   12   130.02     6.98
2078    1   191.88     4.18
2078    2   199.90     2.03
2078    3    76.95     4.01
2078    4    67.04    11.74
2078    5   218.37    17.29
2078    6   103.22    16.84
2078    7    33.94    26.61
2078    8    15.68    26.62
2078    9    69.95    19.88
2078   10   134.30    13.69
2078   11   160.52     8.60
2078   12   208.20     4.78
2079    1   180.28     2.78
2079    2   195.46    -0.21
2079    3    93.11     4.55
2079    4    62.43    10.77
2079    5   153.82    12.60
2079    6    73.41    21.12
2079    7    42.83    24.68
2079    8    47.35    23.95
2079    9    39.25    18.84
2079   10    87.08    13.23
2079   11   159.30     8.00
2079   12    90.24     6.83
2080    1   292.30     1.51
2080    2   133.12     1.56
2080    3    62.11     6.67
2080    4    33.25    10.80
2080    5    77.20    15.85
2080    6    89.90    22.80
2080    7    46.81    27.72
2080    8    73.57    24.52
2080    9    75.93    19.29
2080   10    55.25    11.74
2080   11   343.92     5.29
2080   12   103.73     1.25
2081    1   215.47     4.26
2081    2   125.29     3.61
2081    3   101.02     3.94
2081    4    91.54     9.32
2081    5    95.04    13.35
2081    6    65.99    18.42
2081    7    43.61    24.87
2081    8    46.05    24.57
2081    9    53.16    17.12
2081   10    52.38    14.25
2081   11   198.76     7.64
2081   12   156.45     3.09
2082    1   141.57     1.63
2082    2   134.15     1.68
2082    3   102.17     7.88
2082    4   194.59     5.82
2082    5   178.09    14.10
2082    6   154.55    18.63
2082    7    79.39    21.27
2082    8    21.33    26.43
2082    9    42.04    18.07
2082   10   165.61    14.08
2082   11   216.00     8.54
2082   12   323.00     3.26
2083    1   293.72     3.60
2083    2   139.18     3.76
2083    3   136.45     7.81
2083    4   100.87    10.97
2083    5    98.63    15.55
2083    6    62.79    22.96
2083    7    12.48    28.20
2083    8    38.71    25.03
2083    9    28.57    20.29
2083   10   179.18    14.32
2083   11   241.76     5.50
2083   12    60.12     3.39
2084    1   270.60     2.42
2084    2   305.24     0.13
2084    3   278.86     2.79
2084    4   111.88     7.79
2084    5   103.51    15.09
2084    6   156.14    20.34
2084    7    23.09    24.34
2084    8    12.18    25.37
2084    9    40.50    19.23
2084   10    85.08    13.69
2084   11   175.82     8.40
2084   12   167.37     2.22
2085    1   119.18     0.67
2085    2    78.03     0.94
2085    3    44.30     4.80
2085    4    60.05    12.81
2085    5   112.42    19.52
2085    6    92.03    23.36
2085    7    21.43    26.95
2085    8    57.20    24.12
2085    9    61.25    19.06
2085   10    61.61    12.05
2085   11    83.64     7.96
2085   12   107.25     4.67
2086    1   152.12     5.73
2086    2   121.10     3.84
2086    3    61.07     7.33
2086    4    62.42    12.19
2086    5   112.53    14.91
2086    6    47.48    23.25
2086    7    52.72    24.52
2086    8    56.65    25.29
2086    9    63.82    19.00
2086   10    94.07    10.04
2086   11    96.03     6.33
2086   12   123.03     3.91
2087    1   226.62     1.49
2087    2   107.82     5.73
2087    3    61.82     6.33
2087    4    54.67     9.25
2087    5    62.69    14.99
2087    6   193.20    19.40
2087    7    92.83    23.85
2087    8    27.23    26.07
2087    9    94.85    15.60
2087   10    63.76     9.54
2087   11    78.27     8.02
2087   12   129.23     3.77
2088    1    80.05     2.90
2088    2   113.37     4.18
2088    3   129.75     5.78
2088    4   123.66     7.82
2088    5   232.76    13.17
2088    6    85.25    20.57
2088    7    39.57    24.99
2088    8    44.81    26.35
2088    9   116.65    20.06
2088   10   108.16    13.79
2088   11   150.74     7.48
2088   12   216.72     5.87
2089    1   103.84     5.67
2089    2    51.33     3.10
2089    3    90.18     5.59
2089    4   129.61     9.29
2089    5   135.81    16.56
2089    6    52.94    20.85
2089    7    37.75    25.66
2089    8    25.70    27.91
2089    9    12.56    21.08
2089   10   116.59    14.57
2089   11   281.29     5.50
2089   12   143.95     3.40
2090    1   126.26     1.84
2090    2   146.05     3.43
2090    3    80.82     7.65
2090    4    81.48    13.41
2090    5   103.07    16.94
2090    6   125.81    23.13
2090    7    39.98    25.22
2090    8    22.95    27.07
2090    9   121.83    20.75
2090   10   139.23    10.40
2090   11   207.15     6.53
2090   12    87.09     6.36
2091    1   176.26     5.25
2091    2    68.94     3.58
2091    3   152.81     6.86
2091    4    78.57     9.35
2091    5   168.81    15.12
2091    6   160.20    19.31
2091    7    28.70    28.13
2091    8    26.15    27.46
2091    9    53.39    18.50
2091   10   119.90    11.12
2091   11   206.43     5.23
2091   12   201.28     4.23
2092    1   181.87     2.35
2092    2   193.39     0.21
2092    3   101.22     7.05
2092    4   131.89     9.49
2092    5   128.36    14.75
2092    6    94.73    20.02
2092    7    19.96    23.36
2092    8    44.65    26.06
2092    9    52.83    21.83
2092   10    40.28    15.83
2092   11   199.29    10.93
2092   12    38.07     4.92
2093    1   149.19     2.64
2093    2   143.43     5.39
2093    3   134.49     4.95
2093    4    84.22    10.48
2093    5   104.12    18.83
2093    6    75.93    22.65
2093    7    17.30    26.87
2093    8    76.33    28.88
2093    9    61.21    19.02
2093   10    65.02    12.59
2093   11   124.41     7.71
2093   12   249.97     3.48
2094    1   161.22     3.67
2094    2   335.83     3.25
2094    3   163.55     3.11
2094    4   173.19    10.29
2094    5    70.69    13.79
2094    6   117.29    22.14
2094    7    11.58    28.63
2094    8    37.35    26.11
2094    9    59.38    19.75
2094   10   146.62    12.73
2094   11    98.87     8.72
2094   12   219.97     2.62
2095    1   110.39     3.90
2095    2    96.34     2.44
2095    3   140.65     4.24
2095    4   106.87     8.46
2095    5   169.81    12.57
2095    6   114.14    21.19
2095    7    55.56    26.30
2095    8    44.72    24.67
2095    9    27.20    22.06
2095   10    57.73    12.74
2095   11   108.48     7.01
2095   12   181.57     6.51
2096    1   145.41     0.92
2096    2    33.43    -0.39
2096    3   120.12     6.04
2096    4   115.56     9.33
2096    5   107.72    14.24
2096    6    63.59    19.56
2096    7    30.27    27.03
2096    8    28.67    25.77
2096    9    44.03    18.10
2096   10   115.06    13.92
2096   11    78.52     9.06
2096   12   138.99     4.86
2097    1   168.54     1.83
2097    2   118.18     1.33
2097    3    94.81     4.11
2097    4   114.54     8.59
2097    5    67.26    18.41
2097    6   126.67    19.98
2097    7    28.99    26.74
2097    8    41.72    25.86
2097    9    53.56    19.88
2097   10    66.50    12.22
2097   11    84.81     5.29
2097   12   233.04     6.06
2098    1   113.17     3.90
2098    2   198.73     0.56
2098    3    95.44     8.55
2098    4    73.15    12.95
2098    5   134.67    17.38
2098    6   139.01    20.77
2098    7    11.50    26.06
2098    8    48.93    23.04
2098    9    19.88    20.45
2098   10   103.62    15.19
2098   11   125.75     7.19
2098   12    53.72     5.66
2099    1    82.71     3.25
2099    2   174.72     3.01
2099    3   172.99     6.00
2099    4   118.48     7.38
2099    5   117.84    16.80
2099    6    49.21    22.25
2099    7     4.13    29.05
2099    8    39.44    28.25
2099    9    37.71    20.38
2099   10   103.07    15.34
2099   11    82.02     8.10
2099   12   170.21     3.23
2100    1   120.04     4.61
2100    2    93.81     3.63
2100    3   142.53     3.54
2100    4    53.50    13.83
2100    5   110.25    18.39
2100    6    66.01    24.53
2100    7    13.98    27.39
2100    8    20.18    27.12
2100    9    39.75    21.51
2100   10    93.45    12.03
2100   11    80.93     6.10
2100   12    40.69     6.00
2101    1   126.80     5.46
2101    2   120.53     4.09
2101    3   155.16     4.17
2101    4    74.35    12.09
2101    5    54.47    17.62
2101    6    75.09    24.93
2101    7    52.12    27.00
2101    8    43.19    27.14
2101    9    67.85    21.62
2101   10   107.36    13.61
2101   11   139.06     8.05
2101   12   116.02     7.03
2102    1   198.21     3.78
2102    2   180.29     2.19
2102    3    95.11     6.53
2102    4    72.23    11.01
2102    5    93.15    17.67
2102    6    91.06    19.83
2102    7    31.33    27.76
2102    8     1.42    31.18
2102    9    54.01    20.44
2102   10    94.95    14.41
2102   11    91.93     6.52
2102   12   222.88     7.38
2103    1   126.37     3.94
2103    2   276.75     4.17
2103    3    99.64     7.34
2103    4    99.86     9.96
2103    5   100.31    18.37
2103    6   107.13    22.68
2103    7    68.14    25.52
2103    8    46.10    25.75
2103    9    35.59    21.42
2103   10   148.64    13.56
2103   11    86.41     8.13
2103   12    37.35     6.06
2104    1   138.90     2.09
2104    2   159.02     5.29
2104    3    39.45    11.20
2104    4    97.80    12.54
2104    5    80.41    18.03
2104    6   111.35    19.05
2104    7    36.83    27.50
2104    8    40.68    26.90
2104    9    41.77    20.33
2104   10    48.27    12.63
2104   11    31.15     8.45
2104   12   199.25     6.48
2105    1    47.05     3.23
2105    2   136.32     4.73
2105    3   204.53     6.48
2105    4   135.27    10.21
2105    5   119.05    16.61
2105    6     9.76    23.46
2105    7    45.22    28.29
2105    8    17.13    26.74
2105    9    56.31    19.02
2105   10    96.65    13.73
2105   11   164.75     7.06
2105   12    63.41     4.16
2106    1   157.59     4.15
2106    2    96.28     6.56
2106    3   154.75     5.32
2106    4   111.06    10.63
2106    5   173.76    18.22
2106    6    84.28    25.13
2106    7     6.06    30.51
2106    8    24.70    29.44
2106    9   106.78    19.85
2106   10    51.25    13.48
2106   11   138.57     7.58
2106   12    58.04     5.57
2107    1    54.09     3.65
2107    2    27.23     5.02
2107    3   116.00     7.42
2107    4    59.31     9.31
2107    5    80.92    15.81
2107    6    66.04    22.60
2107    7    43.18    27.28
2107    8    28.45    26.76
2107    9    67.04    19.91
2107   10   114.78    13.92
2107   11   140.25     9.16
2107   12   139.49     5.12
2108    1    21.37     5.31
2108    2   176.58     3.31
2108    3    77.43     7.42
2108    4   166.87    10.70
2108    5    95.90    17.47
2108    6    74.22    19.27
2108    7     6.95    29.53
2108    8    18.01    28.98
2108    9    43.46    18.82
2108   10    27.04    14.27
2108   11   131.61     8.01
2108   12   135.52     6.55
2109    1   281.90     4.11
2109    2   111.35     5.32
2109    3   103.70     5.78
2109    4    73.69    13.69
2109    5   155.31    17.32
2109    6   141.06    21.77
2109    7    88.08    26.13
2109    8    56.14    27.65
2109    9    43.99    21.35
2109   10    97.38    10.44
2109   11   117.03     8.59
2109   12   132.67     3.96
2110    1   203.44     3.52
2110    2   236.41     3.76
2110    3   137.54     6.93
2110    4    84.66    12.30
2110    5   126.05    17.37
2110    6    78.09    21.59
2110    7    36.05    27.76
2110    8    39.69    26.08
2110    9    40.23    18.99
2110   10   120.54    12.08
2110   11    49.64     8.22
2110   12   100.04     6.67
2111    1   275.28     4.06
2111    2   127.25     3.89
2111    3   141.69     6.69
2111    4   187.38    11.18
2111    5   176.01    17.92
2111    6    67.44    20.33
2111    7    24.20    28.33
2111    8    31.07    25.98
2111    9    39.47    20.12
2111   10   101.68    15.32
2111   11   170.37     5.95
2111   12   159.65     1.70
2112    1    60.91     3.26
2112    2   142.33     5.80
2112    3    96.92     6.98
2112    4    53.88    11.70
2112    5   158.30    18.72
2112    6   150.14    20.36
2112    7    45.54    28.20
2112    8    39.12    27.17
2112    9    76.86    20.49
2112   10    50.71    13.49
2112   11    92.27     7.78
2112   12   178.86     6.03
2113    1   339.64     0.48
2113    2   151.75     3.90
2113    3    90.46     7.23
2113    4    67.81    12.70
2113    5   101.60    17.10
2113    6   150.80    21.51
2113    7    45.60    26.60
2113    8    33.42    26.22
2113    9    88.71    21.98
2113   10    76.17    14.55
2113   11   218.97     9.08
2113   12   116.92     5.52
2114    1   232.43     5.48
2114    2   203.34     5.37
2114    3   118.82     2.67
2114    4   116.60     8.42
2114    5   144.51    15.54
2114    6    33.61    23.32
2114    7    32.84    26.78
2114    8    19.32    27.94
2114    9    42.28    19.26
2114   10    53.88    14.80
2114   11   137.75     9.37
2114   12   110.09     3.57
2115    1   323.84     2.67
2115    2   102.25    -2.43
2115    3    69.00     4.42
2115    4   128.58    10.54
2115    5   128.07    16.90
2115    6    87.13    23.94
2115    7     7.59    30.36
2115    8   106.47    26.44
2115    9    71.72    18.64
2115   10    58.79    12.29
2115   11   163.65     8.97
2115   12   120.52     4.23
2116    1   164.87     2.45
2116    2     8.68     8.54
2116    3   122.53     6.35
2116    4    91.67    11.33
2116    5   109.39    17.74
2116    6    61.95    21.42
2116    7    28.38    25.72
2116    8    28.47    26.44
2116    9    44.86    20.50
2116   10    42.55    14.72
2116   11    92.82     7.88
2116   12    78.68     4.46
2117    1   154.08     4.25
2117    2   211.52     4.03
2117    3   100.05     6.72
2117    4   143.82    10.54
2117    5   209.36    14.04
2117    6    49.02    23.89
2117    7    38.40    28.86
2117    8     3.45    30.74
2117    9    59.79    21.57
2117   10    34.36    14.91
2117   11    26.01     7.96
2117   12   155.04     3.07
2118    1   261.00     2.69
2118    2    63.41     4.34
2118    3    87.32     7.10
2118    4    70.28    16.13
2118    5   107.79    13.87
2118    6   137.94    21.56
2118    7    16.93    28.54
2118    8    87.67    27.40
2118    9    42.43    21.46
2118   10   112.56    12.26
2118   11    72.96     7.93
2118   12   254.47     6.43
2119    1   160.81     3.65
2119    2   163.19     5.53
2119    3   101.49     7.74
2119    4   151.96     8.96
2119    5    92.20    15.16
2119    6    64.92    21.29
2119    7    18.00    26.97
2119    8    38.72    25.21
2119    9    33.35    25.02
2119   10   107.19    13.25
2119   11    97.77     9.89
2119   12   231.79     4.69
2120    1   107.11     3.64
2120    2   132.21     7.72
2120    3   124.62     8.31
2120    4   151.05     8.01
2120    5   109.13    13.57
2120    6   198.12    21.15
2120    7    58.15    26.93
2120    8    39.42    28.50
2120    9    20.91    20.28
2120   10    95.59    14.05
2120   11    80.71    11.52
2120   12   258.17     4.72
2121    1   148.89     2.83
2121    2   198.65     5.92
2121    3   123.00     7.10
2121    4    98.81    12.00
2121    5   120.63    17.68
2121    6    47.54    23.10
2121    7    32.84    26.66
2121    8    94.72    29.16
2121    9    72.05    18.90
2121   10    60.51    14.33
2121   11    95.95     7.72
2121   12   266.65     6.47
2122    1   242.94     2.26
2122    2   160.46     2.82
2122    3    73.24     7.59
2122    4    75.11    11.76
2122    5   112.49    15.97
2122    6    34.71    24.22
2122    7     0.70    28.62
2122    8    34.06    28.56
2122    9    25.32    20.94
2122   10    84.10    14.45
2122   11    72.14    11.14
2122   12   124.25     4.40
2123    1   229.10     2.65
2123    2   178.06     4.70
2123    3   207.70     5.73
2123    4    25.65    11.38
2123    5    18.70    20.13
2123    6    57.38    25.89
2123    7    24.80    29.18
2123    8    88.79    26.53
2123    9   183.13    21.42
2123   10    83.92    12.69
2123   11   124.94     9.51
2123   12   144.95     5.20
2124    1   215.77     1.09
2124    2   100.65     5.53
2124    3    72.33    11.00
2124    4    65.26    13.49
2124    5   160.46    17.55
2124    6   113.59    23.01
2124    7    21.46    28.93
2124    8    53.67    27.50
2124    9    48.82    20.29
2124   10    81.88    15.52
2124   11    98.52     7.41
2124   12   278.48     5.88
2125    1    75.83     6.51
2125    2   162.18     4.69
2125    3   257.82     3.85
2125    4   115.64    11.09
2125    5   112.34    14.54
2125    6   115.30    24.39
2125    7    38.99    25.67
2125    8    40.13    27.31
2125    9    89.24    19.12
2125   10    76.08    13.42
2125   11    69.90    10.75
2125   12   101.36     7.02
2126    1   267.01     4.47
2126    2   119.75     3.87
2126    3    85.79     6.90
2126    4   132.93    11.57
2126    5    76.04    19.72
2126    6    96.07    24.95
2126    7    10.36    30.11
2126    8    61.84    27.21
2126    9    45.15    22.77
2126   10    32.65    16.95
2126   11   214.84     9.00
2126   12    83.37     6.35
2127    1   201.04     5.43
2127    2   150.86     4.15
2127    3   125.84     6.69
2127    4   125.90    11.86
2127    5   181.12    18.70
2127    6   108.19    24.24
2127    7    13.41    27.94
2127    8    38.42    28.95
2127    9    75.71    19.68
2127   10    51.82    16.34
2127   11   180.12    10.68
2127   12   117.84     6.90
2128    1   225.14     4.41
2128    2    78.67     2.22
2128    3   138.65     4.63
2128    4    91.37    12.01
2128    5    64.40    18.47
2128    6    74.91    23.91
2128    7     6.89    29.70
2128    8    48.34    28.31
2128    9    76.54    22.06
2128   10    81.43    12.97
2128   11   181.33     8.95
2128   12   237.54     4.75
2129    1   126.68     2.28
2129    2    80.02     7.10
2129    3    94.68     6.45
2129    4   118.15    10.15
2129    5   132.85    18.29
2129    6   175.50    23.31
2129    7    43.87    29.64
2129    8    39.71    28.45
2129    9    53.56    22.94
2129   10    65.60    16.58
2129   11    96.94    10.69
2129   12   155.23     5.66
2130    1   235.19     4.63
2130    2    91.80     5.35
2130    3   172.96     6.16
2130    4   139.06    11.34
2130    5    64.77    18.23
2130    6   146.88    22.70
2130    7    35.03    27.14
2130    8    19.88    29.63
2130    9   118.40    20.18
2130   10    52.40    14.38
2130   11    58.37     8.00
2130   12   108.75     6.99
2131    1   196.79     0.53
2131    2   127.85     5.06
2131    3   157.52     4.71
2131    4    52.02    14.58
2131    5   130.28    16.35
2131    6    56.72    21.90
2131    7    17.06    28.64
2131    8    18.43    30.61
2131    9    21.20    20.37
2131   10    48.25    14.58
2131   11   284.31    11.38
2131   12   164.83     3.00
2132    1   141.33     4.14
2132    2   126.13     4.12
2132    3    75.00     8.50
2132    4    86.08    11.04
2132    5   147.20    19.46
2132    6   117.35    22.28
2132    7    30.61    27.60
2132    8    15.82    28.79
2132    9    49.14    23.92
2132   10    54.97    15.43
2132   11    87.87     8.61
2132   12   200.44     5.49
2133    1   127.88     3.69
2133    2    48.17     4.67
2133    3    96.32     9.47
2133    4    95.53    10.58
2133    5    72.51    16.34
2133    6    76.87    25.18
2133    7    24.07    29.53
2133    8    29.49    30.56
2133    9    40.53    22.36
2133   10    42.51    14.36
2133   11   139.91     9.25
2133   12    96.07     8.06
2134    1    83.25     3.98
2134    2   187.43     6.44
2134    3   220.55     7.48
2134    4   113.76    12.45
2134    5   181.43    17.08
2134    6   121.62    22.67
2134    7    38.17    29.48
2134    8    42.52    28.63
2134    9   198.16    23.39
2134   10    50.75    16.23
2134   11    53.95    12.13
2134   12   338.83     5.55
2135    1   205.98     4.05
2135    2   124.26     4.63
2135    3   226.59     5.86
2135    4   111.10    13.05
2135    5   190.88    15.74
2135    6   143.30    21.87
2135    7    14.27    29.29
2135    8    18.83    29.61
2135    9    67.02    20.46
2135   10   115.63    15.70
2135   11   102.88    11.42
2135   12   212.52     5.68
2136    1   149.11     5.35
2136    2    77.86     6.42
2136    3   111.77     9.40
2136    4    65.53    15.17
2136    5   122.77    16.23
2136    6   150.82    22.54
2136    7    69.16    25.88
2136    8   112.52    25.26
2136    9    33.33    22.62
2136   10    63.60    13.36
2136   11   159.31     7.56
2136   12   174.93     3.43
2137    1   166.26     2.05
2137    2    78.83     2.60
2137    3   117.35     5.44
2137    4    96.55    12.01
2137    5   136.67    16.19
2137    6    33.33    24.72
2137    7     9.30    29.54
2137    8     8.99    32.01
2137    9    53.88    22.53
2137   10   122.16    13.66
2137   11    97.95    10.46
2137   12   138.26     5.05
2138    1   191.29     4.47
2138    2    37.36     4.38
2138    3    86.30    10.69
2138    4    78.96    14.27
2138    5    94.26    19.26
2138    6   135.38    26.22
2138    7    37.15    27.29
2138    8    19.19    29.12
2138    9    41.75    24.65
2138   10    95.88    15.84
2138   11   118.95    10.18
2138   12   212.03     7.52
2139    1   271.14     5.45
2139    2   112.65     3.68
2139    3    71.89     6.18
2139    4    79.83    12.50
2139    5   231.98    15.60
2139    6    62.74    21.70
2139    7    74.71    26.74
2139    8    51.78    29.34
2139    9    40.16    23.51
2139   10    38.11    14.45
2139   11   155.04    10.46
2139   12   188.69     5.38
2140    1   143.65     2.13
2140    2    51.22     3.83
2140    3    47.46     8.03
2140    4    94.24    12.40
2140    5   113.78    17.76
2140    6    83.67    24.09
2140    7    19.09    30.37
2140    8    47.70    27.73
2140    9    65.52    21.20
2140   10    79.72    12.67
2140   11    49.84    10.89
2140   12    93.60     7.95
2141    1    72.68     5.95
2141    2    61.74     6.28
2141    3   107.05     5.85
2141    4   111.08    12.55
2141    5   164.60    18.77
2141    6   139.36    24.08
2141    7     8.76    29.75
2141    8    25.59    29.44
2141    9    78.17    20.43
2141   10    70.48    14.36
2141   11    73.70    10.39
2141   12   280.51     5.83
2142    1   126.90     5.32
2142    2    66.51     6.98
2142    3    57.54     9.28
2142    4   121.21    12.61
2142    5   114.79    17.91
2142    6    76.74    24.25
2142    7    13.62    28.78
2142    8    16.71    30.97
2142    9    65.55    20.75
2142   10    72.88    13.38
2142   11   161.59     9.50
2142   12   212.04     6.23
2143    1   173.37     2.94
2143    2   123.08     4.59
2143    3   117.78     7.28
2143    4   132.43     9.16
2143    5    88.98    17.73
2143    6    73.49    23.87
2143    7     5.99    30.18
2143    8    18.81    30.41
2143    9    86.49    22.68
2143   10    90.41    15.88
2143   11    78.24     9.54
2143   12   247.99     3.42
2144    1   359.15     4.06
2144    2    69.04     6.09
2144    3    61.97    10.86
2144    4    50.25    13.53
2144    5   141.45    15.85
2144    6    72.59    23.11
2144    7    47.94    28.33
2144    8    20.85    29.86
2144    9    37.72    23.01
2144   10   123.39    17.07
2144   11   117.28     9.74
2144   12   251.26     6.63
2145    1   116.58     2.96
2145    2   196.42     4.39
2145    3   100.59     8.88
2145    4    81.60    15.39
2145    5   149.25    17.29
2145    6    82.47    24.83
2145    7    48.02    27.77
2145    8    11.51    29.52
2145    9    56.98    22.11
2145   10   139.42    14.45
2145   11   105.74     9.94
2145   12    84.42     7.24
2146    1    34.29     5.52
2146    2   161.05     7.32
2146    3    57.74    10.07
2146    4    97.14    11.12
2146    5    59.72    16.13
2146    6   138.62    24.87
2146    7    39.57    28.98
2146    8    28.99    30.56
2146    9    53.61    22.32
2146   10    78.95    13.57
2146   11   217.71     9.92
2146   12    34.35     8.01
2147    1   282.51     3.52
2147    2   102.65     3.15
2147    3    70.71    10.49
2147    4    51.86    11.03
2147    5    80.94    19.32
2147    6    25.69    27.17
2147    7     8.01    29.51
2147    8    26.89    31.47
2147    9    42.20    24.03
2147   10    28.50    17.31
2147   11   132.84    10.50
2147   12    93.78     7.51
2148    1   127.63     4.44
2148    2   115.40     2.93
2148    3   103.67     5.77
2148    4    87.49    12.49
2148    5    73.84    17.07
2148    6   145.80    22.63
2148    7    31.80    30.57
2148    8    15.09    30.45
2148    9    78.18    22.32
2148   10    97.20    11.59
2148   11    75.75    10.06
2148   12   178.74     3.84
2149    1    90.09     2.71
2149    2   213.93     1.96
2149    3    88.46     6.65
2149    4   133.83     8.84
2149    5   168.24    18.94
2149    6    42.75    24.42
2149    7    79.91    27.40
2149    8    16.57    30.35
2149    9    73.54    23.25
2149   10   126.70    16.49
2149   11   220.89    10.06
2149   12   160.91     2.88
2150    1   113.20     1.31
2150    2   146.77     4.77
2150    3    67.88     6.44
2150    4   114.25    11.18
2150    5   104.80    17.76
2150    6    61.89    24.37
2150    7    42.95    31.36
2150    8    18.58    28.94
2150    9    37.02    22.17
2150   10    58.72    14.20
2150   11    84.14     7.48
2150   12   145.49     3.63
2151    1   100.15     5.00
2151    2    96.34     2.95
2151    3    36.22     9.98
2151    4    85.15    13.08
2151    5   135.19    16.11
2151    6    65.21    23.58
2151    7    21.24    30.83
2151    8    16.32    31.28
2151    9    90.27    24.34
2151   10    59.67    13.79
2151   11    83.40     8.10
2151   12   125.02     5.18
2152    1   211.02     1.48
2152    2    65.93     5.12
2152    3    82.60     9.37
2152    4    59.06    12.51
2152    5   149.22    18.90
2152    6    68.52    24.30
2152    7    44.26    28.62
2152    8    29.28    29.17
2152    9    81.27    23.20
2152   10   135.63    13.03
2152   11    37.09     7.39
2152   12   106.27     7.74
2153    1   240.07     6.42
2153    2   118.47     6.88
2153    3   156.89     7.99
2153    4    57.10    13.16
2153    5    85.47    20.39
2153    6   101.91    23.15
2153    7     5.26    29.62
2153    8     5.69    31.81
2153    9    23.08    25.76
2153   10    82.69    14.81
2153   11   156.17     7.71
2153   12    88.97     7.11
2154    1   188.15     4.73
2154    2   213.08     7.19
2154    3   186.77     3.81
2154    4    30.34    13.95
2154    5   137.09    16.64
2154    6   125.37    25.61
2154    7    45.37    26.16
2154    8    34.93    29.59
2154    9   190.42    21.43
2154   10    63.35    13.93
2154   11   133.05     9.58
2154   12   111.12     4.98
2155    1   200.64     5.22
2155    2   151.97     5.20
2155    3    58.68     6.36
2155    4    50.38    11.66
2155    5   152.25    20.49
2155    6    99.64    25.46
2155    7    15.65    30.74
2155    8     3.61    29.23
2155    9    29.11    23.29
2155   10    43.32    14.64
2155   11    53.96    10.62
2155   12   236.53     6.39
2156    1   104.99     8.24
2156    2   135.91     6.12
2156    3   206.96     6.49
2156    4    95.00    11.20
2156    5    33.51    21.50
2156    6   105.08    24.55
2156    7    32.12    29.12
2156    8    25.92    29.20
2156    9    56.01    21.17
2156   10   110.83    13.25
2156   11   122.17     9.58
2156   12   103.50     4.67
2157    1   105.86     3.60
2157    2   230.86     4.22
2157    3    99.22     7.05
2157    4    21.80    16.41
2157    5   105.20    20.04
2157    6   118.48    25.14
2157    7    25.69    30.86
2157    8    44.42    28.50
2157    9    80.21    21.55
2157   10    31.86    14.70
2157   11   100.25    11.56
2157   12   220.68     8.26
2158    1   128.80     3.63
2158    2   168.22     6.80
2158    3    49.18     9.52
2158    4    83.73    10.17
2158    5   109.91    17.47
2158    6   118.20    23.86
2158    7    65.78    28.43
2158    8    49.54    27.27
2158    9    74.57    23.81
2158   10   116.43    13.88
2158   11   114.79    11.84
2158   12   128.36     7.73
2159    1   152.92     5.29
2159    2    74.97     6.82
2159    3    89.77     9.48
2159    4    22.80    15.19
2159    5    94.11    21.34
2159    6   122.08    24.65
2159    7    32.15    29.78
2159    8    45.31    30.57
2159    9    62.80    23.14
2159   10    80.77    14.03
2159   11   207.10     9.96
2159   12   250.68     4.58
2160    1    96.04     4.15
2160    2    44.25     4.65
2160    3    40.52    11.11
2160    4    77.39    12.50
2160    5    80.24    21.84
2160    6   140.18    23.12
2160    7    41.10    29.03
2160    8    63.96    26.34
2160    9    60.14    20.52
2160   10    61.83    14.80
2160   11   126.28    10.27
2160   12   165.49     4.66
2161    1   170.31     3.16
2161    2    73.60     3.89
2161    3    90.21     9.58
2161    4   144.10    11.49
2161    5   199.35    19.04
2161    6    46.74    22.27
2161    7    15.89    31.09
2161    8    65.28    30.56
2161    9    25.72    22.14
2161   10    27.76    16.67
2161   11   131.10     8.56
2161   12   213.79     6.66
2162    1   150.58     4.61
2162    2    94.32     7.20
2162    3    60.17     7.25
2162    4   101.62    10.16
2162    5   125.24    19.96
2162    6    71.72    27.81
2162    7    48.21    29.41
2162    8    28.11    29.22
2162    9    86.74    20.76
2162   10    92.16    15.38
2162   11   267.28     8.34
2162   12   155.06     8.89
2163    1   123.04     5.94
2163    2    30.00    10.27
2163    3    76.61     9.34
2163    4   110.39    14.08
2163    5    79.78    21.05
2163    6   157.36    23.19
2163    7     8.28    31.12
2163    8    35.76    29.05
2163    9    99.75    20.07
2163   10   151.15    16.06
2163   11    90.32    10.11
2163   12   186.61     5.95
2164    1   141.21     5.08
2164    2    94.88     8.18
2164    3   201.34     4.02
2164    4   148.01     9.39
2164    5    85.14    18.03
2164    6    91.30    25.98
2164    7    17.98    30.96
2164    8    21.74    29.37
2164    9    46.67    21.51
2164   10    83.29    16.84
2164   11   100.60    11.64
2164   12   281.76     6.59
2165    1   184.79     4.27
2165    2   160.70     4.26
2165    3   116.58     6.29
2165    4   156.61     7.26
2165    5    90.88    18.32
2165    6    44.72    22.62
2165    7    15.52    29.99
2165    8    31.15    28.85
2165    9    14.54    22.47
2165   10    21.86    16.34
2165   11   137.82    10.34
2165   12   198.96     6.60
2166    1    26.25     6.12
2166    2   135.16     6.34
2166    3    60.37     7.79
2166    4    70.90    11.28
2166    5   102.51    20.84
2166    6    19.75    27.43
2166    7     6.39    32.11
2166    8    52.67    29.50
2166    9    15.15    22.64
2166   10    94.97    13.81
2166   11   246.03     8.82
2166   12   180.51     5.73
2167    1   136.19     4.13
2167    2   106.87     3.92
2167    3   152.96     6.42
2167    4   112.21    12.02
2167    5   114.93    20.23
2167    6    89.04    22.31
2167    7     2.91    34.15
2167    8     2.02    32.89
2167    9    29.38    23.33
2167   10    59.11    16.95
2167   11   156.16    10.80
2167   12   136.35     7.40
2168    1   135.18     6.35
2168    2   333.22     4.67
2168    3    78.16     7.47
2168    4    74.88    11.97
2168    5    78.11    19.17
2168    6   109.41    25.52
2168    7    23.24    30.93
2168    8    60.31    27.49
2168    9    61.36    21.03
2168   10    59.23    15.17
2168   11   135.58     9.66
2168   12   197.60     4.37
2169    1   231.30     4.68
2169    2    47.62     4.90
2169    3    76.12     8.06
2169    4    69.52    10.08
2169    5   211.71    18.09
2169    6   117.65    23.59
2169    7     4.11    31.21
2169    8     7.65    30.20
2169    9    70.22    22.26
2169   10    33.44    17.55
2169   11    66.40    12.74
2169   12   221.41     6.57
2170    1   206.53     5.54
2170    2   146.48     3.41
2170    3    91.79     7.67
2170    4    88.04    13.78
2170    5   138.54    18.87
2170    6   115.74    25.84
2170    7    41.79    28.77
2170    8    29.26    27.69
2170    9   104.53    21.03
2170   10    76.81    14.36
2170   11    95.60    10.70
2170   12   205.60     5.32
2171    1   120.97     3.96
2171    2    96.79     7.58
2171    3    82.41     7.33
2171    4    68.05    12.85
2171    5   131.06    17.46
2171    6    53.60    22.04
2171    7    45.32    29.40
2171    8    23.01    30.65
2171    9    52.31    25.90
2171   10    33.54    15.58
2171   11   185.93    11.32
2171   12   257.95     5.39
2172    1   144.43    -0.22
2172    2    88.62     4.50
2172    3   227.65     3.78
2172    4   177.92    11.44
2172    5    49.57    19.90
2172    6    69.05    26.82
2172    7    26.23    33.12
2172    8    43.02    31.31
2172    9   161.16    23.10
2172   10   125.47    14.26
2172   11   139.66     9.41
2172   12   178.15     6.26
2173    1   201.34     4.27
2173    2   155.80     6.95
2173    3   150.40     5.03
2173    4    99.12    11.68
2173    5    84.87    15.86
2173    6   127.93    23.85
2173    7    36.43    29.94
2173    8    23.83    28.71
2173    9    49.68    21.08
2173   10   101.98    14.17
2173   11    55.10    11.38
2173   12   106.09     5.74
2174    1   250.11     6.65
2174    2   107.90     3.21
2174    3    57.50    10.22
2174    4    47.58    12.81
2174    5   118.98    19.51
2174    6   167.34    24.09
2174    7    34.33    30.27
2174    8    15.19    29.67
2174    9    68.31    23.82
2174   10    63.78    14.03
2174   11   105.06    12.05
2174   12   269.19     7.36
2175    1   170.64     3.61
2175    2    87.96     4.33
2175    3   146.61     6.32
2175    4    32.13    12.99
2175    5   104.01    19.49
2175    6   111.63    23.41
2175    7    18.16    28.60
2175    8    33.74    30.74
2175    9    45.49    23.80
2175   10    73.64    18.18
2175   11   132.21    13.10
2175   12    80.30     7.18
2176    1   105.04     9.16
2176    2   105.86     5.32
2176    3   122.27     4.85
2176    4   113.40    12.17
2176    5    44.09    18.49
2176    6    23.38    27.40
2176    7    19.69    30.45
2176    8    40.05    28.89
2176    9    32.47    21.57
2176   10    85.73    15.08
2176   11    77.78     9.28
2176   12   140.93     8.48
2177    1   166.89     7.07
2177    2   141.59     6.13
2177    3    63.73     8.38
2177    4    93.14    11.19
2177    5   116.93    21.88
2177    6   128.30    24.05
2177    7    24.09    31.56
2177    8    23.73    29.00
2177    9    17.11    22.06
2177   10    70.71    15.19
2177   11   202.15     8.86
2177   12    90.50     8.45
2178    1   228.97     5.10
2178    2   131.24     8.10
2178    3   142.50     9.21
2178    4   128.22    11.47
2178    5   107.95    18.26
2178    6    74.18    23.42
2178    7     8.98    30.90
2178    8    43.07    28.31
2178    9    67.63    23.02
2178   10    97.09    16.69
2178   11    46.99    12.81
2178   12   189.94     6.15
2179    1   216.54     5.06
2179    2   181.09     3.77
2179    3    69.26     9.48
2179    4    56.30    11.90
2179    5    59.24    17.35
2179    6   134.90    25.30
2179    7    12.62    29.52
2179    8    64.32    29.97
2179    9    56.42    21.61
2179   10    62.43    13.79
2179   11    41.04     8.20
2179   12   195.95     5.36
2180    1   254.79     5.95
2180    2   147.03     5.97
2180    3    79.20     8.98
2180    4    95.21    11.60
2180    5    93.21    20.19
2180    6    42.47    24.81
2180    7    58.83    29.87
2180    8    43.85    29.14
2180    9    74.00    20.52
2180   10    26.80    15.66
2180   11   128.10     9.07
2180   12   257.87     7.37
2181    1    88.15     6.33
2181    2   108.55     6.54
2181    3   109.81     7.36
2181    4    55.90    13.51
2181    5    87.74    19.97
2181    6   129.95    24.33
2181    7    36.78    30.41
2181    8    47.11    26.50
2181    9    78.24    22.54
2181   10    17.42    16.89
2181   11   139.18     9.66
2181   12   194.17     6.45
2182    1   163.74     5.15
2182    2   132.90     5.58
2182    3    95.87     7.36
2182    4   121.07    14.62
2182    5    37.35    20.83
2182    6   142.18    25.93
2182    7    12.79    32.15
2182    8    37.00    30.40
2182    9    70.41    23.28
2182   10    79.79    12.95
2182   11    75.89     9.81
2182   12   193.52     4.54
2183    1    74.17     6.97
2183    2    65.97     3.88
2183    3   103.78     8.64
2183    4   102.37    14.57
2183    5    64.03    19.23
2183    6   101.26    27.92
2183    7    31.78    31.26
2183    8     4.19    32.37
2183    9    29.16    22.64
2183   10    45.67    16.14
2183   11   188.51     7.09
2183   12   254.87     6.52
2184    1    74.77     3.95
2184    2   136.12     2.76
2184    3   122.73     7.42
2184    4    80.06    13.90
2184    5   142.35    18.63
2184    6   138.88    25.69
2184    7    17.10    30.47
2184    8    55.11    28.05
2184    9    33.75    23.20
2184   10    92.14    18.10
2184   11    76.24     6.89
2184   12   111.98     5.37
2185    1    81.07     7.99
2185    2    87.88     6.11
2185    3    81.73    11.90
2185    4    58.08    12.73
2185    5    73.06    16.84
2185    6    23.38    22.16
2185    7     9.94    29.93
2185    8    18.55    31.96
2185    9    51.68    21.84
2185   10    26.80    16.53
2185   11   203.09     8.67
2185   12   177.69     5.77
2186    1   158.20     7.50
2186    2    62.83     5.44
2186    3    74.18    10.22
2186    4    33.57    11.96
2186    5   124.72    17.16
2186    6    43.79    27.24
2186    7    33.95    32.11
2186    8    18.32    32.57
2186    9    73.59    23.01
2186   10   133.13    15.98
2186   11   128.67    11.66
2186   12   186.14     7.13
2187    1   142.72     5.96
2187    2   171.26     5.33
2187    3   149.39     4.08
2187    4   102.48    14.44
2187    5   104.67    17.17
2187    6    48.81    26.94
2187    7    27.92    30.00
2187    8    11.07    31.18
2187    9    65.27    25.60
2187   10    61.08    14.94
2187   11    46.88    11.93
2187   12   202.51     6.91
2188    1    66.22     3.87
2188    2    94.79     6.46
2188    3   100.60     9.04
2188    4    73.15    12.74
2188    5    48.30    21.83
2188    6    56.05    27.16
2188    7    50.79    28.83
2188    8    76.00    26.19
2188    9    25.14    22.37
2188   10    54.44    15.68
2188   11   153.84     9.81
2188   12   218.28     2.96
2189    1   104.59     5.15
2189    2    99.32     5.41
2189    3    67.93     6.39
2189    4    87.05    13.73
2189    5    90.80    21.44
2189    6    91.21    27.10
2189    7    42.92    30.91
2189    8    40.24    30.28
2189    9    94.11    23.14
2189   10    94.15    18.95
2189   11    88.07     9.50
2189   12   148.61     7.89
2190    1   230.24     4.06
2190    2    65.44     6.64
2190    3    31.58    10.81
2190    4    58.78    17.38
2190    5   119.02    17.23
2190    6   136.46    25.01
2190    7    29.90    30.91
2190    8    29.01    31.04
2190    9    39.10    23.07
2190   10    42.01    17.00
2190   11    68.82    10.30
2190   12   369.40     6.35
2191    1   164.02     7.90
2191    2   111.70     5.53
2191    3    65.47     9.39
2191    4    82.43    12.27
2191    5   129.35    20.26
2191    6    46.74    27.42
2191    7    10.15    33.24
2191    8    30.74    29.29
2191    9    33.87    25.12
2191   10    56.42    15.88
2191   11   211.87     8.45
2191   12   166.59     3.77
2192    1   204.76     4.89
2192    2   102.12     8.94
2192    3    83.47    10.87
2192    4    47.16    14.34
2192    5    98.55    17.71
2192    6    76.71    25.83
2192    7     7.13    30.23
2192    8    11.49    31.70
2192    9    35.66    27.46
2192   10   145.60    16.95
2192   11   109.31    11.72
2192   12   172.72     9.80
2193    1   202.52     7.55
2193    2   196.11     3.71
2193    3   145.71     6.65
2193    4    81.14    10.31
2193    5    78.84    19.63
2193    6    82.91    24.58
2193    7    26.94    34.18
2193    8    15.62    30.85
2193    9    38.24    22.85
2193   10    41.74    19.43
2193   11   190.57    12.59
2193   12   144.98     5.30
2194    1   192.98     6.65
2194    2    90.98     4.31
2194    3   137.40     6.50
2194    4    34.59    12.91
2194    5   106.48    19.46
2194    6    51.86    25.22
2194    7    38.17    29.58
2194    8    77.14    28.94
2194    9    22.00    24.01
2194   10    83.13    17.75
2194   11   218.57     9.17
2194   12   116.74     8.79
2195    1   110.80     6.38
2195    2    78.57     7.68
2195    3    52.06     8.19
2195    4   140.22    13.29
2195    5   118.01    19.40
2195    6   104.07    25.18
2195    7     7.96    31.61
2195    8    33.25    31.79
2195    9    29.83    25.02
2195   10    91.28    13.00
2195   11   153.81    11.16
2195   12   149.93     7.18
2196    1   261.64     5.63
2196    2    60.11     6.63
2196    3   111.17     6.38
2196    4   114.01    15.13
2196    5   168.66    18.34
2196    6    71.55    25.42
2196    7    32.08    30.60
2196    8    31.57    31.03
2196    9    58.63    22.83
2196   10    83.90    15.69
2196   11   173.75     9.07
2196   12   142.38     3.79
2197    1   218.29     7.63
2197    2   120.01     3.48
2197    3   138.38     7.70
2197    4    64.56    14.67
2197    5   125.08    20.71
2197    6    99.41    25.45
2197    7    41.59    29.00
2197    8    14.30    29.80
2197    9    55.27    23.23
2197   10   108.48    15.82
2197   11    73.63    11.94
2197   12    87.50    10.06
2198    1    29.47     6.33
2198    2   121.29     5.79
2198    3   180.50     7.54
2198    4    76.04    11.66
2198    5    83.45    16.34
2198    6    92.91    25.88
2198    7    43.45    31.18
2198    8    85.84    29.23
2198    9    37.10    20.40
2198   10    74.36    13.84
2198   11    94.83     9.89
2198   12   263.26     7.09
2199    1   132.57     5.32
2199    2   105.55     4.56
2199    3    82.89     8.07
2199    4    75.94     9.77
2199    5    68.23    21.43
2199    6    27.28    29.08
2199    7    17.98    31.99
2199    8    23.24    29.49
2199    9    33.77    22.80
2199   10    70.54    16.99
2199   11   245.39    10.33
2199   12   175.30     6.20
2200    1    78.64     4.97
2200    2    90.51     4.87
2200    3   100.10     8.27
2200    4    66.75    13.37
2200    5   137.92    19.26
2200    6   141.22    26.12
2200    7    59.44    29.83
2200    8    47.93    30.73
2200    9    56.55    22.55
2200   10    37.45    14.45
2200   11    64.32    10.09
2200   12   187.03     6.73
2201    1   101.22     5.63
2201    2    91.73     5.52
2201    3    71.11    14.74
2201    4    25.35    14.09
2201    5   101.85    21.67
2201    6   221.85    25.06
2201    7    12.00    32.52
2201    8    28.33    31.02
2201    9   109.08    24.51
2201   10   118.02    14.91
2201   11   102.46    10.89
2201   12   187.54     6.40
2202    1   152.61     3.36
2202    2    63.39     5.81
2202    3   155.53     9.93
2202    4    78.02     9.59
2202    5    60.33    18.90
2202    6    28.89    26.91
2202    7     8.50    30.46
2202    8    51.11    30.41
2202    9    81.12    20.84
2202   10    72.59    14.81
2202   11    37.51    12.43
2202   12   117.65     7.99
2203    1   163.25     6.22
2203    2   111.55     4.29
2203    3    79.64     8.14
2203    4   108.99    13.36
2203    5    76.03    22.05
2203    6    57.46    26.62
2203    7    17.37    33.98
2203    8    71.39    30.47
2203    9    68.70    22.74
2203   10    34.28    16.59
2203   11   250.92    10.28
2203   12   115.92     7.00
2204    1   112.02     6.09
2204    2   231.78     4.96
2204    3    73.94     6.76
2204    4    50.66    11.70
2204    5   120.93    17.82
2204    6   128.28    22.62
2204    7    55.90    29.78
2204    8    61.55    30.09
2204    9    33.03    26.08
2204   10    74.57    15.86
2204   11   113.44    11.11
2204   12   224.72     5.90
2205    1   167.29     6.18
2205    2   198.46     4.50
2205    3   105.78     7.34
2205    4    28.43    13.37
2205    5    66.28    21.55
2205    6    53.19    26.51
2205    7    26.79    31.82
2205    8    85.32    28.54
2205    9    92.10    21.30
2205   10    52.20    16.65
2205   11   139.68    11.85
2205   12   256.69     7.39
2206    1   208.52     7.28
2206    2   218.57     5.22
2206    3   141.98     7.74
2206    4    87.76    13.12
2206    5   122.89    19.79
2206    6    46.07    24.73
2206    7    27.33    32.40
2206    8    25.12    31.02
2206    9    38.73    24.39
2206   10    42.51    16.18
2206   11   107.26     9.90
2206   12   107.37     8.33
2207    1   127.13     6.53
2207    2   111.73     5.05
2207    3   153.41     8.75
2207    4    76.85    13.30
2207    5    88.13    17.37
2207    6    18.37    28.87
2207    7    18.82    30.78
2207    8    35.95    30.88
2207    9    48.18    19.83
2207   10    27.89    16.85
2207   11   149.01     9.05
2207   12   112.63     7.59
2208    1   127.82     5.86
2208    2   124.27     5.32
2208    3   186.61     6.12
2208    4    96.71    12.40
2208    5   109.17    18.34
2208    6    63.33    30.05
2208    7    14.48    31.48
2208    8    42.71    28.60
2208    9   185.12    22.73
2208   10    44.99    15.00
2208   11    97.93    12.79
2208   12   224.33     5.96
2209    1   198.02     5.21
2209    2    46.44     8.24
2209    3   270.60     4.43
2209    4    89.88    13.64
2209    5   201.49    19.99
2209    6    65.62    26.87
2209    7     2.38    31.56
2209    8    35.77    32.49
2209    9    35.83    24.74
2209   10    72.53    17.96
2209   11   196.63    11.18
2209   12   167.03     8.98
2210    1   108.01     6.40
2210    2    95.62     6.10
2210    3    77.01     7.61
2210    4    60.49    14.60
2210    5    66.82    19.81
2210    6   120.00    24.45
2210    7    16.42    28.69
2210    8    73.25    30.68
2210    9    30.86    22.75
2210   10    72.83    16.06
2210   11   225.19    11.54
2210   12   234.12     3.14
2211    1   198.11     4.74
2211    2    86.39     7.42
2211    3   122.40     6.55
2211    4    90.59    15.11
2211    5   116.67    19.49
2211    6    71.35    27.51
2211    7    21.49    33.30
2211    8    24.13    31.92
2211    9    76.77    22.66
2211   10    58.15    17.09
2211   11    63.54    12.49
2211   12   141.09     7.52
2212    1   201.91     4.25
2212    2   216.96     2.99
2212    3   109.75     5.65
2212    4    91.96    10.89
2212    5    75.01    20.00
2212    6   114.38    26.15
2212    7     7.35    31.80
2212    8    23.86    31.60
2212    9    67.39    23.89
2212   10    70.87    16.66
2212   11   103.92    10.81
2212   12   248.99     6.42
2213    1    41.56     7.61
2213    2    94.94     8.94
2213    3    52.36     6.94
2213    4   119.05    12.75
2213    5    35.52    20.50
2213    6    71.10    26.92
2213    7    15.78    34.07
2213    8    79.82    30.83
2213    9    69.20    26.05
2213   10   124.23    15.94
2213   11   228.89     9.15
2213   12    81.15     6.18
2214    1   137.98     6.97
2214    2   166.31     5.05
2214    3    70.96     8.74
2214    4   101.80    12.64
2214    5   101.97    19.29
2214    6    52.22    26.27
2214    7    29.85    28.73
2214    8    13.35    31.05
2214    9    35.10    23.70
2214   10    69.10    18.18
2214   11   175.27    13.11
2214   12    98.33     5.89
2215    1   127.22     8.76
2215    2    43.22     5.14
2215    3   143.12     7.67
2215    4    99.79    14.58
2215    5    83.70    21.85
2215    6    61.54    27.08
2215    7     4.37    34.98
2215    8    37.49    31.75
2215    9    74.97    24.08
2215   10    59.73    16.36
2215   11    62.72    14.36
2215   12   133.36     7.96
2216    1   203.71     7.53
2216    2   125.05     7.97
2216    3   111.18     9.29
2216    4    19.94    15.56
2216    5   175.15    22.71
2216    6   126.77    25.03
2216    7    30.44    31.64
2216    8   100.66    29.79
2216    9    62.41    23.57
2216   10    31.64    14.72
2216   11    57.78    12.26
2216   12   165.10     6.37
2217    1   168.94     6.39
2217    2   186.06     5.16
2217    3    99.64     8.29
2217    4    67.46    14.42
2217    5   105.17    16.61
2217    6    54.35    25.42
2217    7    23.67    32.22
2217    8    49.83    30.52
2217    9    46.11    21.35
2217   10    30.95    14.99
2217   11   110.38     9.13
2217   12   279.02     3.29
2218    1   106.79     8.31
2218    2   151.77     4.97
2218    3    89.15     7.51
2218    4   151.74    11.77
2218    5    59.03    22.09
2218    6    30.39    28.50
2218    7     5.82    32.58
2218    8    45.02    31.36
2218    9    10.50    25.44
2218   10    58.47    15.01
2218   11   119.14    11.27
2218   12    77.80     9.39
2219    1   114.57     2.97
2219    2   217.97     6.50
2219    3   153.74     8.24
2219    4    90.69    12.62
2219    5   103.51    20.25
2219    6    98.47    25.47
2219    7     9.41    35.35
2219    8    14.66    32.35
2219    9   338.63    23.09
2219   10   117.41    15.96
2219   11   135.01    11.48
2219   12   110.80     6.53
2220    1   216.37     8.28
2220    2   182.13     6.28
2220    3   131.76     9.04
2220    4    36.92    15.69
2220    5   144.70    20.24
2220    6    44.40    27.41
2220    7     2.42    32.11
2220    8    51.60    32.26
2220    9    54.05    22.90
2220   10   180.90    17.18
2220   11    94.89     8.84
2220   12   311.87     7.86
2221    1   108.12     4.92
2221    2   118.54     5.88
2221    3    72.64     5.61
2221    4    55.79    11.80
2221    5   101.38    19.44
2221    6    45.77    28.49
2221    7    33.31    30.38
2221    8    25.06    30.42
2221    9    90.59    25.64
2221   10    78.29    18.49
2221   11   160.67    11.49
2221   12   134.96     7.53
2222    1   171.81     6.94
2222    2   179.60     4.75
2222    3   145.97     9.02
2222    4    40.47     9.96
2222    5    24.57    19.66
2222    6    83.67    25.05
2222    7    13.36    33.44
2222    8    79.14    31.78
2222    9    38.07    23.85
2222   10    63.58    16.19
2222   11   125.54    10.65
2222   12    85.58     7.61
2223    1   156.69     4.96
2223    2    76.56     7.50
2223    3   234.37     6.69
2223    4    29.21    14.99
2223    5    84.37    20.44
2223    6    65.06    25.89
2223    7    51.68    31.34
2223    8    24.79    33.27
2223    9    38.70    25.84
2223   10   134.38    16.21
2223   11   220.73     9.66
2223   12   156.53     6.79
2224    1    59.78     6.86
2224    2    72.82     9.87
2224    3    32.89     9.10
2224    4    83.74    14.70
2224    5    88.06    19.91
2224    6   124.95    24.53
2224    7    17.45    34.24
2224    8     4.28    32.03
2224    9    64.71    22.04
2224   10    95.87    14.26
2224   11   239.92     9.97
2224   12   219.55     6.00
2225    1   229.70     6.29
2225    2    91.54     4.56
2225    3    54.68     8.84
2225    4    35.09    16.28
2225    5   207.06    18.96
2225    6   193.08    27.37
2225    7    18.67    32.59
2225    8    31.19    29.52
2225    9   180.32    23.64
2225   10    80.64    14.53
2225   11    31.95    11.54
2225   12   176.23     6.00
2226    1   144.18     7.16
2226    2    71.81     8.71
2226    3   109.83     9.75
2226    4    58.35    16.88
2226    5   105.31    18.63
2226    6   130.77    24.79
2226    7    58.78    30.77
2226    8    98.54    29.61
2226    9    25.01    25.11
2226   10    79.33    18.69
2226   11   122.74    11.79
2226   12   116.36     8.71
2227    1   156.37     6.50
2227    2    52.10     8.60
2227    3    63.46     7.84
2227    4   114.37    13.06
2227    5    93.40    21.02
2227    6    59.55    28.78
2227    7    74.75    30.39
2227    8    41.53    30.58
2227    9    56.56    22.29
2227   10   114.72    18.19
2227   11   235.43     9.58
2227   12   153.49     6.59
2228    1   138.26     6.48
2228    2    45.45     9.09
2228    3   115.00    10.17
2228    4    82.92    11.90
2228    5    30.62    23.86
2228    6    64.39    27.45
2228    7    29.09    32.50
2228    8    11.32    30.81
2228    9    37.07    23.78
2228   10   175.45    18.13
2228   11    57.12    11.23
2228   12   188.65     7.40
2229    1   260.49     7.80
2229    2   206.23     6.34
2229    3   146.53     8.16
2229    4    89.81    16.05
2229    5   153.84    18.58
2229    6   151.33    27.16
2229    7    15.82    33.69
2229    8    14.93    30.09
2229    9    39.65    24.32
2229   10    98.81    17.99
2229   11   113.70    11.85
2229   12   108.83     4.41
2230    1   401.92     7.33
2230    2   109.96     7.06
2230    3   101.61     9.59
2230    4    65.42    16.61
2230    5   104.97    19.33
2230    6     8.20    26.34
2230    7    21.96    31.76
2230    8    41.77    31.64
2230    9    94.51    24.98
2230   10    77.14    16.17
2230   11   111.67    11.67
2230   12   182.15     6.86
2231    1   117.99     7.25
2231    2    44.76     8.59
2231    3    50.16    11.38
2231    4    78.00    12.75
2231    5    54.96    20.56
2231    6    63.79    28.66
2231    7    32.44    32.42
2231    8    21.33    32.85
2231    9    52.10    21.69
2231   10    54.95    16.02
2231   11   115.90    11.12
2231   12   287.61     7.50
2232    1   160.13     4.41
2232    2    59.84     8.63
2232    3   250.62     6.61
2232    4    77.78    11.25
2232    5    94.31    20.90
2232    6    77.22    24.55
2232    7     7.74    31.03
2232    8    47.78    29.43
2232    9    76.80    23.87
2232   10    46.11    17.18
2232   11   141.92    11.35
2232   12   291.15     8.43
2233    1   295.04     6.11
2233    2   134.73     6.84
2233    3   175.25     8.09
2233    4    74.21    14.23
2233    5    94.84    19.23
2233    6    83.09    26.93
2233    7    34.29    31.06
2233    8     4.27    33.70
2233    9    47.96    26.78
2233   10    86.29    15.74
2233   11   179.40    12.18
2233   12   162.92     7.91
2234    1   176.41     9.47
2234    2    54.35     8.04
2234    3    53.60    11.51
2234    4    70.97    11.33
2234    5    69.38    22.80
2234    6    49.23    30.02
2234    7    25.42    31.95
2234    8    77.43    28.58
2234    9    75.07    24.37
2234   10    37.70    15.86
2234   11   105.80    11.41
2234   12   204.05     7.41
2235    1    77.95     7.43
2235    2   103.85     8.63
2235    3   210.10     9.91
2235    4    75.77    12.46
2235    5    82.62    18.72
2235    6    96.83    23.74
2235    7     5.82    32.38
2235    8   182.80    29.12
2235    9    30.82    22.72
2235   10    85.94    17.79
2235   11   165.42     9.65
2235   12   185.20     6.62
2236    1    64.22     7.21
2236    2    95.99     6.96
2236    3   120.13    10.12
2236    4    39.97    13.85
2236    5   117.91    18.55
2236    6    64.02    26.42
2236    7    56.92    31.43
2236    8   114.86    30.98
2236    9    44.10    23.69
2236   10    55.91    16.75
2236   11    97.44    11.91
2236   12   196.26     8.09
2237    1   118.93     6.15
2237    2    72.71     7.58
2237    3    64.42    11.22
2237    4   110.16    12.78
2237    5   128.76    21.73
2237    6   160.65    24.89
2237    7    15.46    32.29
2237    8    64.55    30.43
2237    9    67.37    24.36
2237   10    57.60    15.91
2237   11   139.20     9.56
2237   12   164.82     7.41
2238    1   149.78     6.46
2238    2   206.25     8.84
2238    3    31.84    11.51
2238    4   101.16    17.94
2238    5   144.59    19.95
2238    6    38.68    29.28
2238    7     1.52    33.26
2238    8    39.85    31.57
2238    9    61.29    24.14
2238   10    52.07    17.11
2238   11    37.16    13.59
2238   12   125.09     8.24
2239    1   239.65     8.85
2239    2    83.08     6.74
2239    3    95.66    10.11
2239    4   103.76    13.69
2239    5    62.57    23.66
2239    6   100.98    27.27
2239    7     9.96    31.41
2239    8    58.07    29.57
2239    9    36.23    25.53
2239   10    20.52    20.44
2239   11   315.80    10.79
2239   12   106.35     8.15
2240    1   190.42     6.60
2240    2   137.02     7.95
2240    3    86.71     7.16
2240    4    37.33    13.34
2240    5   194.03    21.30
2240    6    73.47    25.90
2240    7    39.36    31.39
2240    8    34.56    31.17
2240    9    52.88    24.82
2240   10    35.05    19.44
2240   11   175.98    12.44
2240   12    47.59    10.80
2241    1    61.23     7.82
2241    2   109.81     9.77
2241    3   114.80     9.36
2241    4    60.05    12.47
2241    5   106.16    19.64
2241    6    91.73    25.25
2241    7    31.65    32.60
2241    8    17.29    30.41
2241    9   112.22    22.52
2241   10    59.88    16.45
2241   11    43.39    12.07
2241   12   160.91     9.18
2242    1   228.52     6.65
2242    2   141.44     6.44
2242    3   148.09     8.88
2242    4    73.34    15.21
2242    5    85.37    21.50
2242    6    57.97    28.81
2242    7    49.92    29.83
2242    8    44.88    33.10
2242    9    32.38    24.82
2242   10    61.00    16.39
2242   11    38.12    11.82
2242   12   195.96     9.17
2243    1   120.84     7.25
2243    2   104.25     8.72
2243    3    62.21    12.26
2243    4    70.68    16.70
2243    5   124.85    19.87
2243    6    85.12    26.64
2243    7    33.66    32.55
2243    8    17.34    32.36
2243    9    96.82    26.80
2243   10    36.14    17.69
2243   11   112.03    11.91
2243   12   239.07     9.41
2244    1   149.87     3.19
2244    2   127.83     9.63
2244    3   156.91     8.38
2244    4    78.59    13.07
2244    5    63.21    20.96
2244    6    54.29    28.84
2244    7    31.26    33.00
2244    8    67.07    29.90
2244    9    66.17    24.75
2244   10   142.31    14.18
2244   11   123.63     9.50
2244   12   190.07     7.53
2245    1   164.89     6.99
2245    2   143.55     7.58
2245    3    21.15    10.19
2245    4    54.03    12.99
2245    5   131.69    19.21
2245    6    29.99    27.09
2245    7    12.91    33.31
2245    8    48.58    30.97
2245    9    50.75    24.49
2245   10    50.07    15.31
2245   11   151.21    11.03
2245   12   223.70     8.33
2246    1   116.85     8.00
2246    2    96.10     6.60
2246    3    96.49     8.04
2246    4    67.63    12.53
2246    5   100.09    17.33
2246    6   129.34    27.73
2246    7    26.82    31.72
2246    8    51.20    31.24
2246    9    30.93    22.20
2246   10   104.56    15.46
2246   11   232.00    10.10
2246   12   234.92     7.35
2247    1   166.88     7.36
2247    2   282.50     5.54
2247    3   150.64     9.40
2247    4    40.59    14.49
2247    5    49.40    22.42
2247    6    74.36    28.28
2247    7    14.90    34.21
2247    8    25.00    32.94
2247    9    34.00    27.25
2247   10    63.60    18.36
2247   11    48.40    10.78
2247   12   169.94     8.64
2248    1   116.12     7.29
2248    2    49.03     7.97
2248    3    80.30     9.85
2248    4    94.66    16.71
2248    5   178.36    19.21
2248    6   226.97    26.29
2248    7    20.67    30.96
2248    8    31.33    30.11
2248    9    49.08    25.18
2248   10    52.58    15.82
2248   11   148.72    11.57
2248   12   138.32    10.36
2249    1    42.27     6.88
2249    2   128.14     4.70
2249    3    87.89     7.76
2249    4    51.88    14.23
2249    5    52.45    19.51
2249    6   161.30    24.52
2249    7    23.45    31.61
2249    8    48.64    28.93
2249    9   119.38    23.69
2249   10    14.53    17.60
2249   11   104.26    12.75
2249   12   285.80     7.80
2250    1   170.05     5.48
2250    2   159.10     5.33
2250    3   208.86     8.00
2250    4    67.71    17.88
2250    5    35.24    20.25
2250    6    49.47    28.52
2250    7    35.45    31.99
2250    8     6.55    34.22
2250    9    80.87    23.91
2250   10    52.47    15.82
2250   11   160.47    10.39
2250   12    62.40    10.14
2251    1   171.04     5.76
2251    2    47.39     6.07
2251    3    68.00    14.11
2251    4    50.95    17.26
2251    5    84.52    23.75
2251    6    71.94    30.03
2251    7     7.42    36.38
2251    8    17.43    31.61
2251    9    40.12    26.79
2251   10    71.80    15.91
2251   11   120.81    10.27
2251   12   213.74     7.00
2252    1   195.93     6.14
2252    2   165.24     7.03
2252    3   179.60     6.57
2252    4   147.50    13.02
2252    5   155.48    18.04
2252    6    71.37    26.11
2252    7    33.21    30.70
2252    8    59.52    31.11
2252    9    79.35    24.02
2252   10   100.65    18.22
2252   11   250.47    10.00
2252   12   260.04     8.28
2253    1   147.95     8.90
2253    2   112.22     7.75
2253    3   127.54     8.02
2253    4   138.96    12.37
2253    5    99.14    19.88
2253    6    23.43    24.84
2253    7    66.85    30.26
2253    8    35.13    30.67
2253    9    46.77    25.31
2253   10    38.37    16.62
2253   11    53.91    13.86
2253   12   205.94     9.77
2254    1    75.56     8.17
2254    2    27.51     7.54
2254    3   144.99     7.46
2254    4    86.61    14.54
2254    5   137.48    21.68
2254    6   104.69    26.96
2254    7     6.87    33.20
2254    8    28.16    32.47
2254    9    54.25    24.41
2254   10    25.38    17.08
2254   11   182.80    11.49
2254   12   116.22     7.17
2255    1   228.07     5.50
2255    2    75.28     6.61
2255    3   140.83     6.91
2255    4   129.19    13.29
2255    5   126.98    22.18
2255    6    53.37    24.51
2255    7   118.82    30.71
2255    8    93.73    29.76
2255    9    24.21    25.42
2255   10    69.88    15.02
2255   11    72.23    12.69
2255   12   196.75     7.82
2256    1   305.52     2.82
2256    2    83.62     7.39
2256    3    45.97     7.93
2256    4    96.04    12.80
2256    5    25.07    21.95
2256    6    71.08    29.25
2256    7    14.13    32.37
2256    8    32.96    32.39
2256    9    26.00    26.32
2256   10    68.34    16.51
2256   11   148.05    10.83
2256   12   129.90     8.56
2257    1   100.72     7.39
2257    2    79.44     8.65
2257    3   119.58     9.33
2257    4    80.86    15.11
2257    5   129.85    21.11
2257    6   160.03    26.10
2257    7     9.22    33.10
2257    8    13.72    33.79
2257    9    73.58    23.98
2257   10    78.81    14.43
2257   11    94.70    10.74
2257   12   143.89     7.31
2258    1    70.41     9.40
2258    2    56.20     8.54
2258    3   123.51     8.58
2258    4    77.11    12.50
2258    5    70.92    22.47
2258    6    47.74    27.21
2258    7     0.88    32.97
2258    8     4.74    33.30
2258    9    32.27    22.62
2258   10    72.86    17.41
2258   11    42.40    11.28
2258   12   292.87     7.35
2259    1   121.28     4.74
2259    2   152.93     6.22
2259    3   114.52     7.36
2259    4   108.58    13.09
2259    5   141.99    18.96
2259    6   132.98    25.22
2259    7    77.43    29.23
2259    8    35.60    30.24
2259    9    71.39    23.18
2259   10   112.62    15.69
2259   11    95.77    11.44
2259   12   231.93     4.98
2260    1   228.14     4.19
2260    2    55.39     7.19
2260    3   100.98     7.44
2260    4    99.84    16.22
2260    5    43.21    21.92
2260    6    40.01    26.13
2260    7     5.80    34.06
2260    8    11.14    33.00
2260    9    15.36    24.18
2260   10    61.88    15.31
2260   11    72.66     9.27
2260   12   184.14     7.30
2261    1   134.10     7.13
2261    2    78.20     8.57
2261    3    81.98     5.16
2261    4    52.80    13.58
2261    5   120.12    21.32
2261    6    85.23    29.02
2261    7    25.08    32.73
2261    8    39.19    32.47
2261    9   176.31    27.13
2261   10    81.33    16.68
2261   11   138.47    12.93
2261   12   177.21     7.47
2262    1   172.34     6.40
2262    2    91.08     6.91
2262    3   169.74     6.69
2262    4    27.18    14.45
2262    5    97.82    20.37
2262    6    86.12    27.69
2262    7    41.72    31.38
2262    8    43.26    31.46
2262    9    23.02    25.24
2262   10    83.57    18.17
2262   11   219.11    11.07
2262   12   279.86     7.60
2263    1   210.23     6.48
2263    2   264.20     5.60
2263    3    83.52     6.60
2263    4    42.60    14.89
2263    5   114.11    22.62
2263    6    98.43    25.71
2263    7     8.94    32.53
2263    8    17.33    33.69
2263    9    70.22    24.08
2263   10    69.14    17.98
2263   11    95.36    12.04
2263   12    78.82     8.66
2264    1   197.04     7.70
2264    2    89.86     6.22
2264    3   116.50     7.47
2264    4    23.21    15.81
2264    5    41.72    19.32
2264    6    37.95    25.70
2264    7     1.57    33.35
2264    8    43.41    30.45
2264    9    66.66    21.71
2264   10    78.12    17.96
2264   11   129.92    12.43
2264   12   129.17     7.18
2265    1   198.07     8.23
2265    2   135.86     9.10
2265    3   181.79     8.28
2265    4    79.25    14.71
2265    5   102.21    18.20
2265    6    66.25    28.95
2265    7    38.60    31.43
2265    8     4.27    34.49
2265    9    21.82    27.33
2265   10   158.63    17.10
2265   11   139.60    11.81
2265   12   105.54     9.25
2266    1   167.71     6.87
2266    2   133.94     7.80
2266    3   123.54     7.14
2266    4    37.35    14.38
2266    5    71.56    20.63
2266    6    81.59    28.90
2266    7    35.02    30.52
2266    8   128.03    29.99
2266    9    42.33    23.11
2266   10    55.82    17.77
2266   11    40.75    12.27
2266   12   277.33     9.23
2267    1   123.46     8.70
2267    2   100.15     7.10
2267    3    28.65    12.19
2267    4    60.28    16.80
2267    5   106.02    19.08
2267    6    15.31    27.91
2267    7    28.87    31.79
2267    8    21.71    31.54
2267    9    40.50    24.61
2267   10    44.07    19.30
2267   11    94.09    12.32
2267   12   232.93     8.96
2268    1   183.37     5.55
2268    2    50.99     7.00
2268    3   122.56     6.94
2268    4   129.31    16.24
2268    5    99.91    17.85
2268    6   119.44    27.31
2268    7    14.46    32.07
2268    8    12.58    33.59
2268    9    45.49    24.80
2268   10    99.47    18.71
2268   11    64.66    14.05
2268   12   189.90     7.08
2269    1   148.16     7.15
2269    2   133.28     7.15
2269    3   151.10     8.05
2269    4    75.85    13.08
2269    5    51.79    18.45
2269    6    89.45    28.85
2269    7    16.99    33.77
2269    8    16.44    32.84
2269    9    43.84    25.53
2269   10    49.98    16.08
2269   11   161.42    10.30
2269   12   114.08     5.91
2270    1   118.32     6.91
2270    2    70.39     4.84
2270    3   129.29     8.43
2270    4    42.93    14.97
2270    5   133.66    22.70
2270    6    32.27    28.87
2270    7    63.63    31.78
2270    8     3.08    33.37
2270    9    32.42    27.56
2270   10    55.57    19.01
2270   11   170.09    13.33
2270   12    72.17     5.57
2271    1   202.15     5.46
2271    2    83.52     6.90
2271    3   100.69     8.73
2271    4    89.06    13.42
2271    5    92.00    21.94
2271    6    94.67    26.53
2271    7    34.07    31.51
2271    8    28.31    32.69
2271    9    84.89    21.68
2271   10    63.40    15.58
2271   11    95.50    13.05
2271   12   184.05     7.72
2272    1   106.79     5.58
2272    2   134.40     6.92
2272    3    76.44     9.70
2272    4   115.53    14.60
2272    5   163.77    18.26
2272    6    80.70    28.52
2272    7    53.09    29.94
2272    8    12.93    31.04
2272    9    18.15    25.75
2272   10    32.91    15.85
2272   11    55.90    10.73
2272   12   152.03     8.40
2273    1   119.46     4.16
2273    2    93.11     7.62
2273    3   128.86     9.02
2273    4   117.63    10.36
2273    5   110.62    20.57
2273    6    54.50    28.55
2273    7    48.27    28.57
2273    8    12.49    32.29
2273    9    45.75    26.41
2273   10    71.62    19.43
2273   11   283.39     7.69
2273   12   185.31     6.78
2274    1   151.08     6.83
2274    2   169.80     5.49
2274    3   264.96     6.82
2274    4    98.78    14.24
2274    5    82.22    17.43
2274    6    25.62    24.37
2274    7     7.39    33.41
2274    8    33.74    31.00
2274    9    41.51    23.95
2274   10    18.32    19.87
2274   11    40.15    14.01
2274   12   336.04    10.22
2275    1   182.02     5.31
2275    2    77.21     9.93
2275    3    87.82    10.92
2275    4    77.86    14.51
2275    5    78.79    22.63
2275    6    39.63    29.17
2275    7    28.89    31.29
2275    8    19.19    33.28
2275    9   189.21    23.89
2275   10    55.07    15.60
2275   11   129.93    11.47
2275   12   120.77     9.36
2276    1   180.10     8.64
2276    2   292.44     6.14
2276    3   164.61     8.24
2276    4    17.63    18.37
2276    5   108.70    17.41
2276    6   104.89    27.95
2276    7    22.01    32.57
2276    8    52.32    31.95
2276    9    69.87    25.28
2276   10    39.93    18.55
2276   11   144.84    11.74
2276   12   142.35     7.89
2277    1   136.69     2.98
2277    2   110.06     7.15
2277    3    51.83    11.25
2277    4    56.58    13.75
2277    5   107.05    22.22
2277    6   110.88    25.64
2277    7    34.82    31.34
2277    8    48.99    30.96
2277    9    78.41    23.85
2277   10    49.73    16.71
2277   11    94.17    11.68
2277   12   120.94     8.08
2278    1    70.51     4.62
2278    2    54.68    10.03
2278    3   248.24    10.84
2278    4   189.56    10.60
2278    5   128.40    23.32
2278    6   142.06    25.04
2278    7    31.32    33.00
2278    8    32.56    30.98
2278    9    86.97    22.82
2278   10    69.77    16.26
2278   11    99.65    12.05
2278   12   114.69    10.38
2279    1   259.29     5.16
2279    2    44.97    10.44
2279    3    47.49    12.33
2279    4    64.94    17.97
2279    5   121.95    24.00
2279    6    67.30    26.85
2279    7    31.69    32.84
2279    8    20.09    31.15
2279    9    87.13    23.47
2279   10    12.52    18.50
2279   11   216.12    11.24
2279   12   153.41     9.60
2280    1   191.85     7.94
2280    2   200.75     6.37
2280    3   197.07     6.87
2280    4   153.15    12.83
2280    5   144.34    20.07
2280    6   125.09    27.16
2280    7    37.49    31.32
2280    8    34.82    32.34
2280    9    71.14    25.93
2280   10   143.36    17.75
2280   11    58.02    10.36
2280   12   139.94     7.77
2281    1   106.54     5.18
2281    2   100.01     7.27
2281    3    23.60     6.03
2281    4    62.40    12.87
2281    5   145.51    20.66
2281    6    95.77    24.41
2281    7    18.72    29.82
2281    8    10.11    31.78
2281    9    22.32    21.99
2281   10    50.87    15.95
2281   11    33.35     9.78
2281   12   120.26     7.90
2282    1   159.60     7.24
2282    2   100.76     6.78
2282    3   122.04     8.22
2282    4    17.16    17.13
2282    5    93.15    18.69
2282    6    69.56    29.05
2282    7    41.90    31.63
2282    8    59.41    28.32
2282    9    50.87    25.33
2282   10    84.45    18.35
2282   11   186.26    12.74
2282   12   105.24     8.44
2283    1    82.21     5.91
2283    2   131.77     6.89
2283    3    93.64     8.85
2283    4    73.07    13.65
2283    5    84.50    22.35
2283    6    67.47    28.93
2283    7    58.38    32.72
2283    8   120.49    31.58
2283    9    76.61    23.14
2283   10    91.16    15.92
2283   11   102.27    12.84
2283   12   180.84     6.74
2284    1   175.00     7.39
2284    2    93.68     8.91
2284    3    88.99     8.62
2284    4   146.64    11.33
2284    5   106.61    21.96
2284    6    47.54    28.61
2284    7    42.45    32.43
2284    8    44.61    33.24
2284    9    94.10    22.66
2284   10   104.95    16.02
2284   11    90.94     9.64
2284   12   288.99     9.51
2285    1   323.21     5.85
2285    2   133.32     4.96
2285    3   159.14     8.16
2285    4    27.12    15.98
2285    5   113.67    21.87
2285    6   123.44    26.21
2285    7    22.44    33.92
2285    8    54.22    30.27
2285    9    55.49    21.94
2285   10    52.35    16.58
2285   11    87.54    12.64
2285   12    79.42     7.17
2286    1    87.02     6.50
2286    2   144.39     8.54
2286    3   114.27     8.94
2286    4    83.57    11.72
2286    5    41.34    25.08
2286    6    80.61    27.67
2286    7    20.95    31.03
2286    8    59.47    29.28
2286    9   116.64    22.72
2286   10    72.93    14.07
2286   11    41.74    12.48
2286   12   175.50     9.77
2287    1   145.80     8.37
2287    2   192.85     5.83
2287    3   134.01     7.07
2287    4    49.55    14.68
2287    5   121.95    19.77
2287    6    99.45    28.58
2287    7    59.03    30.47
2287    8    12.45    32.84
2287    9    68.56    23.11
2287   10    81.73    19.20
2287   11    48.25    14.32
2287   12   224.24     7.14
2288    1   169.70     6.02
2288    2    61.46     7.87
2288    3    81.19     9.58
2288    4    60.22    19.20
2288    5   113.53    20.18
2288    6    50.49    27.41
2288    7    60.23    30.36
2288    8    29.52    32.27
2288    9    85.87    23.81
2288   10    33.43    16.79
2288   11   164.03    12.62
2288   12   184.79     6.32
2289    1   109.34     8.01
2289    2   282.09     8.18
2289    3    62.80     8.96
2289    4    78.73    12.20
2289    5    99.88    23.01
2289    6    68.19    25.12
2289    7     6.55    32.56
2289    8    37.92    31.57
2289    9    78.34    26.40
2289   10    51.92    17.23
2289   11    76.76    11.45
2289   12    55.71     9.39
2290    1   119.70     8.96
2290    2   129.79     8.56
2290    3   127.02     9.58
2290    4   150.45    15.49
2290    5   188.88    20.14
2290    6   127.61    27.15
2290    7     5.22    33.50
2290    8     7.48    30.82
2290    9    52.62    23.89
2290   10    71.61    19.52
2290   11    34.52    13.30
2290   12    78.98     7.75
2291    1   179.86     9.23
2291    2    61.67     6.49
2291    3   106.87    10.77
2291    4    84.37    12.69
2291    5    44.58    20.67
2291    6    64.23    26.89
2291    7     1.63    33.60
2291    8    95.08    32.47
2291    9    55.08    22.02
2291   10    30.29    14.29
2291   11    65.67    13.92
2291   12    55.96    10.26
2292    1   189.00     9.34
2292    2    39.83     8.29
2292    3    90.92     8.58
2292    4    44.55    14.37
2292    5    55.14    22.47
2292    6   101.36    26.61
2292    7    38.74    32.10
2292    8    26.31    32.93
2292    9    40.81    26.70
2292   10    59.39    18.78
2292   11   112.15    12.97
2292   12   162.61     9.83
2293    1   163.52     6.73
2293    2   127.13     8.72
2293    3   132.14     9.01
2293    4    93.85    15.00
2293    5   159.04    18.67
2293    6   159.52    26.36
2293    7    87.26    29.12
2293    8    20.16    31.15
2293    9   115.40    24.61
2293   10   102.58    16.99
2293   11    70.89    11.27
2293   12   134.80     9.21
2294    1   157.40     4.44
2294    2   113.59     7.90
2294    3   145.96     9.36
2294    4    10.98    19.45
2294    5    81.03    21.37
2294    6    74.03    26.89
2294    7    67.58    31.14
2294    8    34.01    32.76
2294    9    53.87    25.35
2294   10   111.42    17.62
2294   11    61.44    13.45
2294   12   154.12     9.84
2295    1   184.77     6.37
2295    2    70.55     9.91
2295    3    85.99    12.08
2295    4   136.55    14.67
2295    5    46.45    23.77
2295    6   136.26    26.68
2295    7    47.03    30.87
2295    8    39.66    31.20
2295    9    56.81    21.85
2295   10    42.65    16.56
2295   11   123.08     9.20
2295   12   103.84     8.27
2296    1   173.32     8.01
2296    2   147.21     9.52
2296    3   127.15     9.56
2296    4   128.97    11.07
2296    5    91.13    21.46
2296    6   117.95    26.75
2296    7    76.69    31.57
2296    8    47.38    31.27
2296    9    34.03    26.19
2296   10   108.51    19.73
2296   11   408.89    12.71
2296   12   130.26     8.72
2297    1   361.38     5.59
2297    2   111.93     9.35
2297    3   307.67     5.83
2297    4    32.82    18.40
2297    5    53.99    21.78
2297    6    92.91    26.01
2297    7    51.15    32.49
2297    8    30.12    28.60
2297    9    77.28    22.94
2297   10    96.32    19.11
2297   11   190.58     9.70
2297   12   118.12     8.71
2298    1    96.83     6.28
2298    2    75.18     6.12
2298    3    47.63     9.15
2298    4   124.56    13.31
2298    5    40.27    20.42
2298    6   128.52    26.05
2298    7    42.54    33.55
2298    8    22.83    29.64
2298    9    46.63    24.10
2298   10    83.92    18.77
2298   11   169.97    12.35
2298   12   142.21     8.05
2299    1   140.62     6.52
2299    2    93.41     9.21
2299    3    74.40    10.52
2299    4    92.93    15.09
2299    5    91.11    20.10
2299    6    81.34    24.31
2299    7    41.22    28.92
2299    8    26.58    31.31
2299    9    66.15    25.71
2299   10    45.40    14.42
2299   11   137.97    10.43
2299   12   213.82     6.73
2300    1   228.46     4.77
2300    2   156.66     6.63
2300    3    51.85    11.58
2300    4    30.36    16.29
2300    5   104.50    20.54
2300    6    80.56    28.83
2300    7     8.82    32.81
2300    8     2.23    33.58
2300    9    22.50    24.51
2300   10    48.49    18.07
2300   11   140.27     9.92
2300   12   114.66     7.34
