2006    1    31.85     6.19
2006    2    78.57     5.27
2006    3    51.92     9.00
2006    4    46.63    10.62
2006    5    74.94    16.53
2006    6    41.00    22.08
2006    7     8.77    25.34
2006    8     1.76    23.92
2006    9    16.04    18.72
2006   10    18.04    13.54
2006   11    39.71     8.69
2006   12    59.00     5.72
2007    1    81.30     4.34
2007    2    31.36     5.39
2007    3    41.20     8.52
2007    4    42.82    11.52
2007    5    69.23    16.52
2007    6    39.16    20.40
2007    7     3.85    24.35
2007    8     3.69    26.89
2007    9    11.20    21.51
2007   10    66.82    13.51
2007   11    32.45     9.31
2007   12    26.12     6.93
2008    1    19.43     7.36
2008    2     8.93     6.20
2008    3    97.50     7.36
2008    4    40.20    10.56
2008    5    63.93    16.39
2008    6    69.55    20.31
2008    7    10.65    23.31
2008    8    26.77    23.20
2008    9    11.87    16.30
2008   10    27.32    13.43
2008   11    34.02     6.25
2008   12    11.79     6.50
2009    1    22.16     6.55
2009    2    47.14     6.00
2009    3   134.13     6.36
2009    4    48.36     9.59
2009    5    31.90    18.20
2009    6    62.37    20.74
2009    7    15.06    25.77
2009    8    25.87    21.90
2009    9    31.44    16.51
2009   10    21.33    13.47
2009   11    14.15    11.31
2009   12    74.03     4.07
2010    1    28.59     4.76
2010    2    55.86     5.69
2010    3    64.76     9.77
2010    4    77.95     9.88
2010    5    65.88    16.46
2010    6    53.73    22.13
2010    7    16.62    23.34
2010    8     1.96    22.89
2010    9    11.28    17.81
2010   10    56.79    12.35
2010   11    14.92     8.13
2010   12    35.69     4.82
2011    1    17.25     3.43
2011    2    27.04     6.87
2011    3   110.72     6.94
2011    4    20.23    12.70
2011    5    39.40    17.81
2011    6    73.48    20.73
2011    7    12.99    24.15
2011    8     6.45    21.95
2011    9    11.73    18.33
2011   10    66.73    11.82
2011   11    28.98     9.17
2011   12    21.85     7.16
2012    1    37.64     5.42
2012    2    22.62     6.60
2012    3    37.86     6.41
2012    4    34.15    13.52
2012    5    64.42    18.44
2012    6    62.08    19.60
2012    7    17.35    25.39
2012    8    45.47    22.82
2012    9    10.40    20.54
2012   10   102.57    11.62
2012   11    30.67    11.46
2012   12    26.68     3.94
2013    1   146.91     1.88
2013    2    57.23     2.45
2013    3    53.20     5.76
2013    4    81.74     9.65
2013    5    67.27    14.64
2013    6    49.67    21.36
2013    7    11.45    24.67
2013    8     2.42    21.41
2013    9    43.11    17.52
2013   10     8.64    13.62
2013   11    77.74     8.25
2013   12    74.40     4.39
2014    1    89.97     2.81
2014    2    33.94     6.95
2014    3    68.89     5.47
2014    4    63.86    12.29
2014    5    47.83    17.49
2014    6    19.14    21.52
2014    7     8.43    23.55
2014    8    11.38    22.84
2014    9    28.45    19.43
2014   10    84.74    12.89
2014   11    15.69    11.02
2014   12   100.35     4.80
2015    1    12.88     5.92
2015    2    24.72     5.83
2015    3    51.53     6.93
2015    4    47.94    10.27
2015    5    66.09    17.19
2015    6    19.94    22.52
2015    7    11.12    26.12
2015    8    11.90    24.33
2015    9     1.79    20.61
2015   10    84.00    13.90
2015   11    46.30     8.53
2015   12    34.83     5.89
2016    1    80.79     6.66
2016    2    40.21     3.75
2016    3    66.53     6.38
2016    4    71.36    10.95
2016    5    72.78    14.82
2016    6    39.29    21.06
2016    7    14.23    24.35
2016    8     6.56    21.30
2016    9    14.67    18.89
2016   10    65.87    13.53
2016   11    15.33     8.29
2016   12    13.12     7.92
2017    1    16.41     6.90
2017    2    28.86     6.97
2017    3    42.78     7.13
2017    4    69.59    12.18
2017    5    43.98    18.05
2017    6    12.66    21.18
2017    7     2.58    23.91
2017    8    32.83    20.94
2017    9    19.11    16.36
2017   10    10.61    13.53
2017   11    23.63     9.60
2017   12    24.58     6.54
2018    1    30.77     4.78
2018    2    23.38     7.50
2018    3    56.77     8.92
2018    4   108.67    10.35
2018    5    72.06    17.24
2018    6    42.00    19.86
2018    7     0.65    23.70
2018    8     7.09    23.81
2018    9    36.68    16.54
2018   10    20.08    13.58
2018   11    41.50    10.33
2018   12    19.18     7.91
2019    1    63.03     5.31
2019    2    31.44     6.84
2019    3    29.72     9.28
2019    4    56.90    14.29
2019    5    74.68    17.09
2019    6    13.76    22.86
2019    7     6.93    24.38
2019    8    15.54    25.55
2019    9    17.29    19.47
2019   10    22.48    13.31
2019   11    37.62     9.12
2019   12    13.37     8.28
2020    1    25.58     7.79
2020    2    67.21     8.95
2020    3    62.83     8.35
2020    4    39.58    11.58
2020    5    51.05    16.81
2020    6    52.24    20.96
2020    7     4.54    24.29
2020    8     7.43    23.31
2020    9    16.30    18.60
2020   10    51.67    13.43
2020   11    32.66    10.30
2020   12    22.54     7.69
2021    1    30.27     5.46
2021    2    20.04     8.13
2021    3    98.91     7.49
2021    4    12.01    13.58
2021    5    62.80    18.58
2021    6    24.34    22.17
2021    7     1.48    26.89
2021    8     1.02    24.22
2021    9    18.52    20.80
2021   10    28.39    14.03
2021   11    28.05    10.70
2021   12    45.59     7.35
2022    1    57.38     4.24
2022    2    22.00     5.01
2022    3    86.14     7.55
2022    4    84.72    11.06
2022    5    34.88    17.42
2022    6    63.06    21.44
2022    7    15.95    24.60
2022    8     9.09    24.49
2022    9     6.32    19.17
2022   10    64.29    13.04
2022   11    74.17     8.58
2022   12    41.69     5.65
2023    1    22.62     4.16
2023    2    25.11     6.37
2023    3    38.87     7.59
2023    4    37.57    15.05
2023    5    51.89    18.37
2023    6    42.77    21.76
2023    7     8.03    28.33
2023    8     3.37    22.78
2023    9    11.48    20.09
2023   10    14.81    15.05
2023   11    18.05    11.56
2023   12    36.48     8.20
2024    1    41.74     6.20
2024    2    50.22     5.41
2024    3    21.33    11.58
2024    4    38.57    13.61
2024    5    51.30    18.70
2024    6    43.44    22.47
2024    7     7.62    25.06
2024    8    11.32    23.41
2024    9    25.71    19.13
2024   10    39.76    14.87
2024   11   158.96     7.50
2024   12    34.27     6.11
2025    1    16.85     6.56
2025    2    88.85     5.96
2025    3    55.79     8.79
2025    4    67.98    12.68
2025    5    45.30    17.53
2025    6    37.79    22.26
2025    7    14.86    24.14
2025    8     1.60    23.21
2025    9    13.05    18.76
2025   10    29.63    12.97
2025   11    44.84     9.09
2025   12    32.82     5.26
2026    1    43.37     3.28
2026    2    69.87     4.97
2026    3    40.58     7.62
2026    4   115.02     9.94
2026    5    59.21    15.22
2026    6    37.82    21.66
2026    7     4.73    25.36
2026    8     2.03    24.01
2026    9    46.69    18.27
2026   10    77.10    14.07
2026   11    32.08     9.30
2026   12    21.08     6.72
2027    1    29.66     6.67
2027    2    36.79     7.17
2027    3   123.31     6.14
2027    4    57.51     9.99
2027    5    31.33    16.07
2027    6    37.93    22.44
2027    7    30.79    24.49
2027    8     6.88    23.63
2027    9     4.30    20.71
2027   10    47.78    15.24
2027   11    71.08     8.48
2027   12    80.20     6.46
2028    1   134.43     1.09
2028    2    33.38     6.07
2028    3    82.78     7.99
2028    4    60.38    12.14
2028    5    51.45    16.52
2028    6    45.60    21.80
2028    7     2.94    24.88
2028    8    17.01    23.01
2028    9     7.75    18.33
2028   10     7.40    12.57
2028   11    65.42     9.45
2028   12    41.50     5.61
2029    1    15.61     6.86
2029    2    21.47     6.16
2029    3    30.77     9.09
2029    4    85.59    12.64
2029    5    46.82    16.75
2029    6    38.73    22.37
2029    7    13.21    24.64
2029    8    10.15    23.66
2029    9    14.59    19.37
2029   10    30.84    15.66
2029   11    53.68     9.52
2029   12    34.74     6.67
2030    1    32.63     7.45
2030    2    51.85     4.73
2030    3   102.86     7.29
2030    4    38.35    12.29
2030    5    62.44    17.79
2030    6    28.73    22.53
2030    7     0.82    25.21
2030    8    14.67    22.89
2030    9    11.32    18.85
2030   10    18.51    14.82
2030   11    42.45     9.99
2030   12    33.17     7.91
2031    1    11.35     8.25
2031    2    33.93     6.99
2031    3    35.14    12.28
2031    4    86.29    10.60
2031    5   120.85    15.78
2031    6    15.97    23.53
2031    7     6.26    26.10
2031    8     6.78    25.02
2031    9    30.15    19.78
2031   10    11.63    16.45
2031   11    71.38    11.56
2031   12    29.03     7.86
2032    1    48.79     5.45
2032    2    45.16     5.88
2032    3    53.98     9.11
2032    4   113.84    11.60
2032    5   127.20    16.17
2032    6    35.36    20.14
2032    7    79.61    25.42
2032    8     6.44    25.08
2032    9     8.85    19.52
2032   10    36.01    15.83
2032   11    14.92    12.29
2032   12    21.44     6.48
2033    1    42.22     2.84
2033    2    30.61     7.86
2033    3    34.85    10.52
2033    4   100.56    10.90
2033    5    71.78    18.55
2033    6    25.13    23.20
2033    7    10.38    25.05
2033    8     4.55    24.09
2033    9    10.39    20.97
2033   10    48.58    14.07
2033   11    99.40     8.73
2033   12    17.33     6.55
2034    1    43.58     4.04
2034    2    34.47     7.43
2034    3    37.68     9.08
2034    4    71.11    11.90
2034    5    68.79    15.06
2034    6    35.42    20.83
2034    7     7.31    25.72
2034    8     5.08    23.64
2034    9    15.48    20.12
2034   10    47.13    13.62
2034   11    27.65    10.61
2034   12    30.17     7.25
2035    1   116.06     5.01
2035    2    69.45     7.76
2035    3    58.89     8.04
2035    4    55.10    12.42
2035    5    62.87    19.13
2035    6    24.70    22.10
2035    7     8.26    22.84
2035    8     4.02    22.07
2035    9    15.25    19.53
2035   10    80.37    16.13
2035   11    54.03     9.62
2035   12    13.96     8.87
2036    1    16.69     6.60
2036    2    89.03     6.09
2036    3    38.94     9.76
2036    4    55.63    12.78
2036    5    35.97    19.09
2036    6    27.70    24.16
2036    7    20.12    24.92
2036    8    17.00    22.66
2036    9     3.16    20.31
2036   10    73.02    14.06
2036   11    31.88     7.53
2036   12    45.72     4.97
2037    1    65.39     4.50
2037    2    30.94     8.12
2037    3    48.58     9.93
2037    4    42.59    13.49
2037    5    50.11    16.99
2037    6    35.48    20.98
2037    7    16.11    24.72
2037    8    10.46    22.97
2037    9    21.17    17.68
2037   10    57.92    15.62
2037   11    73.37     9.48
2037   12    63.91     6.30
2038    1    19.92     6.40
2038    2    49.23     6.01
2038    3    36.76     9.60
2038    4    88.35    11.07
2038    5    59.92    15.90
2038    6    22.71    21.85
2038    7    23.07    24.49
2038    8     5.02    24.20
2038    9    19.77    19.89
2038   10    53.49    11.72
2038   11    21.25     8.84
2038   12     7.93     7.75
2039    1    32.96     5.59
2039    2    59.14     5.55
2039    3    31.66     8.48
2039    4    18.59    14.55
2039    5    73.39    18.20
2039    6    41.20    21.69
2039    7     1.28    24.69
2039    8     2.29    23.31
2039    9    11.43    18.64
2039   10    88.28    13.58
2039   11    33.05     9.74
2039   12    24.24     7.63
2040    1    24.53     6.48
2040    2    23.88     5.40
2040    3    44.50     9.24
2040    4    75.13    13.35
2040    5    71.82    18.03
2040    6    31.85    23.15
2040    7    10.98    24.94
2040    8     7.62    25.56
2040    9    16.90    19.82
2040   10   133.24    11.70
2040   11    22.16    11.06
2040   12    21.42     8.32
2041    1    35.81     8.27
2041    2    41.29     6.44
2041    3    67.58     6.09
2041    4    24.47    14.57
2041    5    70.84    17.28
2041    6    45.10    21.81
2041    7     5.14    23.37
2041    8     0.91    24.60
2041    9    36.44    18.52
2041   10    25.21    15.34
2041   11    17.21    11.96
2041   12   126.02     7.01
2042    1    45.48     6.24
2042    2    25.72     7.70
2042    3    24.24     9.35
2042    4    33.35    12.30
2042    5    45.97    19.03
2042    6    13.23    23.47
2042    7     8.45    27.04
2042    8     3.89    25.21
2042    9    39.06    19.19
2042   10   106.95    14.04
2042   11    51.80    10.82
2042   12    57.04     5.13
2043    1    51.49     7.16
2043    2    34.28     7.44
2043    3    35.21     9.29
2043    4    62.02    13.04
2043    5    33.63    18.56
2043    6    40.14    23.35
2043    7    13.15    24.29
2043    8    41.62    23.88
2043    9     9.69    20.48
2043   10    23.92    13.76
2043   11    33.63    10.76
2043   12    36.03     7.86
2044    1   124.21     5.96
2044    2    50.47     8.18
2044    3    23.79    11.31
2044    4    47.09    14.43
2044    5    83.97    17.15
2044    6    47.87    22.44
2044    7    15.84    25.35
2044    8     4.95    25.12
2044    9     8.19    20.38
2044   10    28.02    15.14
2044   11    32.48    12.02
2044   12    26.96     7.62
2045    1    28.54     8.29
2045    2    53.55     6.91
2045    3    66.68     8.49
2045    4    55.12    11.04
2045    5    83.89    17.73
2045    6    30.88    21.88
2045    7    10.38    26.56
2045    8    15.81    25.60
2045    9    29.79    20.42
2045   10    63.01    14.16
2045   11    18.43    10.01
2045   12    32.22     8.46
2046    1    17.63     6.66
2046    2    17.80     6.12
2046    3    24.84     8.87
2046    4   162.55    10.56
2046    5    40.76    17.44
2046    6    69.51    22.08
2046    7     8.61    26.85
2046    8    10.54    23.79
2046    9     2.87    20.52
2046   10    30.19    14.18
2046   11    28.60     9.92
2046   12    25.45     6.97
2047    1    19.06     6.46
2047    2    48.96     8.92
2047    3    58.79     9.79
2047    4    53.46    12.55
2047    5   104.88    16.14
2047    6    48.28    21.98
2047    7    13.78    24.29
2047    8     8.37    25.12
2047    9    23.44    18.93
2047   10    28.92    17.62
2047   11    39.17    11.43
2047   12    35.57     9.01
2048    1    98.14     7.36
2048    2    54.39     8.29
2048    3    38.48    10.35
2048    4   114.21    12.45
2048    5    51.78    17.43
2048    6    50.40    21.68
2048    7     0.85    25.25
2048    8     0.94    23.73
2048    9    27.92    19.61
2048   10    16.01    15.97
2048   11    23.27    11.44
2048   12    73.31     7.84
2049    1    28.43     6.84
2049    2    55.78     7.10
2049    3   110.83     8.84
2049    4    65.85    12.16
2049    5    73.21    18.15
2049    6    40.25    20.68
2049    7     3.06    26.02
2049    8     3.75    25.27
2049    9    44.68    19.06
2049   10    45.99    14.75
2049   11    45.06    11.82
2049   12    41.80     9.40
2050    1    29.39     7.08
2050    2    20.00     7.45
2050    3    30.34    10.73
2050    4   125.33    11.07
2050    5    78.93    17.71
2050    6    96.05    20.46
2050    7     9.95    25.01
2050    8    11.03    23.12
2050    9    12.55    18.33
2050   10    36.17    15.42
2050   11    63.90     8.99
2050   12    81.49     7.44
2051    1    44.25     6.88
2051    2    20.47     6.89
2051    3   121.21     8.73
2051    4    39.16    14.64
2051    5    18.52    18.19
2051    6    49.94    22.58
2051    7    13.96    24.48
2051    8    13.97    22.82
2051    9    17.66    19.74
2051   10    61.43    13.32
2051   11    85.26    10.21
2051   12    28.71     8.48
2052    1    35.41     5.28
2052    2    36.05     6.01
2052    3    29.59    10.51
2052    4   102.30    12.09
2052    5    90.24    18.11
2052    6    27.74    21.90
2052    7     6.30    27.47
2052    8     2.47    26.86
2052    9    45.35    20.23
2052   10    82.50    12.95
2052   11    25.27    10.03
2052   12    44.37     6.57
2053    1    24.33     4.79
2053    2    28.77     6.88
2053    3    71.03     9.09
2053    4    80.58    12.13
2053    5    78.22    17.97
2053    6    14.77    21.71
2053    7     4.65    25.87
2053    8     1.02    25.13
2053    9    12.17    17.66
2053   10    55.30    13.34
2053   11    88.55    10.64
2053   12    14.20     7.84
2054    1   100.14     3.57
2054    2    24.68     4.83
2054    3    49.79     8.04
2054    4    45.60    12.24
2054    5    27.98    17.93
2054    6    42.76    20.95
2054    7    10.90    23.34
2054    8    21.67    24.16
2054    9    10.80    18.64
2054   10    27.58    14.55
2054   11    19.82     9.47
2054   12    22.17     7.41
2055    1    34.93     6.78
2055    2    29.04     7.56
2055    3    33.84     7.81
2055    4    37.27    15.11
2055    5    33.60    19.30
2055    6    34.62    25.83
2055    7    15.51    25.33
2055    8    11.69    23.40
2055    9     7.92    20.02
2055   10    15.46    15.33
2055   11    57.30    11.63
2055   12    92.09     8.81
2056    1    76.83     3.93
2056    2    52.03     8.03
2056    3    37.88     7.58
2056    4    50.99    12.91
2056    5    84.10    17.40
2056    6    63.62    24.15
2056    7    10.59    24.80
2056    8     8.61    23.58
2056    9    11.37    18.81
2056   10    29.11    15.00
2056   11    17.44    11.70
2056   12    52.05     6.79
2057    1    27.68     5.99
2057    2   123.81     6.00
2057    3    23.14     9.92
2057    4    63.06    12.98
2057    5    75.66    17.64
2057    6    37.80    21.90
2057    7     7.07    25.95
2057    8     2.67    25.32
2057    9     6.69    20.15
2057   10    12.39    15.23
2057   11    58.68    10.86
2057   12    23.30    10.01
2058    1    26.48     7.00
2058    2    34.39     5.55
2058    3   135.27     7.86
2058    4    81.22    11.50
2058    5    50.57    17.96
2058    6    70.24    22.12
2058    7     7.94    27.76
2058    8     1.47    25.24
2058    9     6.40    19.82
2058   10    51.85    13.01
2058   11    37.74    10.12
2058   12    14.04     8.74
2059    1    33.99     7.45
2059    2    52.97     8.16
2059    3    55.32     9.52
2059    4    70.98    12.32
2059    5    63.91    18.43
2059    6    10.72    20.98
2059    7     3.68    24.04
2059    8    22.73    24.51
2059    9    13.39    21.10
2059   10    71.54    14.74
2059   11    72.44     9.80
2059   12    77.43     7.38
2060    1    19.42     6.97
2060    2    51.75     6.68
2060    3    61.17     8.07
2060    4    44.51    13.39
2060    5    83.47    18.31
2060    6    75.94    20.35
2060    7    10.99    24.49
2060    8    20.36    23.15
2060    9    10.18    19.39
2060   10    77.32    12.74
2060   11    81.19    10.22
2060   12    25.19     6.81
2061    1    43.62     4.73
2061    2   135.93     2.67
2061    3    45.99     8.78
2061    4    64.20    11.56
2061    5    40.18    19.39
2061    6    20.06    24.82
2061    7    33.08    25.31
2061    8     2.19    23.80
2061    9    22.16    22.19
2061   10    23.91    13.47
2061   11    20.38     9.44
2061   12    54.77     7.91
2062    1    36.62     5.89
2062    2    37.03     8.22
2062    3    52.50    10.44
2062    4    81.64    11.91
2062    5    63.72    16.55
2062    6    50.82    21.74
2062    7     4.80    24.47
2062    8     8.95    23.96
2062    9    22.87    18.18
2062   10    22.38    13.99
2062   11    17.96    10.58
2062   12    55.43     8.97
2063    1    17.23     6.96
2063    2    21.87     6.63
2063    3    89.68     7.86
2063    4   100.44    11.68
2063    5    46.63    19.27
2063    6    68.38    22.27
2063    7    29.70    24.09
2063    8    11.99    23.62
2063    9    23.94    18.39
2063   10    13.08    15.71
2063   11    66.48    10.30
2063   12    35.04     7.93
2064    1    49.10     6.83
2064    2    38.38     6.92
2064    3    94.45     7.74
2064    4    42.80    14.67
2064    5    75.65    18.38
2064    6    66.59    22.11
2064    7     7.59    24.99
2064    8     7.98    22.98
2064    9    20.31    19.90
2064   10    16.78    13.61
2064   11    84.76     9.67
2064   12    15.52     8.19
2065    1    14.29     7.37
2065    2    31.85     7.63
2065    3    40.44     8.77
2065    4    50.75    12.35
2065    5   104.54    19.25
2065    6    47.39    22.57
2065    7    13.68    27.35
2065    8     9.63    24.67
2065    9    16.07    19.72
2065   10    69.29    13.93
2065   11    37.52    10.20
2065   12    41.02     6.81
2066    1    44.01     5.59
2066    2    47.06     5.53
2066    3    31.15     9.77
2066    4    87.32     9.23
2066    5    52.57    18.18
2066    6    40.84    23.40
2066    7    10.77    23.68
2066    8    11.26    22.79
2066    9    54.06    19.09
2066   10    21.01    14.26
2066   11    73.85    10.15
2066   12    22.52     7.31
2067    1    21.75     7.53
2067    2    60.37     6.37
2067    3    65.42     9.44
2067    4    44.85    14.01
2067    5    71.96    17.59
2067    6    50.45    23.60
2067    7     6.62    26.37
2067    8     3.30    25.86
2067    9    18.96    19.93
2067   10    32.65    15.22
2067   11   119.29    10.86
2067   12    51.29     8.40
2068    1    64.28     2.18
2068    2    28.92     6.97
2068    3    98.07     8.62
2068    4    35.29    13.55
2068    5   162.24    16.23
2068    6     6.74    24.39
2068    7    10.11    26.96
2068    8    18.28    23.31
2068    9    16.31    17.80
2068   10    27.46    13.14
2068   11    15.41    10.89
2068   12    27.51     8.63
2069    1    61.84     4.52
2069    2    17.89     7.99
2069    3    48.50     7.39
2069    4    37.78    13.14
2069    5   114.22    18.15
2069    6    24.72    21.94
2069    7    14.14    26.31
2069    8     7.24    23.68
2069    9     4.78    21.11
2069   10    65.00    12.81
2069   11    88.24     9.57
2069   12    45.36     7.08
2070    1    23.15     6.67
2070    2    17.61     6.30
2070    3    22.68     8.58
2070    4    68.63    13.42
2070    5    95.53    17.66
2070    6    38.47    22.98
2070    7    20.72    25.41
2070    8     2.68    25.35
2070    9    19.08    19.49
2070   10    68.39    14.21
2070   11    15.19    10.33
2070   12    25.15     7.61
2071    1     7.16     8.63
2071    2    58.49     4.32
2071    3    70.09     7.42
2071    4   114.90    13.07
2071    5    28.86    17.86
2071    6    26.56    24.28
2071    7     2.49    25.40
2071    8    22.78    22.77
2071    9    38.06    16.86
2071   10    31.17    11.43
2071   11    26.20     8.98
2071   12    28.10     7.23
2072    1    13.80     6.60
2072    2    46.51     6.51
2072    3    61.80     9.70
2072    4    51.65    13.06
2072    5    37.07    18.27
2072    6    58.37    22.67
2072    7    24.37    24.41
2072    8     2.98    24.87
2072    9    16.92    20.32
2072   10    59.05    12.58
2072   11    22.81    11.40
2072   12    22.13     8.73
2073    1    32.22     8.00
2073    2    23.67     7.54
2073    3    35.73     7.18
2073    4    20.25    13.80
2073    5    41.70    20.29
2073    6    15.52    23.26
2073    7     2.69    24.15
2073    8     5.66    23.45
2073    9    47.04    18.99
2073   10    33.67    13.80
2073   11    24.98    10.01
2073   12    30.86     4.35
2074    1    13.64     8.60
2074    2    62.58     6.44
2074    3    33.16    10.24
2074    4    26.71    14.98
2074    5    86.36    19.02
2074    6    22.31    23.63
2074    7     5.93    26.62
2074    8     6.09    26.99
2074    9     4.39    21.23
2074   10    52.61    15.06
2074   11    38.75    10.37
2074   12    49.19     7.72
2075    1    59.25     5.63
2075    2    54.25     5.49
2075    3    76.74     8.19
2075    4    54.40    13.14
2075    5    43.94    19.91
2075    6    11.89    22.30
2075    7    12.17    25.60
2075    8     7.97    23.44
2075    9    19.97    20.73
2075   10   236.54    13.62
2075   11   109.83     9.31
2075   12    25.46     7.99
2076    1    45.90     4.06
2076    2    43.34     7.46
2076    3    29.01     9.69
2076    4    56.20    13.34
2076    5    95.81    16.38
2076    6    43.86    22.93
2076    7    17.58    25.78
2076    8    17.00    23.38
2076    9    14.64    19.87
2076   10    14.84    17.22
2076   11    35.89    10.01
2076   12    33.82     8.06
2077    1    12.44     7.84
2077    2    22.91     7.15
2077    3    36.28    10.39
2077    4    71.31    14.09
2077    5    83.09    15.91
2077    6    31.28    23.85
2077    7    19.47    24.87
2077    8    35.50    23.70
2077    9     8.87    20.30
2077   10    96.59    13.34
2077   11    49.86     9.03
2077   12    16.35     9.74
2078    1    22.45     7.94
2078    2    49.41     6.81
2078    3    52.84    10.44
2078    4    40.86    12.01
2078    5   127.91    16.43
2078    6    23.39    23.65
2078    7     7.41    24.19
2078    8     9.36    24.31
2078    9    16.32    20.43
2078   10    78.65    14.93
2078   11    26.13    11.89
2078   12    37.47     8.75
2079    1    35.77     5.92
2079    2    41.95     8.61
2079    3    44.06    10.28
2079    4    94.34    13.70
2079    5    75.92    18.88
2079    6    21.85    21.78
2079    7     8.76    25.78
2079    8    15.07    24.62
2079    9    51.42    19.45
2079   10    31.22    14.41
2079   11     9.70    12.05
2079   12    27.21     8.67
2080    1    44.69     6.37
2080    2    99.09     8.14
2080    3    61.24    10.16
2080    4    36.55    13.45
2080    5    56.85    18.74
2080    6    39.66    21.97
2080    7     7.36    25.57
2080    8    11.63    25.39
2080    9    51.89    20.12
2080   10    77.33    12.11
2080   11   164.73    10.02
2080   12   144.60     7.51
2081    1    28.35     6.74
2081    2    27.12     8.78
2081    3    60.78     9.07
2081    4   108.02    12.31
2081    5   118.07    15.19
2081    6    14.85    21.48
2081    7     7.00    26.00
2081    8     6.54    24.66
2081    9     7.73    18.82
2081   10    14.93    13.89
2081   11    66.18    10.82
2081   12    19.05     7.08
2082    1    25.93     8.75
2082    2    33.40     8.19
2082    3    36.57     7.72
2082    4    93.37    11.42
2082    5    62.42    18.67
2082    6    20.34    24.04
2082    7     3.21    24.68
2082    8    10.26    24.71
2082    9    26.53    18.73
2082   10    95.18    14.36
2082   11    52.60     8.91
2082   12    29.80     6.82
2083    1    46.74     6.03
2083    2   131.09     5.34
2083    3    32.59    10.78
2083    4    31.38    15.21
2083    5    57.40    18.67
2083    6    50.80    21.28
2083    7     6.43    26.04
2083    8    17.95    23.44
2083    9    15.88    16.94
2083   10    27.45    13.37
2083   11    18.02     8.77
2083   12    17.91     8.43
2084    1    16.31     6.49
2084    2    66.61     7.55
2084    3    79.83     9.46
2084    4    52.58    13.86
2084    5    33.87    20.35
2084    6    58.80    21.57
2084    7     9.02    25.59
2084    8    31.67    24.93
2084    9    16.53    18.78
2084   10    35.49    13.19
2084   11     6.88    11.80
2084   12    22.94     8.99
2085    1    19.75     7.98
2085    2    58.21     5.15
2085    3    33.84     9.36
2085    4    68.33    12.93
2085    5   112.19    17.34
2085    6    72.97    22.35
2085    7    28.33    24.74
2085    8    33.23    22.39
2085    9    12.40    17.21
2085   10    36.82    15.43
2085   11    36.63    11.36
2085   12    70.79     6.83
2086    1    39.95     8.40
2086    2    47.14     8.27
2086    3    57.75     7.51
2086    4    69.20    10.94
2086    5    28.42    18.20
2086    6    57.85    20.51
2086    7     8.40    24.93
2086    8     5.58    24.36
2086    9    14.20    21.00
2086   10    73.83    16.09
2086   11    34.09    10.30
2086   12    27.78     8.13
2087    1    55.94     6.42
2087    2    50.15     8.41
2087    3    41.47    10.42
2087    4    66.08    13.38
2087    5    80.24    18.00
2087    6    28.75    23.14
2087    7     4.15    27.48
2087    8     6.42    23.56
2087    9    10.62    18.45
2087   10    60.49    12.34
2087   11    31.24    10.56
2087   12    29.14     7.14
2088    1    61.56     6.89
2088    2    51.02     7.76
2088    3    53.22     9.89
2088    4    79.44     9.97
2088    5    43.57    16.90
2088    6    23.28    23.76
2088    7    17.02    24.91
2088    8    26.15    24.01
2088    9    16.03    18.05
2088   10    28.64    15.70
2088   11    44.34     8.86
2088   12    21.10     7.45
2089    1    29.01     8.07
2089    2    16.82     6.71
2089    3    70.13    10.20
2089    4    47.07    13.43
2089    5    98.74    17.83
2089    6    69.10    23.18
2089    7    23.42    26.54
2089    8     6.66    24.11
2089    9    78.51    19.97
2089   10    57.89    13.31
2089   11    17.17     9.58
2089   12    70.52     6.20
2090    1    23.68     6.15
2090    2    23.88     7.65
2090    3   101.93     8.45
2090    4    42.91    13.57
2090    5    29.99    20.42
2090    6    28.61    22.99
2090    7    14.60    27.90
2090    8     5.19    24.55
2090    9    31.77    20.27
2090   10    21.23    15.19
2090   11    32.18    11.94
2090   12    14.27     9.40
2091    1    53.94     5.16
2091    2    28.67     5.58
2091    3    59.81     6.04
2091    4    40.28    12.81
2091    5    58.51    18.29
2091    6    66.38    22.78
2091    7    28.48    24.77
2091    8     1.86    24.55
2091    9     6.74    21.05
2091   10    32.05    16.43
2091   11    28.70     8.14
2091   12    55.55     7.17
2092    1    47.29     5.79
2092    2    13.01     7.55
2092    3   106.05     8.65
2092    4    49.11    12.17
2092    5    60.18    18.68
2092    6    72.14    23.27
2092    7     6.83    24.14
2092    8    12.31    24.82
2092    9    21.23    22.26
2092   10    70.27    13.04
2092   11    17.91    11.80
2092   12    75.55     4.34
2093    1    39.07     6.54
2093    2    46.00     6.29
2093    3    44.85     9.34
2093    4    28.69    14.01
2093    5   110.45    18.40
2093    6    36.84    21.70
2093    7    14.90    24.74
2093    8     7.53    24.05
2093    9     5.88    20.31
2093   10    60.32    13.09
2093   11    64.30     9.01
2093   12    22.88     8.56
2094    1    29.04     6.68
2094    2    49.80     8.66
2094    3    67.84     7.64
2094    4    58.48    10.97
2094    5   120.31    15.79
2094    6    34.22    21.77
2094    7     9.27    24.51
2094    8     6.10    27.17
2094    9    15.17    17.47
2094   10    15.37    15.39
2094   11   123.69    10.63
2094   12    30.68     7.04
2095    1    40.20     7.25
2095    2    21.59     5.69
2095    3    27.18     8.79
2095    4    34.33    13.48
2095    5    64.67    17.54
2095    6    35.21    22.21
2095    7    11.15    24.25
2095    8    13.29    22.65
2095    9    38.17    16.97
2095   10    28.37    13.91
2095   11    58.56    11.18
2095   12    54.66     6.47
2096    1    61.31     5.54
2096    2    47.02     5.41
2096    3    63.52    11.00
2096    4    57.79    13.85
2096    5    45.45    19.01
2096    6    24.91    25.63
2096    7     5.97    26.24
2096    8     7.94    24.79
2096    9    13.40    17.96
2096   10    13.39    15.56
2096   11    48.72     9.66
2096   12    10.53     9.50
2097    1   185.78    -0.76
2097    2    86.19     4.21
2097    3    63.96     8.10
2097    4    56.90    12.35
2097    5    46.54    20.26
2097    6    49.30    23.51
2097    7     1.75    24.63
2097    8     3.28    24.57
2097    9    12.02    19.30
2097   10    23.87    14.18
2097   11    71.85     9.08
2097   12    57.32     7.21
2098    1    26.02     5.55
2098    2   109.53     5.49
2098    3    65.48     8.49
2098    4    51.89    14.09
2098    5    74.58    17.87
2098    6    65.54    22.06
2098    7    21.37    25.79
2098    8    53.84    23.02
2098    9    14.99    17.06
2098   10    27.39    12.72
2098   11    35.91     8.01
2098   12    32.74     7.32
2099    1    26.77     4.56
2099    2    38.84     7.03
2099    3    61.09    10.18
2099    4    21.35    14.53
2099    5    74.98    16.22
2099    6    51.42    21.73
2099    7    31.06    25.07
2099    8     8.18    23.41
2099    9    40.14    20.12
2099   10    38.83    14.81
2099   11    49.02    10.37
2099   12    36.49     7.23
2100    1    26.95     5.70
2100    2    39.35     4.10
2100    3   102.01     8.07
2100    4    34.13    13.51
2100    5   104.37    17.20
2100    6    74.66    21.20
2100    7    11.93    23.85
2100    8     8.73    25.75
2100    9     8.26    19.94
2100   10     2.80    15.95
2100   11    58.05    10.30
2100   12    56.65     9.05
2101    1    31.78     4.91
2101    2    47.84     6.46
2101    3    39.74     9.52
2101    4    71.78    10.10
2101    5    65.02    18.40
2101    6    19.16    24.78
2101    7     4.90    24.85
2101    8     2.55    22.25
2101    9    28.48    21.97
2101   10   150.39    14.82
2101   11    44.15     8.34
2101   12    52.40     7.18
