2006    1    60.01     3.19
2006    2    19.08     3.66
2006    3    78.15     4.09
2006    4    28.43    10.91
2006    5    41.00    13.29
2006    6    38.38    18.31
2006    7    26.28    21.18
2006    8    32.48    21.30
2006    9    33.03    19.24
2006   10    56.24    13.49
2006   11    55.25    11.98
2006   12    24.84     6.57
2007    1    94.75     4.35
2007    2   135.54     3.47
2007    3    13.39     7.14
2007    4    76.56     9.45
2007    5    76.97    13.11
2007    6    36.85    19.28
2007    7     8.25    23.00
2007    8    11.73    19.92
2007    9    55.38    17.12
2007   10    58.21    15.50
2007   11   109.17     7.95
2007   12   149.34     2.03
2008    1   105.70     0.76
2008    2    94.62     2.05
2008    3    36.91     3.04
2008    4    69.92     8.79
2008    5    35.75    13.18
2008    6    42.22    18.33
2008    7    33.98    20.23
2008    8    65.26    20.55
2008    9    30.19    18.95
2008   10    60.74    14.09
2008   11    38.70     8.10
2008   12    88.26     3.01
2009    1    84.61     1.80
2009    2    94.39     2.57
2009    3    61.31     3.06
2009    4    11.22     8.10
2009    5    55.55    13.82
2009    6    45.48    20.36
2009    7    44.95    20.40
2009    8    84.87    20.76
2009    9    57.19    18.59
2009   10    91.84    11.17
2009   11    43.93    10.38
2009   12    71.28     6.06
2010    1    29.50     3.07
2010    2    43.97     5.54
2010    3    24.43     7.54
2010    4    41.91    11.61
2010    5    26.11    16.63
2010    6    53.44    19.95
2010    7    30.41    21.89
2010    8   114.57    23.40
2010    9    67.02    20.94
2010   10    12.09    13.96
2010   11   145.79    10.27
2010   12    54.16     4.74
2011    1    18.24     4.76
2011    2    60.07     4.26
2011    3    88.07     6.93
2011    4    66.75    11.05
2011    5    75.51    13.50
2011    6    87.05    19.18
2011    7    76.95    21.72
2011    8    32.05    20.54
2011    9    38.87    19.14
2011   10    70.32    14.08
2011   11    33.44     9.47
2011   12    13.79     3.71
2012    1    74.13     2.09
2012    2    60.86     4.75
2012    3    98.92     6.14
2012    4    76.36     8.62
2012    5    67.48    13.75
2012    6    23.97    19.39
2012    7    28.52    23.08
2012    8    22.95    21.84
2012    9    81.64    15.84
2012   10    13.15    13.87
2012   11    41.01     8.98
2012   12    14.26     4.65
2013    1    48.06     4.37
2013    2    47.46     7.28
2013    3    51.77     8.67
2013    4    67.81    12.33
2013    5    42.85    15.83
2013    6    89.37    18.33
2013    7    90.45    20.39
2013    8    72.22    21.84
2013    9   111.09    18.47
2013   10    18.37    16.20
2013   11    38.17    12.43
2013   12   180.74     6.73
2014    1   119.37     2.61
2014    2    57.19     3.05
2014    3   104.31     7.24
2014    4    68.97    10.89
2014    5    58.54    15.16
2014    6    45.91    20.17
2014    7    57.63    22.13
2014    8    68.47    23.94
2014    9    88.55    17.65
2014   10    97.65    13.52
2014   11    58.39     7.29
2014   12    38.32     8.66
2015    1   146.86     3.07
2015    2    48.99     4.44
2015    3    68.78     5.68
2015    4    21.89    11.72
2015    5    66.86    14.52
2015    6    50.06    20.73
2015    7    33.57    21.45
2015    8    22.01    21.12
2015    9    73.02    18.80
2015   10    34.28    14.84
2015   11    51.52    10.34
2015   12   106.08     4.08
2016    1    93.12     2.02
2016    2    32.79     1.71
2016    3    63.38     6.25
2016    4    43.87    10.06
2016    5    70.21    11.79
2016    6    22.55    17.92
2016    7    58.41    23.08
2016    8    16.44    24.28
2016    9    29.36    22.68
2016   10   184.31    15.77
2016   11    38.91     9.04
2016   12   105.19     6.96
2017    1   127.90     3.30
2017    2    23.50     3.94
2017    3    34.53     7.25
2017    4    31.71    12.30
2017    5    70.80    11.84
2017    6    58.02    20.19
2017    7    26.49    21.69
2017    8    46.47    22.32
2017    9    36.09    17.79
2017   10    48.67    15.52
2017   11   106.43     9.89
2017   12    76.59     5.74
2018    1   218.03     2.93
2018    2    39.57     1.62
2018    3   102.38     6.52
2018    4    38.33    10.46
2018    5    77.11    14.56
2018    6    43.23    20.03
2018    7    56.54    21.80
2018    8    41.25    21.95
2018    9    59.17    19.68
2018   10    82.60    15.11
2018   11   134.41     9.49
2018   12   139.94     5.94
2019    1    35.04     6.04
2019    2    69.51     6.49
2019    3    77.87     7.59
2019    4    54.06    10.26
2019    5    42.78    15.92
2019    6    52.32    18.51
2019    7    60.96    22.15
2019    8    30.04    24.12
2019    9    22.65    20.17
2019   10    40.04    17.18
2019   11    27.36    12.46
2019   12   159.45     4.68
2020    1    49.23     5.20
2020    2    38.40     5.19
2020    3    44.40     8.68
2020    4    79.95    10.89
2020    5    44.18    16.23
2020    6    45.94    20.08
2020    7    63.34    20.02
2020    8    19.39    24.66
2020    9    44.92    18.26
2020   10    63.82    15.93
2020   11    43.99     9.57
2020   12   148.80     3.60
2021    1    92.43     0.23
2021    2    96.64     5.85
2021    3    40.77     5.09
2021    4    44.88     6.62
2021    5    21.34    13.32
2021    6    43.69    18.56
2021    7    57.53    22.36
2021    8    19.54    20.63
2021    9    42.00    17.77
2021   10    43.63    13.31
2021   11    89.64     9.18
2021   12   155.42     4.86
2022    1    16.00     2.10
2022    2    27.51     2.37
2022    3    54.28     7.72
2022    4    29.02    10.26
2022    5   100.92    14.71
2022    6    22.47    20.48
2022    7    18.68    22.16
2022    8    50.27    24.19
2022    9    85.32    18.72
2022   10    90.21    12.94
2022   11    51.84    11.35
2022   12   105.57     5.87
2023    1    50.34     2.95
2023    2    59.20     7.12
2023    3    62.64     6.58
2023    4    36.38    11.60
2023    5    66.50    13.23
2023    6    55.34    17.13
2023    7    47.44    19.74
2023    8    26.97    21.69
2023    9    48.23    19.80
2023   10    81.69    14.75
2023   11   100.43     8.89
2023   12    79.76     6.29
2024    1   190.20     3.99
2024    2    39.51     5.12
2024    3    53.39     8.30
2024    4    47.16    10.59
2024    5    39.14    14.73
2024    6    61.26    19.35
2024    7    86.19    21.70
2024    8    70.46    20.87
2024    9    83.02    17.17
2024   10    65.32    13.98
2024   11    68.43     7.78
2024   12   170.01     3.20
2025    1   123.62     3.69
2025    2   154.59     2.53
2025    3    59.02     5.29
2025    4    90.85     9.21
2025    5    52.81    13.56
2025    6   118.14    19.55
2025    7    59.80    22.96
2025    8    41.99    21.86
2025    9    40.50    20.76
2025   10    69.95    15.34
2025   11   101.43    11.40
2025   12   109.04     4.47
2026    1     1.68     4.39
2026    2    65.42     3.68
2026    3    50.00     6.99
2026    4    52.72     7.98
2026    5    74.88    12.65
2026    6    18.93    19.13
2026    7     3.57    21.19
2026    8    30.01    22.06
2026    9    15.87    18.28
2026   10    48.65    14.40
2026   11   122.99     5.87
2026   12    69.58     4.73
2027    1   100.64     3.85
2027    2    85.97     3.30
2027    3    74.17     7.89
2027    4   104.83    11.86
2027    5    78.77    14.17
2027    6    43.02    18.98
2027    7    41.69    23.56
2027    8    32.85    23.64
2027    9    39.77    18.92
2027   10    34.45    15.39
2027   11    93.12    10.74
2027   12   161.94     5.18
2028    1    27.62     1.39
2028    2    33.58     4.28
2028    3    91.54     6.91
2028    4    56.59     9.44
2028    5    71.00    12.18
2028    6    17.67    19.78
2028    7    27.62    21.52
2028    8    35.80    21.48
2028    9    46.36    19.07
2028   10   102.84    14.05
2028   11   124.21     8.03
2028   12   104.79     4.62
2029    1    54.62     2.32
2029    2   104.89     4.30
2029    3    68.66     5.77
2029    4    54.70     9.89
2029    5    88.86    12.17
2029    6   105.63    18.99
2029    7    73.97    22.55
2029    8    43.57    24.46
2029    9    77.84    18.52
2029   10    81.88    16.47
2029   11    99.41     8.02
2029   12    56.73     6.00
2030    1    57.16     4.65
2030    2    89.28     4.41
2030    3    53.63     6.45
2030    4   102.79     7.98
2030    5    59.80    12.07
2030    6    28.71    19.21
2030    7    64.14    21.17
2030    8    15.46    22.50
2030    9    26.34    20.60
2030   10    49.20    16.31
2030   11    19.96    10.87
2030   12   111.65     6.43
2031    1    71.79     4.21
2031    2    70.54     3.02
2031    3    73.88     6.88
2031    4   134.29     7.88
2031    5    47.38    12.95
2031    6    18.52    19.56
2031    7    42.56    21.06
2031    8    46.86    21.58
2031    9    82.67    16.53
2031   10    13.18    15.06
2031   11    21.63    10.96
2031   12    66.14     3.54
2032    1    37.66     3.87
2032    2   145.89     4.59
2032    3    63.63     6.95
2032    4    53.31    11.50
2032    5    87.23    15.57
2032    6    29.87    19.70
2032    7    45.95    21.72
2032    8    30.07    20.62
2032    9    91.54    18.94
2032   10   126.66    15.65
2032   11    68.05    10.73
2032   12    43.93     6.67
2033    1    52.98     5.84
2033    2    56.63     6.59
2033    3    90.08     7.25
2033    4    22.33    10.78
2033    5    64.03    14.46
2033    6    62.25    18.60
2033    7    11.63    21.52
2033    8    50.71    20.57
2033    9    63.76    18.36
2033   10    58.08    10.67
2033   11    67.35     8.71
2033   12    51.25     2.40
2034    1    91.94     3.47
2034    2    76.55    -0.09
2034    3    65.79     7.91
2034    4    56.44     8.77
2034    5    34.85    14.16
2034    6    35.90    17.27
2034    7    32.16    20.22
2034    8    11.25    23.05
2034    9    22.32    21.41
2034   10    54.59    15.80
2034   11   120.27    10.11
2034   12    47.73     5.36
2035    1    79.62     4.15
2035    2    59.23     2.38
2035    3    96.30     7.99
2035    4    68.10    11.68
2035    5    85.59    13.97
2035    6    49.62    19.47
2035    7    29.29    24.31
2035    8    84.04    22.68
2035    9   139.33    18.13
2035   10    90.36    12.04
2035   11    71.25    10.06
2035   12    94.30     5.01
2036    1    89.53     4.66
2036    2    37.75     5.45
2036    3   109.78     5.33
2036    4   117.82     9.22
2036    5    56.21    14.16
2036    6    89.10    19.16
2036    7    30.01    22.25
2036    8    19.14    22.72
2036    9    48.51    19.81
2036   10    99.72    12.54
2036   11    67.30     8.20
2036   12   103.50     6.32
2037    1    96.48     5.47
2037    2    50.15     4.67
2037    3    63.87     6.83
2037    4    45.41     9.44
2037    5    39.05    14.31
2037    6    24.79    21.10
2037    7    37.02    22.81
2037    8    42.37    23.64
2037    9   109.72    20.03
2037   10    64.36    16.12
2037   11    26.38    10.68
2037   12    91.86     5.63
2038    1    63.24     4.34
2038    2    47.32     4.81
2038    3   107.40     7.54
2038    4    56.22    10.24
2038    5    73.32    14.04
2038    6    38.51    18.92
2038    7    47.15    22.01
2038    8    89.61    22.37
2038    9    27.19    22.34
2038   10    86.25    15.01
2038   11    30.78     8.57
2038   12   182.04     3.03
2039    1   141.39     4.53
2039    2    42.28     6.06
2039    3    66.92     6.36
2039    4    90.01     7.12
2039    5    41.32    12.11
2039    6    52.17    17.87
2039    7    18.88    22.56
2039    8    29.43    21.40
2039    9    17.54    22.18
2039   10    81.28    13.08
2039   11   161.35     8.46
2039   12   168.77     4.51
2040    1    63.09     5.03
2040    2    70.92     4.42
2040    3   104.02     2.61
2040    4    34.91     8.44
2040    5   100.33    12.62
2040    6    67.35    17.31
2040    7    14.25    23.04
2040    8    14.80    21.27
2040    9    51.56    18.00
2040   10    34.19    13.66
2040   11    60.82     9.76
2040   12    66.27     6.08
2041    1    73.87     5.51
2041    2    61.93     3.33
2041    3    29.27     7.32
2041    4    66.45    12.43
2041    5   118.81    12.59
2041    6    31.67    21.70
2041    7    39.81    24.91
2041    8    32.50    24.30
2041    9    49.25    20.36
2041   10    54.67    13.83
2041   11   132.97     9.09
2041   12    58.82     5.20
2042    1   115.47     3.95
2042    2    26.97     6.76
2042    3    57.53     6.57
2042    4   122.69     9.30
2042    5    47.64    13.92
2042    6    12.73    21.72
2042    7    22.79    21.92
2042    8    17.22    23.36
2042    9    87.23    18.94
2042   10    77.85    14.03
2042   11    52.10     8.84
2042   12    30.51     5.48
2043    1   112.08     6.64
2043    2    79.61     3.20
2043    3    65.92     6.97
2043    4   102.69    10.93
2043    5    54.35    15.43
2043    6    72.60    18.08
2043    7    38.83    20.93
2043    8    22.88    21.85
2043    9    91.26    20.98
2043   10    68.34    16.87
2043   11   114.24    10.04
2043   12    56.33     7.60
2044    1    81.23     5.89
2044    2    29.09     5.94
2044    3    74.88     5.30
2044    4    52.78    11.03
2044    5    50.63    14.88
2044    6    39.49    19.36
2044    7    33.56    21.39
2044    8     7.33    23.29
2044    9    64.09    20.17
2044   10    75.25    15.13
2044   11    92.24    11.03
2044   12   137.85     4.57
2045    1    53.34     5.28
2045    2   100.55     4.23
2045    3    64.48     3.39
2045    4    52.34     7.94
2045    5    11.07    15.52
2045    6    38.36    20.93
2045    7    17.53    23.01
2045    8    29.30    23.57
2045    9    38.91    21.32
2045   10    39.02    13.45
2045   11   130.31    11.46
2045   12    93.37     7.63
2046    1   121.98     6.19
2046    2   100.81     5.31
2046    3    89.45     5.58
2046    4    43.86     9.50
2046    5    34.09    13.99
2046    6    52.87    19.82
2046    7    32.61    22.08
2046    8    81.69    23.68
2046    9    40.73    20.96
2046   10   136.78    13.71
2046   11    99.47     8.11
2046   12   145.27     3.92
2047    1    47.77     3.37
2047    2    61.46     2.15
2047    3    69.77     4.57
2047    4    38.20     8.24
2047    5    88.57    14.30
2047    6    24.71    16.69
2047    7    61.90    22.34
2047    8    83.43    21.37
2047    9    89.84    17.34
2047   10    41.41    12.52
2047   11   105.77     9.64
2047   12   102.78     5.09
2048    1    29.25     2.87
2048    2    25.53     5.33
2048    3    92.74     7.61
2048    4    71.74    10.77
2048    5    36.53    14.99
2048    6    46.51    18.39
2048    7    13.10    23.57
2048    8    40.79    23.03
2048    9   104.42    18.58
2048   10    34.76    15.27
2048   11    72.14    10.40
2048   12    56.02     6.72
2049    1    98.85     6.73
2049    2    10.71     6.80
2049    3    60.92     5.87
2049    4    29.28    12.03
2049    5    62.63    14.49
2049    6   108.81    21.18
2049    7   159.29    22.55
2049    8    15.74    23.05
2049    9    95.54    19.28
2049   10    51.92    14.70
2049   11    94.72     8.20
2049   12    41.07     5.33
2050    1    49.25     3.82
2050    2    83.91     4.98
2050    3    80.41     7.92
2050    4    36.25    10.71
2050    5    27.91    16.47
2050    6    48.17    21.16
2050    7    47.01    23.71
2050    8     5.23    23.50
2050    9    22.47    24.07
2050   10    70.23    14.65
2050   11    74.63    10.70
2050   12   131.45     6.06
2051    1   106.32     2.58
2051    2    63.42     4.67
2051    3    55.64     9.30
2051    4    85.17    10.12
2051    5    73.13    13.90
2051    6    41.56    19.90
2051    7    46.10    20.95
2051    8    65.11    23.84
2051    9    90.14    19.73
2051   10    31.95    15.00
2051   11    47.90    12.08
2051   12    76.63     5.84
2052    1    20.32     5.67
2052    2    42.99     3.98
2052    3    47.95     6.02
2052    4    50.70    12.99
2052    5    65.41    13.81
2052    6    32.05    20.56
2052    7    49.16    22.77
2052    8    33.90    24.90
2052    9    43.16    21.30
2052   10    68.59    13.97
2052   11    81.79    11.61
2052   12   119.02     4.29
2053    1   103.14     0.75
2053    2    85.88     7.24
2053    3    32.57     8.45
2053    4    48.13    10.71
2053    5    72.06    14.31
2053    6    34.93    18.18
2053    7    17.10    23.02
2053    8    46.69    23.63
2053    9   123.06    19.29
2053   10    23.49    15.98
2053   11    30.82    10.71
2053   12   251.93     4.58
2054    1    40.93     2.51
2054    2    50.16     5.48
2054    3    59.77     4.56
2054    4    97.49     9.58
2054    5    70.08    13.80
2054    6    57.47    19.34
2054    7    29.59    21.50
2054    8    26.29    22.63
2054    9    59.80    18.53
2054   10    36.86    16.57
2054   11    94.34     9.52
2054   12   182.07     5.24
2055    1    95.13     3.69
2055    2    46.62     6.04
2055    3    47.74     9.42
2055    4    35.76     9.58
2055    5    35.50    13.22
2055    6    32.44    19.27
2055    7    43.74    22.61
2055    8     2.37    24.42
2055    9     9.11    21.91
2055   10    33.80    19.42
2055   11    58.79     9.55
2055   12    32.50     7.65
2056    1    33.10     6.38
2056    2    59.16     7.46
2056    3    62.35     9.32
2056    4    93.77    12.88
2056    5    53.99    13.91
2056    6    58.87    19.64
2056    7    49.81    23.36
2056    8    82.90    23.15
2056    9    57.38    19.83
2056   10    44.90    15.61
2056   11    43.85    10.63
2056   12    98.94     4.76
2057    1    48.10     3.31
2057    2    22.13     2.46
2057    3    45.21     4.76
2057    4    61.87    11.29
2057    5    71.75    15.71
2057    6   118.15    21.30
2057    7    31.62    23.06
2057    8    30.23    24.56
2057    9    31.43    21.36
2057   10    31.79    14.96
2057   11    49.97    11.57
2057   12    38.98     8.32
2058    1    47.36     8.29
2058    2    47.44     8.29
2058    3    77.58     9.18
2058    4    88.43    10.37
2058    5    89.22    13.63
2058    6    26.01    19.20
2058    7    42.95    21.98
2058    8    86.06    21.96
2058    9    32.74    20.22
2058   10    56.17    15.22
2058   11   103.70     8.62
2058   12   109.95     6.59
2059    1   115.62     2.63
2059    2   101.95     1.06
2059    3    43.50     7.29
2059    4    58.91    10.72
2059    5    35.93    14.17
2059    6    20.70    19.44
2059    7    42.52    22.40
2059    8    68.23    22.47
2059    9    23.48    22.13
2059   10     5.95    17.68
2059   11    89.42    10.87
2059   12   119.66     7.49
2060    1    27.52     7.46
2060    2   101.71     6.29
2060    3    71.58     9.07
2060    4    46.76    13.11
2060    5    72.91    16.00
2060    6    45.12    19.53
2060    7    70.34    22.60
2060    8    52.24    22.68
2060    9   142.10    19.70
2060   10   105.87    15.18
2060   11    46.53     9.15
2060   12   119.00     6.98
2061    1    57.24     3.10
2061    2    71.46     4.65
2061    3    32.72     5.96
2061    4    36.29     8.09
2061    5    59.30    15.31
2061    6    42.28    20.73
2061    7    80.55    23.52
2061    8   108.79    21.66
2061    9    29.08    20.33
2061   10    83.06    18.01
2061   11    65.39    10.58
2061   12   161.22     3.73
2062    1    47.69     3.23
2062    2    36.24     7.03
2062    3    61.46     8.14
2062    4    53.06    11.25
2062    5    77.78    14.46
2062    6    22.70    18.60
2062    7    42.22    21.95
2062    8    11.23    22.46
2062    9    18.05    21.65
2062   10    25.58    17.37
2062   11   140.62    11.07
2062   12    53.63     6.91
2063    1    23.93     5.40
2063    2    66.33     8.64
2063    3    47.33     9.63
2063    4    23.38    11.37
2063    5    76.47    16.54
2063    6    46.63    17.89
2063    7    36.22    22.27
2063    8    38.93    21.53
2063    9    26.38    21.57
2063   10    19.84    19.67
2063   11    22.58     9.37
2063   12   150.01     5.26
2064    1    97.64     3.50
2064    2    67.53     2.64
2064    3    51.18     3.54
2064    4    39.58     8.15
2064    5    56.28    14.71
2064    6    45.51    19.44
2064    7    62.41    22.15
2064    8    21.59    23.09
2064    9    32.84    20.89
2064   10    56.38    11.53
2064   11    88.80     9.84
2064   12    92.88     5.59
2065    1    55.06     6.56
2065    2    83.33     4.64
2065    3    40.94     7.49
2065    4    76.17    11.23
2065    5    21.37    16.25
2065    6   128.44    19.36
2065    7     9.00    22.72
2065    8    42.64    22.10
2065    9    74.93    18.59
2065   10    18.35    13.12
2065   11    88.74     9.66
2065   12    43.91     5.94
2066    1    41.20     6.53
2066    2    23.70     8.75
2066    3    52.82     9.58
2066    4    66.02    12.83
2066    5    62.09    13.78
2066    6    19.93    20.40
2066    7    85.02    22.89
2066    8    30.71    23.29
2066    9    54.31    20.91
2066   10    78.12    15.72
2066   11    98.63    10.42
2066   12   145.21     4.53
2067    1    48.83     3.46
2067    2   102.49    -1.67
2067    3    32.47     8.29
2067    4    63.81     9.39
2067    5    59.85    14.04
2067    6    47.03    22.32
2067    7    21.10    25.87
2067    8     5.47    23.89
2067    9    73.77    19.93
2067   10    78.64    15.73
2067   11    11.04     9.78
2067   12    48.51     7.92
2068    1    47.04     8.56
2068    2    38.68     4.17
2068    3    48.45     5.85
2068    4    40.30    12.16
2068    5    51.42    18.39
2068    6    25.65    21.34
2068    7    31.53    22.23
2068    8    44.92    21.20
2068    9    49.65    20.93
2068   10    76.04    15.01
2068   11    27.99     8.85
2068   12    43.42     6.93
2069    1    87.36     5.32
2069    2    11.65     4.78
2069    3   129.42     8.98
2069    4    47.15    10.40
2069    5    63.59    16.25
2069    6    39.54    18.75
2069    7    49.75    23.86
2069    8    53.64    22.98
2069    9    70.63    18.83
2069   10    86.27    15.60
2069   11   161.36    11.66
2069   12    81.13     5.72
2070    1   147.32     2.96
2070    2    15.50     2.89
2070    3   111.92     5.50
2070    4    45.30    10.57
2070    5    46.34    14.11
2070    6    24.44    18.93
2070    7    64.92    23.54
2070    8    44.17    23.78
2070    9    49.75    20.81
2070   10    25.56    14.88
2070   11    67.35    10.30
2070   12   210.60     6.47
2071    1    54.87     4.40
2071    2    72.84     4.76
2071    3    35.16     8.93
2071    4    75.24    12.22
2071    5    30.80    16.59
2071    6    31.25    20.94
2071    7    72.47    23.26
2071    8    65.84    21.38
2071    9    77.83    19.39
2071   10   102.97    17.22
2071   11    31.67     9.48
2071   12   159.49     5.14
2072    1    86.90     1.51
2072    2    47.91     3.61
2072    3    27.94     9.09
2072    4    87.27    11.51
2072    5    76.43    14.92
2072    6    26.63    20.32
2072    7    72.97    24.69
2072    8    80.17    23.75
2072    9    60.93    17.27
2072   10    27.41    15.85
2072   11    69.46    10.49
2072   12   108.38     6.33
2073    1   167.09     5.84
2073    2    14.99     2.76
2073    3   108.84     8.59
2073    4    32.63     9.66
2073    5    45.23    14.91
2073    6    78.76    22.17
2073    7   116.34    21.43
2073    8     7.05    22.67
2073    9     4.62    22.57
2073   10    64.96    14.81
2073   11    73.43    11.59
2073   12    63.60     7.34
2074    1    82.57     5.91
2074    2    33.08     7.11
2074    3    83.11     8.42
2074    4    49.85    10.87
2074    5    45.13    14.85
2074    6    42.95    20.67
2074    7    60.20    24.07
2074    8    97.26    24.73
2074    9     6.18    22.20
2074   10    87.85    17.34
2074   11   125.25     8.71
2074   12   135.87     2.76
2075    1    72.09     5.95
2075    2     8.62     4.33
2075    3    37.39     6.75
2075    4    24.73    10.97
2075    5    31.87    11.72
2075    6    37.58    21.17
2075    7    10.07    23.01
2075    8    25.24    22.82
2075    9   146.58    19.93
2075   10    34.55    15.85
2075   11    24.53    11.69
2075   12    44.12     6.50
2076    1    49.85     6.14
2076    2    60.34     7.04
2076    3    64.25    10.09
2076    4   133.85    11.75
2076    5    88.30    17.63
2076    6    71.95    21.65
2076    7    75.01    22.27
2076    8    23.05    23.51
2076    9    48.59    21.17
2076   10   142.10    13.91
2076   11    46.51    10.65
2076   12    86.76     7.96
2077    1   103.49     4.73
2077    2    49.23     3.63
2077    3    85.86     6.43
2077    4    48.75    13.32
2077    5    25.75    13.79
2077    6    49.68    19.77
2077    7    23.59    22.45
2077    8    73.15    21.33
2077    9    30.49    22.11
2077   10    61.09    16.46
2077   11    44.00    11.08
2077   12    50.98     7.16
2078    1    62.93     6.29
2078    2    49.58     5.03
2078    3    91.60    10.08
2078    4   108.58    11.19
2078    5    81.83    14.86
2078    6    78.86    19.81
2078    7    47.76    22.28
2078    8    39.02    24.03
2078    9    47.56    22.12
2078   10    42.94    15.43
2078   11    95.86    11.29
2078   12    22.13     7.09
2079    1    62.26     5.97
2079    2    74.47     6.87
2079    3    52.64    10.99
2079    4    47.69    10.02
2079    5    58.49    15.93
2079    6    28.68    22.39
2079    7    10.27    22.71
2079    8    27.08    24.85
2079    9    67.55    19.83
2079   10   102.51    16.77
2079   11    46.78    14.60
2079   12   122.50     8.18
2080    1    90.02     5.55
2080    2    81.26     5.46
2080    3    19.22     8.25
2080    4    82.64     9.91
2080    5    64.49    17.06
2080    6    70.91    20.77
2080    7    27.92    22.72
2080    8    73.54    22.34
2080    9    71.75    22.30
2080   10    91.39    15.72
2080   11    59.29    10.75
2080   12   111.96     8.01
2081    1   128.57     2.26
2081    2    36.67     6.18
2081    3    77.38    10.81
2081    4    29.15    14.01
2081    5    97.82    14.08
2081    6    36.22    22.56
2081    7   105.78    20.64
2081    8    47.22    22.49
2081    9    26.98    21.99
2081   10    65.42    14.41
2081   11    45.45     8.56
2081   12   101.27     6.35
2082    1    59.77     5.67
2082    2    82.66     4.59
2082    3    32.13     9.37
2082    4    71.06    11.14
2082    5    59.19    15.93
2082    6    73.77    19.05
2082    7   114.58    23.06
2082    8    45.51    22.55
2082    9    98.38    21.50
2082   10    94.65    16.50
2082   11   146.47     6.08
2082   12   155.09     4.54
2083    1    87.62     3.75
2083    2    17.73     4.22
2083    3    18.18     4.68
2083    4    73.04    10.31
2083    5    59.50    14.60
2083    6    19.12    21.34
2083    7    37.43    23.72
2083    8    35.62    22.51
2083    9    48.87    21.54
2083   10   143.31    12.70
2083   11    32.23     6.91
2083   12    24.63     7.89
2084    1   103.02     5.51
2084    2   132.12     2.66
2084    3    21.95     7.01
2084    4    37.69    11.60
2084    5    44.94    17.73
2084    6    66.53    20.19
2084    7    17.06    22.08
2084    8    41.82    22.27
2084    9   109.40    20.03
2084   10    10.64    17.16
2084   11   102.42    12.22
2084   12   102.56     5.87
2085    1    72.18     4.82
2085    2    60.34     6.22
2085    3    55.78     8.43
2085    4    54.49    11.94
2085    5    44.17    14.68
2085    6    58.10    22.75
2085    7    98.78    23.87
2085    8    20.58    22.38
2085    9    56.63    19.82
2085   10    67.79    13.54
2085   11    77.30    11.93
2085   12    17.29     8.88
2086    1    83.01     5.28
2086    2    87.22     2.81
2086    3    65.21     8.84
2086    4   106.26    11.59
2086    5    76.36    13.48
2086    6    66.43    19.85
2086    7    54.69    22.60
2086    8    17.43    22.16
2086    9    20.25    21.60
2086   10    44.60    16.07
2086   11   136.47     7.67
2086   12    39.59     7.81
2087    1    72.62     6.26
2087    2    75.17     3.91
2087    3   120.52     8.65
2087    4    72.56     9.61
2087    5    99.15    13.73
2087    6    36.70    20.85
2087    7   108.27    22.32
2087    8    20.86    22.87
2087    9    58.32    20.38
2087   10    82.05    14.05
2087   11    90.03    10.97
2087   12    53.80     8.45
2088    1    73.26     4.26
2088    2     4.83     5.81
2088    3    74.13     9.36
2088    4    46.74    12.82
2088    5    88.22    16.34
2088    6    29.76    21.12
2088    7    13.26    23.22
2088    8    28.40    27.77
2088    9    63.43    21.76
2088   10    67.00    15.06
2088   11   132.86    12.13
2088   12    85.63     8.36
2089    1   105.33     7.43
2089    2    55.52     7.03
2089    3   131.28     7.20
2089    4    59.55     7.08
2089    5    81.40    15.20
2089    6    58.83    20.63
2089    7    17.74    24.99
2089    8    67.33    23.67
2089    9    22.07    20.64
2089   10    44.17    16.01
2089   11    85.28    10.95
2089   12    50.32     9.25
2090    1    89.78     6.03
2090    2    81.74     3.21
2090    3   112.78     6.87
2090    4    72.33    11.24
2090    5    37.81    16.07
2090    6    21.25    19.15
2090    7    87.83    21.47
2090    8    11.56    20.52
2090    9    20.73    18.41
2090   10    19.70    17.08
2090   11   115.92    10.56
2090   12    48.57     7.77
2091    1    86.35     5.91
2091    2    18.45     6.29
2091    3    49.73     7.63
2091    4    30.50    14.52
2091    5    66.96    17.06
2091    6    72.81    20.38
2091    7    58.04    22.06
2091    8    75.76    24.23
2091    9    34.93    22.37
2091   10    37.05    15.85
2091   11    66.74    12.86
2091   12    71.62     8.36
2092    1    39.67     5.68
2092    2    61.39     7.79
2092    3    44.01     8.40
2092    4    57.58    12.08
2092    5   104.23    15.16
2092    6    64.94    22.13
2092    7    44.73    24.45
2092    8    17.87    23.82
2092    9    60.02    19.65
2092   10    83.05    16.66
2092   11    52.19    10.16
2092   12   160.43     6.07
2093    1   128.46     2.15
2093    2    42.08     3.14
2093    3    79.50     7.55
2093    4   102.89     9.49
2093    5    42.21    15.52
2093    6    44.77    21.29
2093    7   109.51    22.26
2093    8    51.55    25.40
2093    9   151.57    20.62
2093   10    93.45    15.13
2093   11    26.67    12.84
2093   12    81.73     7.36
2094    1   111.03     2.79
2094    2   150.68     4.69
2094    3    43.42     8.98
2094    4   129.75    12.09
2094    5    67.06    15.59
2094    6    62.88    20.26
2094    7    21.39    22.66
2094    8    40.37    23.22
2094    9    60.76    21.93
2094   10    51.98    13.84
2094   11   105.20    10.97
2094   12    30.55     9.07
2095    1    54.13     5.35
2095    2    63.22     6.89
2095    3    41.68     7.67
2095    4    61.19    11.24
2095    5    66.40    16.27
2095    6    45.07    21.37
2095    7    73.18    22.44
2095    8    78.55    24.52
2095    9    37.44    22.98
2095   10    58.36    15.93
2095   11   105.97    10.47
2095   12    76.20     8.09
2096    1    36.63     4.92
2096    2    90.09     7.19
2096    3    73.76    10.19
2096    4    76.65    11.62
2096    5    31.73    16.40
2096    6    54.75    22.32
2096    7   101.34    22.94
2096    8     3.61    24.62
2096    9     5.37    20.11
2096   10   112.84    17.65
2096   11    39.69    11.06
2096   12    68.82     8.33
2097    1    65.35     5.37
2097    2    21.81     8.93
2097    3    69.56    12.26
2097    4    97.12     8.24
2097    5    56.56    17.23
2097    6    44.04    22.76
2097    7    41.72    23.80
2097    8    56.28    22.03
2097    9    39.43    23.47
2097   10    92.92    18.36
2097   11    92.26    11.80
2097   12    70.87     7.69
2098    1   100.84     4.80
2098    2    66.76     7.77
2098    3    32.77     8.19
2098    4    47.61    12.80
2098    5    54.02    15.80
2098    6    42.59    20.02
2098    7    58.97    23.35
2098    8    23.94    22.01
2098    9    23.73    19.95
2098   10   177.85    12.57
2098   11    79.49    11.04
2098   12    82.13     5.96
2099    1    42.82     7.30
2099    2    67.78     4.74
2099    3    58.08     9.03
2099    4    46.80    15.42
2099    5    84.08    16.65
2099    6    25.01    19.02
2099    7    66.42    23.24
2099    8    17.98    25.36
2099    9    28.10    21.58
2099   10    55.44    18.15
2099   11   116.16    11.53
2099   12    15.90     8.86
2100    1    64.29     5.26
2100    2    67.77     3.87
2100    3    22.53     9.23
2100    4    41.85    13.30
2100    5    33.52    16.93
2100    6    89.31    19.90
2100    7    16.59    23.45
2100    8    48.61    22.81
2100    9    10.17    20.18
2100   10    73.86    16.14
2100   11    32.52    12.38
2100   12   107.48     6.74
2101    1   109.01     6.16
2101    2    62.05     7.26
2101    3    79.06    10.04
2101    4    60.05    10.80
2101    5    36.77    17.62
2101    6   102.73    19.77
2101    7    29.30    24.02
2101    8    31.22    24.99
2101    9   101.44    19.22
2101   10    67.75    15.47
2101   11   135.86     8.73
2101   12   140.94     6.47
2102    1    54.49     3.94
2102    2    17.84     3.31
2102    3    34.19     7.34
2102    4    55.11     8.16
2102    5    44.12    17.29
2102    6    60.27    19.12
2102    7    69.91    22.23
2102    8    74.28    23.69
2102    9   120.76    20.25
2102   10    78.45    13.09
2102   11   148.46     4.97
2102   12   113.55     5.26
2103    1   111.47     3.09
2103    2    16.50     6.09
2103    3    78.72     6.87
2103    4    93.46     9.91
2103    5    42.02    15.84
2103    6    54.91    20.36
2103    7    89.03    23.15
2103    8    58.32    20.85
2103    9    69.91    19.75
2103   10   128.49    17.92
2103   11   187.18     9.97
2103   12    69.30     6.71
2104    1    44.80     5.26
2104    2   144.64     2.28
2104    3    75.02     6.46
2104    4    79.78    10.29
2104    5    24.91    16.03
2104    6    44.15    19.38
2104    7    51.26    22.57
2104    8    29.58    22.94
2104    9    73.01    21.47
2104   10    75.29    17.88
2104   11    59.92     9.12
2104   12    81.04     7.66
2105    1    90.26     4.23
2105    2   121.47     4.72
2105    3    59.86     7.80
2105    4    27.60    12.18
2105    5    44.77    15.04
2105    6    55.99    21.21
2105    7    39.14    21.88
2105    8    21.92    22.96
2105    9    23.73    20.94
2105   10    99.76    15.15
2105   11   141.67    10.53
2105   12    60.44     5.67
2106    1    97.18     4.61
2106    2    79.56     3.80
2106    3    76.30     9.46
2106    4    45.05    11.48
2106    5    51.53    15.46
2106    6    55.01    19.48
2106    7    86.72    21.52
2106    8     3.64    24.42
2106    9    22.42    20.21
2106   10    58.23    16.62
2106   11    66.62    10.84
2106   12   146.89     4.60
2107    1   122.89     2.42
2107    2    86.32     4.26
2107    3    36.55     4.66
2107    4    32.90    10.88
2107    5    78.21    14.88
2107    6    14.92    20.35
2107    7     7.68    22.44
2107    8    26.55    25.55
2107    9    16.76    21.86
2107   10   100.91    15.05
2107   11    32.99     8.64
2107   12    88.48     5.31
2108    1    81.34     2.50
2108    2    21.53     4.85
2108    3    57.96     9.66
2108    4    58.14     9.99
2108    5    59.54    14.16
2108    6    29.20    19.47
2108    7    69.79    22.52
2108    8    16.41    22.13
2108    9    59.71    20.70
2108   10    98.61    17.15
2108   11    74.81    12.03
2108   12    50.60     5.30
2109    1   127.00     3.53
2109    2    96.26     5.13
2109    3    82.44     6.96
2109    4    45.44    11.44
2109    5    26.12    16.18
2109    6    79.06    20.76
2109    7    37.12    22.34
2109    8    58.08    22.64
2109    9   103.56    21.23
2109   10    34.98    11.59
2109   11    25.85     8.69
2109   12    33.18     4.14
2110    1    32.98     5.35
2110    2    54.22    10.30
2110    3    76.37     7.94
2110    4    40.45     9.12
2110    5    79.09    14.08
2110    6    37.60    21.24
2110    7    15.04    24.01
2110    8    33.36    23.75
2110    9    68.57    19.82
2110   10    69.94    17.41
2110   11    41.85     9.47
2110   12    14.86     8.80
2111    1   108.13     5.16
2111    2   168.10     2.69
2111    3    64.03     4.68
2111    4    53.32    12.25
2111    5    54.51    16.02
2111    6    35.91    20.92
2111    7    80.32    22.24
2111    8    24.94    22.30
2111    9    63.28    20.18
2111   10   103.75    13.93
2111   11    54.47    10.08
2111   12   204.64     7.70
2112    1    44.81     6.13
2112    2    25.99     5.82
2112    3   124.90     9.93
2112    4    84.48    11.42
2112    5    25.06    15.20
2112    6    35.90    20.13
2112    7    85.44    22.62
2112    8     1.50    24.22
2112    9    43.21    21.24
2112   10    52.06    14.90
2112   11    40.19    11.66
2112   12   109.94     6.93
2113    1   107.26     5.64
2113    2    26.63     5.81
2113    3    78.54     9.13
2113    4    98.23     8.90
2113    5    21.50    16.17
2113    6    58.29    20.17
2113    7    27.23    22.85
2113    8    22.56    22.00
2113    9    65.19    20.62
2113   10   107.09    14.65
2113   11    79.34    10.42
2113   12   131.05     6.79
2114    1    84.91     7.12
2114    2    76.32     3.71
2114    3    91.16     7.39
2114    4    33.44     6.57
2114    5    31.08    15.91
2114    6    35.64    21.60
2114    7    64.14    22.91
2114    8    67.27    21.29
2114    9    52.30    17.92
2114   10    99.29    12.28
2114   11    96.46     8.08
2114   12    97.34     7.21
2115    1    49.81     5.77
2115    2    42.25     5.59
2115    3    46.74     7.42
2115    4    84.97    11.33
2115    5    65.61    16.61
2115    6    69.16    19.52
2115    7    28.10    23.79
2115    8    18.18    26.68
2115    9    40.56    21.55
2115   10   157.59    17.69
2115   11    42.92    12.03
2115   12    92.49     6.24
2116    1    32.24     6.49
2116    2    86.10     6.80
2116    3    56.47    11.80
2116    4    47.67    13.22
2116    5    48.49    16.64
2116    6    31.65    21.29
2116    7    52.25    23.23
2116    8    10.12    24.46
2116    9    13.77    22.52
2116   10    71.66    15.40
2116   11    63.23    10.77
2116   12   149.19     9.57
2117    1   103.58     5.94
2117    2   116.99     5.06
2117    3    60.18     7.15
2117    4    61.90    10.76
2117    5    56.05    15.47
2117    6    49.94    21.32
2117    7    35.61    23.05
2117    8    59.20    23.21
2117    9    60.30    21.83
2117   10    99.92    16.75
2117   11   123.64    11.86
2117   12   133.01     4.88
2118    1   106.99     7.21
2118    2   124.75     4.39
2118    3    46.04     6.11
2118    4    53.11    10.14
2118    5   111.43    15.47
2118    6    77.26    19.95
2118    7    65.90    22.90
2118    8    31.83    23.05
2118    9    35.43    19.87
2118   10    36.91    16.76
2118   11    58.45    12.20
2118   12     5.60     6.70
2119    1    21.38     6.93
2119    2    93.90     4.53
2119    3    65.25     9.06
2119    4    31.73    12.63
2119    5    59.88    16.51
2119    6    34.03    20.88
2119    7    62.88    25.77
2119    8    28.54    25.27
2119    9   132.21    20.00
2119   10    45.22    16.41
2119   11   143.49    13.58
2119   12   106.99     7.79
2120    1    71.92     6.22
2120    2   112.83     5.84
2120    3    90.75     5.07
2120    4    39.94    11.91
2120    5    42.21    16.95
2120    6    52.25    20.52
2120    7    71.45    21.92
2120    8    58.48    23.26
2120    9    75.53    20.24
2120   10    81.33    14.40
2120   11    33.81     6.73
2120   12    45.25     7.30
2121    1   141.88     4.27
2121    2    88.82     5.71
2121    3    57.93     6.67
2121    4    61.89    12.34
2121    5    67.95    16.11
2121    6    63.76    20.95
2121    7    30.53    22.33
2121    8    10.29    23.41
2121    9    33.02    20.71
2121   10    47.02    15.69
2121   11    70.17    13.29
2121   12    63.04     6.06
2122    1    51.82     5.37
2122    2   115.03     2.77
2122    3    28.93     8.63
2122    4   104.56    11.67
2122    5   110.48    15.60
2122    6    50.58    22.79
2122    7    57.32    22.22
2122    8    29.39    24.09
2122    9    25.25    22.27
2122   10    57.84    17.21
2122   11    37.31     7.60
2122   12    40.26     6.61
2123    1   103.40     5.62
2123    2    26.84     4.37
2123    3    27.50     8.03
2123    4    55.66    10.15
2123    5    33.61    14.71
2123    6    41.05    20.66
2123    7   134.21    24.10
2123    8    32.87    22.94
2123    9   106.95    20.59
2123   10    88.89    15.68
2123   11    19.08    14.50
2123   12    48.58     9.30
2124    1    49.95     7.84
2124    2    22.60     8.23
2124    3    58.27    10.07
2124    4   106.90    11.17
2124    5   148.94    16.16
2124    6    77.43    19.95
2124    7    84.34    23.11
2124    8    82.67    23.51
2124    9    85.14    19.22
2124   10   125.11    12.25
2124   11    68.15     9.23
2124   12    29.53     6.10
2125    1   121.42     3.85
2125    2    32.07     7.86
2125    3    14.73    10.53
2125    4    42.87    13.75
2125    5    74.82    16.88
2125    6    57.54    22.59
2125    7    76.68    20.78
2125    8    62.97    23.42
2125    9    19.84    23.33
2125   10    66.08    16.16
2125   11   145.02    10.02
2125   12   118.22     8.93
2126    1    77.89     4.72
2126    2    58.24     6.48
2126    3    84.83     8.49
2126    4    40.86    12.68
2126    5    48.79    15.18
2126    6    46.18    22.87
2126    7    99.54    23.40
2126    8    29.38    22.57
2126    9    69.82    19.36
2126   10   142.54    13.54
2126   11    11.94     9.56
2126   12   128.61     6.52
2127    1    91.24     6.86
2127    2    92.40     7.21
2127    3    19.68    10.54
2127    4    67.90    12.77
2127    5   100.28    16.55
2127    6    67.92    19.28
2127    7   110.77    22.13
2127    8    42.87    23.00
2127    9    45.40    21.16
2127   10   153.94    15.05
2127   11    61.27    11.91
2127   12    64.96     7.86
2128    1    45.95     7.12
2128    2    35.16     7.55
2128    3    86.98     8.36
2128    4    31.14    11.96
2128    5    51.86    17.13
2128    6    62.92    20.75
2128    7    34.51    23.89
2128    8    30.37    25.80
2128    9    56.43    24.03
2128   10    65.13    17.56
2128   11    44.35    11.82
2128   12   105.53     9.98
2129    1    36.95     6.52
2129    2    70.50     8.72
2129    3    42.05     9.63
2129    4    19.59    10.01
2129    5    68.04    16.55
2129    6    69.31    21.42
2129    7    66.23    22.46
2129    8    10.27    23.22
2129    9    40.15    20.79
2129   10    77.82    14.96
2129   11    94.88     8.65
2129   12   180.25     4.74
2130    1    31.36     4.19
2130    2    90.35     5.14
2130    3    53.06     9.15
2130    4    25.04    11.49
2130    5    82.88    15.66
2130    6    94.22    21.55
2130    7    63.84    21.95
2130    8    24.26    22.72
2130    9    24.68    20.47
2130   10   101.17    15.24
2130   11    88.23    11.58
2130   12   125.53     6.53
2131    1    36.54     8.52
2131    2    41.09     8.35
2131    3    31.00     8.81
2131    4    79.56    11.22
2131    5    93.41    13.78
2131    6    61.29    20.86
2131    7    42.22    23.02
2131    8    28.27    23.73
2131    9    61.79    19.81
2131   10    47.13    18.33
2131   11    58.24     8.99
2131   12    54.57     5.63
2132    1    66.29     6.31
2132    2    53.65     7.87
2132    3    66.75    10.51
2132    4    67.47    13.02
2132    5    72.06    16.13
2132    6    52.23    19.49
2132    7    14.53    23.72
2132    8    33.98    22.50
2132    9    17.25    21.38
2132   10    91.89    16.84
2132   11    93.93    11.21
2132   12    77.90     9.10
2133    1    68.18     6.51
2133    2   116.82     9.09
2133    3    68.76     5.59
2133    4    40.11    13.24
2133    5    51.61    15.29
2133    6    75.39    18.38
2133    7    25.57    21.90
2133    8    69.50    22.82
2133    9    43.72    20.17
2133   10    28.86    18.65
2133   11    83.01    13.22
2133   12   105.31     7.89
2134    1    23.34     4.97
2134    2    28.12     7.33
2134    3    64.49     7.83
2134    4    59.33    12.11
2134    5    44.03    16.59
2134    6    58.18    20.57
2134    7    88.76    23.96
2134    8    88.73    22.19
2134    9    63.68    19.71
2134   10    87.77    17.29
2134   11    77.54    10.32
2134   12   163.12     8.42
2135    1    97.30     5.23
2135    2    70.99     4.35
2135    3   106.43     6.91
2135    4    74.66    10.35
2135    5    43.84    15.67
2135    6    58.25    21.70
2135    7    34.59    22.62
2135    8    87.76    23.30
2135    9    85.35    18.18
2135   10    72.58    13.70
2135   11    77.94     9.60
2135   12    49.49     6.63
2136    1   139.12     5.49
2136    2    27.60     6.58
2136    3    59.72     8.28
2136    4    28.82     9.66
2136    5    34.60    15.17
2136    6    57.38    21.14
2136    7    37.98    23.69
2136    8    22.15    23.94
2136    9    27.60    20.42
2136   10    48.73    18.71
2136   11   116.50    10.81
2136   12    96.58     4.89
2137    1    16.27     4.85
2137    2    44.14     5.77
2137    3   124.98     8.36
2137    4    57.41     9.46
2137    5    59.56    16.51
2137    6    54.16    20.36
2137    7   110.80    22.16
2137    8    29.73    24.58
2137    9    62.11    18.50
2137   10    36.27    14.96
2137   11    11.40    10.48
2137   12    74.21     6.06
2138    1    73.11     1.74
2138    2    74.18     6.63
2138    3    61.17     7.22
2138    4    64.04    11.76
2138    5    31.60    16.82
2138    6    83.43    22.09
2138    7    72.29    22.62
2138    8    51.86    22.71
2138    9    65.72    20.50
2138   10    41.48    18.81
2138   11    74.47     8.09
2138   12   124.72     3.22
2139    1    50.21     6.24
2139    2    56.66     4.06
2139    3    72.92     3.17
2139    4    55.98    10.03
2139    5    26.72    14.17
2139    6    16.18    21.62
2139    7     8.99    22.59
2139    8    14.55    25.15
2139    9    50.00    20.87
2139   10    98.21    15.70
2139   11    78.45    10.79
2139   12    80.02     4.57
2140    1    89.43     4.49
2140    2    57.24     7.76
2140    3   116.05     7.26
2140    4    90.04    11.25
2140    5    86.06    15.51
2140    6    39.14    21.48
2140    7    16.63    22.76
2140    8    30.78    23.29
2140    9   121.08    20.13
2140   10    27.44    16.11
2140   11   145.70     9.61
2140   12    85.64     6.46
2141    1    88.48     4.37
2141    2    40.46     2.45
2141    3    35.41     8.32
2141    4    57.68    10.78
2141    5    94.96    16.62
2141    6    48.26    21.20
2141    7    71.27    23.03
2141    8    65.05    22.56
2141    9    60.84    19.30
2141   10    18.78    17.16
2141   11    40.53    10.89
2141   12   128.70     7.00
2142    1   109.17     6.47
2142    2    55.41     7.65
2142    3   127.38     6.77
2142    4    48.08    12.72
2142    5    28.32    14.38
2142    6    50.33    20.77
2142    7    79.02    23.82
2142    8    39.12    22.86
2142    9    14.11    19.66
2142   10    68.44    15.82
2142   11    16.92    11.17
2142   12    54.12     8.81
2143    1    80.93     6.94
2143    2   100.34     8.24
2143    3    79.24    11.27
2143    4    62.61    12.61
2143    5    55.99    15.71
2143    6    18.14    20.31
2143    7    91.16    23.37
2143    8    35.47    22.49
2143    9    19.08    22.58
2143   10    22.21    17.36
2143   11    58.99    11.91
2143   12    67.78     6.89
2144    1    48.02     5.98
2144    2   107.46     5.99
2144    3    89.77     9.29
2144    4    88.44    11.96
2144    5    60.11    14.69
2144    6    68.76    17.86
2144    7    42.41    23.22
2144    8    76.93    24.82
2144    9    83.90    17.90
2144   10    64.37    14.18
2144   11    62.79     9.34
2144   12   165.72     6.49
2145    1    42.56     8.03
2145    2    47.64     8.33
2145    3    64.31    10.14
2145    4    77.96    11.63
2145    5   107.38    14.13
2145    6    16.92    19.41
2145    7    34.69    23.89
2145    8    62.44    22.94
2145    9    18.07    20.27
2145   10    20.89    15.60
2145   11    66.94     8.54
2145   12   124.20     6.40
2146    1   127.73     3.85
2146    2   124.37     4.73
2146    3    55.10     8.60
2146    4    50.90    12.72
2146    5    83.31    15.57
2146    6    73.89    20.50
2146    7    48.00    21.36
2146    8    39.44    23.50
2146    9    62.98    23.64
2146   10   100.19    18.05
2146   11    72.07    11.55
2146   12    77.84     7.54
2147    1   144.47     5.69
2147    2    85.34     7.76
2147    3   105.44     8.88
2147    4    39.04    12.13
2147    5    98.92    16.81
2147    6    78.52    20.60
2147    7    12.45    23.04
2147    8    27.05    24.05
2147    9    30.44    23.24
2147   10    97.01    16.13
2147   11    44.90    12.52
2147   12   153.53     5.34
2148    1    67.46     6.50
2148    2    55.27     5.74
2148    3    67.24     8.70
2148    4    69.99    12.42
2148    5    68.41    13.58
2148    6    46.78    20.76
2148    7    16.31    23.06
2148    8    74.73    23.39
2148    9    29.71    20.73
2148   10   116.78    15.15
2148   11   127.16     9.03
2148   12   215.01     3.77
2149    1    67.25     2.97
2149    2   169.32     5.64
2149    3    28.36     4.37
2149    4   108.14     8.12
2149    5    37.58    13.94
2149    6    32.39    19.74
2149    7    38.08    22.62
2149    8    14.53    24.03
2149    9   111.73    20.05
2149   10    48.37    13.89
2149   11    45.37    13.02
2149   12    24.61     6.25
2150    1    45.73     5.69
2150    2    67.38     5.10
2150    3    56.00     4.96
2150    4    58.60    10.24
2150    5    20.88    12.88
2150    6    24.52    22.47
2150    7     5.35    23.87
2150    8     9.64    25.11
2150    9    39.25    23.37
2150   10    32.16    19.52
2150   11   140.48     9.59
2150   12    98.11     5.99
2151    1    64.05     4.43
2151    2    97.50     7.03
2151    3   185.14     8.78
2151    4    69.35    12.22
2151    5    16.99    16.96
2151    6    91.79    20.04
2151    7    36.42    23.98
2151    8   115.52    24.22
2151    9    15.07    20.49
2151   10   129.12    16.42
2151   11    55.39    12.64
2151   12    48.33     8.71
2152    1    81.65     3.17
2152    2    40.70     3.34
2152    3    36.57     6.94
2152    4    15.28     9.24
2152    5    58.71    18.99
2152    6    50.71    22.64
2152    7    36.07    23.34
2152    8    66.78    22.77
2152    9    78.46    19.49
2152   10    82.59    15.75
2152   11    49.96    10.62
2152   12    92.28     8.21
2153    1    72.51     6.99
2153    2    27.30     7.44
2153    3    95.58    10.07
2153    4    97.71    11.69
2153    5    67.70    15.01
2153    6    41.80    21.91
2153    7    31.15    24.42
2153    8    36.31    26.35
2153    9   115.77    20.64
2153   10    49.78    16.88
2153   11    62.46    10.50
2153   12    66.23     4.58
2154    1    25.99     4.97
2154    2    48.74     3.89
2154    3    57.89     6.92
2154    4    43.72    12.50
2154    5    60.44    14.12
2154    6    32.36    22.16
2154    7    48.87    22.66
2154    8    28.75    23.59
2154    9    21.33    21.95
2154   10   130.90    14.11
2154   11     6.72     9.82
2154   12    34.97     7.75
2155    1   107.20     5.32
2155    2    81.99     8.03
2155    3    96.22    10.81
2155    4    63.71    10.89
2155    5    69.06    14.36
2155    6    33.45    20.56
2155    7    74.57    21.25
2155    8    88.15    22.34
2155    9   116.75    19.32
2155   10    46.84    12.58
2155   11    53.40     9.61
2155   12    72.93     7.00
2156    1    54.82     6.84
2156    2   143.24     5.94
2156    3    97.35     8.52
2156    4    50.37    13.48
2156    5    68.28    13.45
2156    6    19.54    19.80
2156    7    69.22    21.62
2156    8    42.24    22.77
2156    9    12.45    21.18
2156   10    36.71    17.35
2156   11    73.49    12.77
2156   12    74.82     8.43
2157    1    69.93     3.69
2157    2    10.99     5.25
2157    3    89.39     7.68
2157    4    44.48    10.66
2157    5    44.21    18.93
2157    6    68.70    24.14
2157    7    62.69    24.90
2157    8    95.06    23.59
2157    9    69.80    20.03
2157   10   104.75    15.96
2157   11    85.09     9.49
2157   12   133.25     7.86
2158    1    75.20     4.32
2158    2    90.40     4.76
2158    3   107.13     6.35
2158    4    84.16    10.81
2158    5    58.47    17.37
2158    6    38.53    21.29
2158    7    85.29    22.28
2158    8    43.32    23.12
2158    9    95.42    19.19
2158   10    56.56    15.45
2158   11    75.20    13.42
2158   12   113.25     8.29
2159    1    52.87     4.78
2159    2    87.18     5.93
2159    3    49.26     8.74
2159    4   116.78    10.34
2159    5    33.75    17.16
2159    6    43.12    19.11
2159    7    53.37    23.90
2159    8    47.83    23.67
2159    9    80.91    20.14
2159   10    87.52    16.76
2159   11    21.96     9.31
2159   12    73.51     5.55
2160    1    58.10     5.23
2160    2    79.37     4.46
2160    3    90.12     8.36
2160    4    78.40    10.39
2160    5    18.33    15.44
2160    6    23.08    21.84
2160    7    51.98    23.74
2160    8    44.04    23.89
2160    9    67.55    20.76
2160   10    25.24    16.13
2160   11    39.02    11.29
2160   12    49.33     7.41
2161    1    87.65     5.64
2161    2    59.65     7.58
2161    3    71.74     8.18
2161    4   104.10    12.17
2161    5    22.26    15.26
2161    6    22.09    21.62
2161    7    41.28    23.90
2161    8    63.73    24.47
2161    9    18.36    19.99
2161   10     3.15    18.72
2161   11    69.36    12.68
2161   12    57.50     7.64
2162    1    99.73     5.98
2162    2    60.46     8.66
2162    3    95.53     8.64
2162    4    74.88    11.69
2162    5    31.34    16.23
2162    6    48.11    19.77
2162    7    15.30    21.63
2162    8    74.23    23.67
2162    9    25.78    21.82
2162   10    77.01    13.80
2162   11    56.10    11.46
2162   12    92.38     7.14
2163    1    51.00     7.73
2163    2    37.56     5.26
2163    3    84.60    11.34
2163    4    64.88    11.20
2163    5    91.35    15.43
2163    6    71.92    17.38
2163    7    27.68    20.93
2163    8   129.18    22.45
2163    9    92.52    18.79
2163   10   167.89    17.49
2163   11   117.39     9.91
2163   12   103.82     6.24
2164    1    33.25     8.27
2164    2    52.03     5.91
2164    3   128.77     8.66
2164    4    92.43    11.51
2164    5    57.55    15.35
2164    6    41.97    21.13
2164    7   101.73    22.46
2164    8     6.61    23.56
2164    9    89.76    20.47
2164   10   138.87    16.68
2164   11    33.33    12.77
2164   12    98.45     6.34
2165    1   194.26     4.69
2165    2    63.18     3.96
2165    3    41.65     7.29
2165    4    63.72    10.25
2165    5    83.19    14.13
2165    6    49.02    21.27
2165    7    22.63    22.89
2165    8    21.89    24.90
2165    9   106.86    23.31
2165   10     6.03    19.16
2165   11    35.93    13.23
2165   12    90.82     6.06
2166    1   100.43     6.70
2166    2    33.08     8.19
2166    3    49.47    10.60
2166    4    75.92    12.61
2166    5    67.36    16.62
2166    6    77.32    20.80
2166    7    87.19    22.25
2166    8    51.01    23.95
2166    9    10.53    24.04
2166   10   165.96    15.64
2166   11    70.52     9.96
2166   12   171.12     6.25
2167    1   128.12     2.93
2167    2   154.08     5.26
2167    3    45.90     9.42
2167    4    84.25    11.99
2167    5    84.60    15.37
2167    6    35.62    22.67
2167    7    70.12    22.95
2167    8    51.22    23.62
2167    9    55.29    20.86
2167   10    93.50    14.16
2167   11    60.81     8.89
2167   12    40.51     9.59
2168    1    90.90     8.40
2168    2    31.80     9.44
2168    3   127.35     8.78
2168    4   121.96    11.64
2168    5    61.33    16.36
2168    6    37.32    22.42
2168    7   132.77    22.36
2168    8    87.00    22.60
2168    9    52.66    19.71
2168   10   107.02    15.09
2168   11    31.51    13.72
2168   12    95.20     6.99
2169    1    91.07     5.07
2169    2    63.78     5.86
2169    3   113.85     7.96
2169    4    40.04    13.65
2169    5    59.29    17.91
2169    6    52.07    21.17
2169    7    88.03    23.88
2169    8    64.69    22.99
2169    9    32.65    19.95
2169   10    77.31    15.30
2169   11    78.30     9.86
2169   12    21.42     6.78
2170    1    81.58     4.79
2170    2    80.07     4.31
2170    3    33.93    11.73
2170    4    56.20    13.74
2170    5    56.55    16.27
2170    6    90.35    22.40
2170    7    29.86    23.47
2170    8    79.89    23.68
2170    9    69.24    20.21
2170   10    79.45    14.45
2170   11    93.20    10.07
2170   12    35.01    10.01
2171    1    72.05     6.28
2171    2    65.84     5.36
2171    3    42.13     8.05
2171    4    64.02    12.54
2171    5    81.95    14.07
2171    6   118.16    17.70
2171    7    27.78    23.63
2171    8    73.84    23.10
2171    9    96.55    21.01
2171   10    47.67    14.88
2171   11     8.60    10.56
2171   12   151.66     6.98
2172    1   115.67     5.54
2172    2    94.76     6.88
2172    3    53.29     5.58
2172    4    39.45    11.42
2172    5    78.06    15.95
2172    6    38.24    21.46
2172    7    41.92    24.17
2172    8    24.65    23.82
2172    9    53.69    23.66
2172   10    28.55    17.09
2172   11    97.93    12.28
2172   12    49.15     8.39
2173    1    51.72     6.95
2173    2    25.17     7.38
2173    3    56.96     9.00
2173    4    47.72    13.81
2173    5    94.65    16.12
2173    6    33.65    22.89
2173    7    49.80    24.10
2173    8     5.31    24.76
2173    9    53.18    22.30
2173   10    61.04    16.85
2173   11    28.19    11.05
2173   12   175.84     4.79
2174    1   116.08     3.97
2174    2    67.98     4.96
2174    3    48.92     8.10
2174    4    26.35    11.30
2174    5    47.35    14.92
2174    6    32.95    21.57
2174    7    59.72    22.45
2174    8    27.68    23.79
2174    9   128.84    23.03
2174   10    83.53    17.20
2174   11    50.76    11.75
2174   12    92.69     6.78
2175    1    92.06     2.43
2175    2    42.08     4.04
2175    3    73.08     7.93
2175    4    57.74    10.08
2175    5   111.84    14.35
2175    6    50.46    20.22
2175    7    68.55    22.80
2175    8    67.20    23.00
2175    9    61.21    18.84
2175   10    36.29    14.02
2175   11    69.12    11.11
2175   12    92.94     7.74
2176    1   123.69     5.52
2176    2    64.02     6.59
2176    3   164.52     9.55
2176    4    51.88    10.54
2176    5    80.52    15.42
2176    6    60.63    21.71
2176    7    17.25    22.51
2176    8    99.48    21.80
2176    9    18.60    22.08
2176   10   113.79    15.09
2176   11   127.76     9.02
2176   12   103.41     9.84
2177    1    79.57     4.62
2177    2    23.70     7.23
2177    3   104.09    11.17
2177    4   110.37    10.70
2177    5    56.27    16.13
2177    6   145.37    19.30
2177    7    67.39    22.03
2177    8    59.02    23.01
2177    9    76.81    20.29
2177   10   121.42    16.40
2177   11    34.94    11.86
2177   12   135.20     8.78
2178    1    52.87     8.07
2178    2    40.22     5.61
2178    3    99.49     9.14
2178    4    42.65    10.81
2178    5    47.85    13.38
2178    6    50.47    20.82
2178    7    72.72    22.94
2178    8   113.70    24.00
2178    9    94.12    20.32
2178   10    67.60    17.57
2178   11   109.54    12.32
2178   12    90.69     7.39
2179    1    82.66     5.14
2179    2    70.82     4.14
2179    3    60.23     6.73
2179    4    67.46    10.75
2179    5    60.40    13.73
2179    6    26.78    23.06
2179    7   113.76    21.95
2179    8    87.28    21.50
2179    9    67.67    22.17
2179   10    72.60    16.73
2179   11    54.75    10.53
2179   12    85.17     6.89
2180    1   103.36     6.35
2180    2    65.36     5.80
2180    3    66.40     7.71
2180    4    61.92    10.79
2180    5    46.44    14.21
2180    6    76.15    23.00
2180    7    71.97    23.53
2180    8    18.89    25.53
2180    9    17.80    22.43
2180   10    45.33    18.53
2180   11   162.06     9.66
2180   12    48.19     7.37
2181    1    29.10     5.40
2181    2   101.50     6.86
2181    3    24.81     8.33
2181    4    57.60     9.24
2181    5    41.01    13.38
2181    6    20.33    19.78
2181    7    56.88    24.70
2181    8    42.80    24.56
2181    9     4.45    23.70
2181   10    89.36    16.43
2181   11     4.21    10.79
2181   12    28.83     8.06
2182    1    20.14     5.33
2182    2    12.86     5.04
2182    3    21.33    11.35
2182    4    70.03    12.33
2182    5   124.24    17.11
2182    6    87.51    21.46
2182    7    46.10    23.93
2182    8    86.40    21.61
2182    9    84.06    19.21
2182   10    54.03    13.99
2182   11    49.66     9.10
2182   12    48.25     7.63
2183    1    71.63     5.45
2183    2    10.09     7.80
2183    3    79.32     9.25
2183    4    80.66    13.17
2183    5    93.75    14.73
2183    6    55.69    20.24
2183    7    53.69    21.67
2183    8    54.74    23.47
2183    9   106.44    21.99
2183   10   114.59    14.51
2183   11   100.12    10.01
2183   12    68.15     7.77
2184    1    84.97     7.93
2184    2    94.30     8.07
2184    3    81.51    10.03
2184    4    65.98    11.86
2184    5    36.10    16.37
2184    6    38.73    18.37
2184    7    18.39    23.65
2184    8    47.96    22.52
2184    9    51.20    21.50
2184   10    73.68    17.58
2184   11    79.99    10.51
2184   12   137.66     4.47
2185    1   122.12     5.84
2185    2   144.00     2.88
2185    3    45.14     7.18
2185    4    73.12    11.01
2185    5    50.56    15.09
2185    6    18.50    21.13
2185    7    61.71    23.42
2185    8    23.70    23.94
2185    9    10.30    21.04
2185   10    37.68    15.64
2185   11    55.36    13.14
2185   12    69.60     7.96
2186    1    85.11     5.21
2186    2    25.38     6.01
2186    3    95.29     6.99
2186    4    81.91    12.69
2186    5   107.22    16.15
2186    6   123.40    20.11
2186    7    27.32    21.99
2186    8    83.23    22.14
2186    9    73.73    18.90
2186   10    39.85    16.02
2186   11   134.74     9.65
2186   12    64.78     6.73
2187    1   192.06     2.75
2187    2    88.98     5.29
2187    3    81.92     8.14
2187    4    19.50     9.71
2187    5    67.88    15.25
2187    6    63.73    19.71
2187    7    58.75    23.50
2187    8    57.79    25.65
2187    9    60.48    19.08
2187   10    16.03    15.65
2187   11    31.01    12.66
2187   12    61.96     7.04
2188    1    68.81     5.08
2188    2    37.77     9.64
2188    3    83.38     7.39
2188    4    78.25    10.00
2188    5    85.15    18.66
2188    6    54.18    20.86
2188    7    15.06    24.16
2188    8    62.24    22.64
2188    9    77.06    20.00
2188   10    85.20    14.73
2188   11   117.81     8.00
2188   12   148.71     5.91
2189    1    58.32     2.70
2189    2    12.34     3.61
2189    3    98.43     7.26
2189    4   104.48    10.70
2189    5    55.83    13.85
2189    6    63.22    20.14
2189    7    68.83    23.42
2189    8    14.70    22.60
2189    9   130.34    18.92
2189   10    76.89    13.96
2189   11    56.70     8.54
2189   12   112.87     6.20
2190    1    98.51     4.98
2190    2    13.01     3.67
2190    3   107.26     6.38
2190    4    33.28    11.60
2190    5    94.44    14.23
2190    6    18.96    20.98
2190    7    97.72    22.99
2190    8    64.02    21.72
2190    9    15.52    21.17
2190   10   125.84    18.53
2190   11    46.71     9.10
2190   12   224.13     3.49
2191    1    45.70     4.97
2191    2    54.90     5.44
2191    3    29.80     6.93
2191    4    57.91    11.82
2191    5    32.40    15.44
2191    6    47.26    20.94
2191    7    25.65    22.13
2191    8    67.92    23.01
2191    9    96.63    21.41
2191   10    41.39    18.47
2191   11    11.91    14.56
2191   12   105.90     6.98
2192    1    34.15     6.99
2192    2    70.21     8.91
2192    3    65.93     9.32
2192    4    60.79    10.72
2192    5    47.34    15.70
2192    6   122.24    19.30
2192    7    88.14    22.25
2192    8    26.26    23.48
2192    9    65.55    18.99
2192   10   102.03    17.99
2192   11    31.04     8.75
2192   12   101.16     6.51
2193    1    94.62     4.76
2193    2    49.16     3.84
2193    3    93.50     6.21
2193    4    55.86    12.51
2193    5    71.62    15.35
2193    6    58.17    20.56
2193    7    42.47    23.58
2193    8    22.98    24.43
2193    9    44.31    19.72
2193   10    46.51    17.17
2193   11   132.45    12.45
2193   12    31.90     7.69
2194    1    79.40     4.66
2194    2    42.45     3.17
2194    3    63.72     8.80
2194    4    44.46    12.29
2194    5   127.97    13.36
2194    6    35.91    19.90
2194    7    79.78    22.54
2194    8    41.69    23.23
2194    9    54.56    21.06
2194   10    65.36    13.76
2194   11     2.74    11.09
2194   12   130.34     6.81
2195    1   136.04     4.45
2195    2    37.41     5.27
2195    3   125.41     7.19
2195    4    59.49    11.29
2195    5    43.84    14.22
2195    6    21.32    20.11
2195    7    91.91    22.23
2195    8    48.61    23.98
2195    9    90.65    18.66
2195   10    41.59    18.81
2195   11    49.00    11.01
2195   12    48.81     6.08
2196    1    46.27     2.71
2196    2    97.11     4.18
2196    3    32.86     8.29
2196    4    46.58    13.14
2196    5    57.20    18.06
2196    6    34.33    24.50
2196    7   123.73    25.24
2196    8     2.53    25.02
2196    9    40.55    24.60
2196   10    88.13    17.67
2196   11   112.96    10.46
2196   12    95.28     5.95
2197    1    34.46     5.12
2197    2    42.68     6.31
2197    3    77.68     6.56
2197    4    70.09    10.42
2197    5    49.63    14.18
2197    6    39.11    19.49
2197    7    49.00    22.72
2197    8    23.91    23.98
2197    9    14.82    22.07
2197   10    14.52    16.59
2197   11    91.72    11.10
2197   12   142.84     5.38
2198    1   170.66     2.64
2198    2   112.65     5.09
2198    3    37.03     5.40
2198    4    82.16    11.31
2198    5    65.87    14.94
2198    6    82.82    21.81
2198    7    28.92    23.19
2198    8    48.60    22.18
2198    9    34.10    22.42
2198   10    74.34    13.58
2198   11    85.18     6.80
2198   12    58.93     5.57
2199    1    50.61     0.76
2199    2    39.17     5.21
2199    3    91.11     4.68
2199    4    41.75     7.21
2199    5    71.62    13.05
2199    6    12.38    19.73
2199    7    30.30    23.60
2199    8     6.24    25.94
2199    9    69.26    23.43
2199   10    93.71    15.63
2199   11   153.09     9.12
2199   12    32.06     9.46
2200    1    43.36     7.18
2200    2    93.74     4.01
2200    3   105.43     9.39
2200    4    81.71    11.60
2200    5    82.08    15.87
2200    6    28.94    20.65
2200    7    13.87    23.63
2200    8    63.64    24.95
2200    9     9.36    23.01
2200   10    60.76    16.54
2200   11    91.44    10.59
2200   12   137.59     3.93
2201    1    27.26     0.15
2201    2    39.50     4.62
2201    3    48.04     7.18
2201    4   109.12    12.80
2201    5    33.40    16.64
2201    6    70.15    21.33
2201    7    32.86    24.75
2201    8    47.63    24.12
2201    9    37.83    18.80
2201   10    44.23    16.07
2201   11    59.92    11.13
2201   12   147.42     7.78
2202    1    53.97     4.32
2202    2   122.91     2.51
2202    3    47.46     5.97
2202    4    85.10    12.67
2202    5    43.21    17.22
2202    6    81.76    21.78
2202    7    22.72    23.72
2202    8    45.35    23.49
2202    9    42.85    20.57
2202   10     8.48    19.15
2202   11    81.28    12.58
2202   12    21.19     8.36
2203    1    40.38     7.75
2203    2    25.30     5.08
2203    3   118.99     7.89
2203    4    46.38    12.59
2203    5    37.99    14.92
2203    6    33.11    23.30
2203    7    96.36    23.53
2203    8    50.14    21.86
2203    9    55.09    19.34
2203   10    89.40    15.23
2203   11    78.76    11.63
2203   12   101.23     5.91
2204    1    77.41     4.08
2204    2    53.77     1.71
2204    3    41.56     6.77
2204    4    18.88    10.69
2204    5    62.44    16.59
2204    6    73.01    22.15
2204    7    74.30    23.14
2204    8    24.33    24.21
2204    9    76.74    21.80
2204   10    83.34    16.56
2204   11   133.38    11.15
2204   12   100.27     7.94
2205    1    91.00     2.53
2205    2    25.60     6.29
2205    3    55.35     7.98
2205    4    83.94    12.38
2205    5    59.65    17.88
2205    6    66.23    20.85
2205    7   108.87    23.57
2205    8    61.74    22.72
2205    9    58.43    21.63
2205   10    39.52    18.02
2205   11    28.38    11.13
2205   12    63.48     7.62
2206    1   193.43     3.22
2206    2    63.40     4.93
2206    3    39.09    10.86
2206    4    89.05     9.11
2206    5    40.84    17.72
2206    6    49.78    21.44
2206    7    68.25    21.20
2206    8    26.54    23.17
2206    9    22.18    21.13
2206   10    82.07    15.81
2206   11    41.11     8.81
2206   12    93.28     7.29
2207    1   137.36     6.66
2207    2    59.12     6.63
2207    3    71.82     9.77
2207    4    27.34    13.13
2207    5    39.94    12.90
2207    6    26.91    22.22
2207    7    36.87    25.14
2207    8    84.86    23.33
2207    9    41.27    21.61
2207   10   161.70    14.97
2207   11    85.57    10.65
2207   12   165.79     5.50
2208    1    75.08     2.28
2208    2    81.42     6.04
2208    3    69.34     6.52
2208    4    50.99    12.19
2208    5    96.65    17.63
2208    6    46.09    19.98
2208    7    30.61    22.60
2208    8    82.03    22.84
2208    9    59.05    20.96
2208   10    94.67    15.27
2208   11    16.09    12.05
2208   12    33.52     7.79
2209    1    78.35     8.79
2209    2    10.41     4.98
2209    3    83.98     7.58
2209    4    46.63     9.79
2209    5    67.61    15.64
2209    6    30.10    20.98
2209    7    26.59    23.72
2209    8    34.59    24.66
2209    9   170.84    21.41
2209   10    48.15    17.14
2209   11    54.31    12.96
2209   12   129.48     6.45
2210    1    96.02     6.48
2210    2    86.68     7.63
2210    3    84.57     9.68
2210    4   100.79     8.47
2210    5    67.66    15.50
2210    6    98.78    20.25
2210    7    50.07    21.90
2210    8    20.33    22.75
2210    9    41.54    22.63
2210   10    45.90    15.17
2210   11     9.72    12.03
2210   12   195.04     4.18
2211    1    27.13     5.16
2211    2     4.44     6.83
2211    3    40.95     7.75
2211    4   156.42    12.00
2211    5   140.02    14.90
2211    6    34.04    21.29
2211    7    67.12    24.93
2211    8    44.65    23.54
2211    9    54.46    19.10
2211   10    42.01    16.83
2211   11    39.52    12.48
2211   12    87.64     9.22
2212    1    45.90     6.74
2212    2    96.02     5.67
2212    3    58.79     7.35
2212    4    44.57     9.70
2212    5    71.13    14.86
2212    6   137.41    21.03
2212    7    43.23    21.23
2212    8    57.02    22.40
2212    9    41.61    20.65
2212   10    45.90    17.18
2212   11    30.83    12.26
2212   12   182.88     7.60
2213    1   133.70     2.53
2213    2    52.82     5.93
2213    3    43.28     9.66
2213    4   101.20    11.11
2213    5   104.56    15.31
2213    6    59.85    20.51
2213    7    50.48    22.45
2213    8    14.41    23.06
2213    9    22.12    20.38
2213   10    29.20    17.24
2213   11   125.88    10.45
2213   12    19.09     6.53
2214    1    73.12     5.20
2214    2    37.96     7.08
2214    3    54.62     8.32
2214    4    37.32    11.24
2214    5    50.10    17.42
2214    6    54.37    20.77
2214    7    25.29    24.32
2214    8    24.07    23.80
2214    9    64.94    19.69
2214   10    98.66    15.88
2214   11   111.39    10.47
2214   12    19.95     7.28
2215    1    99.71     4.49
2215    2    70.10     5.36
2215    3   102.52     8.46
2215    4    72.95    11.21
2215    5   115.67    13.45
2215    6    25.35    20.75
2215    7    14.24    24.40
2215    8    24.18    24.26
2215    9    78.62    19.15
2215   10    34.19    15.34
2215   11    33.81    10.90
2215   12    39.06     8.72
2216    1    79.67     7.59
2216    2    62.85     8.21
2216    3    60.85     8.34
2216    4    55.37    10.40
2216    5    88.38    16.59
2216    6    41.25    20.16
2216    7    66.48    22.94
2216    8    45.72    22.06
2216    9    35.79    21.25
2216   10    58.52    16.97
2216   11   143.64     9.84
2216   12    61.23     4.89
2217    1    44.01     3.90
2217    2    64.35     6.60
2217    3    91.47     8.75
2217    4    90.02    12.82
2217    5    65.46    12.72
2217    6    57.90    21.21
2217    7    29.11    21.03
2217    8    18.18    25.27
2217    9    80.05    21.54
2217   10    45.26    15.85
2217   11   108.85    10.83
2217   12   137.89     7.41
2218    1    87.04     2.86
2218    2    52.26     6.44
2218    3    20.45     7.22
2218    4    59.15    11.76
2218    5    78.13    16.57
2218    6    30.92    20.40
2218    7    30.31    24.93
2218    8    96.39    25.01
2218    9    72.84    21.07
2218   10    32.33    18.00
2218   11    24.83    11.90
2218   12   102.77     7.18
2219    1    67.51     4.53
2219    2    31.57     6.81
2219    3    57.88     8.47
2219    4    61.20    11.11
2219    5   111.81    14.88
2219    6    40.03    20.26
2219    7    65.45    23.32
2219    8    23.59    23.50
2219    9    25.83    19.69
2219   10    30.97    16.03
2219   11    43.44    11.97
2219   12   147.28     6.01
2220    1   131.25     1.53
2220    2    85.36     4.57
2220    3   130.74     5.61
2220    4    91.75     8.82
2220    5    42.63    14.00
2220    6    86.19    19.92
2220    7    76.68    22.84
2220    8    25.57    23.13
2220    9    82.16    21.41
2220   10    75.64    15.03
2220   11    73.53    10.28
2220   12    35.74     6.51
2221    1   118.14     5.36
2221    2    63.44     5.55
2221    3    35.17     6.11
2221    4    63.95     8.88
2221    5    28.99    15.81
2221    6    78.13    19.53
2221    7    47.03    19.87
2221    8    42.22    23.72
2221    9    41.28    19.10
2221   10    83.45    14.85
2221   11   183.86    10.75
2221   12    36.68     7.81
2222    1    25.41     7.07
2222    2    36.51     8.48
2222    3    88.96     9.60
2222    4    73.80    10.64
2222    5    58.52    14.19
2222    6    28.69    19.72
2222    7    19.32    24.52
2222    8    30.46    22.77
2222    9     5.46    20.56
2222   10    49.50    19.80
2222   11    94.35    13.78
2222   12   114.15     7.30
2223    1    87.67     3.48
2223    2    70.99     7.13
2223    3   104.75     7.43
2223    4    87.22     9.17
2223    5    39.27    14.32
2223    6    58.43    21.93
2223    7    31.78    23.29
2223    8    10.66    24.06
2223    9    94.91    20.39
2223   10    82.77    17.16
2223   11    86.53     9.90
2223   12   204.02     5.49
2224    1   149.21     3.50
2224    2    70.10     4.30
2224    3    84.07     8.55
2224    4    36.16    11.50
2224    5    36.53    16.36
2224    6    46.14    21.60
2224    7    75.85    23.72
2224    8     2.06    26.16
2224    9    15.49    23.12
2224   10    58.55    17.78
2224   11    57.03    11.84
2224   12    63.60     8.42
2225    1   142.31     4.36
2225    2   112.06     4.98
2225    3    63.75     8.20
2225    4    38.74    15.44
2225    5    87.32    16.00
2225    6    45.00    19.39
2225    7    11.61    21.24
2225    8    58.56    23.71
2225    9    50.27    19.83
2225   10    38.57    17.94
2225   11    61.39    12.49
2225   12   118.13     8.61
2226    1    89.28     5.45
2226    2   113.72     4.69
2226    3    69.66    10.73
2226    4    49.08    10.04
2226    5    45.29    15.71
2226    6    52.34    18.58
2226    7    82.04    22.58
2226    8    94.54    21.81
2226    9    54.53    20.11
2226   10    11.80    17.86
2226   11    56.14    11.95
2226   12    17.32    10.47
2227    1    26.85     6.01
2227    2    23.23     8.49
2227    3   173.03     8.52
2227    4    39.62    11.54
2227    5    58.37    15.71
2227    6    24.94    22.67
2227    7    82.11    23.08
2227    8    95.17    22.36
2227    9    57.88    21.52
2227   10    42.55    12.95
2227   11   108.16     9.81
2227   12   107.64     6.02
2228    1   113.76     3.74
2228    2    72.56     3.64
2228    3    29.80     8.42
2228    4    85.79    11.78
2228    5    18.49    17.66
2228    6    27.89    21.17
2228    7    90.28    22.59
2228    8    87.19    22.22
2228    9    47.12    19.55
2228   10   129.99    15.22
2228   11    46.18    10.13
2228   12   100.90     7.31
2229    1   152.43     4.96
2229    2   157.25     5.41
2229    3    84.10     7.05
2229    4   109.30    10.06
2229    5    35.56    16.45
2229    6    57.72    20.35
2229    7    56.19    23.18
2229    8    62.18    25.67
2229    9    49.23    20.71
2229   10    31.14    18.89
2229   11   171.97     8.88
2229   12   198.44     4.31
2230    1   100.10     2.97
2230    2    89.08     5.50
2230    3    81.99     6.66
2230    4    78.26    10.41
2230    5    26.92    15.62
2230    6    17.09    19.58
2230    7    16.06    22.46
2230    8    47.50    26.38
2230    9    52.96    21.08
2230   10    61.57    17.18
2230   11   114.37    12.18
2230   12    30.80     7.35
2231    1    79.78     5.01
2231    2    28.75     6.94
2231    3   106.90     7.85
2231    4    90.09     9.68
2231    5    80.61    13.18
2231    6    53.01    20.89
2231    7    58.82    23.19
2231    8    51.87    22.17
2231    9    66.87    19.41
2231   10    79.53    15.90
2231   11    45.48    10.36
2231   12    51.50     9.16
2232    1    70.19     8.38
2232    2    26.18     7.17
2232    3    67.62     8.93
2232    4    57.85    11.17
2232    5    59.22    16.41
2232    6    26.30    20.40
2232    7    68.72    23.67
2232    8    82.93    23.49
2232    9    73.72    20.68
2232   10    97.05    15.69
2232   11    86.12    10.79
2232   12    84.26     6.19
2233    1    40.53     6.66
2233    2    30.27     7.32
2233    3    71.38     8.30
2233    4    68.95    10.04
2233    5    50.86    14.76
2233    6    31.39    22.07
2233    7    44.73    23.46
2233    8    41.68    24.10
2233    9    21.07    19.59
2233   10    28.73    16.69
2233   11    67.93     9.50
2233   12    93.17     3.50
2234    1   151.61     2.31
2234    2    28.51     5.13
2234    3    64.82     6.74
2234    4    10.74    10.79
2234    5    37.42    15.29
2234    6    28.61    21.76
2234    7    82.03    22.72
2234    8    16.73    23.98
2234    9    91.64    19.76
2234   10    23.85    18.57
2234   11   120.41    11.95
2234   12    75.06     8.29
2235    1    66.54     6.67
2235    2    63.43     7.37
2235    3   136.29     3.83
2235    4    79.09    11.43
2235    5    20.31    14.59
2235    6    46.87    19.77
2235    7    20.62    21.48
2235    8     8.03    24.57
2235    9    34.96    19.74
2235   10    87.13    14.76
2235   11    36.97    10.63
2235   12    83.80     9.91
2236    1   101.94     6.19
2236    2    91.59     4.89
2236    3    40.54     4.04
2236    4    35.07    12.88
2236    5    32.57    15.71
2236    6    37.16    23.12
2236    7    69.56    25.41
2236    8    39.05    25.48
2236    9     8.78    21.54
2236   10    81.46    18.08
2236   11   125.34     9.35
2236   12   176.67     5.93
2237    1    61.15     4.55
2237    2    55.14     7.45
2237    3    73.98     6.48
2237    4    79.34     8.61
2237    5    81.16    14.33
2237    6    29.31    19.91
2237    7    41.07    24.66
2237    8    14.12    23.01
2237    9    62.58    18.64
2237   10    40.51    15.28
2237   11   122.19    12.89
2237   12    92.31     7.86
2238    1    45.98     5.53
2238    2    67.61     5.91
2238    3    36.04     7.40
2238    4    42.46    11.52
2238    5    66.19    15.73
2238    6    55.99    21.72
2238    7    48.18    24.35
2238    8   100.24    24.25
2238    9    61.63    21.69
2238   10   119.04    19.07
2238   11   263.36     8.98
2238   12   108.37     7.22
2239    1    56.73     2.19
2239    2    48.98     4.04
2239    3    43.50     9.93
2239    4    67.24    11.94
2239    5    61.77    17.99
2239    6    62.43    21.17
2239    7    11.59    22.84
2239    8    26.25    22.82
2239    9    40.33    21.01
2239   10    50.98    16.50
2239   11    38.28    11.87
2239   12    64.75     8.17
2240    1    79.74     5.73
2240    2    64.12     4.87
2240    3    85.80     7.74
2240    4    69.98    12.48
2240    5    52.23    16.38
2240    6   100.53    19.86
2240    7    30.67    22.87
2240    8    66.35    25.03
2240    9    57.96    21.88
2240   10    54.52    17.71
2240   11   107.31     9.42
2240   12    51.32     7.32
2241    1   111.54     3.87
2241    2    54.55     6.62
2241    3    64.72     8.43
2241    4    46.28    12.51
2241    5    53.24    14.86
2241    6    31.34    20.81
2241    7    29.96    22.57
2241    8    30.77    23.93
2241    9    45.92    21.67
2241   10    28.86    15.65
2241   11   118.43     9.51
2241   12    22.18     8.80
2242    1   114.99     3.63
2242    2    31.87     7.72
2242    3    62.01     5.15
2242    4    98.59    12.39
2242    5    52.57    14.84
2242    6    60.35    19.77
2242    7    12.51    22.92
2242    8    30.57    26.34
2242    9    54.86    21.18
2242   10    60.29    17.80
2242   11   107.90    12.80
2242   12    86.06     9.43
2243    1   172.05     4.92
2243    2    90.00     3.85
2243    3   111.60     8.80
2243    4    27.12     7.98
2243    5    35.12    15.94
2243    6    15.83    22.86
2243    7    73.21    23.08
2243    8     5.09    24.91
2243    9     9.76    24.68
2243   10    40.44    16.28
2243   11   151.08    11.58
2243   12    19.69     6.97
2244    1    36.74     3.92
2244    2   109.07     4.13
2244    3    73.64     7.16
2244    4    55.14    11.66
2244    5    47.43    16.71
2244    6    37.09    20.19
2244    7    69.67    24.48
2244    8     6.87    24.27
2244    9    20.81    23.19
2244   10    96.01    14.86
2244   11   137.98     8.30
2244   12   137.52     7.26
2245    1    54.44     6.09
2245    2    58.00     6.62
2245    3    24.08     6.92
2245    4    47.48    12.41
2245    5    71.85    14.69
2245    6    46.96    20.84
2245    7    46.72    21.59
2245    8    14.36    22.86
2245    9    35.63    21.01
2245   10    23.67    17.71
2245   11   151.82     7.14
2245   12   140.94     5.73
2246    1   103.01     6.39
2246    2    77.49     6.35
2246    3    70.86     9.41
2246    4    50.14    12.32
2246    5    75.74    16.84
2246    6    47.78    19.29
2246    7    12.91    23.29
2246    8    32.00    24.05
2246    9    36.68    20.75
2246   10    66.11    17.64
2246   11    57.85    11.21
2246   12    88.27     7.08
2247    1    77.15     5.13
2247    2    58.59     6.50
2247    3    43.06     7.89
2247    4    41.28    10.95
2247    5    40.10    15.52
2247    6    63.96    22.28
2247    7    31.25    24.09
2247    8    43.24    22.81
2247    9    34.32    20.42
2247   10    68.03    18.96
2247   11    58.16     9.47
2247   12   175.90     5.49
2248    1    58.57     3.29
2248    2    96.53     6.26
2248    3    39.10    11.38
2248    4    60.10     9.11
2248    5    48.46    15.20
2248    6    53.86    20.17
2248    7    68.38    21.94
2248    8    58.86    22.64
2248    9    16.44    23.01
2248   10   102.48    16.84
2248   11    94.83    10.25
2248   12   138.40     6.77
2249    1    33.59     5.12
2249    2    17.23     6.89
2249    3    73.83     9.93
2249    4    34.33    13.38
2249    5    33.02    16.38
2249    6    17.04    22.64
2249    7    40.00    21.80
2249    8    27.44    23.91
2249    9    99.14    22.95
2249   10    32.34    14.72
2249   11     4.64    11.21
2249   12    18.11     8.58
2250    1    97.16     6.33
2250    2    79.16     5.25
2250    3    71.41     7.51
2250    4    95.11    10.15
2250    5    46.14    13.34
2250    6    28.92    19.72
2250    7    92.14    23.37
2250    8    56.21    23.22
2250    9    65.41    20.44
2250   10    89.67    17.11
2250   11    72.51    11.26
2250   12    39.58     8.31
2251    1    65.39     4.53
2251    2    87.08     9.28
2251    3    53.07     6.86
2251    4    11.02    11.56
2251    5    75.35    13.90
2251    6    26.10    19.72
2251    7    33.63    23.88
2251    8    15.79    25.63
2251    9    39.90    20.01
2251   10    58.82    15.25
2251   11   139.38    10.41
2251   12    70.79     8.40
2252    1    69.55     6.55
2252    2   121.59     5.11
2252    3     6.94     9.29
2252    4    87.73    13.99
2252    5    85.56    16.37
2252    6    62.72    21.14
2252    7    46.26    21.85
2252    8    21.75    25.40
2252    9   123.88    22.16
2252   10   134.13    15.92
2252   11    99.23    10.50
2252   12    62.06     7.61
2253    1    46.09     5.60
2253    2   122.60     6.12
2253    3    44.48     8.95
2253    4    91.13     9.82
2253    5    62.33    16.04
2253    6    46.51    21.22
2253    7    36.52    22.81
2253    8    82.48    21.97
2253    9     5.06    20.20
2253   10    41.79    19.28
2253   11    41.83    12.38
2253   12   174.20     5.71
2254    1   113.73     1.83
2254    2    88.41     3.88
2254    3    49.86     5.42
2254    4    15.34     9.23
2254    5    51.54    16.15
2254    6    57.22    22.11
2254    7   148.84    22.10
2254    8    10.54    25.97
2254    9    99.91    20.11
2254   10    32.57    14.53
2254   11   171.96     6.82
2254   12    13.26     6.16
2255    1    71.69     6.26
2255    2   115.32     5.34
2255    3    48.60     6.96
2255    4   148.59     9.69
2255    5    40.99    17.05
2255    6    43.88    20.48
2255    7    16.33    27.32
2255    8    33.70    23.57
2255    9    51.12    21.03
2255   10   121.89    15.79
2255   11    21.81    11.28
2255   12   102.61     5.06
2256    1   110.53     2.32
2256    2    63.23     4.81
2256    3   104.84     7.90
2256    4    33.31    12.11
2256    5    59.01    17.93
2256    6    51.56    22.31
2256    7   122.32    22.77
2256    8    84.28    23.97
2256    9    35.94    21.38
2256   10   170.02    17.12
2256   11   116.16     8.65
2256   12    76.32     5.40
2257    1    51.17     7.44
2257    2    86.16     7.35
2257    3    66.73     7.18
2257    4    45.22    11.35
2257    5    41.01    16.76
2257    6    33.50    24.04
2257    7     3.69    25.18
2257    8     0.98    25.30
2257    9     8.56    21.97
2257   10    23.03    18.98
2257   11    50.57    11.38
2257   12    21.21     8.00
2258    1    73.88     2.85
2258    2    77.39     4.86
2258    3    30.28     7.18
2258    4    50.77     8.00
2258    5    32.98    16.73
2258    6    46.66    20.58
2258    7    23.01    23.67
2258    8    19.11    23.40
2258    9    82.11    20.54
2258   10    45.17    15.95
2258   11   129.92     9.44
2258   12    27.35     6.09
2259    1    75.51     4.23
2259    2    88.73     4.53
2259    3    64.74     5.60
2259    4    50.50    11.33
2259    5   104.78    13.74
2259    6    19.25    20.83
2259    7    55.06    22.25
2259    8    18.30    23.47
2259    9    82.97    20.34
2259   10    43.83    15.85
2259   11    70.34    13.76
2259   12    54.80     9.26
2260    1    82.12     6.84
2260    2    16.41     5.19
2260    3    72.25     8.69
2260    4    65.30    12.78
2260    5    99.89    15.64
2260    6    50.08    18.52
2260    7    20.13    23.95
2260    8    53.29    22.96
2260    9   116.57    20.05
2260   10    60.45    14.61
2260   11   113.89    11.34
2260   12    53.01     6.70
2261    1   146.44     5.14
2261    2    53.35     3.89
2261    3    36.23     6.98
2261    4    83.77     8.18
2261    5    76.76    14.61
2261    6    13.90    19.55
2261    7    17.83    24.29
2261    8    30.86    23.69
2261    9    47.95    21.59
2261   10    63.10    14.54
2261   11    51.41    13.88
2261   12   135.45     6.08
2262    1   149.39     4.50
2262    2    90.48     4.38
2262    3    46.97     7.79
2262    4    52.97    10.21
2262    5    50.33    15.72
2262    6    77.55    19.32
2262    7    15.11    21.87
2262    8    35.54    22.20
2262    9    10.24    21.79
2262   10    43.14    18.94
2262   11    39.75    11.48
2262   12    38.87     5.82
2263    1    67.89     4.92
2263    2    91.98     7.43
2263    3   116.64     9.29
2263    4    80.91    11.49
2263    5    75.49    15.50
2263    6    73.33    20.42
2263    7    29.06    24.27
2263    8   123.45    22.63
2263    9    67.60    20.46
2263   10    49.73    16.26
2263   11    49.86    11.91
2263   12    85.25     6.68
2264    1   119.38     5.15
2264    2   113.47     4.84
2264    3    61.17     8.85
2264    4    73.88    11.79
2264    5    55.49    13.61
2264    6    38.60    21.44
2264    7    65.08    23.46
2264    8    57.13    24.53
2264    9   124.52    21.69
2264   10    74.01    14.74
2264   11   146.15     9.70
2264   12    65.98     5.04
2265    1    90.75     4.81
2265    2    91.75     9.00
2265    3   129.13     8.94
2265    4    87.80    12.18
2265    5    41.42    16.45
2265    6    31.57    20.98
2265    7    35.81    22.31
2265    8    95.72    24.35
2265    9    95.47    19.47
2265   10    57.71    15.27
2265   11   141.80     8.06
2265   12    56.06     7.44
2266    1    61.38     3.08
2266    2    70.08     7.02
2266    3    25.19    10.20
2266    4    40.02    13.62
2266    5    54.29    18.92
2266    6   101.49    20.96
2266    7   117.02    22.57
2266    8    67.36    22.96
2266    9   114.26    19.91
2266   10   140.84    14.81
2266   11   135.23     8.43
2266   12   107.89     5.95
2267    1    48.90     4.58
2267    2    98.02     6.68
2267    3    75.48    10.82
2267    4    63.90    11.23
2267    5   158.24    15.29
2267    6    37.48    20.41
2267    7    84.71    23.28
2267    8    30.65    23.63
2267    9    47.97    20.87
2267   10    76.76    16.72
2267   11    41.66    10.44
2267   12   197.73     4.90
2268    1    62.42     2.97
2268    2    40.03     6.99
2268    3    80.71     7.85
2268    4   118.64    12.51
2268    5    30.03    17.57
2268    6    83.67    21.66
2268    7    78.73    23.39
2268    8   136.73    21.16
2268    9    62.00    21.57
2268   10    32.48    18.98
2268   11    79.10    10.10
2268   12   216.07     3.74
2269    1    77.01     4.44
2269    2    39.70     5.75
2269    3   120.34     7.08
2269    4    51.90     9.06
2269    5    45.73    13.94
2269    6    31.86    20.63
2269    7    32.51    22.96
2269    8    25.43    25.49
2269    9    90.65    21.43
2269   10    63.96    17.33
2269   11   153.58    10.92
2269   12   147.48     3.90
2270    1    58.20     3.20
2270    2    19.55     5.61
2270    3    39.46    10.11
2270    4    26.03    11.05
2270    5   110.72    12.71
2270    6    50.00    20.51
2270    7    29.02    24.01
2270    8    56.12    23.16
2270    9    20.21    21.26
2270   10   146.02    18.47
2270   11   109.65     7.53
2270   12    81.54     7.72
2271    1   177.14     2.17
2271    2     4.25     3.71
2271    3    86.18     7.15
2271    4    48.01    12.54
2271    5    40.56    16.65
2271    6   108.64    21.57
2271    7    65.76    24.07
2271    8    73.48    22.66
2271    9    40.37    16.62
2271   10    17.87    16.05
2271   11     0.65    13.50
2271   12     3.88     9.14
2272    1    20.76     5.98
2272    2    76.03     3.62
2272    3    59.58     5.63
2272    4    16.94    13.59
2272    5    91.35    16.32
2272    6    20.90    21.70
2272    7    22.09    23.19
2272    8    89.23    24.04
2272    9    30.35    21.15
2272   10    74.81    17.74
2272   11    82.81    12.51
2272   12    31.07     7.48
2273    1    95.14     6.31
2273    2    21.32     7.20
2273    3    56.89     7.72
2273    4    71.19    11.58
2273    5    96.76    14.85
2273    6    29.01    21.13
2273    7    94.58    24.91
2273    8    48.26    24.97
2273    9    95.51    20.42
2273   10    20.33    16.40
2273   11   112.03    11.79
2273   12   148.91     5.77
2274    1   148.09     3.64
2274    2    64.39     5.54
2274    3    69.24     7.47
2274    4    95.98    11.44
2274    5    53.03    13.88
2274    6    66.67    20.38
2274    7    75.18    21.71
2274    8    32.17    22.79
2274    9    65.18    20.11
2274   10    52.66    16.55
2274   11   148.17    10.34
2274   12    71.90     4.25
2275    1    57.46     5.44
2275    2    12.45     6.22
2275    3    63.00     9.55
2275    4    73.97    11.00
2275    5    40.52    16.84
2275    6    95.51    21.78
2275    7    84.21    24.03
2275    8    55.26    23.11
2275    9   101.57    19.34
2275   10   157.29    14.78
2275   11    82.20    10.57
2275   12    37.70     6.73
2276    1   162.00     6.22
2276    2    72.92     2.42
2276    3   100.18     8.00
2276    4    78.16    11.73
2276    5    71.77    18.27
2276    6   108.54    20.83
2276    7    32.50    21.05
2276    8    45.79    22.09
2276    9    75.27    20.06
2276   10   137.80    15.43
2276   11    77.52    11.62
2276   12    72.80     6.43
2277    1    69.22     4.99
2277    2    78.98     7.42
2277    3    54.95     5.77
2277    4    69.68    10.21
2277    5    15.52    16.14
2277    6    31.94    21.87
2277    7    49.23    24.07
2277    8    77.94    25.40
2277    9   107.81    20.10
2277   10   107.30    15.71
2277   11    63.58     9.60
2277   12   133.56     4.92
2278    1    43.26     3.69
2278    2    38.68     6.08
2278    3   112.45     7.08
2278    4   113.68    13.31
2278    5    24.81    16.17
2278    6    51.76    20.24
2278    7     3.97    22.54
2278    8    13.19    26.62
2278    9     6.21    22.96
2278   10    13.51    18.42
2278   11    61.97    12.05
2278   12    35.66     9.45
2279    1    82.90     6.67
2279    2    53.19     7.48
2279    3    43.06    11.74
2279    4    56.76    11.67
2279    5    77.62    16.35
2279    6    70.14    23.00
2279    7    31.49    24.57
2279    8    66.98    22.34
2279    9    63.60    22.57
2279   10    78.85    15.54
2279   11   115.60    13.08
2279   12   135.22     7.11
2280    1   122.58     5.73
2280    2   130.29     2.72
2280    3    62.06     9.78
2280    4    72.07    11.01
2280    5    45.80    15.76
2280    6    93.59    20.74
2280    7    54.77    24.87
2280    8   117.70    20.87
2280    9    47.50    20.29
2280   10   133.69    16.92
2280   11    15.80    10.66
2280   12   132.89     5.24
2281    1    49.92     5.87
2281    2    29.72     7.69
2281    3    20.15    10.18
2281    4    74.12    11.83
2281    5    57.79    15.18
2281    6    36.96    21.59
2281    7    49.04    23.19
2281    8    48.69    22.17
2281    9   131.24    21.38
2281   10   103.73    15.49
2281   11   124.10    10.29
2281   12   131.36     5.38
2282    1   132.35     3.75
2282    2    38.40     3.03
2282    3    22.54     8.50
2282    4    32.61    11.56
2282    5    51.66    15.37
2282    6    65.75    20.80
2282    7    65.11    23.52
2282    8    33.83    22.57
2282    9    32.06    24.27
2282   10    68.19    15.97
2282   11    81.44     9.37
2282   12   183.42     4.86
2283    1    88.78     5.02
2283    2    54.35     5.56
2283    3   125.14     4.59
2283    4    40.47     9.57
2283    5    21.20    16.51
2283    6    53.10    21.30
2283    7    44.86    24.04
2283    8    97.47    23.92
2283    9    29.53    22.87
2283   10   108.31    17.13
2283   11    90.23    10.65
2283   12   195.82     4.36
2284    1    51.15     2.90
2284    2    44.41     3.54
2284    3   106.75     6.40
2284    4   107.08     9.69
2284    5   124.90    14.59
2284    6    89.61    20.98
2284    7    83.48    22.39
2284    8    46.69    23.93
2284    9    41.91    22.18
2284   10   106.92    14.73
2284   11    47.95     8.63
2284   12    81.44     6.04
2285    1    75.23     6.49
2285    2    27.73     6.70
2285    3    25.84    10.76
2285    4    28.85    11.36
2285    5    66.99    18.41
2285    6    51.25    21.46
2285    7    56.42    22.33
2285    8    47.85    23.83
2285    9    64.51    21.21
2285   10   145.89    13.71
2285   11   109.71    11.66
2285   12    54.37     8.10
2286    1   171.12     2.92
2286    2    32.82     6.78
2286    3   112.11     6.09
2286    4   103.09    11.08
2286    5    39.41    15.87
2286    6    67.45    20.29
2286    7    68.15    24.29
2286    8    20.65    24.33
2286    9    27.67    20.32
2286   10    29.79    15.37
2286   11    80.30     8.23
2286   12    47.20     5.89
2287    1   140.13     4.59
2287    2    35.39     5.74
2287    3   106.61    10.24
2287    4    41.38     8.82
2287    5    32.78    15.39
2287    6    75.71    19.96
2287    7   108.18    24.28
2287    8    57.61    24.24
2287    9    75.32    19.29
2287   10   113.11    16.35
2287   11   112.56    11.71
2287   12    58.58     6.76
2288    1   108.38     4.82
2288    2    77.44     7.65
2288    3   105.11     7.03
2288    4    35.26    10.73
2288    5    67.99    14.04
2288    6    42.94    20.61
2288    7    68.21    22.73
2288    8    34.44    23.24
2288    9    80.52    20.08
2288   10    70.10    15.53
2288   11    66.42    10.60
2288   12    25.73     9.30
2289    1    60.91     6.96
2289    2    30.83     8.37
2289    3    74.74     7.39
2289    4    83.10     9.83
2289    5    46.24    15.56
2289    6    49.25    20.14
2289    7    66.44    22.61
2289    8    89.00    23.20
2289    9    49.34    20.80
2289   10   106.30    15.53
2289   11    31.28    10.34
2289   12    57.68     7.64
2290    1    74.22     4.92
2290    2    88.15     3.16
2290    3    82.64     6.64
2290    4    83.78    10.67
2290    5    56.82    15.54
2290    6    30.37    21.23
2290    7    29.82    22.51
2290    8    18.28    22.73
2290    9    44.79    22.43
2290   10   100.86    12.51
2290   11    85.21    10.02
2290   12   107.06     8.28
2291    1    73.55     4.96
2291    2    71.28     6.55
2291    3    87.51    11.04
2291    4    55.76    11.77
2291    5   124.62    15.73
2291    6    62.33    20.64
2291    7    66.12    23.37
2291    8    19.33    24.44
2291    9    69.06    20.32
2291   10    33.27    17.60
2291   11    48.41    12.40
2291   12    49.76     5.18
2292    1    38.02     6.78
2292    2    38.39     3.94
2292    3    56.46     9.33
2292    4    80.24    10.11
2292    5    23.76    16.94
2292    6    66.69    20.52
2292    7    11.81    24.51
2292    8    19.27    24.35
2292    9    19.60    22.95
2292   10   107.60    15.82
2292   11    56.53    11.36
2292   12    99.27     8.33
2293    1    39.44     6.50
2293    2    74.65     8.08
2293    3    73.81    11.24
2293    4    86.85    13.07
2293    5    73.48    15.37
2293    6    49.40    20.94
2293    7    37.58    23.59
2293    8    37.21    23.17
2293    9    52.15    20.65
2293   10    38.56    16.88
2293   11    44.93    14.45
2293   12   103.00     8.38
2294    1    83.59     4.82
2294    2    88.47     5.59
2294    3   105.61    10.03
2294    4    53.13     9.86
2294    5    33.31    14.55
2294    6    50.92    20.06
2294    7    29.63    24.39
2294    8    41.78    23.43
2294    9    97.59    19.66
2294   10    26.59    16.10
2294   11   104.08     9.76
2294   12    97.04     7.48
2295    1    56.01     5.84
2295    2    31.71     7.31
2295    3    82.54     9.89
2295    4    85.97    14.40
2295    5   111.16    15.47
2295    6    40.17    21.08
2295    7    55.37    22.21
2295    8    28.68    26.78
2295    9    41.79    23.78
2295   10    76.77    15.49
2295   11    57.45    10.35
2295   12    75.24     6.57
2296    1    94.38     5.20
2296    2    68.48     3.58
2296    3    90.88     8.90
2296    4   102.94    10.23
2296    5    37.16    14.89
2296    6    38.72    22.05
2296    7   131.35    21.87
2296    8    98.04    21.95
2296    9    18.70    19.81
2296   10    53.40    16.02
2296   11    66.85    11.00
2296   12    86.66     7.27
2297    1   118.27     4.80
2297    2    43.39     3.27
2297    3    69.11     8.85
2297    4    96.07    10.22
2297    5    95.82    15.46
2297    6    42.00    18.84
2297    7    56.37    21.53
2297    8    28.81    26.61
2297    9    43.73    22.70
2297   10    98.30    14.51
2297   11    59.88     7.75
2297   12   133.87     5.74
2298    1    15.70     7.56
2298    2    56.00     7.00
2298    3    54.59     9.92
2298    4    80.72    13.46
2298    5    55.02    16.42
2298    6    44.82    21.14
2298    7    96.79    21.91
2298    8    77.96    20.96
2298    9    22.16    21.98
2298   10    26.83    17.69
2298   11    73.62    12.43
2298   12    79.92     6.95
2299    1    82.87     6.78
2299    2    63.45     6.27
2299    3    55.54     8.20
2299    4   131.26    11.10
2299    5    49.72    14.32
2299    6    25.19    22.08
2299    7    57.70    22.61
2299    8    46.31    27.33
2299    9    25.01    20.04
2299   10    40.84    18.35
2299   11   118.09    10.22
2299   12    87.46     5.00
2300    1    35.19     7.30
2300    2    74.53     3.40
2300    3    41.90     7.27
2300    4    58.73    10.56
2300    5    35.77    15.73
2300    6    48.20    20.60
2300    7    82.96    22.83
2300    8     7.92    24.36
2300    9    19.22    20.77
2300   10   121.14    15.84
2300   11    56.70    12.11
2300   12   118.63     8.46
