2006    1    42.15     2.78
2006    2    16.26     2.41
2006    3    22.12     5.09
2006    4    97.96     6.36
2006    5   125.70    11.87
2006    6    77.14    18.65
2006    7    23.37    24.21
2006    8     3.29    23.12
2006    9    33.96    16.03
2006   10    52.27     9.74
2006   11   101.31     4.96
2006   12    24.42     1.18
2007    1    35.05     3.53
2007    2    78.40     1.88
2007    3   110.99     5.73
2007    4    60.45    11.05
2007    5    84.16    13.69
2007    6    53.00    18.76
2007    7     7.82    24.10
2007    8     7.71    26.02
2007    9    18.60    17.32
2007   10    36.13    11.16
2007   11    55.23     4.57
2007   12    84.74     2.50
2008    1    90.77    -2.81
2008    2    28.37     0.12
2008    3    70.78     2.32
2008    4    73.98    10.07
2008    5   125.67    14.15
2008    6    30.55    17.98
2008    7     7.56    25.33
2008    8     3.66    26.61
2008    9    16.56    17.88
2008   10    18.44    10.30
2008   11    47.12     7.19
2008   12    15.08     3.20
2009    1    79.29     3.26
2009    2    71.42     3.18
2009    3    46.46     0.84
2009    4    50.53     7.13
2009    5    89.35    14.20
2009    6    20.19    19.21
2009    7    21.01    25.67
2009    8    19.24    23.80
2009    9    26.19    16.75
2009   10    34.17    10.87
2009   11    29.09     4.12
2009   12    67.19     0.43
2010    1    38.88     1.47
2010    2    20.54     0.96
2010    3    75.98     2.09
2010    4    62.81     7.16
2010    5    54.48    14.98
2010    6    54.61    19.80
2010    7    10.19    25.13
2010    8    15.66    22.19
2010    9    28.99    15.04
2010   10    81.80     8.26
2010   11    77.27     4.30
2010   12    31.52     2.59
2011    1    42.31     1.61
2011    2    39.49     4.08
2011    3    85.95     6.14
2011    4    90.19     7.56
2011    5    71.57    13.64
2011    6   128.99    20.44
2011    7    35.88    21.66
2011    8     7.38    23.11
2011    9     8.76    15.89
2011   10    23.74     7.64
2011   11    50.82     3.87
2011   12    34.27     3.21
2012    1    69.19     3.06
2012    2    92.55     2.44
2012    3    82.95     4.05
2012    4   152.67     6.90
2012    5   120.46    12.18
2012    6    27.34    20.63
2012    7    38.26    24.44
2012    8    13.51    26.30
2012    9     8.68    19.85
2012   10    15.23    11.29
2012   11    41.42     3.18
2012   12   116.96     2.35
2013    1    31.13     0.22
2013    2    49.40     2.28
2013    3    94.31     2.90
2013    4    99.59     9.61
2013    5    91.53    12.90
2013    6    45.20    17.77
2013    7     6.08    25.76
2013    8    29.93    23.21
2013    9    70.46    15.99
2013   10    28.16     8.87
2013   11    64.06     3.27
2013   12    32.90     2.38
2014    1    51.71     0.71
2014    2   104.29     3.34
2014    3    93.31     1.91
2014    4    93.52     8.31
2014    5    79.29    12.97
2014    6    26.29    19.17
2014    7     7.01    24.41
2014    8     5.19    26.44
2014    9    26.48    17.11
2014   10    53.48     9.16
2014   11    66.71     6.63
2014   12    20.88     1.83
2015    1    42.66    -0.08
2015    2    14.74     1.32
2015    3    71.00     1.99
2015    4    45.63     8.17
2015    5   100.24    15.00
2015    6    47.34    19.06
2015    7     9.39    27.35
2015    8     3.12    25.54
2015    9    34.48    16.58
2015   10    46.21    10.20
2015   11    25.87     1.85
2015   12    13.62     2.62
2016    1    48.33    -0.74
2016    2    28.12     1.04
2016    3    45.27     1.71
2016    4    96.29    11.37
2016    5   105.73    13.86
2016    6    18.75    20.10
2016    7    33.22    24.40
2016    8     4.97    25.27
2016    9    50.13    15.11
2016   10    17.74    12.83
2016   11    76.97     4.50
2016   12    41.89     3.10
2017    1    49.88     2.25
2017    2    84.44     2.21
2017    3    58.25     5.19
2017    4    46.84    10.74
2017    5   123.47    15.07
2017    6    66.59    18.04
2017    7    25.55    22.42
2017    8     7.58    25.02
2017    9    19.15    18.55
2017   10    63.40     8.30
2017   11    88.28     4.15
2017   12    80.78     1.65
2018    1   102.46     0.28
2018    2    41.06     1.83
2018    3    52.48     5.62
2018    4   122.48     8.47
2018    5   115.17    12.99
2018    6    14.62    18.19
2018    7    15.82    25.41
2018    8     5.80    25.04
2018    9     2.72    19.19
2018   10    57.04     9.16
2018   11    11.74     2.89
2018   12    46.84     1.91
2019    1    47.26     1.20
2019    2    73.90     1.04
2019    3    68.27     5.88
2019    4   143.37     6.20
2019    5   102.86     9.81
2019    6    68.37    18.69
2019    7    41.56    21.77
2019    8     8.22    23.41
2019    9    38.87    16.02
2019   10    24.94    11.00
2019   11    66.95     5.09
2019   12    51.02     5.74
2020    1    71.67     3.64
2020    2    65.54     1.59
2020    3    66.38     4.41
2020    4    95.13    10.01
2020    5   113.07    12.80
2020    6    36.16    19.00
2020    7    44.80    22.34
2020    8     9.08    24.89
2020    9     8.05    19.33
2020   10    42.05     9.11
2020   11    69.92     2.83
2020   12    34.49     0.38
2021    1    56.82     0.45
2021    2    69.53     4.51
2021    3    72.04     3.66
2021    4   109.62     8.22
2021    5   146.39    11.93
2021    6    69.59    17.92
2021    7    10.66    21.29
2021    8     4.16    22.63
2021    9    75.71    14.59
2021   10    47.86     7.91
2021   11    73.96     5.67
2021   12    75.06    -0.12
2022    1    67.59     0.83
2022    2    18.28     2.43
2022    3    67.80     2.79
2022    4    94.11     9.47
2022    5    80.98    15.54
2022    6    40.52    19.42
2022    7    35.04    22.86
2022    8    20.81    24.34
2022    9    27.13    17.47
2022   10    60.73     7.65
2022   11    61.01     3.49
2022   12    18.71     0.39
2023    1    81.82     0.69
2023    2    39.05     0.95
2023    3    43.70     3.26
2023    4   108.24     6.88
2023    5   112.90    13.98
2023    6    57.40    19.62
2023    7    10.21    24.44
2023    8    27.52    24.39
2023    9    11.25    18.06
2023   10   104.90    10.06
2023   11    62.71     6.06
2023   12    38.62     2.28
2024    1    43.30     0.77
2024    2    69.43     1.96
2024    3    83.61     2.86
2024    4    79.54     8.09
2024    5    66.38    11.46
2024    6    11.11    18.44
2024    7    16.28    26.31
2024    8     4.76    25.66
2024    9     8.89    18.33
2024   10    56.99    10.40
2024   11    78.89     5.71
2024   12    25.59     1.42
2025    1    41.82     3.56
2025    2    40.74     1.10
2025    3    88.89     2.89
2025    4    88.17     8.48
2025    5   119.72    13.57
2025    6    95.69    16.54
2025    7    55.16    21.61
2025    8     6.13    22.23
2025    9    36.21    15.43
2025   10     3.88     9.18
2025   11    46.80     6.60
2025   12    71.58     3.54
2026    1    29.31     0.10
2026    2    37.47     5.05
2026    3    56.39     3.45
2026    4    93.94     8.86
2026    5   173.74    13.61
2026    6   106.58    17.36
2026    7    22.74    23.70
2026    8    17.46    23.96
2026    9    28.85    18.45
2026   10    42.00    12.32
2026   11    29.85     3.96
2026   12    61.82     5.16
2027    1    82.45     4.68
2027    2    59.33     4.11
2027    3    85.27     6.21
2027    4   104.60     8.49
2027    5   201.07    12.15
2027    6    84.29    18.01
2027    7    11.83    23.88
2027    8    17.28    22.90
2027    9    27.24    18.19
2027   10    82.09     6.12
2027   11    38.11     2.98
2027   12    69.07     1.82
2028    1    96.44     0.54
2028    2    16.92    -0.80
2028    3    70.70     4.35
2028    4    59.66     9.51
2028    5   197.18    14.73
2028    6    55.95    19.05
2028    7    16.05    24.64
2028    8    15.71    24.80
2028    9    26.86    19.91
2028   10    58.11    12.44
2028   11    19.43     5.76
2028   12    50.61     5.33
2029    1    44.53     0.41
2029    2    49.72     2.18
2029    3    74.89     4.26
2029    4    59.42    12.46
2029    5    38.73    16.22
2029    6    16.80    22.62
2029    7    11.32    25.77
2029    8     0.84    28.92
2029    9    47.00    16.49
2029   10    31.20    10.94
2029   11    88.70     4.52
2029   12    30.04     2.17
2030    1    57.59     3.50
2030    2    39.35    -0.18
2030    3    54.64     7.73
2030    4   101.72     6.59
2030    5    66.50    13.36
2030    6    50.63    19.29
2030    7    22.00    25.08
2030    8     4.66    25.16
2030    9    22.52    18.70
2030   10    22.37    12.26
2030   11    73.15     6.38
2030   12    27.59     0.17
2031    1    86.10     1.03
2031    2    27.95     3.13
2031    3    53.74     5.43
2031    4    95.57     7.98
2031    5   229.16    13.92
2031    6    50.10    18.36
2031    7     7.35    23.42
2031    8    33.92    24.32
2031    9    14.24    19.81
2031   10    47.04     8.55
2031   11    46.46     6.87
2031   12    42.19     4.69
2032    1    81.91     1.36
2032    2    27.99     3.60
2032    3    84.34     7.51
2032    4   102.23     8.36
2032    5   148.72    14.83
2032    6    91.43    19.14
2032    7    17.51    23.43
2032    8    32.33    22.38
2032    9    33.74    16.32
2032   10    56.30     9.48
2032   11     9.32     3.69
2032   12    61.72     0.80
2033    1    81.16    -0.41
2033    2    51.81     2.38
2033    3    33.55     6.05
2033    4   101.10     6.19
2033    5   108.02    13.83
2033    6    37.03    19.97
2033    7     1.60    25.47
2033    8     5.26    28.36
2033    9     2.47    18.86
2033   10    76.69    10.55
2033   11    18.60     3.93
2033   12     1.42    -1.34
2034    1    41.82     0.05
2034    2    31.36     1.25
2034    3    40.65     2.67
2034    4    82.40     7.30
2034    5   127.77    14.07
2034    6    84.35    18.09
2034    7     4.56    24.97
2034    8    18.11    25.88
2034    9    40.43    18.35
2034   10    41.43     9.52
2034   11    16.82     3.79
2034   12    34.00     2.08
2035    1    33.86    -0.42
2035    2    32.41     2.83
2035    3    60.44     6.94
2035    4   151.85     6.28
2035    5    65.96    12.66
2035    6    13.33    20.27
2035    7     5.06    26.22
2035    8    11.57    23.74
2035    9    18.68    18.18
2035   10    27.29    10.26
2035   11    43.53     6.43
2035   12    43.44     3.26
