2006    1    23.33     1.26
2006    2    10.40     1.68
2006    3    29.99     4.89
2006    4   128.74     7.18
2006    5    80.33    13.14
2006    6    50.14    20.45
2006    7    35.08    27.13
2006    8    10.47    24.07
2006    9    65.90    15.53
2006   10    16.86    10.66
2006   11    65.43     3.92
2006   12    13.89    -0.35
2007    1    17.91     2.13
2007    2    47.58     1.98
2007    3    56.94     6.70
2007    4    30.65    12.88
2007    5    33.84    17.08
2007    6    62.17    21.86
2007    7    22.60    26.65
2007    8    17.78    26.95
2007    9    22.48    18.26
2007   10    13.87    11.54
2007   11    38.36     3.58
2007   12    31.62     1.21
2008    1    37.74    -4.04
2008    2    32.50    -0.12
2008    3    61.80     2.23
2008    4    63.46    10.74
2008    5   137.27    15.45
2008    6    31.78    20.52
2008    7    19.85    27.41
2008    8     5.55    27.85
2008    9     8.67    19.28
2008   10    18.94    10.32
2008   11    43.82     6.38
2008   12    11.68     1.67
2009    1    17.32     1.87
2009    2    37.52     2.73
2009    3    43.66    -0.19
2009    4    76.27     7.17
2009    5    79.38    15.60
2009    6    59.86    20.80
2009    7    14.59    27.48
2009    8    27.18    25.74
2009    9    20.42    18.13
2009   10    46.87    10.77
2009   11    61.58     3.41
2009   12    29.52    -0.60
2010    1    11.89     0.07
2010    2     9.23     0.58
2010    3    70.76     2.01
2010    4    89.60     7.77
2010    5   105.76    16.06
2010    6    31.77    22.12
2010    7     6.21    27.78
2010    8     6.36    24.99
2010    9    16.70    16.95
2010   10    74.00     7.53
2010   11    35.86     3.53
2010   12    25.30     0.85
2011    1    21.63     0.79
2011    2    22.81     3.90
2011    3   120.18     5.36
2011    4   139.38     8.30
2011    5    94.32    13.79
2011    6   106.64    22.05
2011    7    73.12    23.31
2011    8     6.15    24.52
2011    9    36.80    15.50
2011   10    27.54     6.07
2011   11    14.81     2.28
2011   12    39.54     1.22
2012    1    13.43     2.10
2012    2    47.56     1.61
2012    3    43.84     4.53
2012    4   101.24     8.34
2012    5   115.17    12.79
2012    6    35.37    23.13
2012    7    26.25    28.72
2012    8     7.34    29.38
2012    9     5.44    21.48
2012   10    12.69    11.23
2012   11    23.27     2.06
2012   12    54.40     1.15
2013    1     8.58    -0.48
2013    2    24.51     1.44
2013    3    63.97     2.99
2013    4    41.12    10.59
2013    5    48.49    15.16
2013    6    35.27    20.82
2013    7     4.42    29.30
2013    8    43.78    25.35
2013    9    66.55    15.56
2013   10     9.06     8.49
2013   11    40.92     2.15
2013   12    17.13     1.55
2014    1    21.10    -0.49
2014    2    40.85     3.01
2014    3    41.86     1.90
2014    4   120.38     9.51
2014    5    84.16    15.04
2014    6    15.66    22.96
2014    7     5.92    28.09
2014    8     2.74    28.05
2014    9    18.49    17.64
2014   10    26.22     9.71
2014   11    16.59     6.41
2014   12    12.02     0.97
2015    1     7.95    -1.58
2015    2     5.29     0.76
2015    3    27.01     2.18
2015    4    71.32     8.33
2015    5   107.51    17.14
2015    6    36.73    22.95
2015    7     6.92    28.75
2015    8    10.53    24.90
2015    9    18.04    17.30
2015   10    40.58    10.42
2015   11    33.49     0.88
2015   12    13.71     0.94
2016    1    36.23    -1.41
2016    2    39.15    -0.49
2016    3    51.92     1.70
2016    4    99.77    12.30
2016    5   195.73    14.41
2016    6    40.81    21.30
2016    7    24.36    26.38
2016    8    21.08    26.37
2016    9     8.78    16.44
2016   10    22.51    12.25
2016   11    26.55     3.63
2016   12    16.77     1.34
2017    1    15.66     1.12
2017    2    41.04     1.85
2017    3    61.61     5.23
2017    4   101.42    11.47
2017    5   122.42    16.09
2017    6    93.37    20.07
2017    7    24.04    26.14
2017    8     4.15    27.17
2017    9    15.60    20.00
2017   10    29.51     8.97
2017   11    20.74     3.28
2017   12    23.78     0.86
2018    1    37.82    -0.70
2018    2    27.18     0.84
2018    3    52.33     5.94
2018    4    82.67     8.21
2018    5   103.12    13.63
2018    6    16.69    21.05
2018    7    14.53    28.98
2018    8     4.54    26.91
2018    9     3.74    20.28
2018   10    48.37     8.53
2018   11    34.29     2.12
2018   12    29.53     0.47
2019    1     8.77     0.16
2019    2    40.49     0.96
2019    3    43.41     5.73
2019    4   109.97     6.62
2019    5   108.59    10.78
2019    6    66.86    20.31
2019    7    49.09    24.18
2019    8     3.44    25.63
2019    9    10.88    17.55
2019   10    18.50    11.07
2019   11    37.26     4.29
2019   12    48.58     3.98
2020    1    36.76     2.34
2020    2    57.54     0.63
2020    3    92.29     4.53
2020    4   120.31    10.00
2020    5   178.75    14.12
2020    6    38.74    20.18
2020    7    61.14    23.73
2020    8    12.23    24.81
2020    9    23.93    19.04
2020   10    93.29     8.12
2020   11    80.43     1.87
2020   12    33.14    -0.69
2021    1    35.69    -1.26
2021    2    45.41     3.59
2021    3    76.47     4.24
2021    4   155.27     9.16
2021    5    83.49    13.32
2021    6   103.58    19.30
2021    7    11.56    23.23
2021    8    10.34    23.04
2021    9    45.01    15.13
2021   10    24.31     8.18
2021   11    43.69     4.46
2021   12    50.09    -1.76
2022    1    29.60    -0.24
2022    2    11.84     2.20
2022    3    64.13     2.39
2022    4    66.54     9.28
2022    5    76.28    17.07
2022    6    21.64    23.63
2022    7     6.78    28.31
2022    8    16.77    27.44
2022    9    12.52    18.72
2022   10    43.30     7.32
2022   11    20.43     2.63
2022   12    16.07    -0.59
2023    1    31.69    -0.61
2023    2    15.50     0.37
2023    3    22.80     3.15
2023    4    43.48     7.87
2023    5    80.83    16.09
2023    6    68.93    21.80
2023    7     9.24    29.06
2023    8    26.13    25.73
2023    9    21.21    19.02
2023   10    46.63     9.95
2023   11    22.13     4.87
2023   12    28.97     0.67
2024    1    27.87    -0.79
2024    2    26.21     1.16
2024    3    48.71     3.48
2024    4   101.79     8.19
2024    5    92.90    12.58
2024    6    20.54    21.13
2024    7     7.98    29.03
2024    8     6.50    27.65
2024    9     2.75    18.80
2024   10    60.67    10.21
2024   11    12.69     4.60
2024   12     7.84     0.82
2025    1    27.83     2.97
2025    2    31.51     0.58
2025    3    57.81     3.29
2025    4   108.29     8.93
2025    5   133.69    14.75
2025    6    80.68    18.52
2025    7    33.40    23.75
2025    8     1.64    26.28
2025    9     8.13    17.64
2025   10     5.03     8.96
2025   11    10.35     6.02
2025   12    43.71     2.65
2026    1    11.20    -1.75
2026    2    18.48     4.43
2026    3    77.66     1.80
2026    4    75.36     9.49
2026    5   126.93    15.42
2026    6   112.80    19.31
2026    7    14.91    25.80
2026    8     9.76    25.46
2026    9    17.15    19.62
2026   10    58.92    12.09
2026   11    20.51     3.17
2026   12    30.93     3.41
2027    1    33.86     3.24
2027    2    71.61     3.26
2027    3   106.57     6.73
2027    4    84.91     8.39
2027    5   190.42    12.30
2027    6   120.98    19.61
2027    7     8.60    25.67
2027    8    12.55    24.08
2027    9     6.34    18.88
2027   10    36.91     6.06
2027   11    36.73     1.43
2027   12    29.47     0.72
2028    1    31.80    -0.76
2028    2     6.85    -1.83
2028    3    36.43     4.71
2028    4    70.57     9.51
2028    5    99.90    17.09
2028    6    80.39    20.46
2028    7    22.09    27.81
2028    8     8.41    26.86
2028    9     2.47    21.63
2028   10    18.60    13.01
2028   11     3.82     4.58
2028   12    22.58     4.33
2029    1    38.94    -0.98
2029    2    20.90     1.87
2029    3    36.33     4.71
2029    4    38.13    14.56
2029    5    29.25    19.51
2029    6    14.92    26.85
2029    7     6.80    29.43
2029    8     1.03    30.67
2029    9    24.20    16.54
2029   10    24.08    10.34
2029   11    63.87     3.91
2029   12    13.19     0.67
2030    1    41.80     2.05
2030    2    62.85    -1.76
2030    3    34.02     6.30
2030    4    88.77     6.56
2030    5    86.81    13.80
2030    6    49.57    21.66
2030    7    37.09    28.48
2030    8     6.92    26.47
2030    9     6.64    20.02
2030   10     9.81    12.67
2030   11    53.38     5.38
2030   12    21.52    -1.74
2031    1    14.94    -0.50
2031    2    16.76     1.84
2031    3    56.87     5.72
2031    4    66.39     8.42
2031    5   169.94    14.98
2031    6    24.88    19.77
2031    7     9.53    26.57
2031    8    28.28    25.26
2031    9    19.24    20.49
2031   10    43.21     7.72
2031   11    23.67     6.65
2031   12    45.38     3.93
2032    1    61.50     0.15
2032    2    46.12     3.07
2032    3    68.24     7.56
2032    4    85.88     8.86
2032    5   151.48    15.61
2032    6    62.41    20.57
2032    7    14.12    26.16
2032    8    36.11    23.73
2032    9    29.82    15.81
2032   10    33.68     9.36
2032   11    18.28     3.01
2032   12    16.76    -0.06
2033    1    26.82    -0.99
2033    2    26.53     1.73
2033    3    14.69     5.19
2033    4   158.75     5.91
2033    5    91.68    14.61
2033    6    33.56    22.27
2033    7     4.42    28.91
2033    8    13.24    29.44
2033    9     1.90    18.70
2033   10    27.63    11.23
2033   11    13.23     3.08
2033   12     3.19    -3.27
2034    1    47.03    -0.53
2034    2    11.98     0.64
2034    3    49.85     2.27
2034    4   184.09     6.94
2034    5   123.52    15.27
2034    6    83.56    19.41
2034    7     2.36    27.00
2034    8    22.11    26.15
2034    9    20.99    19.77
2034   10    36.20     9.83
2034   11    32.78     3.22
2034   12    19.75     0.79
2035    1    22.37    -1.30
2035    2    26.48     1.56
2035    3    71.38     7.47
2035    4   118.37     7.68
2035    5    99.62    13.04
2035    6    26.60    21.69
2035    7    11.71    27.21
2035    8    27.56    24.49
2035    9     3.44    19.39
2035   10    21.10    10.19
2035   11    15.02     5.41
2035   12    13.83     2.04
