2006    1    18.49    -3.19
2006    2    39.47    -2.36
2006    3    33.87     2.24
2006    4    60.94     9.49
2006    5   169.73    10.26
2006    6   147.10    16.64
2006    7    59.08    19.69
2006    8    11.31    20.13
2006    9    33.51    14.51
2006   10    73.08     7.65
2006   11    16.42     1.49
2006   12    24.18    -3.31
2007    1    24.79    -4.89
2007    2    22.35     0.13
2007    3    61.89     2.20
2007    4    43.88     8.09
2007    5    39.08    16.66
2007    6   101.23    17.31
2007    7    15.98    22.31
2007    8    37.82    22.85
2007    9    55.94    13.39
2007   10    18.81    10.76
2007   11    20.82     3.18
2007   12    16.22     0.35
2008    1    12.18    -1.70
2008    2    23.11    -1.36
2008    3    59.35     3.63
2008    4   109.91     8.98
2008    5   105.89    14.59
2008    6    35.81    20.10
2008    7    12.21    23.68
2008    8    51.26    20.60
2008    9    45.36    17.49
2008   10    12.92    10.67
2008   11    30.22     4.69
2008   12     8.71     0.02
2009    1    61.89    -5.64
2009    2    17.66     0.97
2009    3    21.11     4.91
2009    4   119.37     7.57
2009    5   122.16    14.14
2009    6    77.35    16.49
2009    7    50.29    21.87
2009    8     9.48    24.34
2009    9    53.95    17.27
2009   10    18.61    12.06
2009   11    63.68     5.14
2009   12    24.14    -1.69
2010    1    21.72     0.81
2010    2    18.95     2.44
2010    3    42.57     2.72
2010    4    93.43     8.45
2010    5   107.68    14.40
2010    6    66.29    19.97
2010    7    19.88    23.58
2010    8    37.96    21.70
2010    9    92.65    14.74
2010   10    45.23    11.39
2010   11    54.51     4.49
2010   12    18.56     0.78
2011    1    18.90     1.50
2011    2    56.38     1.35
2011    3    40.37     4.05
2011    4    95.73    10.57
2011    5    93.42    13.09
2011    6   111.97    16.43
2011    7    75.88    19.44
2011    8     8.65    22.34
2011    9    30.80    17.69
2011   10    58.50    11.11
2011   11    41.47     2.85
2011   12     9.04     1.58
2012    1    41.59     0.03
2012    2    27.26     1.90
2012    3    45.50     3.32
2012    4    78.56     6.47
2012    5    63.63    14.10
2012    6    62.86    20.48
2012    7    30.96    21.08
2012    8    49.86    20.66
2012    9    44.17    14.30
2012   10    24.73    10.62
2012   11    23.00     4.92
2012   12    36.28     0.33
2013    1    22.89    -0.54
2013    2    20.02     3.19
2013    3    57.04     4.67
2013    4   111.63     6.90
2013    5   128.33    11.76
2013    6    50.84    19.64
2013    7    49.38    21.87
2013    8     0.87    24.19
2013    9    59.38    16.48
2013   10    18.23    12.11
2013   11    21.82     6.22
2013   12    32.95     1.01
2014    1    36.84     0.03
2014    2    13.30     0.40
2014    3    63.65     4.30
2014    4    96.52     7.16
2014    5   179.37    13.44
2014    6    99.95    16.19
2014    7    81.18    19.71
2014    8    42.20    19.84
2014    9    82.19    16.31
2014   10    34.05    12.96
2014   11    45.73     5.57
2014   12    34.93     0.11
2015    1    33.98    -3.91
2015    2    53.96    -1.91
2015    3    51.75     2.09
2015    4    77.42     5.36
2015    5    72.80    13.26
2015    6   139.55    16.99
2015    7     9.63    21.79
2015    8    21.23    20.72
2015    9    73.39    15.33
2015   10    38.84     8.38
2015   11     7.49     2.93
2015   12    54.03    -3.10
2016    1    32.94     0.86
2016    2    19.84     3.02
2016    3    55.50     4.27
2016    4    59.09    10.12
2016    5    85.03    15.89
2016    6    68.03    16.87
2016    7    18.05    25.34
2016    8     8.79    23.06
2016    9    88.03    17.87
2016   10    42.26     9.20
2016   11    32.82     3.87
2016   12    35.51     0.72
2017    1    24.46    -0.75
2017    2    13.62    -0.66
2017    3    31.56     4.69
2017    4    73.08     8.65
2017    5    75.06    11.91
2017    6    53.88    19.53
2017    7    39.15    23.30
2017    8    48.23    20.65
2017    9    38.35    16.73
2017   10    51.25    10.81
2017   11    24.42     6.75
2017   12    95.25    -1.01
2018    1    50.38    -6.35
2018    2    34.21    -1.54
2018    3    29.32     4.86
2018    4    37.20    10.08
2018    5    74.29    15.08
2018    6   141.34    17.49
2018    7    19.47    22.77
2018    8   103.23    20.77
2018    9    35.73    15.45
2018   10    52.27     9.44
2018   11    59.14     5.32
2018   12    39.68     1.86
2019    1    31.38    -0.21
2019    2    41.78    -0.85
2019    3    52.87     0.24
2019    4    50.51     9.46
2019    5    73.39    14.23
2019    6    53.51    19.21
2019    7    15.04    25.38
2019    8     9.46    25.42
2019    9    34.98    19.89
2019   10    22.66    11.06
2019   11    25.45     3.91
2019   12     7.54     0.71
2020    1    12.26     1.56
2020    2    37.03    -1.77
2020    3    60.91     4.98
2020    4    63.02     8.72
2020    5   125.63    12.79
2020    6    61.70    16.43
2020    7    14.61    25.11
2020    8     3.98    26.46
2020    9    44.63    16.19
2020   10    62.33    10.98
2020   11    13.51     3.14
2020   12    18.14     0.53
2021    1     4.95     0.95
2021    2    20.76    -1.22
2021    3    68.32     2.12
2021    4   124.83     7.91
2021    5    94.60    13.48
2021    6   108.23    17.94
2021    7    15.86    21.38
2021    8    10.83    24.47
2021    9    37.32    16.59
2021   10    50.58    10.21
2021   11    42.90     3.13
2021   12    29.31     1.61
2022    1    16.38     1.05
2022    2    52.10    -2.16
2022    3    44.95     1.28
2022    4    61.91     7.14
2022    5   149.13    13.73
2022    6   100.36    18.00
2022    7    26.54    22.60
2022    8    28.41    24.75
2022    9    67.93    17.61
2022   10    18.48    12.42
2022   11    19.27     4.55
2022   12    12.51     2.48
2023    1    15.80     1.79
2023    2    18.83     3.30
2023    3    20.98     6.75
2023    4    54.07     8.35
2023    5   131.11    13.23
2023    6    71.47    19.78
2023    7    69.32    21.11
2023    8    36.94    20.56
2023    9    34.98    19.41
2023   10    64.11    11.96
2023   11     4.57     4.46
2023   12    28.33     0.67
2024    1    41.55     0.96
2024    2    33.50     1.48
2024    3    83.15     1.38
2024    4    60.49     6.77
2024    5   142.15    13.22
2024    6    96.98    18.84
2024    7     8.33    25.41
2024    8    11.58    26.53
2024    9    13.53    18.85
2024   10    97.74    10.19
2024   11    68.28     4.64
2024   12    28.89    -1.62
2025    1    18.11     0.82
2025    2    18.86     0.15
2025    3    66.71     2.80
2025    4    87.05     9.10
2025    5   123.72    14.71
2025    6   132.74    17.29
2025    7    28.26    21.81
2025    8    15.89    23.81
2025    9    71.29    14.33
2025   10    89.31     9.38
2025   11    24.66     4.04
2025   12    15.73     1.67
2026    1    26.37    -1.30
2026    2    31.93    -4.13
2026    3    43.42     5.01
2026    4    85.52     8.85
2026    5   140.09    12.46
2026    6    56.92    16.15
2026    7    16.40    23.91
2026    8    34.14    22.14
2026    9    33.83    16.26
2026   10    38.18    10.00
2026   11    67.13     3.36
2026   12    30.45    -0.30
2027    1    26.35    -0.02
2027    2    44.96     2.67
2027    3    76.64    -0.87
2027    4    86.34     5.53
2027    5   145.28    12.61
2027    6   114.64    17.32
2027    7     9.11    21.98
2027    8    31.62    22.38
2027    9    41.31    14.82
2027   10    37.57     9.83
2027   11    90.14     3.83
2027   12    56.05     0.95
2028    1    14.52    -0.00
2028    2    37.23     0.81
2028    3    27.68     5.18
2028    4    35.54     9.95
2028    5   131.45    13.72
2028    6    68.30    17.09
2028    7    20.27    23.00
2028    8    80.13    20.70
2028    9    51.28    14.32
2028   10    31.27     9.10
2028   11    26.47     4.11
2028   12    15.94     0.55
2029    1    26.63     0.81
2029    2    22.73    -0.85
2029    3    61.67     1.54
2029    4    57.27     8.61
2029    5   179.50    12.64
2029    6    63.13    19.02
2029    7     8.14    23.23
2029    8    52.37    20.81
2029    9    26.26    14.97
2029   10   120.30    10.06
2029   11    20.63     4.52
2029   12    13.08    -3.21
2030    1    24.16    -0.76
2030    2    15.96     0.00
2030    3    29.39     5.57
2030    4    72.63     5.58
2030    5    97.67    14.52
2030    6   108.30    17.82
2030    7    50.72    24.05
2030    8    21.23    23.05
2030    9    42.61    17.53
2030   10    28.73    11.21
2030   11    30.67     4.59
2030   12    38.74     1.03
2031    1    20.15     0.70
2031    2    38.79     0.20
2031    3    49.62     2.93
2031    4    40.64    10.27
2031    5    76.39    16.63
2031    6    40.97    22.24
2031    7    22.19    25.31
2031    8    34.48    21.02
2031    9    99.47    16.02
2031   10    62.05    10.07
2031   11    67.24     5.65
2031   12    27.28     1.09
2032    1    35.09    -1.55
2032    2    30.89    -1.51
2032    3    91.99     2.98
2032    4    64.89     8.52
2032    5    87.53    12.97
2032    6    53.00    20.81
2032    7    21.60    24.63
2032    8     8.45    24.04
2032    9    67.31    16.85
2032   10    38.13    12.54
2032   11    58.57     2.55
2032   12    75.33     0.15
2033    1    31.43    -0.72
2033    2    26.33    -0.69
2033    3    48.25     2.13
2033    4    53.72     8.50
2033    5   164.29    15.40
2033    6    68.41    19.11
2033    7    35.15    22.10
2033    8    43.56    20.96
2033    9    14.47    18.67
2033   10    85.26    10.90
2033   11     7.85     6.72
2033   12    16.56     2.17
2034    1    36.92     1.59
2034    2    20.77     0.79
2034    3    36.20     5.66
2034    4    89.57     6.03
2034    5   182.35    13.92
2034    6    72.70    17.80
2034    7     7.69    24.04
2034    8    20.34    24.46
2034    9    36.72    16.05
2034   10     7.18    10.00
2034   11    30.00     4.13
2034   12    33.66    -2.43
2035    1    24.21     0.20
2035    2    25.17     2.10
2035    3    20.63     5.63
2035    4    99.66    10.18
2035    5   124.47    15.01
2035    6   122.74    16.88
2035    7    15.61    23.34
2035    8    26.23    24.60
2035    9    32.85    17.61
2035   10    29.02    11.92
2035   11     9.31     8.69
2035   12    31.78     1.34
2036    1    20.21    -0.13
2036    2    17.45     1.57
2036    3    70.71     2.91
2036    4    68.71     8.86
2036    5   111.20    13.70
2036    6    97.73    18.97
2036    7    37.68    21.04
2036    8    25.22    24.06
2036    9    26.06    15.89
2036   10    30.84     7.96
2036   11    71.76     1.01
2036   12     8.93     0.53
2037    1    57.62    -2.11
2037    2    54.40     1.92
2037    3    37.35     6.03
2037    4    69.00     8.63
2037    5    91.00    16.62
2037    6   118.10    18.79
2037    7    37.90    20.62
2037    8    27.03    22.09
2037    9    75.79    17.50
2037   10    50.35     7.47
2037   11    25.99     4.42
2037   12    57.92     0.42
2038    1    20.53    -3.34
2038    2    20.95     1.24
2038    3    25.92     4.71
2038    4    45.56     9.76
2038    5   123.01    13.06
2038    6    37.69    19.82
2038    7     4.84    25.97
2038    8     8.42    24.33
2038    9    38.44    14.62
2038   10    26.68    10.33
2038   11    11.90     5.32
2038   12    40.29    -1.33
2039    1    30.88    -1.10
2039    2     9.73     1.06
2039    3    38.92     5.38
2039    4    84.85     8.23
2039    5   140.22    12.79
2039    6   119.15    18.14
2039    7     5.86    26.30
2039    8    26.44    23.84
2039    9    25.10    16.70
2039   10    34.84    11.46
2039   11    15.54     5.08
2039   12    28.97    -0.98
2040    1    17.15    -2.25
2040    2     8.81     3.12
2040    3    79.09     2.62
2040    4    55.50    11.91
2040    5   107.11    13.54
2040    6    54.03    16.73
2040    7    35.54    22.25
2040    8    10.85    23.71
2040    9     6.42    21.25
2040   10    32.49    11.69
2040   11    53.19     7.12
2040   12    29.38     1.20
2041    1    40.47    -0.82
2041    2    32.20    -2.06
2041    3    72.37     4.06
2041    4   100.63     8.44
2041    5   112.42    15.47
2041    6    84.33    19.15
2041    7    31.34    23.86
2041    8     9.13    23.22
2041    9    43.60    17.23
2041   10   137.47    10.32
2041   11    13.70     4.15
2041   12    33.11     2.26
2042    1    33.08    -2.30
2042    2    54.18     0.77
2042    3    32.08     4.77
2042    4    88.35    11.33
2042    5    40.58    13.00
2042    6    67.47    18.74
2042    7    15.90    25.69
2042    8    65.10    21.80
2042    9    60.27    15.84
2042   10    28.22    10.63
2042   11    13.32     5.50
2042   12    32.36     0.48
2043    1    17.15     0.93
2043    2    23.13     1.22
2043    3    63.04     4.26
2043    4    89.97     6.78
2043    5   139.71    13.90
2043    6    82.58    19.64
2043    7    40.82    23.61
2043    8     7.95    26.45
2043    9    57.52    18.55
2043   10    66.29     9.24
2043   11    10.39     3.45
2043   12    22.85     2.81
2044    1    14.87     2.43
2044    2    20.35     3.42
2044    3    65.20     4.87
2044    4    75.62     7.82
2044    5   133.04    12.01
2044    6   128.13    17.40
2044    7    18.95    22.87
2044    8    12.50    24.39
2044    9    90.94    15.74
2044   10    71.25     8.35
2044   11    29.97     1.39
2044   12    17.92    -0.03
2045    1    18.81    -0.94
2045    2    14.66     2.38
2045    3    48.84     3.98
2045    4   104.90     7.90
2045    5    48.80    14.88
2045    6    54.90    19.05
2045    7    10.72    23.95
2045    8    11.93    26.99
2045    9    45.81    17.49
2045   10    44.56    11.36
2045   11    15.06     5.21
2045   12    29.50     0.44
2046    1    63.58    -5.62
2046    2    23.89     0.11
2046    3    57.08     6.85
2046    4    79.79    11.53
2046    5   155.55    12.05
2046    6    59.25    20.88
2046    7    24.71    24.35
2046    8     6.60    25.26
2046    9   121.76    16.45
2046   10    33.59    11.42
2046   11    36.12     5.39
2046   12    25.92     0.17
2047    1    21.79     0.98
2047    2     9.30     1.57
2047    3    46.54     5.70
2047    4    38.98     8.37
2047    5   146.01    14.57
2047    6    84.35    18.67
2047    7    11.13    25.08
2047    8    33.42    23.54
2047    9    52.85    14.80
2047   10    45.52     7.41
2047   11    33.85     3.95
2047   12    73.84     0.13
2048    1    17.22    -1.04
2048    2    14.16     3.22
2048    3    27.83     3.44
2048    4    58.78    12.18
2048    5   104.00    14.88
2048    6    71.46    19.99
2048    7    35.96    23.55
2048    8     4.13    23.66
2048    9    54.26    18.48
2048   10    19.39    11.33
2048   11    27.10     2.81
2048   12    16.99    -0.22
2049    1    12.55     1.65
2049    2    18.78     1.26
2049    3    98.96    -1.53
2049    4    63.18     8.22
2049    5   143.87    14.65
2049    6   140.53    18.03
2049    7    35.25    21.19
2049    8    32.43    22.82
2049    9    69.37    14.37
2049   10    40.78    10.78
2049   11    25.72     3.03
2049   12    17.27     1.23
2050    1    58.69     0.29
2050    2    31.63    -0.19
2050    3    47.03     4.85
2050    4   124.19     6.70
2050    5   112.51    12.24
2050    6    96.49    17.90
2050    7    45.17    21.16
2050    8    26.16    22.76
2050    9    35.12    18.03
2050   10    83.34    10.61
2050   11    59.97     6.12
2050   12    13.21     1.97
2051    1    29.62     1.66
2051    2    28.16    -1.04
2051    3    52.58     3.40
2051    4   155.04     8.03
2051    5   147.48    15.34
2051    6   149.98    19.15
2051    7    66.92    21.30
2051    8    25.41    22.59
2051    9    10.43    16.29
2051   10    53.49     9.60
2051   11    28.93     3.46
2051   12    18.60     2.40
2052    1    43.51    -0.80
2052    2    17.71     1.29
2052    3    21.64     3.86
2052    4    70.86    10.12
2052    5    79.53    16.78
2052    6    46.33    22.33
2052    7    15.11    24.41
2052    8     9.29    26.45
2052    9    47.55    16.25
2052   10    52.56    11.05
2052   11    24.94     5.77
2052   12    32.05     1.22
2053    1    26.81     1.47
2053    2    21.64     2.83
2053    3    44.17     5.42
2053    4    83.05     9.47
2053    5   201.31    14.19
2053    6    56.83    17.32
2053    7    31.06    24.35
2053    8    26.18    24.49
2053    9    84.37    14.09
2053   10    31.43    11.15
2053   11    39.21     5.49
2053   12    49.90     2.21
2054    1    13.62     2.04
2054    2    35.88     2.96
2054    3    30.48     4.21
2054    4    62.83    10.17
2054    5    91.93    13.78
2054    6    90.64    18.83
2054    7    25.22    24.70
2054    8    18.56    22.12
2054    9    31.70    20.11
2054   10   133.76     9.95
2054   11    33.91     6.63
2054   12    58.06    -0.68
2055    1    41.05    -1.97
2055    2    20.13     1.18
2055    3    20.42     5.98
2055    4   127.91     8.24
2055    5   159.63    13.21
2055    6    85.34    17.45
2055    7     7.93    25.58
2055    8    30.14    24.13
2055    9    53.11    16.42
2055   10    56.62    11.36
2055   11    16.19     3.35
2055   12    47.36     1.04
2056    1    25.45    -0.37
2056    2    48.96     1.04
2056    3    62.14     3.74
2056    4    60.52     8.88
2056    5   145.22    14.39
2056    6   131.38    16.31
2056    7    10.07    23.04
2056    8    34.53    23.50
2056    9    45.49    15.03
2056   10    42.39     9.13
2056   11    16.11     5.33
2056   12    29.70     0.73
2057    1    35.59     0.50
2057    2    39.66     0.36
2057    3    42.15     5.80
2057    4    54.01    10.44
2057    5   110.85    13.28
2057    6   107.59    18.85
2057    7    62.52    20.88
2057    8    19.79    23.04
2057    9    66.24    17.31
2057   10   106.64    11.70
2057   11    11.68     7.23
2057   12    54.34     2.42
2058    1    26.72    -2.02
2058    2    42.82     2.46
2058    3    42.72     8.16
2058    4    55.36    10.97
2058    5   123.92    13.72
2058    6   111.61    19.24
2058    7    26.23    22.55
2058    8    40.53    22.20
2058    9    20.67    15.88
2058   10    36.65    10.04
2058   11    81.60     4.63
2058   12    19.90     0.90
2059    1    22.71    -1.60
2059    2    15.39     1.49
2059    3    17.08     6.15
2059    4    47.56     5.91
2059    5    92.25    16.10
2059    6    60.47    20.56
2059    7    21.04    24.82
2059    8    42.66    23.81
2059    9    33.04    19.28
2059   10    29.92    11.95
2059   11    39.96     5.77
2059   12     8.75     1.54
2060    1    36.60     0.54
2060    2    19.65     1.19
2060    3    30.57     7.63
2060    4    98.35     9.65
2060    5   178.89    13.13
2060    6    73.37    20.23
2060    7    22.93    23.04
2060    8    24.39    23.19
2060    9    38.32    17.34
2060   10    14.46    12.21
2060   11    34.85     4.06
2060   12    21.22     2.23
2061    1    20.43     2.14
2061    2    25.49     1.34
2061    3    55.69     3.71
2061    4   115.77     8.42
2061    5   164.58    14.12
2061    6    84.92    20.33
2061    7    43.55    22.68
2061    8    45.92    22.22
2061    9    45.47    13.07
2061   10    44.54    10.69
2061   11    44.66     2.75
2061   12    25.16     0.67
2062    1    20.59     1.42
2062    2    11.23     5.00
2062    3    43.40     2.40
2062    4    54.47     8.25
2062    5   142.44    11.42
2062    6   107.48    17.89
2062    7    41.73    22.79
2062    8    44.76    23.72
2062    9    44.51    16.52
2062   10    20.41     9.37
2062   11    11.24     6.58
2062   12    21.38     2.60
2063    1    57.39    -0.32
2063    2    18.01     1.81
2063    3    70.99     5.79
2063    4   110.08     7.83
2063    5    93.85    14.04
2063    6   100.37    19.47
2063    7    26.34    23.20
2063    8    15.83    24.64
2063    9    79.67    15.96
2063   10    63.53     6.74
2063   11    41.78     4.09
2063   12    39.08     1.26
2064    1    34.53     0.56
2064    2    30.95     0.65
2064    3    63.13     2.45
2064    4    77.31     6.65
2064    5    65.79    15.40
2064    6    85.00    21.11
2064    7    30.43    26.38
2064    8     8.54    25.56
2064    9    96.88    16.95
2064   10    41.47     9.65
2064   11    66.89     3.65
2064   12    29.79     2.24
2065    1    18.08     1.91
2065    2    37.11     2.95
2065    3    16.82     5.65
2065    4   116.23     6.42
2065    5   163.57    12.89
2065    6    47.63    19.84
2065    7    19.71    25.56
2065    8    78.49    23.11
2065    9    63.74    16.23
2065   10    19.07    12.85
2065   11    29.85     4.72
2065   12    28.69     0.23
2066    1    55.51    -1.81
2066    2     9.13     1.81
2066    3    68.00     6.90
2066    4    79.18    10.95
2066    5   113.00    14.74
2066    6    72.19    20.80
2066    7    46.23    23.91
2066    8    42.31    25.62
2066    9    55.78    16.92
2066   10   122.44     9.32
2066   11    21.66     5.32
2066   12    25.46     1.75
2067    1    16.73     0.88
2067    2    42.33     1.41
2067    3    45.53     5.01
2067    4    47.31     4.70
2067    5   107.25    13.29
2067    6   107.08    18.64
2067    7    10.59    24.74
2067    8     5.75    26.33
2067    9    48.91    17.07
2067   10    55.22     9.47
2067   11    60.45     3.98
2067   12    44.52     2.94
2068    1    17.49     2.05
2068    2    37.47     2.84
2068    3    63.85     3.77
2068    4   105.08     8.48
2068    5   142.17    12.16
2068    6   105.79    18.39
2068    7    25.21    21.52
2068    8    37.46    23.30
2068    9    71.35    15.45
2068   10    58.46     8.73
2068   11    13.35     5.38
2068   12    27.12     0.65
2069    1    15.68     1.45
2069    2    45.79     1.20
2069    3    34.68     4.32
2069    4   116.61     8.35
2069    5   126.47    11.67
2069    6    98.31    16.95
2069    7    30.69    21.94
2069    8    32.71    21.53
2069    9    54.95    15.27
2069   10    46.58    12.54
2069   11    35.31     5.79
2069   12    31.21     0.14
2070    1    14.71     1.57
2070    2    30.97     0.19
2070    3    57.96     3.23
2070    4    50.47     7.87
2070    5    78.12    15.25
2070    6    66.93    17.94
2070    7    12.49    26.92
2070    8    62.39    21.16
2070    9    48.65    15.03
2070   10    27.53    11.45
2070   11    14.60     6.06
2070   12    61.05     0.85
2071    1    14.01    -0.82
2071    2    26.42     0.23
2071    3    40.47     2.92
2071    4    84.67     9.86
2071    5   157.78    14.76
2071    6    96.02    17.76
2071    7    38.74    22.67
2071    8    14.94    24.13
2071    9    30.74    18.25
2071   10    62.68     9.00
2071   11    15.33     6.86
2071   12    32.44     2.84
2072    1    34.21     0.78
2072    2    45.71     0.58
2072    3    41.38     3.83
2072    4    63.64    10.79
2072    5   138.95    11.68
2072    6    66.26    16.57
2072    7    30.96    23.66
2072    8    26.06    21.62
2072    9    64.96    17.72
2072   10    50.41    11.41
2072   11    57.67     3.91
2072   12    35.55     2.10
2073    1    43.54     1.20
2073    2    56.65    -0.10
2073    3    45.47     2.24
2073    4    68.69    10.91
2073    5   115.58    13.35
2073    6    30.43    20.04
2073    7     7.16    26.33
2073    8    23.88    26.89
2073    9    80.71    17.66
2073   10    43.51    10.46
2073   11    31.60     5.28
2073   12    35.30     1.45
2074    1    17.88     1.35
2074    2    32.55     1.57
2074    3    55.16     2.70
2074    4    89.80     7.68
2074    5   148.42    13.68
2074    6   115.78    18.71
2074    7     2.44    24.58
2074    8    39.30    23.41
2074    9    31.24    18.83
2074   10   109.86    11.24
2074   11    25.13     3.98
2074   12    37.12     2.21
2075    1    35.70     1.94
2075    2    46.92    -0.63
2075    3    66.86     2.86
2075    4    39.69     9.94
2075    5   121.90    15.01
2075    6   131.73    18.40
2075    7    34.48    23.19
2075    8    39.13    23.51
2075    9    31.05    17.22
2075   10    46.96    11.00
2075   11    17.01     5.85
2075   12    31.40    -0.63
2076    1    19.38     1.63
2076    2    12.93     3.06
2076    3    31.78     5.77
2076    4    54.76     8.49
2076    5    61.80    13.30
2076    6   112.02    17.06
2076    7    28.78    22.51
2076    8    75.39    20.61
2076    9    64.98    16.79
2076   10    97.10    10.25
2076   11    50.31     3.67
2076   12    43.64     0.89
2077    1    17.03     0.39
2077    2    61.19     1.56
2077    3    38.84     0.03
2077    4    52.72     7.69
2077    5    91.91    14.45
2077    6   119.04    18.59
2077    7     7.63    24.54
2077    8    44.61    21.29
2077    9    14.95    18.01
2077   10    35.20    10.88
2077   11    20.79     5.24
2077   12    22.15     0.24
2078    1    57.48    -1.09
2078    2    72.41     2.33
2078    3    51.17     1.85
2078    4    89.33     9.18
2078    5   156.56    13.82
2078    6    83.81    18.23
2078    7    35.08    22.55
2078    8   144.31    20.60
2078    9    89.13    16.45
2078   10    71.42     9.91
2078   11    32.32     6.04
2078   12    21.86    -0.13
2079    1    12.07     3.86
2079    2    15.18     3.84
2079    3    57.17     4.66
2079    4    59.37     9.81
2079    5   151.62    13.82
2079    6   117.07    19.50
2079    7    17.07    23.99
2079    8     7.90    23.85
2079    9    49.94    15.93
2079   10    38.81    12.48
2079   11    46.13     3.84
2079   12    30.11     1.20
2080    1    51.50    -0.30
2080    2    29.69     0.94
2080    3    74.13     3.46
2080    4   119.81     9.92
2080    5   202.92    12.90
2080    6   136.80    18.00
2080    7    28.99    21.74
2080    8    71.64    20.21
2080    9    15.67    16.23
2080   10    57.72    13.21
2080   11    59.76     4.55
2080   12    21.51     2.97
2081    1    13.36     1.69
2081    2    20.70     3.29
2081    3    87.00     2.51
2081    4    72.31     9.80
2081    5   181.32    11.74
2081    6    52.31    19.32
2081    7    31.78    23.41
2081    8    39.31    20.97
2081    9    93.09    15.44
2081   10    50.23    10.21
2081   11    44.77     4.31
2081   12    19.83     0.56
2082    1    17.63     0.10
2082    2    27.87     1.09
2082    3    44.23     3.94
2082    4    86.68     7.99
2082    5   163.85    11.86
2082    6   148.89    18.20
2082    7    33.83    23.37
2082    8    55.99    22.93
2082    9   104.77    15.16
2082   10    26.05    11.60
2082   11    33.48     4.30
2082   12    22.23     2.52
2083    1    21.35    -0.09
2083    2    17.76     2.18
2083    3   115.39     3.94
2083    4   103.97     9.70
2083    5   114.07    12.74
2083    6    97.37    17.28
2083    7    29.67    23.33
2083    8    39.04    23.31
2083    9    89.35    15.20
2083   10    44.90    11.18
2083   11    57.84     4.12
2083   12    27.40     0.04
2084    1    15.31     0.73
2084    2    29.39    -1.68
2084    3    24.99     5.91
2084    4    64.20    10.63
2084    5    83.28    15.89
2084    6   102.58    20.04
2084    7    13.93    25.03
2084    8    19.16    23.56
2084    9    52.44    14.01
2084   10    68.50     9.40
2084   11    28.61     2.87
2084   12    30.88     2.41
2085    1    36.35     1.42
2085    2    21.03     2.23
2085    3    43.59     5.13
2085    4    68.02    10.70
2085    5    85.09    13.52
2085    6    36.94    22.21
2085    7    44.48    26.61
2085    8     7.57    26.06
2085    9    24.97    16.57
2085   10   117.69     9.65
2085   11    22.81     5.51
2085   12    19.17     1.71
2086    1    34.48    -0.31
2086    2    15.36     3.15
2086    3    68.04     2.72
2086    4    88.05     7.72
2086    5   109.06    14.70
2086    6    51.03    21.91
2086    7     5.64    25.71
2086    8    25.00    24.31
2086    9    52.61    17.87
2086   10   100.33    10.37
2086   11   137.14     5.98
2086   12    20.98     3.37
2087    1    14.19     2.83
2087    2    51.77     0.28
2087    3     9.94     1.38
2087    4    46.08     7.48
2087    5   150.25    15.38
2087    6   144.38    18.08
2087    7     2.39    27.71
2087    8    51.56    23.33
2087    9    90.61    16.41
2087   10    93.05    10.46
2087   11    12.86     4.33
2087   12    21.07     1.58
2088    1    13.46    -0.56
2088    2    36.00     0.57
2088    3    67.91     4.05
2088    4    81.92     9.28
2088    5    62.27    14.29
2088    6    49.25    19.61
2088    7    25.58    22.27
2088    8    29.38    23.86
2088    9    58.07    15.56
2088   10    74.23    10.51
2088   11    37.50     5.23
2088   12    16.92     1.76
2089    1    21.76     0.08
2089    2    32.82     0.45
2089    3    34.16     5.90
2089    4   127.22    10.18
2089    5   166.25    15.74
2089    6    48.34    22.24
2089    7    76.64    23.16
2089    8     5.72    25.69
2089    9    53.13    18.25
2089   10    15.12    11.92
2089   11    33.08     5.54
2089   12    11.20     1.77
2090    1     8.94     1.28
2090    2    45.91    -1.79
2090    3    53.45     2.83
2090    4   116.13    11.21
2090    5   101.99    13.76
2090    6    97.03    19.61
2090    7    43.93    23.84
2090    8    18.88    26.45
2090    9    47.57    15.49
2090   10    45.16    10.58
2090   11    24.47     5.80
2090   12    49.53     1.99
2091    1    44.15     0.80
2091    2    24.87     1.58
2091    3    23.10     8.44
2091    4    59.18     7.22
2091    5    88.76    12.39
2091    6   161.69    18.84
2091    7    29.63    23.91
2091    8    11.57    23.78
2091    9   103.42    16.72
2091   10    45.61    10.06
2091   11    23.77     4.98
2091   12    40.68     1.56
2092    1    25.89    -0.64
2092    2    69.85     2.01
2092    3    56.99     2.79
2092    4    84.93     9.28
2092    5   115.88    14.68
2092    6    84.83    20.33
2092    7    10.37    24.73
2092    8    14.39    27.49
2092    9    58.64    17.14
2092   10    13.62    10.84
2092   11    15.17     4.95
2092   12    32.68     0.66
2093    1    13.17    -0.20
2093    2    22.94     1.25
2093    3    22.90     4.27
2093    4    85.39     7.97
2093    5   159.07    15.34
2093    6    51.22    18.90
2093    7     7.59    25.26
2093    8    85.27    21.26
2093    9    58.52    16.84
2093   10    85.09    11.30
2093   11    18.24     4.67
2093   12    16.87     1.51
2094    1    45.20    -1.49
2094    2    35.36    -3.10
2094    3    40.53     4.37
2094    4    27.46     8.59
2094    5   165.73    13.54
2094    6    76.47    19.79
2094    7    16.01    25.60
2094    8    28.23    24.76
2094    9    22.88    22.25
2094   10   148.01    10.50
2094   11    14.46     6.96
2094   12    30.48     4.17
2095    1    26.21     1.01
2095    2    26.93     0.60
2095    3    38.65     9.32
2095    4    68.51     9.36
2095    5    97.11    15.75
2095    6   146.62    19.41
2095    7    53.97    21.23
2095    8    61.41    21.93
2095    9    79.03    15.38
2095   10    30.17     7.23
2095   11    13.86     3.15
2095   12    13.46     2.04
2096    1    11.74     1.99
2096    2    26.23     0.69
2096    3    35.13     4.73
2096    4    46.17     8.85
2096    5    77.63    14.94
2096    6    41.81    23.13
2096    7    15.56    26.85
2096    8    56.26    25.65
2096    9   121.12    14.71
2096   10    54.51     8.40
2096   11    27.29     3.03
2096   12    12.68    -3.37
2097    1    24.10    -0.18
2097    2    24.14    -0.46
2097    3    17.46     6.65
2097    4    26.60     7.47
2097    5   104.99    14.07
2097    6    71.19    19.75
2097    7     7.45    25.79
2097    8    21.74    21.96
2097    9    67.72    18.08
2097   10    44.55    11.78
2097   11    47.73     6.25
2097   12    37.55    -1.56
2098    1    14.46     0.86
2098    2    28.71     3.00
2098    3    22.82     4.65
2098    4    76.82     7.61
2098    5   110.38    14.87
2098    6   122.37    18.38
2098    7    83.03    22.21
2098    8    60.57    21.19
2098    9    89.96    15.21
2098   10    44.06    10.94
2098   11    61.57     2.24
2098   12    18.03     0.72
2099    1    39.39    -0.40
2099    2    41.80     1.58
2099    3    27.31     4.87
2099    4    79.41    12.40
2099    5   144.23    11.77
2099    6    70.75    19.74
2099    7    29.30    23.96
2099    8    34.49    23.45
2099    9    90.05    16.14
2099   10    31.24    11.62
2099   11    33.72     5.31
2099   12    31.05     1.79
2100    1    22.41     1.57
2100    2    30.17     1.41
2100    3    37.45     3.61
2100    4    69.64    10.31
2100    5   115.65    14.20
2100    6   113.09    17.60
2100    7    24.38    25.01
2100    8    70.58    21.55
2100    9    37.91    16.74
2100   10    89.30     9.52
2100   11    60.09     3.50
2100   12    22.06     3.77
