2006    1    27.43    -3.43
2006    2    42.40    -2.28
2006    3    43.81     1.95
2006    4    78.70     9.51
2006    5   171.99     9.95
2006    6   137.37    16.19
2006    7    77.04    19.23
2006    8    27.48    18.93
2006    9    45.25    13.37
2006   10    81.75     6.62
2006   11    20.81     1.40
2006   12    29.97    -4.00
2007    1    30.95    -4.63
2007    2    38.81    -0.18
2007    3    66.39     1.22
2007    4    79.99     7.38
2007    5    48.47    14.86
2007    6    99.70    16.05
2007    7    19.30    20.96
2007    8    44.80    21.39
2007    9    77.09    11.58
2007   10    25.40     9.70
2007   11    33.05     2.39
2007   12    24.75    -0.21
2008    1    26.62    -1.77
2008    2    34.08    -1.91
2008    3    59.23     3.14
2008    4    99.65     8.42
2008    5   140.17    13.55
2008    6    62.84    18.14
2008    7    17.77    21.59
2008    8    77.25    19.29
2008    9    83.59    15.52
2008   10    16.07     9.53
2008   11    66.35     3.71
2008   12    13.37     0.07
2009    1    53.50    -5.76
2009    2    35.04     1.24
2009    3    27.55     4.34
2009    4   121.63     7.26
2009    5   127.94    13.30
2009    6    69.63    16.14
2009    7    66.60    20.59
2009    8    17.34    22.86
2009    9    57.67    16.40
2009   10    32.95    11.03
2009   11    75.13     4.69
2009   12    28.50    -1.70
2010    1    26.97     0.78
2010    2    29.20     2.09
2010    3    43.13     2.44
2010    4   111.36     8.15
2010    5   103.49    13.76
2010    6    80.61    19.03
2010    7    21.72    21.87
2010    8    38.88    20.25
2010    9   105.29    13.92
2010   10    40.64    10.91
2010   11    48.69     4.38
2010   12    34.32     0.44
2011    1    26.51     1.32
2011    2    51.02     1.12
2011    3    45.20     3.58
2011    4   109.41    10.35
2011    5   103.54    12.55
2011    6   112.06    15.82
2011    7    61.89    18.63
2011    8    10.53    21.35
2011    9    35.44    16.18
2011   10    59.39    10.18
2011   11    36.40     2.12
2011   12    11.53     1.55
2012    1    51.82    -0.07
2012    2    29.39     1.53
2012    3    63.21     2.93
2012    4    94.31     5.81
2012    5    84.73    12.82
2012    6    93.78    18.71
2012    7    44.47    19.17
2012    8    62.32    18.97
2012    9    50.38    13.28
2012   10    17.60     9.35
2012   11    17.72     4.02
2012   12    56.59     0.04
2013    1    33.00    -0.46
2013    2    34.73     2.63
2013    3    53.55     4.24
2013    4   141.61     5.70
2013    5   156.65    10.91
2013    6    81.19    18.38
2013    7    82.53    19.58
2013    8     2.46    22.55
2013    9    56.23    15.02
2013   10    27.00    10.33
2013   11    24.63     5.24
2013   12    51.54     0.77
2014    1    35.67    -0.18
2014    2    24.67     0.13
2014    3    82.89     3.70
2014    4   142.51     6.65
2014    5   182.12    12.62
2014    6   108.04    15.02
2014    7   107.80    18.34
2014    8    76.43    17.87
2014    9   113.32    15.25
2014   10    34.10    11.49
2014   11    27.35     5.04
2014   12    37.66    -0.37
2015    1    34.48    -4.35
2015    2    51.60    -1.44
2015    3    64.44     1.17
2015    4    94.67     4.60
2015    5    87.99    12.01
2015    6   178.20    15.90
2015    7    17.60    19.71
2015    8    31.57    18.60
2015    9    82.84    13.95
2015   10    43.11     6.97
2015   11    15.79     2.11
2015   12    42.31    -2.68
2016    1    43.82     0.80
2016    2    23.24     2.68
2016    3    43.61     3.64
2016    4    78.48     8.97
2016    5    95.39    14.47
2016    6    83.63    15.76
2016    7    35.16    23.22
2016    8    13.64    21.51
2016    9   125.30    16.25
2016   10    52.53     7.58
2016   11    53.72     3.22
2016   12    46.34     0.26
2017    1    45.13    -1.12
2017    2    17.65    -0.94
2017    3    50.56     4.11
2017    4    92.89     7.73
2017    5    88.26    11.41
2017    6    86.12    17.87
2017    7    35.39    21.96
2017    8    70.32    18.72
2017    9    66.63    15.21
2017   10    62.47    10.17
2017   11    28.76     5.91
2017   12    51.62    -1.11
2018    1    52.43    -6.21
2018    2    28.30    -1.10
2018    3    41.61     4.87
2018    4    61.56     9.64
2018    5    96.84    13.41
2018    6   189.61    16.34
2018    7    25.90    21.01
2018    8    91.92    19.35
2018    9    43.09    14.99
2018   10    52.47     8.29
2018   11    64.76     4.42
2018   12    55.20     1.15
2019    1    29.54    -0.58
2019    2    36.75    -0.81
2019    3    48.11     0.35
2019    4    57.07     8.94
2019    5    91.40    13.27
2019    6    81.11    17.92
2019    7    13.03    24.33
2019    8    14.15    24.23
2019    9    41.34    18.37
2019   10    27.33     9.74
2019   11    19.99     3.40
2019   12    15.60     0.73
2020    1    26.83     1.31
2020    2    56.94    -2.93
2020    3    68.83     4.33
2020    4    84.60     8.13
2020    5   127.98    12.02
2020    6    66.57    15.27
2020    7    30.69    22.17
2020    8     7.34    24.62
2020    9    47.89    14.66
2020   10    47.00     9.55
2020   11    15.90     2.36
2020   12    30.24     0.24
2021    1     8.42     0.83
2021    2    20.77    -1.14
2021    3    78.53     1.20
2021    4    94.29     7.40
2021    5    87.77    12.47
2021    6   122.79    16.76
2021    7    42.03    18.91
2021    8    25.33    22.08
2021    9    41.02    14.94
2021   10    58.17     8.61
2021   11    56.62     2.03
2021   12    19.72     1.29
2022    1    24.03     0.65
2022    2    52.69    -2.90
2022    3    66.03     0.87
2022    4    74.25     6.80
2022    5   183.90    12.58
2022    6    88.73    17.05
2022    7    48.73    20.86
2022    8    28.89    23.29
2022    9    90.25    16.32
2022   10    30.10    10.20
2022   11    22.07     3.79
2022   12    24.36     1.95
2023    1    27.89     1.27
2023    2    17.68     2.82
2023    3    34.97     6.08
2023    4    56.52     7.11
2023    5   141.76    12.12
2023    6   106.55    18.59
2023    7    87.29    19.17
2023    8    79.65    17.73
2023    9    40.96    17.21
2023   10    59.13    10.73
2023   11    20.58     3.93
2023   12    28.68     0.49
2024    1    62.11     0.31
2024    2    30.16     1.03
2024    3    93.61     0.71
2024    4    84.33     6.21
2024    5   136.25    12.55
2024    6   111.01    17.53
2024    7    11.73    23.39
2024    8    15.16    24.57
2024    9    24.44    17.06
2024   10    93.44     9.28
2024   11    91.71     3.72
2024   12    18.17    -1.45
2025    1    22.66     0.58
2025    2    36.72    -0.71
2025    3    67.06     2.42
2025    4   104.98     8.52
2025    5   128.73    14.60
2025    6   133.60    16.68
2025    7    30.44    21.31
2025    8    30.25    22.88
2025    9    93.85    13.45
2025   10    85.63     9.09
2025   11    31.80     3.77
2025   12    18.93     1.43
2026    1    24.00    -1.11
2026    2    30.57    -3.72
2026    3    57.02     4.70
2026    4    91.66     8.53
2026    5   117.25    12.31
2026    6    63.22    15.76
2026    7    31.13    22.93
2026    8    62.69    20.55
2026    9    40.37    15.03
2026   10    38.27     9.39
2026   11    74.30     2.79
2026   12    44.27    -0.92
2027    1    38.37    -0.41
2027    2    60.15     2.39
2027    3    81.56    -1.18
2027    4    82.90     4.59
2027    5   144.25    11.68
2027    6   146.22    16.10
2027    7    21.01    20.50
2027    8    34.31    21.22
2027    9    53.37    13.31
2027   10    48.28     8.49
2027   11   100.79     2.63
2027   12    59.55     0.72
2028    1    26.30    -0.36
2028    2    49.61     0.35
2028    3    26.22     4.74
2028    4    60.39     8.72
2028    5   142.78    12.07
2028    6    79.92    15.97
2028    7    22.11    21.23
2028    8    65.37    19.13
2028    9    54.76    13.68
2028   10    27.71     7.64
2028   11    29.41     3.52
2028   12    32.15     0.32
2029    1    40.30     0.13
2029    2    22.32    -1.47
2029    3    51.64     0.88
2029    4    46.49     7.92
2029    5   185.83    11.41
2029    6    86.12    18.00
2029    7    18.08    21.33
2029    8    56.04    19.40
2029    9    34.61    13.31
2029   10   110.87     8.77
2029   11    29.53     3.73
2029   12    24.15    -3.77
2030    1    19.15    -0.52
2030    2    21.22    -0.08
2030    3    28.02     5.07
2030    4    80.15     5.00
2030    5   107.92    13.72
2030    6   118.11    16.62
2030    7    62.92    22.35
2030    8    34.17    21.28
2030    9    47.67    15.68
2030   10    37.59     9.63
2030   11    35.38     3.57
2030   12    50.19     0.49
2031    1    32.77     0.47
2031    2    44.88    -0.59
2031    3    68.35     2.08
2031    4    49.35     9.20
2031    5    74.60    15.33
2031    6    47.88    20.50
2031    7    27.56    23.78
2031    8    63.21    19.57
2031    9   123.88    15.13
2031   10    59.28     9.19
2031   11    78.90     5.17
2031   12    39.29     0.86
2032    1    47.71    -1.49
2032    2    35.82    -1.88
2032    3   126.73     2.24
2032    4    72.17     8.01
2032    5    96.14    11.96
2032    6    73.77    19.00
2032    7    28.39    22.88
2032    8    15.09    22.11
2032    9    36.08    15.71
2032   10    28.39    11.74
2032   11    46.01     2.33
2032   12    75.45    -0.59
2033    1    43.20    -1.00
2033    2    42.66    -1.21
2033    3    52.20     1.73
2033    4    83.30     7.88
2033    5   194.11    14.78
2033    6    79.69    18.22
2033    7    61.88    20.33
2033    8    48.53    19.78
2033    9    33.97    17.00
2033   10   109.64    10.55
2033   11    18.49     6.17
2033   12    16.67     1.80
2034    1    46.71     1.29
2034    2    28.15     0.29
2034    3    78.37     4.85
2034    4   100.03     5.61
2034    5   209.13    12.93
2034    6    94.08    16.53
2034    7    11.28    22.16
2034    8    26.59    22.44
2034    9    66.07    14.79
2034   10    14.82     7.91
2034   11    73.84     3.05
2034   12    47.98    -3.33
2035    1    28.66    -0.03
2035    2    38.78     1.50
2035    3    32.93     4.69
2035    4    80.40     9.69
2035    5   149.58    13.69
2035    6   130.81    15.39
2035    7    20.92    20.78
2035    8    49.85    22.35
2035    9    42.51    15.67
2035   10    30.93    10.19
2035   11    23.15     7.24
2035   12    37.72     1.20
2036    1    29.42    -0.89
2036    2    41.72     0.63
2036    3    64.22     2.01
2036    4    79.68     8.17
2036    5   120.34    12.91
2036    6   104.77    17.53
2036    7    67.81    19.27
2036    8    26.47    22.05
2036    9    46.65    13.82
2036   10    30.78     6.57
2036   11    37.94     0.50
2036   12    21.15     0.86
2037    1    52.76    -1.93
2037    2    69.09     1.67
2037    3    40.09     5.72
2037    4    76.87     7.73
2037    5    89.62    15.84
2037    6   132.62    18.07
2037    7    61.13    19.48
2037    8    35.62    20.09
2037    9    81.60    15.87
2037   10    44.95     6.05
2037   11    36.60     3.38
2037   12    80.55    -0.28
2038    1    29.08    -3.85
2038    2    17.28     1.39
2038    3    32.30     4.43
2038    4    80.10     8.56
2038    5   120.38    12.22
2038    6    77.59    18.43
2038    7    18.88    24.02
2038    8    13.55    22.58
2038    9    61.58    13.41
2038   10    43.00     9.03
2038   11    16.97     4.78
2038   12    48.27    -1.94
2039    1    43.28    -1.59
2039    2    21.81     0.31
2039    3    45.04     4.94
2039    4    90.83     7.80
2039    5   148.72    12.18
2039    6   134.26    17.04
2039    7    15.18    24.18
2039    8    60.64    21.92
2039    9    36.84    14.89
2039   10    43.83    10.03
2039   11    27.43     4.51
2039   12    46.09    -1.57
2040    1    25.68    -2.19
2040    2    11.42     2.94
2040    3    75.49     2.17
2040    4    58.24    11.64
2040    5   123.59    12.38
2040    6    61.56    15.61
2040    7    54.31    20.41
2040    8    24.43    21.77
2040    9    18.11    19.25
2040   10    40.00    10.36
2040   11    38.20     6.27
2040   12    27.09     1.03
2041    1    51.49    -1.26
2041    2    26.41    -2.31
2041    3    66.27     3.77
2041    4   107.13     7.56
2041    5   115.14    15.17
2041    6    87.09    18.22
2041    7    50.77    22.31
2041    8    28.06    21.25
2041    9    67.64    15.83
2041   10    83.84     9.38
2041   11    21.88     3.52
2041   12    32.78     1.90
2042    1    46.53    -2.21
2042    2    52.61     0.05
2042    3    49.20     4.16
2042    4    89.28    11.12
2042    5    71.56    11.61
2042    6   128.06    16.72
2042    7    18.35    23.42
2042    8    49.65    19.98
2042    9    56.37    14.73
2042   10    24.41     9.29
2042   11    21.78     4.50
2042   12    37.70    -0.12
2043    1    24.11     0.83
2043    2    22.99     1.27
2043    3    81.54     2.60
2043    4    68.49     6.54
2043    5   141.00    12.94
2043    6   111.98    18.41
2043    7    40.14    22.07
2043    8    14.56    24.43
2043    9    52.09    17.17
2043   10    71.16     8.35
2043   11    11.99     2.79
2043   12    18.48     2.43
2044    1    31.73     2.04
2044    2    42.74     2.95
2044    3    66.33     4.46
2044    4    88.46     7.33
2044    5   139.43    11.02
2044    6   134.76    16.49
2044    7    30.88    21.13
2044    8    22.26    22.72
2044    9    94.09    14.66
2044   10    59.38     7.31
2044   11    22.52     0.89
2044   12    30.93    -0.54
2045    1    34.15    -1.83
2045    2    12.98     2.25
2045    3    43.04     3.69
2045    4    94.18     7.43
2045    5   112.32    13.67
2045    6    70.32    17.46
2045    7    27.16    21.42
2045    8    24.81    25.12
2045    9    62.07    15.71
2045   10    58.89    10.47
2045   11    15.14     4.45
2045   12    40.02    -0.29
2046    1    51.30    -5.70
2046    2    39.53     0.23
2046    3    59.84     6.69
2046    4    84.97    10.54
2046    5   163.82    11.09
2046    6    66.05    19.50
2046    7    41.28    22.44
2046    8    17.36    23.33
2046    9   108.68    15.09
2046   10    36.06    10.09
2046   11    34.84     4.94
2046   12    41.05    -0.35
2047    1    32.95     0.69
2047    2    14.28     1.33
2047    3    47.29     5.36
2047    4    42.85     7.64
2047    5   162.56    13.65
2047    6   120.54    17.55
2047    7    20.87    22.88
2047    8    50.94    21.59
2047    9    52.40    13.52
2047   10    54.43     6.39
2047   11    51.39     3.43
2047   12    72.93     0.08
2048    1    20.89    -1.04
2048    2    20.84     2.85
2048    3    38.26     2.86
2048    4    79.87    11.39
2048    5    90.00    14.07
2048    6    75.56    18.64
2048    7    56.38    21.26
2048    8    14.17    21.67
2048    9    46.59    17.64
2048   10    22.29     9.94
2048   11    28.81     2.02
2048   12    22.47     0.20
2049    1    26.50     1.63
2049    2    25.98     0.90
2049    3   100.53    -2.85
2049    4    56.61     8.06
2049    5   168.80    14.00
2049    6   142.37    17.36
2049    7    41.63    20.23
2049    8    30.79    21.15
2049    9    93.53    13.31
2049   10    37.83    10.08
2049   11    40.62     2.30
2049   12    25.24     0.88
2050    1    69.04    -0.49
2050    2    42.86    -0.27
2050    3    49.49     4.95
2050    4   136.84     5.86
2050    5   127.85    11.72
2050    6   144.22    16.88
2050    7    68.68    19.69
2050    8    32.75    20.63
2050    9    51.38    16.68
2050   10    77.24     9.84
2050   11    59.99     5.93
2050   12    21.17     1.51
2051    1    33.13     1.39
2051    2    28.65    -1.03
2051    3    63.31     2.38
2051    4   120.47     7.61
2051    5   146.09    14.94
2051    6   196.34    18.33
2051    7    77.39    20.05
2051    8    33.50    21.57
2051    9    25.08    14.62
2051   10    56.92     8.21
2051   11    41.81     2.93
2051   12    32.12     2.09
2052    1    72.95    -2.11
2052    2    18.63     1.37
2052    3    27.54     3.27
2052    4    93.68     9.25
2052    5    96.82    15.48
2052    6    65.35    20.52
2052    7    25.44    22.05
2052    8    23.16    23.69
2052    9    52.16    14.23
2052   10    65.01     9.69
2052   11    26.71     5.20
2052   12    45.99     0.55
2053    1    53.34     0.88
2053    2    31.64     2.27
2053    3    38.75     4.88
2053    4    79.44     8.72
2053    5   185.08    12.92
2053    6    74.34    15.86
2053    7    30.58    22.46
2053    8    47.40    22.41
2053    9    88.34    13.04
2053   10    37.31    10.04
2053   11    41.94     5.11
2053   12    62.25     1.56
2054    1    22.27     1.98
2054    2    41.53     2.65
2054    3    32.61     3.78
2054    4    66.06     9.52
2054    5   110.45    12.71
2054    6   103.04    17.70
2054    7    56.76    22.23
2054    8    42.85    19.16
2054    9    31.27    18.62
2054   10   118.06     8.95
2054   11    54.21     5.72
2054   12    49.13    -0.91
2055    1    58.10    -2.28
2055    2    29.27     0.82
2055    3    33.66     5.89
2055    4   113.29     7.64
2055    5   148.27    12.82
2055    6    91.39    16.92
2055    7    15.99    24.22
2055    8    42.12    22.72
2055    9    81.24    14.81
2055   10    92.16     9.68
2055   11    38.34     2.57
2055   12    67.32     0.68
2056    1    26.16    -0.07
2056    2    60.41     0.59
2056    3    60.94     3.79
2056    4    50.04     8.60
2056    5   167.27    13.58
2056    6   101.93    16.26
2056    7    33.44    22.00
2056    8    30.51    22.13
2056    9    47.12    14.09
2056   10    51.60     8.07
2056   11    27.16     4.87
2056   12    22.40     0.79
2057    1    40.30     0.28
2057    2    42.00     0.08
2057    3    47.54     5.95
2057    4    56.11     9.95
2057    5   103.15    12.99
2057    6   128.47    18.25
2057    7   103.34    19.36
2057    8    54.38    20.29
2057    9    84.84    16.09
2057   10   133.96    10.87
2057   11    14.26     6.94
2057   12    62.09     2.22
2058    1    27.85    -2.07
2058    2    54.89     2.16
2058    3    50.26     7.72
2058    4    66.15    10.35
2058    5   129.29    12.74
2058    6   135.76    17.65
2058    7    57.84    20.03
2058    8    48.76    19.89
2058    9    46.36    13.69
2058   10    40.64     8.57
2058   11    72.42     4.12
2058   12    33.79     0.56
2059    1    25.45    -1.74
2059    2    21.54     0.88
2059    3    20.38     5.13
2059    4    56.79     4.40
2059    5    84.24    14.21
2059    6    86.36    17.55
2059    7    24.97    22.41
2059    8    54.14    22.23
2059    9    45.98    16.83
2059   10    35.78    10.11
2059   11    37.77     4.68
2059   12    21.67     1.02
2060    1    46.63     0.05
2060    2    37.10    -0.14
2060    3    43.17     6.37
2060    4   112.42     8.59
2060    5   180.60    11.93
2060    6    62.94    18.92
2060    7    41.09    20.76
2060    8    33.17    21.06
2060    9    65.58    15.87
2060   10    32.09    10.54
2060   11    52.98     3.27
2060   12    33.22     2.08
2061    1    30.33     1.61
2061    2    47.95     0.27
2061    3    68.29     2.82
2061    4   108.82     7.77
2061    5   143.15    13.27
2061    6   107.44    19.20
2061    7    50.98    21.28
2061    8    43.93    20.99
2061    9    59.78    11.67
2061   10    38.61     9.74
2061   11    51.16     2.14
2061   12    42.83     0.35
2062    1    32.06     1.23
2062    2    21.89     4.30
2062    3    47.66     1.83
2062    4    69.73     7.33
2062    5   115.05    10.56
2062    6   104.63    16.92
2062    7    45.55    21.66
2062    8    49.83    22.12
2062    9    50.91    14.81
2062   10    20.14     8.73
2062   11    15.90     5.92
2062   12    28.01     2.56
2063    1    64.75    -1.21
2063    2    36.62     1.28
2063    3    78.47     4.79
2063    4   104.98     7.31
2063    5   141.84    13.12
2063    6   139.26    18.00
2063    7    34.10    20.80
2063    8    39.92    21.43
2063    9    65.79    14.29
2063   10    59.78     5.09
2063   11    39.48     2.88
2063   12    58.85     0.28
2064    1    60.52    -0.61
2064    2    36.03    -0.26
2064    3    64.62     1.79
2064    4    83.58     6.30
2064    5    79.72    14.61
2064    6   149.39    19.33
2064    7    45.24    23.51
2064    8    14.29    23.42
2064    9    91.74    15.42
2064   10    45.39     8.47
2064   11    58.96     2.88
2064   12    43.77     2.13
2065    1    27.73     1.75
2065    2    46.30     2.47
2065    3    22.73     4.97
2065    4    97.74     5.71
2065    5   181.85    11.97
2065    6    68.59    18.58
2065    7    22.71    23.36
2065    8    87.27    21.55
2065    9    65.62    14.97
2065   10    24.61    11.95
2065   11    26.90     4.48
2065   12    32.01    -0.30
2066    1    60.23    -1.93
2066    2     8.88     1.93
2066    3    65.87     6.17
2066    4    97.72    10.44
2066    5   114.81    13.37
2066    6    77.89    19.84
2066    7    43.87    22.73
2066    8    52.75    24.06
2066    9    69.78    15.77
2066   10    76.85     8.29
2066   11    24.93     4.79
2066   12    27.70     1.24
2067    1    17.71     0.55
2067    2    45.80     1.11
2067    3    53.40     3.63
2067    4    37.69     4.96
2067    5   123.80    12.51
2067    6    84.10    17.92
2067    7    30.37    22.83
2067    8    16.56    24.12
2067    9    49.57    15.59
2067   10    64.89     8.24
2067   11    56.09     3.28
2067   12    52.20     2.57
2068    1    21.31     1.91
2068    2    45.07     2.53
2068    3    70.08     3.39
2068    4   121.40     8.11
2068    5   164.28    11.26
2068    6   144.90    17.59
2068    7    29.79    19.99
2068    8    28.32    21.82
2068    9    87.07    14.64
2068   10    67.53     8.06
2068   11    21.11     5.07
2068   12    30.72     0.56
2069    1    21.69     1.40
2069    2    64.42     0.22
2069    3    39.70     4.35
2069    4   117.44     7.92
2069    5   126.32    10.75
2069    6   108.48    16.42
2069    7    29.08    21.26
2069    8    44.41    20.32
2069    9    88.01    13.89
2069   10    64.28    11.81
2069   11    40.72     5.51
2069   12    40.58     0.34
2070    1    24.47     1.88
2070    2    42.01    -0.02
2070    3    53.75     3.41
2070    4    59.85     7.83
2070    5    95.02    14.46
2070    6    92.11    16.74
2070    7     7.42    25.11
2070    8    50.77    20.40
2070    9    60.58    14.25
2070   10    24.17    10.43
2070   11    26.92     5.30
2070   12    51.73     0.75
2071    1    30.23    -0.71
2071    2    26.07     0.30
2071    3    67.54     2.37
2071    4    89.40     9.28
2071    5   164.37    14.22
2071    6    91.56    16.75
2071    7    67.95    20.73
2071    8    30.27    21.83
2071    9    45.90    16.72
2071   10    70.76     8.31
2071   11    27.21     6.49
2071   12    32.76     2.49
2072    1    40.26     0.52
2072    2    52.57     0.01
2072    3    63.78     3.30
2072    4    66.70    10.50
2072    5   141.22    11.02
2072    6    65.24    15.72
2072    7    28.67    22.48
2072    8    29.21    20.68
2072    9    76.08    16.55
2072   10    43.31    10.84
2072   11    41.11     3.30
2072   12    37.07     1.98
2073    1    51.20     1.00
2073    2    72.03    -0.50
2073    3    48.10     1.99
2073    4    90.81    10.66
2073    5   113.90    12.46
2073    6    50.78    18.83
2073    7    10.07    24.31
2073    8    30.14    24.62
2073    9    82.86    16.41
2073   10    57.39     9.40
2073   11    66.10     4.75
2073   12    46.56     1.06
2074    1    30.71     1.73
2074    2    32.73     1.33
2074    3    63.29     2.22
2074    4    88.56     7.06
2074    5   157.51    13.42
2074    6   143.69    18.11
2074    7     7.59    22.94
2074    8    52.22    21.82
2074    9    28.85    17.84
2074   10    65.25    10.67
2074   11    46.01     3.24
2074   12    57.94     2.03
2075    1    37.68     1.35
2075    2    64.20    -0.78
2075    3    64.54     2.63
2075    4    38.13     9.83
2075    5   148.70    14.44
2075    6   127.40    18.02
2075    7    52.30    21.61
2075    8    44.15    21.93
2075    9    50.43    16.40
2075   10    57.68    10.30
2075   11    17.93     5.46
2075   12    45.97    -1.21
2076    1    21.20     1.69
2076    2    22.66     2.85
2076    3    31.71     5.24
2076    4    72.03     8.01
2076    5    75.08    12.38
2076    6   120.78    16.21
2076    7    48.18    20.32
2076    8    90.18    18.68
2076    9    62.59    15.79
2076   10    98.18     9.58
2076   11    57.17     3.10
2076   12    48.33     0.64
2077    1    27.60     0.18
2077    2    70.07     0.61
2077    3    58.02    -0.86
2077    4    48.52     7.51
2077    5    99.11    13.76
2077    6   139.60    17.22
2077    7    12.04    22.66
2077    8    60.23    19.29
2077    9    26.33    16.42
2077   10    50.31     9.52
2077   11    31.18     4.61
2077   12    37.70    -0.02
2078    1    53.37    -1.43
2078    2    64.92     2.07
2078    3    39.11     1.82
2078    4    95.05     8.35
2078    5   154.42    12.71
2078    6   111.90    16.88
2078    7    54.98    20.25
2078    8   168.54    19.32
2078    9   114.59    15.24
2078   10    84.57     8.68
2078   11    50.62     5.00
2078   12    29.41    -0.31
2079    1    23.92     3.40
2079    2    23.02     3.42
2079    3    69.02     3.24
2079    4    84.60     8.16
2079    5   186.38    12.27
2079    6   136.19    18.38
2079    7    16.48    21.83
2079    8    17.56    21.78
2079    9    70.63    14.65
2079   10    42.52    11.55
2079   11    57.72     3.24
2079   12    43.50     0.96
2080    1    76.72    -0.51
2080    2    31.24     0.98
2080    3    55.68     3.67
2080    4   122.38     9.92
2080    5   198.40    12.31
2080    6   151.64    17.42
2080    7    51.34    20.41
2080    8    62.01    19.10
2080    9    23.72    14.91
2080   10    57.56    12.47
2080   11    50.83     4.25
2080   12    31.25     3.03
2081    1    13.46     1.78
2081    2    24.90     3.16
2081    3    86.94     2.11
2081    4    74.24     9.32
2081    5   196.72    10.99
2081    6    69.69    18.70
2081    7    50.89    21.76
2081    8    73.45    19.25
2081    9   117.38    14.97
2081   10    52.05     9.81
2081   11    76.34     4.05
2081   12    29.44     0.23
2082    1    33.56     0.29
2082    2    41.95     0.75
2082    3    48.80     3.32
2082    4    79.49     7.69
2082    5   164.85    11.27
2082    6   150.07    17.75
2082    7    33.86    21.89
2082    8    86.02    21.11
2082    9   106.53    14.36
2082   10    43.45    10.47
2082   11    28.31     3.77
2082   12    27.29     2.30
2083    1    34.42    -0.33
2083    2    28.80     1.86
2083    3    94.46     3.87
2083    4   101.34     8.96
2083    5   143.33    11.81
2083    6   168.54    16.45
2083    7    47.26    21.44
2083    8    42.88    21.23
2083    9   110.32    14.16
2083   10    58.01    10.69
2083   11    61.00     3.56
2083   12    51.39     0.07
2084    1    20.45     0.95
2084    2    33.85    -1.98
2084    3    23.35     5.87
2084    4    64.84    10.31
2084    5   104.01    14.82
2084    6   133.86    18.48
2084    7    28.59    22.25
2084    8    23.02    21.23
2084    9    52.99    13.21
2084   10    88.69     8.31
2084   11    25.34     2.29
2084   12    45.06     2.20
2085    1    46.10     1.24
2085    2    19.04     1.91
2085    3    54.27     4.63
2085    4    67.40    10.02
2085    5   138.48    12.59
2085    6    54.84    19.77
2085    7    69.42    23.44
2085    8    34.19    23.38
2085    9    41.13    15.07
2085   10    78.29     8.48
2085   11    27.14     4.65
2085   12    28.08     1.54
2086    1    43.38    -0.63
2086    2    27.40     2.48
2086    3    84.79     1.56
2086    4    94.45     6.79
2086    5   116.88    13.94
2086    6    57.64    20.21
2086    7    28.27    22.76
2086    8    39.61    21.96
2086    9    63.15    15.94
2086   10    90.02     9.35
2086   11   111.54     5.34
2086   12    48.92     3.02
2087    1    24.88     2.27
2087    2    55.74    -0.20
2087    3    16.04     1.13
2087    4    61.07     6.75
2087    5   177.24    14.66
2087    6   167.37    17.13
2087    7     8.77    25.33
2087    8    54.24    21.54
2087    9   113.19    15.59
2087   10   100.47    10.11
2087   11    22.08     3.93
2087   12    26.75     1.29
2088    1    12.97    -0.29
2088    2    31.60     0.58
2088    3    63.06     3.68
2088    4    96.51     9.13
2088    5    64.59    13.63
2088    6    72.89    18.45
2088    7    27.19    20.41
2088    8    47.96    22.11
2088    9    54.34    15.00
2088   10    85.19     9.49
2088   11    47.04     4.77
2088   12    22.56     1.40
2089    1    38.64    -0.43
2089    2    39.81    -0.08
2089    3    40.19     5.57
2089    4   164.29     9.58
2089    5   189.31    14.81
2089    6    57.80    20.95
2089    7   103.85    21.18
2089    8    12.02    22.95
2089    9    59.22    16.35
2089   10    30.65    10.60
2089   11    44.26     4.87
2089   12    22.55     1.52
2090    1    12.14     1.35
2090    2    36.46    -2.12
2090    3    40.84     2.35
2090    4   109.57    10.92
2090    5   103.48    12.76
2090    6   144.45    18.49
2090    7    45.11    22.17
2090    8    24.44    24.76
2090    9    38.23    14.00
2090   10    76.88     9.78
2090   11    38.51     5.46
2090   12    71.76     1.29
2091    1    50.66     0.60
2091    2    33.86     1.18
2091    3    26.96     7.70
2091    4    59.18     6.74
2091    5    99.92    11.59
2091    6   195.65    18.16
2091    7    51.20    21.69
2091    8    15.12    21.68
2091    9    97.08    15.62
2091   10    39.36     9.20
2091   11    29.31     4.70
2091   12    40.78     1.29
2092    1    20.33    -0.73
2092    2    75.73     1.53
2092    3    67.82     2.42
2092    4    55.87     9.06
2092    5   117.24    14.24
2092    6    98.28    19.72
2092    7    31.05    23.03
2092    8    22.93    25.20
2092    9    60.20    15.92
2092   10    19.18    10.05
2092   11    26.34     4.70
2092   12    38.26     0.64
2093    1    28.24    -0.01
2093    2    15.06     1.20
2093    3    48.68     3.48
2093    4    84.08     7.28
2093    5   184.27    14.44
2093    6    80.45    17.06
2093    7    12.43    22.52
2093    8    88.96    19.29
2093    9    77.83    15.49
2093   10    75.53    10.36
2093   11    20.68     3.95
2093   12    18.52     1.29
2094    1    54.96    -2.58
2094    2    46.18    -4.18
2094    3    27.14     4.52
2094    4    38.17     7.95
2094    5   176.97    12.65
2094    6   101.89    18.82
2094    7    29.23    22.99
2094    8    42.53    23.00
2094    9    29.56    20.61
2094   10   126.58     9.41
2094   11    20.90     6.00
2094   12    32.39     3.73
2095    1    58.79     0.65
2095    2    29.51     0.18
2095    3    46.87     8.58
2095    4    65.72     8.49
2095    5   107.81    15.29
2095    6   198.65    18.53
2095    7    96.37    19.52
2095    8    72.03    20.39
2095    9    63.34    14.53
2095   10    42.37     6.69
2095   11    14.73     3.50
2095   12    21.80     1.94
2096    1    17.29     2.14
2096    2    30.93     0.79
2096    3    43.66     4.20
2096    4    57.74     7.85
2096    5    73.37    14.69
2096    6    56.02    21.50
2096    7    34.78    24.05
2096    8    32.27    23.60
2096    9    48.37    14.62
2096   10    67.94     7.81
2096   11    26.58     2.66
2096   12    12.22    -3.85
2097    1    36.69    -0.50
2097    2    33.44    -0.88
2097    3    24.51     6.54
2097    4    30.90     6.99
2097    5    93.87    12.95
2097    6    70.79    19.10
2097    7    15.47    24.26
2097    8    42.94    20.29
2097    9    62.48    16.36
2097   10    36.29    11.03
2097   11    36.71     5.34
2097   12    62.86    -2.73
2098    1    29.60     0.51
2098    2    46.17     2.48
2098    3    35.47     3.95
2098    4    83.73     6.49
2098    5   111.86    13.62
2098    6   161.25    17.02
2098    7    71.38    20.33
2098    8    72.42    20.50
2098    9    55.12    14.25
2098   10    48.21     9.64
2098   11    56.67     1.12
2098   12    24.78     0.77
2099    1    39.20    -0.65
2099    2    50.57     0.13
2099    3    28.37     4.47
2099    4    60.37    11.90
2099    5   149.28    10.66
2099    6    94.18    18.37
2099    7    35.14    22.19
2099    8    40.52    21.13
2099    9    71.84    14.84
2099   10    40.23    10.58
2099   11    44.91     4.78
2099   12    55.01     1.26
2100    1    40.04     1.13
2100    2    28.66     0.96
2100    3    39.92     3.30
2100    4    79.68     9.61
2100    5   135.44    13.45
2100    6   126.13    17.28
2100    7    36.69    23.58
2100    8   105.53    19.95
2100    9    52.73    15.93
2100   10    70.70     9.03
2100   11    56.12     2.84
2100   12    30.67     3.71
